

----------------------------------------------------
STRUCTURE by Pritchard, Stephens and Donnelly (2000)
     and Falush, Stephens and Pritchard (2003)
       Code by Pritchard, Falush and Hubisz
             Version 2.3.4 (Jul 2012)
----------------------------------------------------



Command line arguments:   bin\structure -m C:\Users\eschumacher\Documents\GitHub\GCC_QUAC_ZAIN\Data_Files\Structure_Files\ZAIN\ZAIN_rebinned_garden_wild_nopopinfo\50-50\mainparams -e C:\Users\eschumacher\Documents\GitHub\GCC_QUAC_ZAIN\Data_Files\Structure_Files\ZAIN\ZAIN_rebinned_garden_wild_nopopinfo\50-50\extraparams 
Input File:    C:\Users\eschumacher\Documents\GitHub\GCC_QUAC_ZAIN\Data_Files\Structure_Files\ZAIN\ZAIN_rebinned_garden_wild_nopopinfo\project_data

Run parameters:
   1133 individuals
   11 loci
   16 populations assumed
   50000 Burn-in period
   50000 Reps


--------------------------------------------
Overall proportion of membership of the
sample in each of the 16 clusters

Inferred Clusters
  1      2      3      4      5      6      7      8      9     10     11     12     13     14     15     16    
0.051  0.058  0.060  0.043  0.044  0.087  0.034  0.067  0.117  0.056  0.075  0.087  0.048  0.058  0.061  0.054  

--------------------------------------------

Allele-freq. divergence among pops (Net nucleotide distance),
computed using point estimates of P.

      1       2       3       4       5       6       7       8       9      10      11      12      13      14      15      16      
 1      -    0.1741  0.2971  0.1644  0.1091  0.3786  0.2909  0.3897  0.3867  0.1291  0.2315  0.2927  0.1247  0.1814  0.1515  0.1587  
 2   0.1741     -    0.3151  0.1171  0.0550  0.2908  0.2867  0.3067  0.3917  0.0582  0.2997  0.2644  0.1218  0.2170  0.1063  0.0648  
 3   0.2971  0.3151     -    0.1811  0.2697  0.3189  0.2505  0.3084  0.3832  0.2198  0.2112  0.2034  0.2588  0.2435  0.1464  0.2564  
 4   0.1644  0.1171  0.1811     -    0.0944  0.2788  0.1878  0.2654  0.3613  0.0776  0.1901  0.1933  0.1645  0.1350  0.0664  0.1190  
 5   0.1091  0.0550  0.2697  0.0944     -    0.2488  0.2075  0.2506  0.3345  0.0538  0.2155  0.2179  0.0973  0.1329  0.1128  0.0622  
 6   0.3786  0.2908  0.3189  0.2788  0.2488     -    0.2488  0.0911  0.1733  0.2609  0.2214  0.1318  0.2866  0.2042  0.2961  0.2774  
 7   0.2909  0.2867  0.2505  0.1878  0.2075  0.2488     -    0.2515  0.2460  0.1792  0.2134  0.1531  0.2224  0.1778  0.2172  0.2008  
 8   0.3897  0.3067  0.3084  0.2654  0.2506  0.0911  0.2515     -    0.2010  0.2735  0.1919  0.1149  0.3075  0.1800  0.2998  0.2895  
 9   0.3867  0.3917  0.3832  0.3613  0.3345  0.1733  0.2460  0.2010     -    0.2889  0.2902  0.1178  0.3149  0.2311  0.3077  0.3154  
10   0.1291  0.0582  0.2198  0.0776  0.0538  0.2609  0.1792  0.2735  0.2889     -    0.2471  0.1839  0.0671  0.1446  0.0570  0.0162  
11   0.2315  0.2997  0.2112  0.1901  0.2155  0.2214  0.2134  0.1919  0.2902  0.2471     -    0.1767  0.2510  0.1916  0.2316  0.2705  
12   0.2927  0.2644  0.2034  0.1933  0.2179  0.1318  0.1531  0.1149  0.1178  0.1839  0.1767     -    0.2089  0.1010  0.1716  0.2126  
13   0.1247  0.1218  0.2588  0.1645  0.0973  0.2866  0.2224  0.3075  0.3149  0.0671  0.2510  0.2089     -    0.2056  0.1330  0.0706  
14   0.1814  0.2170  0.2435  0.1350  0.1329  0.2042  0.1778  0.1800  0.2311  0.1446  0.1916  0.1010  0.2056     -    0.1355  0.1780  
15   0.1515  0.1063  0.1464  0.0664  0.1128  0.2961  0.2172  0.2998  0.3077  0.0570  0.2316  0.1716  0.1330  0.1355     -    0.0922  
16   0.1587  0.0648  0.2564  0.1190  0.0622  0.2774  0.2008  0.2895  0.3154  0.0162  0.2705  0.2126  0.0706  0.1780  0.0922     -    

Average distances (expected heterozygosity) between individuals in same cluster:
cluster  1  : 0.3497 
cluster  2  : 0.3181 
cluster  3  : 0.2259 
cluster  4  : 0.3532 
cluster  5  : 0.3841 
cluster  6  : 0.4899 
cluster  7  : 0.2476 
cluster  8  : 0.3367 
cluster  9  : 0.4006 
cluster 10  : 0.3968 
cluster 11  : 0.3651 
cluster 12  : 0.5255 
cluster 13  : 0.3887 
cluster 14  : 0.4542 
cluster 15  : 0.4305 
cluster 16  : 0.3394 

--------------------------------------------
Estimated Ln Prob of Data   = -20611.7
Mean value of ln likelihood = -19541.2
Variance of ln likelihood   = 2141.0
Mean value of alpha         = 0.0347

Mean value of Fst_1         = 0.4292
Mean value of Fst_2         = 0.4603
Mean value of Fst_3         = 0.6266
Mean value of Fst_4         = 0.5195
Mean value of Fst_5         = 0.3629
Mean value of Fst_6         = 0.4108
Mean value of Fst_7         = 0.6275
Mean value of Fst_8         = 0.5194
Mean value of Fst_9         = 0.4493
Mean value of Fst_10         = 0.3203
Mean value of Fst_11         = 0.4668
Mean value of Fst_12         = 0.1837
Mean value of Fst_13         = 0.4000
Mean value of Fst_14         = 0.3138
Mean value of Fst_15         = 0.3307
Mean value of Fst_16         = 0.4047


Inferred ancestry of individuals:
        Label (%Miss) :  Inferred clusters
  1 TMA-ZAIN-G-    (9)   :  0.006 0.007 0.034 0.011 0.144 0.636 0.008 0.025 0.007 0.006 0.010 0.034 0.005 0.017 0.043 0.007 
  2 TMA-ZAIN-G-    (0)   :  0.004 0.009 0.007 0.005 0.062 0.661 0.015 0.025 0.005 0.013 0.017 0.008 0.133 0.005 0.010 0.020 
  3 TMA-ZAIN-G-    (0)   :  0.036 0.053 0.016 0.049 0.720 0.004 0.006 0.005 0.003 0.034 0.007 0.004 0.010 0.012 0.024 0.016 
  4 TMA-ZAIN-G-    (0)   :  0.040 0.088 0.014 0.014 0.138 0.006 0.570 0.009 0.004 0.027 0.016 0.005 0.013 0.005 0.008 0.042 
  5 TMA-ZAIN-G-    (0)   :  0.002 0.003 0.002 0.003 0.004 0.942 0.005 0.010 0.005 0.003 0.006 0.003 0.002 0.005 0.002 0.003 
  6 TMA-ZAIN-G-    (0)   :  0.036 0.010 0.011 0.058 0.572 0.020 0.030 0.014 0.029 0.029 0.011 0.027 0.012 0.115 0.016 0.010 
  7 TMA-ZAIN-G-    (0)   :  0.008 0.026 0.036 0.172 0.124 0.008 0.078 0.014 0.006 0.316 0.012 0.010 0.021 0.012 0.029 0.129 
  8 TMA-ZAIN-G-    (0)   :  0.008 0.011 0.004 0.894 0.019 0.004 0.004 0.004 0.002 0.008 0.008 0.003 0.007 0.005 0.009 0.011 
  9 TMA-ZAIN-G-    (9)   :  0.020 0.047 0.008 0.018 0.205 0.007 0.007 0.005 0.005 0.382 0.005 0.005 0.054 0.022 0.084 0.127 
 10 TMA-ZAIN-G-    (0)   :  0.028 0.028 0.012 0.043 0.065 0.003 0.011 0.004 0.004 0.297 0.010 0.006 0.023 0.032 0.143 0.292 
 11 TMA-ZAIN-G-    (0)   :  0.004 0.007 0.009 0.011 0.017 0.005 0.015 0.007 0.004 0.492 0.005 0.006 0.013 0.005 0.099 0.303 
 12 TMA-ZAIN-G-    (0)   :  0.005 0.583 0.028 0.014 0.189 0.005 0.005 0.005 0.003 0.052 0.006 0.006 0.008 0.010 0.037 0.044 
 13 TMA-ZAIN-G-    (9)   :  0.012 0.029 0.089 0.032 0.010 0.032 0.014 0.038 0.050 0.345 0.014 0.024 0.148 0.013 0.081 0.068 
 14 TMA-ZAIN-G-    (9)   :  0.006 0.008 0.782 0.008 0.007 0.003 0.005 0.003 0.012 0.023 0.006 0.009 0.017 0.012 0.070 0.029 
 15 TMA-ZAIN-G-    (0)   :  0.007 0.005 0.586 0.010 0.187 0.003 0.003 0.003 0.002 0.006 0.007 0.005 0.005 0.006 0.161 0.005 
 16 TMA-ZAIN-G-    (0)   :  0.005 0.290 0.005 0.007 0.066 0.003 0.005 0.005 0.004 0.113 0.003 0.005 0.011 0.006 0.017 0.455 
 17 TMA-ZAIN-G-    (9)   :  0.007 0.008 0.013 0.068 0.010 0.010 0.109 0.007 0.008 0.014 0.022 0.015 0.005 0.012 0.684 0.009 
 18 TMA-ZAIN-G-    (0)   :  0.006 0.015 0.009 0.012 0.008 0.029 0.017 0.729 0.006 0.005 0.045 0.084 0.004 0.018 0.008 0.005 
 19 TMA-ZAIN-G-    (0)   :  0.005 0.023 0.011 0.076 0.019 0.010 0.046 0.028 0.024 0.033 0.004 0.543 0.007 0.128 0.023 0.019 
 20 TMA-ZAIN-G-    (0)   :  0.005 0.003 0.004 0.004 0.004 0.028 0.006 0.038 0.055 0.003 0.033 0.797 0.005 0.008 0.003 0.004 
 21 TMA-ZAIN-G-    (0)   :  0.005 0.004 0.002 0.004 0.005 0.002 0.004 0.002 0.940 0.005 0.005 0.004 0.003 0.005 0.005 0.004 
 22 TMA-ZAIN-G-    (0)   :  0.002 0.003 0.003 0.003 0.003 0.040 0.009 0.081 0.817 0.003 0.007 0.011 0.003 0.009 0.003 0.003 
 23 TMA-ZAIN-G-    (0)   :  0.004 0.006 0.007 0.010 0.005 0.011 0.010 0.050 0.801 0.009 0.004 0.031 0.005 0.030 0.007 0.008 
 24 TMA-ZAIN-G-    (9)   :  0.097 0.008 0.016 0.003 0.005 0.006 0.003 0.007 0.634 0.010 0.007 0.003 0.174 0.003 0.017 0.007 
 25 TMA-ZAIN-G-    (9)   :  0.004 0.005 0.003 0.003 0.222 0.132 0.003 0.013 0.014 0.004 0.004 0.518 0.054 0.008 0.006 0.005 
 26 TMA-ZAIN-G-    (9)   :  0.008 0.010 0.009 0.016 0.251 0.006 0.010 0.005 0.022 0.022 0.485 0.009 0.063 0.005 0.057 0.023 
 27 TMA-ZAIN-G-    (0)   :  0.009 0.003 0.073 0.011 0.007 0.074 0.020 0.012 0.018 0.010 0.015 0.082 0.005 0.630 0.017 0.014 
 28 TMA-ZAIN-G-    (0)   :  0.004 0.005 0.009 0.010 0.007 0.006 0.005 0.014 0.004 0.005 0.005 0.010 0.004 0.903 0.005 0.005 
 29 TMA-ZAIN-G-    (0)   :  0.705 0.004 0.005 0.004 0.004 0.003 0.004 0.004 0.004 0.004 0.017 0.224 0.005 0.005 0.005 0.004 
 30 TMA-ZAIN-G-    (0)   :  0.028 0.042 0.050 0.012 0.023 0.004 0.008 0.004 0.005 0.078 0.006 0.026 0.083 0.441 0.154 0.038 
 31 TMA-ZAIN-G-    (0)   :  0.006 0.004 0.006 0.006 0.005 0.826 0.018 0.025 0.010 0.005 0.057 0.009 0.007 0.006 0.003 0.006 
 32 TMA-ZAIN-G-    (9)   :  0.003 0.019 0.008 0.005 0.347 0.020 0.005 0.464 0.035 0.007 0.005 0.033 0.008 0.005 0.024 0.012 
 33 TMA-ZAIN-G-   (18)   :  0.008 0.040 0.005 0.025 0.812 0.004 0.004 0.004 0.003 0.027 0.003 0.004 0.006 0.006 0.034 0.015 
 34 TMA-ZAIN-G-    (0)   :  0.004 0.023 0.004 0.005 0.825 0.026 0.005 0.035 0.017 0.010 0.005 0.007 0.009 0.006 0.005 0.012 
 35 TMA-ZAIN-G-    (9)   :  0.008 0.007 0.006 0.006 0.913 0.004 0.005 0.005 0.003 0.006 0.005 0.004 0.009 0.005 0.007 0.007 
 36 TMA-ZAIN-G-    (0)   :  0.013 0.014 0.120 0.046 0.284 0.003 0.008 0.004 0.003 0.053 0.015 0.005 0.246 0.005 0.159 0.020 
 37 TMA-ZAIN-G-    (9)   :  0.006 0.009 0.003 0.011 0.896 0.004 0.011 0.004 0.004 0.011 0.005 0.004 0.011 0.006 0.008 0.008 
 38 TMA-ZAIN-G-   (18)   :  0.005 0.008 0.014 0.005 0.349 0.472 0.011 0.016 0.018 0.006 0.006 0.035 0.009 0.004 0.033 0.008 
 39 TMA-ZAIN-G-    (0)   :  0.011 0.070 0.004 0.017 0.051 0.003 0.009 0.003 0.005 0.065 0.007 0.004 0.625 0.009 0.053 0.064 
 40 TMA-ZAIN-G-    (0)   :  0.007 0.082 0.004 0.012 0.122 0.004 0.019 0.003 0.006 0.058 0.005 0.004 0.100 0.004 0.543 0.029 
 41 TMA-ZAIN-G-    (0)   :  0.005 0.020 0.018 0.025 0.057 0.003 0.003 0.003 0.003 0.008 0.005 0.004 0.169 0.004 0.659 0.015 
 42 TMA-ZAIN-G-    (9)   :  0.009 0.009 0.089 0.049 0.008 0.003 0.005 0.003 0.002 0.007 0.016 0.003 0.008 0.004 0.779 0.005 
 43 TMA-ZAIN-G-    (0)   :  0.012 0.003 0.912 0.019 0.004 0.003 0.004 0.003 0.003 0.005 0.005 0.004 0.004 0.004 0.012 0.005 
 44 TMA-ZAIN-G-    (0)   :  0.007 0.008 0.004 0.006 0.014 0.006 0.009 0.004 0.749 0.053 0.004 0.013 0.034 0.003 0.009 0.076 
 45 TMA-ZAIN-G-    (0)   :  0.005 0.063 0.013 0.015 0.055 0.006 0.012 0.004 0.006 0.148 0.009 0.007 0.010 0.010 0.114 0.524 
 46 TMA-ZAIN-G-    (0)   :  0.003 0.002 0.004 0.003 0.003 0.004 0.009 0.003 0.937 0.004 0.006 0.005 0.005 0.003 0.003 0.005 
 47 TMA-ZAIN-G-    (0)   :  0.004 0.005 0.003 0.005 0.006 0.003 0.012 0.005 0.003 0.003 0.931 0.004 0.003 0.004 0.004 0.003 
 48 TMA-ZAIN-G-    (0)   :  0.016 0.011 0.046 0.123 0.019 0.005 0.121 0.007 0.028 0.176 0.182 0.013 0.012 0.046 0.110 0.084 
 49 TMA-ZAIN-G-    (9)   :  0.041 0.034 0.004 0.009 0.031 0.005 0.021 0.028 0.005 0.013 0.007 0.762 0.005 0.013 0.007 0.016 
 50 TMA-ZAIN-G-    (0)   :  0.004 0.010 0.008 0.012 0.005 0.016 0.005 0.005 0.006 0.008 0.003 0.772 0.025 0.025 0.091 0.006 
 51 TMA-ZAIN-G-    (0)   :  0.007 0.004 0.057 0.010 0.008 0.007 0.016 0.007 0.006 0.010 0.016 0.782 0.008 0.026 0.021 0.014 
 52 TMA-ZAIN-G-    (0)   :  0.003 0.012 0.016 0.009 0.007 0.006 0.136 0.007 0.010 0.012 0.035 0.698 0.006 0.029 0.007 0.007 
 53 TMA-ZAIN-G-    (0)   :  0.006 0.003 0.048 0.011 0.006 0.224 0.061 0.010 0.007 0.017 0.071 0.483 0.015 0.009 0.012 0.018 
 54 TMA-ZAIN-G-    (0)   :  0.003 0.007 0.011 0.010 0.005 0.003 0.004 0.007 0.004 0.008 0.897 0.008 0.004 0.011 0.010 0.007 
 55 TMA-ZAIN-G-    (0)   :  0.003 0.010 0.022 0.016 0.004 0.003 0.004 0.008 0.007 0.013 0.815 0.020 0.003 0.024 0.037 0.010 
 56 TMA-ZAIN-G-    (0)   :  0.019 0.011 0.024 0.073 0.020 0.009 0.380 0.004 0.006 0.082 0.041 0.030 0.020 0.060 0.196 0.023 
 57 TMA-ZAIN-G-    (0)   :  0.008 0.040 0.006 0.006 0.013 0.010 0.010 0.006 0.003 0.009 0.833 0.026 0.010 0.005 0.005 0.012 
 58 TMA-ZAIN-G-    (0)   :  0.008 0.017 0.009 0.045 0.011 0.018 0.017 0.153 0.139 0.012 0.041 0.313 0.004 0.190 0.016 0.007 
 59 TMA-ZAIN-G-    (0)   :  0.015 0.016 0.010 0.056 0.032 0.501 0.033 0.031 0.024 0.103 0.016 0.016 0.014 0.028 0.023 0.081 
 60 TMA-ZAIN-G-    (0)   :  0.007 0.006 0.141 0.022 0.008 0.292 0.034 0.124 0.010 0.014 0.020 0.170 0.005 0.109 0.018 0.021 
 61 TMA-ZAIN-G-    (0)   :  0.003 0.003 0.004 0.004 0.006 0.871 0.033 0.015 0.019 0.004 0.013 0.009 0.003 0.006 0.003 0.004 
 62 TMA-ZAIN-G-    (9)   :  0.007 0.018 0.005 0.008 0.023 0.774 0.003 0.007 0.015 0.017 0.011 0.015 0.015 0.037 0.020 0.024 
 63 TMA-ZAIN-G-    (0)   :  0.003 0.012 0.016 0.013 0.009 0.613 0.018 0.219 0.010 0.008 0.016 0.027 0.004 0.015 0.010 0.009 
 64 TMA-ZAIN-G-    (0)   :  0.933 0.004 0.005 0.004 0.005 0.002 0.003 0.002 0.002 0.008 0.003 0.003 0.009 0.003 0.005 0.007 
 65 TMA-ZAIN-G-    (9)   :  0.839 0.019 0.007 0.009 0.065 0.003 0.005 0.004 0.003 0.008 0.008 0.003 0.007 0.006 0.007 0.010 
 66 TMA-ZAIN-G-    (0)   :  0.859 0.009 0.005 0.007 0.014 0.002 0.005 0.003 0.003 0.025 0.003 0.003 0.015 0.004 0.009 0.034 
 67 TMA-ZAIN-G-    (0)   :  0.678 0.018 0.003 0.006 0.027 0.004 0.004 0.003 0.013 0.036 0.005 0.009 0.108 0.015 0.012 0.057 
 68 TMA-ZAIN-G-    (0)   :  0.935 0.005 0.006 0.009 0.005 0.002 0.004 0.003 0.002 0.005 0.004 0.002 0.004 0.003 0.006 0.005 
 69 TMA-ZAIN-G-    (0)   :  0.692 0.028 0.015 0.006 0.047 0.010 0.021 0.027 0.023 0.023 0.008 0.022 0.029 0.006 0.005 0.036 
 70 TMA-ZAIN-G-    (0)   :  0.014 0.009 0.004 0.004 0.006 0.003 0.004 0.003 0.004 0.042 0.003 0.004 0.854 0.005 0.006 0.034 
 71 TMA-ZAIN-G-    (0)   :  0.004 0.011 0.003 0.005 0.010 0.003 0.004 0.003 0.003 0.010 0.003 0.003 0.875 0.003 0.006 0.053 
 72 TMA-ZAIN-G-    (0)   :  0.011 0.007 0.005 0.006 0.010 0.003 0.004 0.003 0.003 0.012 0.007 0.004 0.900 0.007 0.008 0.009 
 73 TMA-ZAIN-G-    (0)   :  0.005 0.008 0.003 0.005 0.017 0.016 0.004 0.017 0.021 0.006 0.012 0.015 0.838 0.016 0.005 0.009 
 74 TMA-ZAIN-G-    (0)   :  0.005 0.010 0.003 0.005 0.013 0.005 0.003 0.004 0.005 0.007 0.005 0.006 0.908 0.005 0.005 0.012 
 75 TMA-ZAIN-G-    (0)   :  0.005 0.008 0.004 0.006 0.011 0.004 0.005 0.004 0.003 0.006 0.007 0.005 0.910 0.006 0.004 0.013 
 76 TMA-ZAIN-G-    (0)   :  0.005 0.008 0.003 0.004 0.012 0.005 0.003 0.003 0.015 0.011 0.003 0.009 0.842 0.004 0.005 0.066 
 77 TMA-ZAIN-G-    (0)   :  0.006 0.005 0.005 0.004 0.006 0.002 0.008 0.003 0.005 0.010 0.004 0.005 0.917 0.005 0.008 0.007 
 78 TMA-ZAIN-G-    (0)   :  0.004 0.007 0.005 0.006 0.009 0.006 0.009 0.005 0.009 0.025 0.006 0.010 0.863 0.007 0.005 0.025 
 79 TMA-ZAIN-G-    (0)   :  0.004 0.006 0.007 0.005 0.006 0.003 0.025 0.004 0.007 0.058 0.004 0.007 0.826 0.005 0.007 0.026 
 80 TMA-ZAIN-G-    (0)   :  0.023 0.096 0.005 0.010 0.027 0.003 0.006 0.003 0.005 0.059 0.011 0.004 0.666 0.007 0.016 0.061 
 81 TMA-ZAIN-G-    (0)   :  0.006 0.011 0.007 0.009 0.018 0.003 0.030 0.004 0.006 0.044 0.006 0.007 0.705 0.008 0.010 0.126 
 82 TMA-ZAIN-G-    (0)   :  0.135 0.041 0.006 0.015 0.275 0.004 0.006 0.006 0.003 0.021 0.015 0.005 0.053 0.006 0.007 0.402 
 83 TMA-ZAIN-G-    (9)   :  0.017 0.078 0.004 0.015 0.735 0.020 0.004 0.024 0.018 0.018 0.009 0.009 0.008 0.018 0.007 0.016 
 84 TMA-ZAIN-G-    (0)   :  0.005 0.015 0.006 0.007 0.014 0.004 0.012 0.003 0.015 0.036 0.004 0.009 0.740 0.006 0.010 0.115 
 85 TMA-ZAIN-G-    (0)   :  0.003 0.003 0.004 0.004 0.004 0.004 0.945 0.004 0.003 0.004 0.004 0.004 0.003 0.004 0.004 0.004 
 86 TMA-ZAIN-G-    (0)   :  0.006 0.010 0.003 0.009 0.010 0.004 0.898 0.003 0.006 0.011 0.005 0.004 0.006 0.005 0.009 0.012 
 87 TMA-ZAIN-G-    (0)   :  0.003 0.003 0.003 0.004 0.003 0.004 0.946 0.005 0.005 0.003 0.003 0.004 0.003 0.004 0.003 0.004 
 88 TMA-ZAIN-G-    (0)   :  0.038 0.097 0.019 0.009 0.094 0.180 0.334 0.019 0.010 0.039 0.068 0.008 0.024 0.009 0.008 0.043 
 89 TMA-ZAIN-G-    (0)   :  0.024 0.031 0.039 0.008 0.026 0.044 0.279 0.012 0.027 0.040 0.371 0.008 0.035 0.004 0.011 0.041 
 90 TMA-ZAIN-G-    (0)   :  0.012 0.020 0.004 0.005 0.032 0.004 0.823 0.031 0.004 0.007 0.031 0.005 0.004 0.006 0.005 0.009 
 91 TMA-ZAIN-G-    (0)   :  0.010 0.007 0.014 0.012 0.011 0.087 0.741 0.006 0.006 0.012 0.038 0.006 0.008 0.018 0.007 0.014 
 92 TMA-ZAIN-G-    (0)   :  0.006 0.004 0.012 0.008 0.009 0.008 0.528 0.016 0.038 0.012 0.272 0.029 0.011 0.029 0.009 0.011 
 93 TMA-ZAIN-G-    (0)   :  0.007 0.003 0.024 0.007 0.006 0.057 0.147 0.009 0.013 0.009 0.557 0.025 0.006 0.115 0.006 0.009 
 94 TMA-ZAIN-G-    (0)   :  0.005 0.003 0.006 0.005 0.006 0.142 0.722 0.020 0.007 0.005 0.043 0.010 0.005 0.014 0.003 0.005 
 95 TMA-ZAIN-G-    (0)   :  0.008 0.006 0.015 0.004 0.004 0.004 0.005 0.019 0.005 0.007 0.004 0.030 0.011 0.854 0.019 0.005 
 96 TMA-ZAIN-G-    (0)   :  0.004 0.009 0.015 0.005 0.005 0.006 0.009 0.005 0.007 0.004 0.005 0.059 0.003 0.755 0.104 0.005 
 97 TMA-ZAIN-G-    (0)   :  0.007 0.003 0.006 0.010 0.004 0.658 0.007 0.210 0.005 0.006 0.014 0.023 0.028 0.005 0.004 0.008 
 98 TMA-ZAIN-G-    (0)   :  0.004 0.003 0.004 0.013 0.003 0.681 0.006 0.208 0.004 0.006 0.012 0.004 0.039 0.003 0.003 0.007 
 99 TMA-ZAIN-G-    (0)   :  0.009 0.011 0.006 0.021 0.034 0.589 0.004 0.041 0.010 0.156 0.004 0.005 0.011 0.006 0.018 0.076 
100 TMA-ZAIN-G-    (0)   :  0.005 0.003 0.006 0.004 0.004 0.860 0.024 0.011 0.012 0.004 0.018 0.030 0.005 0.006 0.003 0.005 
101 TMA-ZAIN-G-    (0)   :  0.005 0.006 0.006 0.007 0.004 0.762 0.003 0.070 0.005 0.052 0.009 0.021 0.006 0.008 0.005 0.032 
102 TMA-ZAIN-G-    (0)   :  0.009 0.016 0.013 0.008 0.007 0.011 0.044 0.703 0.081 0.013 0.005 0.031 0.012 0.012 0.025 0.010 
103 TMA-ZAIN-G-    (0)   :  0.006 0.010 0.005 0.009 0.010 0.011 0.029 0.839 0.013 0.009 0.004 0.019 0.007 0.012 0.007 0.009 
104 TMA-ZAIN-G-    (0)   :  0.002 0.003 0.003 0.004 0.003 0.006 0.003 0.949 0.005 0.003 0.003 0.005 0.003 0.003 0.003 0.003 
105 TMA-ZAIN-G-    (0)   :  0.005 0.011 0.005 0.011 0.010 0.007 0.039 0.842 0.007 0.010 0.005 0.010 0.006 0.012 0.008 0.011 
106 TMA-ZAIN-G-    (0)   :  0.053 0.063 0.087 0.036 0.027 0.004 0.007 0.004 0.003 0.158 0.006 0.004 0.073 0.006 0.429 0.040 
107 TMA-ZAIN-G-    (0)   :  0.014 0.296 0.012 0.030 0.047 0.004 0.006 0.005 0.003 0.362 0.007 0.005 0.104 0.006 0.017 0.082 
108 TMA-ZAIN-G-    (9)   :  0.006 0.007 0.023 0.010 0.546 0.154 0.049 0.021 0.032 0.020 0.013 0.037 0.015 0.009 0.024 0.033 
109 TMA-ZAIN-G-    (0)   :  0.102 0.164 0.024 0.067 0.065 0.260 0.014 0.025 0.005 0.050 0.060 0.008 0.007 0.037 0.093 0.018 
110 TMA-ZAIN-G-    (0)   :  0.007 0.064 0.016 0.055 0.091 0.046 0.022 0.037 0.121 0.219 0.014 0.099 0.017 0.026 0.058 0.109 
111 TMA-ZAIN-G-    (9)   :  0.010 0.156 0.004 0.007 0.105 0.182 0.006 0.177 0.109 0.019 0.022 0.089 0.038 0.021 0.009 0.046 
112 TMA-ZAIN-G-    (0)   :  0.023 0.063 0.032 0.047 0.048 0.076 0.014 0.243 0.035 0.062 0.021 0.056 0.014 0.025 0.150 0.091 
113 TMA-ZAIN-G-    (0)   :  0.008 0.009 0.005 0.007 0.008 0.867 0.006 0.013 0.008 0.008 0.019 0.004 0.016 0.003 0.004 0.015 
114 TMA-ZAIN-G-    (0)   :  0.003 0.003 0.002 0.003 0.003 0.944 0.006 0.006 0.009 0.003 0.003 0.004 0.003 0.004 0.002 0.003 
115 TMA-ZAIN-G-    (0)   :  0.003 0.005 0.003 0.003 0.004 0.940 0.003 0.009 0.005 0.003 0.004 0.004 0.003 0.005 0.003 0.003 
116 TMA-ZAIN-G-    (0)   :  0.009 0.176 0.005 0.011 0.733 0.004 0.005 0.006 0.002 0.008 0.008 0.003 0.010 0.005 0.005 0.009 
117 TMA-ZAIN-G-    (0)   :  0.136 0.026 0.046 0.085 0.455 0.005 0.025 0.006 0.003 0.043 0.024 0.007 0.054 0.022 0.028 0.035 
118 TMA-ZAIN-G-    (0)   :  0.016 0.260 0.015 0.010 0.619 0.005 0.006 0.007 0.003 0.010 0.008 0.004 0.010 0.008 0.009 0.011 
119 TMA-ZAIN-G-    (0)   :  0.017 0.158 0.004 0.010 0.679 0.013 0.004 0.014 0.012 0.011 0.008 0.013 0.029 0.013 0.005 0.011 
120 TMA-ZAIN-G-    (0)   :  0.013 0.162 0.037 0.013 0.668 0.004 0.011 0.009 0.003 0.013 0.009 0.007 0.013 0.014 0.010 0.013 
121 TMA-ZAIN-G-    (0)   :  0.027 0.016 0.007 0.015 0.861 0.004 0.006 0.005 0.002 0.010 0.008 0.004 0.008 0.011 0.009 0.008 
122 TMA-ZAIN-G-    (0)   :  0.012 0.026 0.008 0.056 0.703 0.004 0.047 0.004 0.005 0.048 0.007 0.005 0.012 0.026 0.017 0.020 
123 TMA-ZAIN-G-    (0)   :  0.004 0.005 0.013 0.005 0.006 0.877 0.010 0.023 0.008 0.005 0.006 0.015 0.005 0.008 0.005 0.006 
124 TMA-ZAIN-G-    (0)   :  0.004 0.007 0.006 0.909 0.006 0.003 0.006 0.004 0.003 0.009 0.003 0.004 0.003 0.005 0.019 0.007 
125 TMA-ZAIN-G-    (0)   :  0.012 0.005 0.008 0.903 0.004 0.002 0.005 0.002 0.002 0.006 0.024 0.003 0.005 0.004 0.010 0.005 
126 TMA-ZAIN-G-    (0)   :  0.004 0.009 0.014 0.904 0.005 0.003 0.005 0.003 0.002 0.012 0.006 0.004 0.004 0.004 0.014 0.006 
127 TMA-ZAIN-G-    (0)   :  0.005 0.010 0.008 0.873 0.006 0.002 0.005 0.003 0.003 0.013 0.004 0.003 0.004 0.004 0.050 0.009 
128 TMA-ZAIN-G-    (0)   :  0.010 0.006 0.006 0.891 0.018 0.003 0.005 0.003 0.003 0.011 0.005 0.003 0.005 0.007 0.014 0.009 
129 TMA-ZAIN-G-    (0)   :  0.005 0.005 0.009 0.909 0.008 0.004 0.005 0.005 0.003 0.014 0.004 0.004 0.004 0.004 0.010 0.006 
130 TMA-ZAIN-G-    (0)   :  0.005 0.008 0.018 0.903 0.007 0.004 0.005 0.005 0.003 0.005 0.014 0.004 0.004 0.004 0.007 0.004 
131 TMA-ZAIN-G-    (0)   :  0.004 0.006 0.007 0.909 0.006 0.003 0.008 0.004 0.003 0.008 0.004 0.004 0.004 0.005 0.020 0.006 
132 TMA-ZAIN-G-    (0)   :  0.016 0.008 0.006 0.880 0.016 0.003 0.005 0.003 0.003 0.011 0.013 0.003 0.006 0.007 0.012 0.009 
133 TMA-ZAIN-G-    (0)   :  0.079 0.037 0.131 0.040 0.011 0.003 0.041 0.003 0.011 0.276 0.024 0.013 0.067 0.014 0.240 0.012 
134 TMA-ZAIN-G-    (0)   :  0.051 0.077 0.214 0.177 0.008 0.003 0.026 0.003 0.007 0.293 0.024 0.006 0.051 0.004 0.048 0.008 
135 TMA-ZAIN-G-    (0)   :  0.017 0.257 0.013 0.029 0.011 0.004 0.019 0.003 0.005 0.562 0.008 0.004 0.027 0.003 0.016 0.021 
136 TMA-ZAIN-G-    (0)   :  0.464 0.043 0.006 0.025 0.058 0.005 0.005 0.003 0.005 0.272 0.016 0.004 0.026 0.009 0.023 0.036 
137 TMA-ZAIN-G-    (0)   :  0.005 0.781 0.005 0.013 0.010 0.005 0.017 0.004 0.007 0.100 0.006 0.006 0.017 0.004 0.008 0.011 
138 TMA-ZAIN-G-    (0)   :  0.011 0.165 0.020 0.230 0.036 0.004 0.004 0.004 0.003 0.418 0.014 0.003 0.013 0.004 0.030 0.042 
139 TMA-ZAIN-G-    (0)   :  0.011 0.289 0.017 0.121 0.058 0.005 0.009 0.003 0.004 0.344 0.060 0.004 0.035 0.003 0.017 0.019 
140 TMA-ZAIN-G-    (0)   :  0.009 0.118 0.006 0.017 0.065 0.003 0.005 0.004 0.004 0.471 0.004 0.004 0.014 0.011 0.028 0.237 
141 TMA-ZAIN-G-    (0)   :  0.006 0.045 0.022 0.036 0.045 0.006 0.011 0.007 0.003 0.404 0.005 0.005 0.030 0.007 0.016 0.352 
142 TMA-ZAIN-G-    (9)   :  0.011 0.149 0.006 0.013 0.063 0.003 0.006 0.004 0.003 0.224 0.004 0.004 0.016 0.006 0.020 0.470 
143 TMA-ZAIN-G-    (0)   :  0.012 0.095 0.009 0.075 0.190 0.004 0.006 0.004 0.003 0.459 0.005 0.004 0.013 0.009 0.033 0.080 
144 TMA-ZAIN-G-    (0)   :  0.006 0.239 0.010 0.050 0.085 0.003 0.013 0.004 0.007 0.373 0.023 0.010 0.008 0.028 0.093 0.047 
145 TMA-ZAIN-G-    (0)   :  0.292 0.371 0.006 0.055 0.035 0.002 0.005 0.003 0.002 0.064 0.015 0.003 0.041 0.007 0.019 0.079 
146 TMA-ZAIN-G-    (0)   :  0.005 0.008 0.004 0.005 0.006 0.003 0.004 0.003 0.003 0.451 0.003 0.003 0.015 0.003 0.005 0.479 
147 TMA-ZAIN-G-    (9)   :  0.008 0.007 0.005 0.007 0.007 0.003 0.004 0.003 0.003 0.561 0.004 0.003 0.010 0.004 0.006 0.366 
148 TMA-ZAIN-G-    (0)   :  0.004 0.006 0.039 0.025 0.006 0.003 0.004 0.003 0.003 0.532 0.017 0.003 0.010 0.003 0.017 0.326 
149 TMA-ZAIN-G-    (0)   :  0.005 0.009 0.018 0.031 0.012 0.014 0.023 0.020 0.011 0.598 0.034 0.008 0.009 0.013 0.015 0.183 
150 TMA-ZAIN-G-    (0)   :  0.064 0.028 0.012 0.013 0.062 0.009 0.011 0.044 0.008 0.541 0.047 0.006 0.013 0.012 0.010 0.120 
151 TMA-ZAIN-G-    (0)   :  0.007 0.743 0.016 0.005 0.044 0.003 0.003 0.003 0.002 0.006 0.004 0.003 0.005 0.005 0.140 0.010 
152 TMA-ZAIN-G-    (0)   :  0.005 0.756 0.015 0.006 0.143 0.005 0.003 0.004 0.002 0.008 0.005 0.003 0.004 0.005 0.016 0.021 
153 TMA-ZAIN-G-    (0)   :  0.014 0.618 0.028 0.033 0.053 0.003 0.003 0.004 0.003 0.103 0.014 0.003 0.013 0.004 0.074 0.029 
154 TMA-ZAIN-G-    (0)   :  0.004 0.919 0.004 0.007 0.017 0.003 0.004 0.003 0.002 0.006 0.004 0.003 0.004 0.003 0.005 0.012 
155 TMA-ZAIN-G-    (0)   :  0.006 0.887 0.006 0.009 0.010 0.003 0.005 0.005 0.003 0.027 0.003 0.004 0.007 0.004 0.008 0.012 
156 TMA-ZAIN-G-    (9)   :  0.003 0.725 0.078 0.031 0.032 0.005 0.003 0.005 0.003 0.022 0.010 0.004 0.004 0.004 0.044 0.027 
157 TMA-ZAIN-G-    (0)   :  0.006 0.538 0.133 0.018 0.023 0.003 0.005 0.006 0.003 0.130 0.005 0.004 0.007 0.004 0.061 0.053 
158 TMA-ZAIN-G-    (0)   :  0.005 0.465 0.004 0.007 0.113 0.003 0.004 0.004 0.003 0.033 0.005 0.006 0.020 0.006 0.012 0.310 
159 TMA-ZAIN-G-    (0)   :  0.016 0.478 0.004 0.014 0.039 0.004 0.004 0.004 0.002 0.126 0.006 0.004 0.132 0.003 0.006 0.159 
160 TMA-ZAIN-G-    (0)   :  0.023 0.576 0.004 0.008 0.103 0.005 0.005 0.005 0.002 0.041 0.008 0.003 0.129 0.003 0.005 0.078 
161 TMA-ZAIN-G-    (0)   :  0.007 0.322 0.018 0.119 0.034 0.003 0.006 0.004 0.002 0.341 0.020 0.005 0.014 0.006 0.050 0.049 
162 TMA-ZAIN-G-    (0)   :  0.005 0.878 0.003 0.005 0.007 0.012 0.011 0.019 0.010 0.007 0.010 0.005 0.005 0.008 0.008 0.006 
163 TMA-ZAIN-G-    (0)   :  0.004 0.923 0.002 0.005 0.013 0.003 0.003 0.003 0.002 0.016 0.003 0.002 0.005 0.003 0.005 0.009 
164 TMA-ZAIN-G-    (0)   :  0.010 0.592 0.004 0.012 0.241 0.005 0.012 0.005 0.005 0.036 0.009 0.004 0.007 0.007 0.007 0.046 
165 TMA-ZAIN-G-    (0)   :  0.007 0.708 0.004 0.010 0.140 0.004 0.003 0.004 0.003 0.049 0.003 0.003 0.008 0.004 0.006 0.044 
166 TMA-ZAIN-G-    (0)   :  0.012 0.420 0.006 0.062 0.032 0.003 0.005 0.003 0.002 0.088 0.009 0.003 0.027 0.004 0.028 0.294 
167 TMA-ZAIN-G-    (0)   :  0.005 0.016 0.007 0.011 0.021 0.005 0.007 0.005 0.004 0.370 0.005 0.006 0.054 0.006 0.013 0.465 
168 TMA-ZAIN-G-    (0)   :  0.008 0.006 0.020 0.006 0.024 0.004 0.006 0.005 0.003 0.031 0.006 0.005 0.041 0.005 0.007 0.824 
169 TMA-ZAIN-G-    (0)   :  0.031 0.010 0.005 0.007 0.020 0.003 0.004 0.003 0.002 0.020 0.004 0.003 0.046 0.003 0.004 0.834 
170 TMA-ZAIN-G-    (0)   :  0.016 0.047 0.056 0.041 0.041 0.026 0.006 0.013 0.012 0.097 0.004 0.038 0.026 0.008 0.059 0.508 
171 TMA-ZAIN-G-    (0)   :  0.012 0.009 0.004 0.004 0.017 0.003 0.004 0.003 0.003 0.044 0.003 0.002 0.043 0.003 0.004 0.843 
172 TMA-ZAIN-G-    (0)   :  0.005 0.018 0.018 0.028 0.010 0.003 0.005 0.003 0.003 0.161 0.003 0.005 0.011 0.005 0.240 0.481 
173 TMA-ZAIN-G-    (0)   :  0.006 0.013 0.022 0.039 0.014 0.003 0.007 0.004 0.003 0.149 0.004 0.007 0.017 0.008 0.434 0.270 
174 TMA-ZAIN-G-    (0)   :  0.038 0.046 0.004 0.450 0.046 0.003 0.005 0.003 0.003 0.103 0.008 0.003 0.023 0.006 0.092 0.168 
175 TMA-ZAIN-G-    (0)   :  0.006 0.008 0.004 0.005 0.014 0.003 0.005 0.003 0.003 0.152 0.004 0.003 0.079 0.003 0.005 0.704 
176 TMA-ZAIN-G-    (0)   :  0.005 0.010 0.004 0.005 0.007 0.003 0.005 0.003 0.003 0.143 0.003 0.003 0.026 0.003 0.005 0.773 
177 TMA-ZAIN-G-    (0)   :  0.003 0.008 0.010 0.005 0.007 0.003 0.004 0.003 0.002 0.083 0.003 0.004 0.008 0.003 0.009 0.846 
178 TMA-ZAIN-G-    (0)   :  0.004 0.013 0.034 0.009 0.031 0.005 0.005 0.004 0.004 0.158 0.004 0.006 0.015 0.008 0.204 0.497 
179 TMA-ZAIN-G-    (0)   :  0.006 0.012 0.015 0.009 0.009 0.003 0.005 0.003 0.002 0.119 0.004 0.003 0.010 0.004 0.035 0.761 
180 TMA-ZAIN-G-    (0)   :  0.101 0.017 0.029 0.348 0.058 0.004 0.026 0.004 0.007 0.080 0.010 0.006 0.005 0.014 0.259 0.032 
181 TMA-ZAIN-G-    (0)   :  0.005 0.060 0.145 0.019 0.018 0.005 0.004 0.005 0.003 0.020 0.005 0.004 0.013 0.004 0.679 0.011 
182 TMA-ZAIN-G-    (0)   :  0.003 0.032 0.185 0.368 0.016 0.008 0.006 0.006 0.003 0.073 0.005 0.005 0.005 0.005 0.258 0.023 
183 TMA-ZAIN-G-    (0)   :  0.004 0.009 0.050 0.007 0.030 0.004 0.005 0.004 0.003 0.010 0.004 0.004 0.006 0.004 0.846 0.009 
184 TMA-ZAIN-G-    (0)   :  0.007 0.042 0.032 0.019 0.028 0.025 0.019 0.026 0.009 0.049 0.017 0.008 0.010 0.011 0.684 0.014 
185 TMA-ZAIN-G-    (0)   :  0.005 0.011 0.004 0.030 0.009 0.010 0.011 0.012 0.014 0.031 0.020 0.008 0.007 0.037 0.781 0.009 
186 TMA-ZAIN-G-    (9)   :  0.006 0.015 0.005 0.046 0.009 0.004 0.006 0.005 0.004 0.027 0.006 0.007 0.011 0.012 0.822 0.016 
187 TMA-ZAIN-G-    (0)   :  0.015 0.049 0.015 0.016 0.007 0.004 0.005 0.004 0.003 0.044 0.003 0.005 0.037 0.005 0.780 0.008 
188 TMA-ZAIN-G-    (0)   :  0.025 0.022 0.006 0.016 0.025 0.003 0.003 0.003 0.002 0.014 0.004 0.003 0.049 0.004 0.814 0.005 
189 TMA-ZAIN-G-    (0)   :  0.008 0.007 0.005 0.010 0.005 0.003 0.004 0.003 0.003 0.007 0.002 0.003 0.004 0.003 0.927 0.006 
190 TMA-ZAIN-G-    (0)   :  0.018 0.005 0.020 0.009 0.033 0.003 0.004 0.003 0.003 0.020 0.005 0.005 0.026 0.007 0.793 0.047 
191 TMA-ZAIN-G-    (0)   :  0.005 0.005 0.004 0.008 0.007 0.009 0.014 0.011 0.014 0.011 0.008 0.006 0.008 0.009 0.873 0.009 
192 TMA-ZAIN-G-    (0)   :  0.004 0.012 0.018 0.017 0.006 0.005 0.021 0.003 0.012 0.020 0.005 0.009 0.015 0.003 0.843 0.008 
193 TMA-ZAIN-G-    (0)   :  0.004 0.003 0.950 0.004 0.003 0.002 0.003 0.003 0.002 0.004 0.004 0.003 0.003 0.003 0.005 0.003 
194 TMA-ZAIN-G-    (0)   :  0.014 0.004 0.764 0.033 0.006 0.002 0.005 0.003 0.006 0.012 0.018 0.012 0.007 0.023 0.084 0.010 
195 TMA-ZAIN-G-    (0)   :  0.034 0.005 0.717 0.035 0.012 0.002 0.004 0.003 0.002 0.023 0.007 0.009 0.023 0.005 0.088 0.031 
196 TMA-ZAIN-G-    (0)   :  0.017 0.007 0.883 0.011 0.010 0.003 0.004 0.003 0.003 0.010 0.007 0.004 0.005 0.008 0.019 0.006 
197 TMA-ZAIN-G-    (0)   :  0.012 0.007 0.891 0.012 0.008 0.003 0.007 0.003 0.003 0.010 0.005 0.004 0.010 0.005 0.011 0.010 
198 TMA-ZAIN-G-    (0)   :  0.007 0.010 0.893 0.007 0.008 0.003 0.004 0.003 0.003 0.011 0.004 0.003 0.009 0.003 0.020 0.013 
199 TMA-ZAIN-G-    (0)   :  0.004 0.013 0.006 0.038 0.008 0.003 0.005 0.004 0.004 0.023 0.006 0.005 0.009 0.009 0.855 0.009 
200 TMA-ZAIN-G-    (0)   :  0.003 0.002 0.053 0.003 0.004 0.015 0.006 0.014 0.724 0.003 0.004 0.138 0.003 0.016 0.006 0.004 
201 TMA-ZAIN-G-    (0)   :  0.006 0.003 0.003 0.003 0.004 0.005 0.006 0.014 0.890 0.004 0.003 0.035 0.004 0.011 0.003 0.004 
202 TMA-ZAIN-G-    (0)   :  0.004 0.005 0.042 0.005 0.006 0.022 0.004 0.011 0.810 0.006 0.002 0.051 0.003 0.007 0.015 0.007 
203 TMA-ZAIN-G-    (0)   :  0.004 0.025 0.768 0.049 0.028 0.018 0.004 0.011 0.003 0.033 0.005 0.004 0.008 0.004 0.021 0.015 
204 TMA-ZAIN-G-    (9)   :  0.010 0.004 0.008 0.007 0.008 0.006 0.077 0.005 0.749 0.016 0.023 0.037 0.018 0.006 0.006 0.020 
205 TMA-ZAIN-G-    (0)   :  0.006 0.075 0.008 0.011 0.021 0.007 0.019 0.006 0.694 0.031 0.014 0.073 0.010 0.005 0.007 0.012 
206 TMA-ZAIN-G-    (9)   :  0.009 0.006 0.055 0.007 0.016 0.015 0.149 0.010 0.570 0.013 0.013 0.075 0.007 0.010 0.023 0.021 
207 TMA-ZAIN-G-    (9)   :  0.052 0.167 0.008 0.014 0.409 0.010 0.057 0.008 0.007 0.077 0.047 0.022 0.018 0.061 0.020 0.021 
208 TMA-ZAIN-G-    (0)   :  0.056 0.065 0.004 0.007 0.245 0.003 0.002 0.003 0.003 0.403 0.005 0.004 0.019 0.011 0.029 0.141 
209 TMA-ZAIN-G-    (0)   :  0.014 0.057 0.203 0.163 0.012 0.003 0.008 0.003 0.002 0.250 0.053 0.004 0.049 0.004 0.043 0.132 
210 TMA-ZAIN-G-    (0)   :  0.102 0.061 0.338 0.057 0.020 0.003 0.012 0.004 0.003 0.159 0.014 0.005 0.050 0.010 0.095 0.067 
211 TMA-ZAIN-G-    (0)   :  0.025 0.021 0.057 0.373 0.034 0.012 0.009 0.008 0.018 0.200 0.010 0.021 0.045 0.014 0.092 0.061 
212 TMA-ZAIN-G-    (0)   :  0.013 0.040 0.021 0.047 0.056 0.003 0.017 0.003 0.004 0.212 0.006 0.005 0.006 0.011 0.274 0.283 
213 TMA-ZAIN-G-    (0)   :  0.005 0.086 0.019 0.023 0.005 0.003 0.004 0.004 0.004 0.678 0.006 0.004 0.015 0.005 0.095 0.044 
214 TMA-ZAIN-G-    (0)   :  0.039 0.133 0.024 0.126 0.007 0.003 0.005 0.003 0.003 0.446 0.009 0.005 0.044 0.004 0.093 0.058 
215 TMA-ZAIN-G-    (0)   :  0.004 0.022 0.004 0.010 0.046 0.003 0.003 0.003 0.008 0.184 0.002 0.227 0.037 0.004 0.236 0.205 
216 TMA-ZAIN-G-    (0)   :  0.007 0.027 0.017 0.130 0.009 0.003 0.006 0.003 0.004 0.246 0.014 0.006 0.014 0.007 0.399 0.108 
217 TMA-ZAIN-G-    (0)   :  0.095 0.039 0.047 0.123 0.008 0.003 0.005 0.004 0.003 0.488 0.008 0.003 0.060 0.003 0.024 0.086 
218 TMA-ZAIN-G-    (0)   :  0.009 0.007 0.004 0.011 0.006 0.006 0.005 0.008 0.003 0.005 0.006 0.896 0.004 0.013 0.006 0.013 
219 TMA-ZAIN-G-    (0)   :  0.004 0.005 0.003 0.009 0.004 0.005 0.012 0.005 0.007 0.004 0.007 0.915 0.004 0.007 0.005 0.005 
220 TMA-ZAIN-G-    (0)   :  0.011 0.012 0.005 0.006 0.177 0.008 0.010 0.083 0.005 0.007 0.006 0.508 0.006 0.142 0.007 0.009 
221 TMA-ZAIN-G-    (0)   :  0.005 0.007 0.006 0.013 0.007 0.004 0.010 0.003 0.013 0.010 0.005 0.873 0.006 0.010 0.019 0.011 
222 TMA-ZAIN-G-    (0)   :  0.012 0.016 0.005 0.015 0.017 0.005 0.020 0.038 0.006 0.009 0.009 0.817 0.007 0.006 0.006 0.013 
223 TMA-ZAIN-G-    (0)   :  0.005 0.004 0.003 0.005 0.006 0.006 0.013 0.005 0.007 0.005 0.005 0.908 0.004 0.016 0.005 0.005 
224 TMA-ZAIN-G-    (0)   :  0.005 0.006 0.008 0.028 0.005 0.007 0.117 0.023 0.009 0.009 0.007 0.741 0.005 0.010 0.013 0.008 
225 TMA-ZAIN-G-    (0)   :  0.003 0.003 0.010 0.004 0.003 0.007 0.005 0.011 0.006 0.004 0.003 0.917 0.003 0.009 0.006 0.005 
226 TMA-ZAIN-G-    (0)   :  0.005 0.007 0.021 0.005 0.008 0.015 0.010 0.006 0.006 0.007 0.005 0.862 0.007 0.012 0.011 0.010 
227 TMA-ZAIN-G-    (0)   :  0.004 0.008 0.020 0.004 0.007 0.010 0.006 0.007 0.011 0.009 0.004 0.872 0.007 0.007 0.011 0.013 
228 TMA-ZAIN-G-    (0)   :  0.008 0.013 0.006 0.007 0.017 0.019 0.017 0.007 0.011 0.016 0.005 0.797 0.026 0.014 0.010 0.025 
229 TMA-ZAIN-G-    (0)   :  0.009 0.003 0.002 0.003 0.003 0.014 0.007 0.015 0.023 0.003 0.005 0.893 0.003 0.008 0.003 0.005 
230 TMA-ZAIN-G-    (0)   :  0.015 0.005 0.011 0.055 0.009 0.030 0.303 0.035 0.007 0.023 0.012 0.375 0.031 0.013 0.021 0.055 
231 TMA-ZAIN-G-    (0)   :  0.008 0.022 0.009 0.015 0.016 0.011 0.070 0.278 0.335 0.020 0.009 0.134 0.028 0.011 0.010 0.026 
232 TMA-ZAIN-G-    (9)   :  0.031 0.010 0.006 0.035 0.010 0.049 0.021 0.139 0.484 0.008 0.010 0.153 0.007 0.004 0.017 0.016 
233 TMA-ZAIN-G-    (0)   :  0.048 0.013 0.007 0.023 0.008 0.005 0.018 0.007 0.016 0.014 0.010 0.761 0.027 0.016 0.010 0.017 
234 TMA-ZAIN-G-    (0)   :  0.007 0.007 0.013 0.004 0.011 0.022 0.005 0.232 0.036 0.005 0.029 0.605 0.005 0.007 0.005 0.008 
235 TMA-ZAIN-G-    (0)   :  0.005 0.009 0.021 0.004 0.010 0.220 0.042 0.012 0.017 0.007 0.009 0.473 0.062 0.029 0.070 0.010 
236 TMA-ZAIN-G-    (0)   :  0.006 0.011 0.023 0.008 0.013 0.034 0.047 0.008 0.018 0.016 0.003 0.771 0.012 0.007 0.010 0.012 
237 TMA-ZAIN-G-    (0)   :  0.011 0.015 0.007 0.021 0.023 0.093 0.115 0.044 0.009 0.071 0.005 0.358 0.127 0.015 0.013 0.074 
238 TMA-ZAIN-G-    (0)   :  0.004 0.026 0.005 0.014 0.023 0.032 0.006 0.012 0.015 0.036 0.003 0.765 0.022 0.006 0.015 0.014 
239 TMA-ZAIN-G-    (0)   :  0.018 0.003 0.075 0.008 0.038 0.005 0.024 0.003 0.718 0.006 0.041 0.009 0.003 0.003 0.042 0.004 
240 TMA-ZAIN-G-    (0)   :  0.003 0.002 0.004 0.003 0.003 0.004 0.009 0.004 0.935 0.004 0.006 0.007 0.005 0.003 0.003 0.005 
241 TMA-ZAIN-G-    (0)   :  0.004 0.006 0.004 0.003 0.004 0.005 0.005 0.003 0.915 0.009 0.005 0.006 0.010 0.002 0.004 0.014 
242 TMA-ZAIN-G-    (0)   :  0.005 0.006 0.003 0.003 0.006 0.003 0.003 0.003 0.933 0.007 0.004 0.004 0.006 0.003 0.005 0.007 
243 TMA-ZAIN-G-    (0)   :  0.008 0.006 0.003 0.004 0.006 0.003 0.005 0.002 0.902 0.012 0.005 0.005 0.013 0.003 0.006 0.016 
244 TMA-ZAIN-G-    (0)   :  0.008 0.014 0.003 0.003 0.011 0.005 0.003 0.003 0.894 0.013 0.003 0.005 0.014 0.003 0.006 0.013 
245 TMA-ZAIN-G-    (9)   :  0.002 0.003 0.003 0.003 0.003 0.003 0.003 0.003 0.951 0.004 0.003 0.005 0.003 0.003 0.003 0.004 
246 TMA-ZAIN-G-    (0)   :  0.003 0.003 0.002 0.003 0.003 0.002 0.005 0.003 0.952 0.003 0.003 0.005 0.003 0.004 0.004 0.003 
247 TMA-ZAIN-G-    (0)   :  0.005 0.004 0.002 0.004 0.004 0.002 0.004 0.002 0.942 0.005 0.004 0.004 0.003 0.005 0.005 0.004 
248 TMA-ZAIN-G-    (0)   :  0.005 0.006 0.010 0.003 0.008 0.006 0.004 0.003 0.910 0.006 0.003 0.008 0.005 0.004 0.010 0.008 
249 TMA-ZAIN-G-    (0)   :  0.003 0.003 0.007 0.003 0.004 0.003 0.004 0.003 0.937 0.004 0.003 0.007 0.003 0.004 0.007 0.004 
250 TMA-ZAIN-G-    (0)   :  0.006 0.003 0.004 0.003 0.005 0.003 0.005 0.003 0.940 0.004 0.003 0.007 0.003 0.004 0.006 0.003 
251 TMA-ZAIN-G-    (0)   :  0.004 0.004 0.005 0.006 0.005 0.005 0.009 0.006 0.003 0.003 0.931 0.004 0.003 0.005 0.004 0.004 
252 TMA-ZAIN-G-    (0)   :  0.016 0.007 0.004 0.004 0.026 0.003 0.004 0.004 0.003 0.017 0.841 0.005 0.023 0.003 0.006 0.034 
253 TMA-ZAIN-G-    (0)   :  0.005 0.010 0.005 0.005 0.009 0.003 0.004 0.007 0.003 0.005 0.926 0.003 0.004 0.003 0.004 0.005 
254 TMA-ZAIN-G-    (9)   :  0.011 0.026 0.005 0.011 0.032 0.004 0.006 0.012 0.003 0.009 0.842 0.004 0.007 0.006 0.007 0.015 
255 TMA-ZAIN-G-    (0)   :  0.006 0.007 0.004 0.005 0.007 0.006 0.004 0.015 0.020 0.005 0.901 0.003 0.003 0.003 0.004 0.005 
256 TMA-ZAIN-G-    (0)   :  0.005 0.008 0.030 0.008 0.008 0.005 0.020 0.010 0.009 0.010 0.853 0.006 0.006 0.004 0.007 0.010 
257 TMA-ZAIN-G-    (0)   :  0.003 0.003 0.015 0.005 0.003 0.004 0.012 0.004 0.005 0.004 0.925 0.005 0.004 0.003 0.004 0.003 
258 TMA-ZAIN-G-    (0)   :  0.004 0.003 0.004 0.004 0.004 0.003 0.006 0.004 0.003 0.003 0.948 0.003 0.003 0.003 0.003 0.003 
259 TMA-ZAIN-G-    (0)   :  0.005 0.003 0.006 0.004 0.004 0.004 0.021 0.004 0.006 0.004 0.920 0.005 0.003 0.005 0.004 0.003 
260 TMA-ZAIN-G-    (0)   :  0.009 0.003 0.005 0.004 0.005 0.003 0.014 0.004 0.005 0.004 0.922 0.004 0.004 0.005 0.004 0.004 
261 TMA-ZAIN-G-   (18)   :  0.010 0.005 0.007 0.011 0.008 0.005 0.023 0.005 0.004 0.006 0.882 0.005 0.004 0.014 0.006 0.006 
262 TMA-ZAIN-G-    (0)   :  0.003 0.003 0.005 0.004 0.003 0.004 0.008 0.004 0.003 0.003 0.943 0.004 0.003 0.003 0.003 0.003 
263 TMA-ZAIN-G-    (0)   :  0.003 0.005 0.004 0.004 0.004 0.004 0.007 0.007 0.004 0.003 0.937 0.004 0.003 0.004 0.003 0.003 
264 TMA-ZAIN-G-    (0)   :  0.004 0.005 0.006 0.005 0.006 0.005 0.006 0.012 0.003 0.003 0.928 0.004 0.004 0.003 0.003 0.004 
265 TMA-ZAIN-G-    (0)   :  0.023 0.019 0.010 0.025 0.012 0.005 0.357 0.023 0.012 0.056 0.127 0.228 0.009 0.019 0.019 0.057 
266 TMA-ZAIN-G-    (0)   :  0.015 0.017 0.031 0.117 0.037 0.007 0.018 0.010 0.009 0.036 0.583 0.010 0.008 0.057 0.030 0.013 
267 TMA-ZAIN-G-    (0)   :  0.017 0.006 0.006 0.017 0.019 0.020 0.221 0.053 0.305 0.025 0.135 0.020 0.016 0.106 0.007 0.027 
268 TMA-ZAIN-G-    (0)   :  0.004 0.004 0.003 0.004 0.005 0.039 0.009 0.090 0.806 0.004 0.005 0.006 0.004 0.009 0.003 0.005 
269 TMA-ZAIN-G-    (0)   :  0.004 0.005 0.004 0.008 0.008 0.171 0.108 0.133 0.486 0.007 0.005 0.020 0.007 0.022 0.004 0.007 
270 TMA-ZAIN-G-    (0)   :  0.004 0.004 0.004 0.006 0.006 0.098 0.198 0.054 0.563 0.006 0.005 0.021 0.006 0.015 0.003 0.006 
271 TMA-ZAIN-G-    (0)   :  0.003 0.005 0.003 0.005 0.007 0.027 0.029 0.040 0.839 0.006 0.005 0.007 0.004 0.011 0.003 0.007 
272 TMA-ZAIN-G-    (0)   :  0.003 0.005 0.004 0.006 0.005 0.032 0.036 0.025 0.777 0.005 0.004 0.054 0.005 0.030 0.004 0.006 
273 TMA-ZAIN-G-    (0)   :  0.002 0.002 0.003 0.003 0.003 0.016 0.010 0.016 0.872 0.003 0.003 0.049 0.003 0.008 0.003 0.003 
274 TMA-ZAIN-G-    (0)   :  0.008 0.008 0.040 0.005 0.004 0.009 0.009 0.124 0.693 0.010 0.009 0.019 0.013 0.014 0.031 0.006 
275 TMA-ZAIN-G-    (0)   :  0.002 0.004 0.003 0.004 0.002 0.005 0.003 0.009 0.932 0.005 0.002 0.009 0.002 0.007 0.005 0.004 
276 TMA-ZAIN-G-    (0)   :  0.003 0.004 0.003 0.003 0.004 0.013 0.006 0.004 0.935 0.004 0.003 0.005 0.004 0.003 0.003 0.004 
277 TMA-ZAIN-G-    (0)   :  0.005 0.004 0.006 0.003 0.006 0.008 0.004 0.009 0.919 0.005 0.006 0.006 0.007 0.005 0.003 0.005 
278 TMA-ZAIN-G-    (0)   :  0.003 0.002 0.003 0.003 0.003 0.005 0.009 0.006 0.936 0.003 0.005 0.006 0.003 0.006 0.003 0.003 
279 TMA-ZAIN-G-    (0)   :  0.003 0.004 0.006 0.006 0.004 0.006 0.004 0.028 0.882 0.006 0.004 0.018 0.004 0.015 0.006 0.005 
280 TMA-ZAIN-G-    (0)   :  0.003 0.006 0.008 0.010 0.004 0.045 0.007 0.139 0.619 0.007 0.003 0.118 0.004 0.014 0.008 0.005 
