

----------------------------------------------------
STRUCTURE by Pritchard, Stephens and Donnelly (2000)
     and Falush, Stephens and Pritchard (2003)
       Code by Pritchard, Falush and Hubisz
             Version 2.3.4 (Jul 2012)
----------------------------------------------------



Command line arguments:   bin\structure -m C:\Users\eschumacher\Documents\GitHub\GCC_QUAC_ZAIN\Data_Files\Structure_Files\ZAIN\ZAIN_rebinned_garden_wild_nopopinfo\50-50\mainparams -e C:\Users\eschumacher\Documents\GitHub\GCC_QUAC_ZAIN\Data_Files\Structure_Files\ZAIN\ZAIN_rebinned_garden_wild_nopopinfo\50-50\extraparams 
Input File:    C:\Users\eschumacher\Documents\GitHub\GCC_QUAC_ZAIN\Data_Files\Structure_Files\ZAIN\ZAIN_rebinned_garden_wild_nopopinfo\project_data

Run parameters:
   1133 individuals
   11 loci
   9 populations assumed
   50000 Burn-in period
   50000 Reps


--------------------------------------------
Overall proportion of membership of the
sample in each of the 9 clusters

Inferred Clusters
  1      2      3      4      5      6      7      8      9    
0.147  0.129  0.070  0.151  0.038  0.060  0.144  0.177  0.084  

--------------------------------------------

Allele-freq. divergence among pops (Net nucleotide distance),
computed using point estimates of P.

      1       2       3       4       5       6       7       8       9      
 1      -    0.1261  0.1706  0.0931  0.1334  0.2134  0.1191  0.1562  0.1386  
 2   0.1261     -    0.3427  0.1490  0.2245  0.3565  0.2787  0.2929  0.2613  
 3   0.1706  0.3427     -    0.2658  0.2241  0.2603  0.1350  0.2223  0.1849  
 4   0.0931  0.1490  0.2658     -    0.2149  0.3306  0.2208  0.2212  0.1690  
 5   0.1334  0.2245  0.2241  0.2149     -    0.2602  0.1677  0.1900  0.1876  
 6   0.2134  0.3565  0.2603  0.3306  0.2602     -    0.1134  0.1026  0.2048  
 7   0.1191  0.2787  0.1350  0.2208  0.1677  0.1134     -    0.0421  0.1810  
 8   0.1562  0.2929  0.2223  0.2212  0.1900  0.1026  0.0421     -    0.2098  
 9   0.1386  0.2613  0.1849  0.1690  0.1876  0.2048  0.1810  0.2098     -    

Average distances (expected heterozygosity) between individuals in same cluster:
cluster  1  : 0.5536 
cluster  2  : 0.4190 
cluster  3  : 0.2737 
cluster  4  : 0.4799 
cluster  5  : 0.2688 
cluster  6  : 0.3622 
cluster  7  : 0.4374 
cluster  8  : 0.4068 
cluster  9  : 0.3958 

--------------------------------------------
Estimated Ln Prob of Data   = -21411.7
Mean value of ln likelihood = -20854.9
Variance of ln likelihood   = 1113.5
Mean value of alpha         = 0.0343

Mean value of Fst_1         = 0.1310
Mean value of Fst_2         = 0.4196
Mean value of Fst_3         = 0.5542
Mean value of Fst_4         = 0.3449
Mean value of Fst_5         = 0.5772
Mean value of Fst_6         = 0.4230
Mean value of Fst_7         = 0.3190
Mean value of Fst_8         = 0.3123
Mean value of Fst_9         = 0.4220


Inferred ancestry of individuals:
        Label (%Miss) :  Inferred clusters
  1 TMA-ZAIN-G-    (9)   :  0.043 0.006 0.082 0.789 0.013 0.013 0.029 0.009 0.016 
  2 TMA-ZAIN-G-    (0)   :  0.019 0.008 0.008 0.719 0.018 0.005 0.036 0.163 0.023 
  3 TMA-ZAIN-G-    (0)   :  0.007 0.003 0.027 0.007 0.010 0.123 0.611 0.201 0.012 
  4 TMA-ZAIN-G-    (0)   :  0.005 0.005 0.017 0.015 0.661 0.099 0.021 0.152 0.026 
  5 TMA-ZAIN-G-    (0)   :  0.004 0.005 0.002 0.970 0.005 0.002 0.002 0.003 0.006 
  6 TMA-ZAIN-G-    (0)   :  0.135 0.043 0.027 0.086 0.080 0.197 0.286 0.114 0.033 
  7 TMA-ZAIN-G-    (0)   :  0.011 0.006 0.044 0.015 0.124 0.010 0.436 0.339 0.015 
  8 TMA-ZAIN-G-    (0)   :  0.005 0.002 0.007 0.006 0.006 0.021 0.904 0.027 0.022 
  9 TMA-ZAIN-G-    (9)   :  0.009 0.004 0.008 0.006 0.009 0.035 0.725 0.198 0.005 
 10 TMA-ZAIN-G-    (0)   :  0.009 0.004 0.012 0.003 0.010 0.040 0.641 0.272 0.009 
 11 TMA-ZAIN-G-    (0)   :  0.008 0.006 0.009 0.005 0.024 0.007 0.405 0.530 0.006 
 12 TMA-ZAIN-G-    (0)   :  0.005 0.003 0.016 0.005 0.004 0.005 0.038 0.919 0.005 
 13 TMA-ZAIN-G-    (9)   :  0.028 0.092 0.081 0.047 0.017 0.023 0.469 0.225 0.019 
 14 TMA-ZAIN-G-    (9)   :  0.009 0.010 0.918 0.003 0.005 0.007 0.028 0.012 0.007 
 15 TMA-ZAIN-G-    (0)   :  0.005 0.002 0.937 0.003 0.003 0.010 0.028 0.005 0.006 
 16 TMA-ZAIN-G-    (0)   :  0.006 0.004 0.006 0.004 0.005 0.005 0.038 0.928 0.004 
 17 TMA-ZAIN-G-    (9)   :  0.027 0.010 0.047 0.009 0.075 0.007 0.797 0.012 0.016 
 18 TMA-ZAIN-G-    (0)   :  0.131 0.005 0.015 0.755 0.015 0.007 0.011 0.008 0.052 
 19 TMA-ZAIN-G-    (0)   :  0.867 0.012 0.012 0.015 0.038 0.006 0.031 0.014 0.004 
 20 TMA-ZAIN-G-    (0)   :  0.815 0.095 0.003 0.045 0.008 0.004 0.003 0.003 0.024 
 21 TMA-ZAIN-G-    (0)   :  0.004 0.967 0.002 0.003 0.005 0.005 0.005 0.004 0.005 
 22 TMA-ZAIN-G-    (0)   :  0.011 0.913 0.003 0.051 0.008 0.002 0.003 0.003 0.006 
 23 TMA-ZAIN-G-    (0)   :  0.037 0.899 0.008 0.023 0.009 0.004 0.008 0.007 0.004 
 24 TMA-ZAIN-G-    (9)   :  0.004 0.686 0.040 0.008 0.003 0.188 0.021 0.042 0.007 
 25 TMA-ZAIN-G-    (9)   :  0.794 0.010 0.007 0.117 0.003 0.005 0.020 0.040 0.004 
 26 TMA-ZAIN-G-    (9)   :  0.013 0.041 0.017 0.010 0.011 0.010 0.293 0.168 0.437 
 27 TMA-ZAIN-G-    (0)   :  0.759 0.014 0.068 0.083 0.024 0.011 0.016 0.007 0.018 
 28 TMA-ZAIN-G-    (0)   :  0.933 0.004 0.012 0.011 0.007 0.009 0.010 0.006 0.008 
 29 TMA-ZAIN-G-    (0)   :  0.242 0.004 0.006 0.003 0.004 0.716 0.005 0.005 0.016 
 30 TMA-ZAIN-G-    (0)   :  0.379 0.005 0.101 0.004 0.009 0.071 0.312 0.113 0.006 
 31 TMA-ZAIN-G-    (0)   :  0.010 0.011 0.005 0.883 0.020 0.006 0.004 0.007 0.053 
 32 TMA-ZAIN-G-    (9)   :  0.017 0.011 0.033 0.847 0.005 0.005 0.036 0.041 0.006 
 33 TMA-ZAIN-G-   (18)   :  0.004 0.003 0.008 0.005 0.004 0.017 0.814 0.140 0.004 
 34 TMA-ZAIN-G-    (0)   :  0.012 0.017 0.008 0.288 0.006 0.013 0.060 0.589 0.007 
 35 TMA-ZAIN-G-    (9)   :  0.016 0.004 0.084 0.029 0.013 0.122 0.344 0.374 0.015 
 36 TMA-ZAIN-G-    (0)   :  0.006 0.003 0.102 0.004 0.008 0.012 0.633 0.222 0.011 
 37 TMA-ZAIN-G-    (9)   :  0.012 0.008 0.008 0.008 0.054 0.019 0.566 0.313 0.012 
 38 TMA-ZAIN-G-   (18)   :  0.021 0.010 0.067 0.821 0.008 0.007 0.039 0.021 0.006 
 39 TMA-ZAIN-G-    (0)   :  0.006 0.006 0.004 0.003 0.009 0.009 0.103 0.853 0.007 
 40 TMA-ZAIN-G-    (0)   :  0.004 0.004 0.005 0.003 0.012 0.007 0.623 0.337 0.004 
 41 TMA-ZAIN-G-    (0)   :  0.004 0.003 0.064 0.003 0.003 0.007 0.770 0.142 0.004 
 42 TMA-ZAIN-G-    (9)   :  0.004 0.002 0.150 0.003 0.004 0.007 0.809 0.012 0.010 
 43 TMA-ZAIN-G-    (0)   :  0.004 0.003 0.963 0.003 0.004 0.008 0.007 0.004 0.005 
 44 TMA-ZAIN-G-    (0)   :  0.011 0.822 0.005 0.005 0.010 0.017 0.023 0.102 0.004 
 45 TMA-ZAIN-G-    (0)   :  0.008 0.007 0.018 0.006 0.015 0.006 0.444 0.489 0.009 
 46 TMA-ZAIN-G-    (0)   :  0.004 0.965 0.004 0.003 0.009 0.003 0.003 0.004 0.005 
 47 TMA-ZAIN-G-    (0)   :  0.004 0.003 0.003 0.004 0.013 0.004 0.004 0.005 0.959 
 48 TMA-ZAIN-G-    (0)   :  0.022 0.027 0.068 0.006 0.204 0.026 0.367 0.047 0.232 
 49 TMA-ZAIN-G-    (9)   :  0.867 0.006 0.005 0.022 0.018 0.048 0.006 0.020 0.008 
 50 TMA-ZAIN-G-    (0)   :  0.929 0.006 0.008 0.007 0.005 0.003 0.026 0.012 0.003 
 51 TMA-ZAIN-G-    (0)   :  0.826 0.009 0.091 0.006 0.020 0.006 0.016 0.008 0.019 
 52 TMA-ZAIN-G-    (0)   :  0.713 0.011 0.024 0.006 0.172 0.003 0.009 0.013 0.049 
 53 TMA-ZAIN-G-    (0)   :  0.543 0.010 0.047 0.179 0.088 0.006 0.016 0.014 0.097 
 54 TMA-ZAIN-G-    (0)   :  0.008 0.004 0.009 0.005 0.005 0.004 0.008 0.005 0.953 
 55 TMA-ZAIN-G-    (0)   :  0.022 0.007 0.022 0.004 0.003 0.003 0.018 0.006 0.914 
 56 TMA-ZAIN-G-    (0)   :  0.051 0.007 0.038 0.006 0.479 0.029 0.284 0.029 0.078 
 57 TMA-ZAIN-G-    (0)   :  0.017 0.004 0.005 0.008 0.011 0.007 0.006 0.013 0.929 
 58 TMA-ZAIN-G-    (0)   :  0.830 0.074 0.007 0.026 0.010 0.005 0.013 0.007 0.028 
 59 TMA-ZAIN-G-    (0)   :  0.031 0.026 0.012 0.643 0.065 0.036 0.074 0.084 0.029 
 60 TMA-ZAIN-G-    (0)   :  0.278 0.011 0.145 0.466 0.046 0.008 0.017 0.010 0.019 
 61 TMA-ZAIN-G-    (0)   :  0.010 0.021 0.003 0.913 0.030 0.003 0.003 0.003 0.012 
 62 TMA-ZAIN-G-    (9)   :  0.048 0.025 0.007 0.807 0.003 0.010 0.041 0.042 0.016 
 63 TMA-ZAIN-G-    (0)   :  0.011 0.008 0.007 0.937 0.012 0.003 0.005 0.004 0.013 
 64 TMA-ZAIN-G-    (0)   :  0.003 0.002 0.005 0.002 0.004 0.968 0.005 0.007 0.003 
 65 TMA-ZAIN-G-    (9)   :  0.004 0.002 0.005 0.004 0.005 0.954 0.008 0.011 0.008 
 66 TMA-ZAIN-G-    (0)   :  0.003 0.003 0.005 0.003 0.005 0.949 0.012 0.017 0.004 
 67 TMA-ZAIN-G-    (0)   :  0.012 0.014 0.004 0.004 0.004 0.883 0.016 0.058 0.005 
 68 TMA-ZAIN-G-    (0)   :  0.003 0.002 0.007 0.002 0.004 0.966 0.006 0.005 0.004 
 69 TMA-ZAIN-G-    (0)   :  0.017 0.029 0.018 0.022 0.026 0.798 0.009 0.071 0.010 
 70 TMA-ZAIN-G-    (0)   :  0.006 0.005 0.008 0.003 0.006 0.045 0.013 0.911 0.004 
 71 TMA-ZAIN-G-    (0)   :  0.004 0.003 0.004 0.003 0.004 0.005 0.007 0.967 0.003 
 72 TMA-ZAIN-G-    (0)   :  0.009 0.005 0.019 0.004 0.007 0.055 0.126 0.765 0.010 
 73 TMA-ZAIN-G-    (0)   :  0.034 0.038 0.005 0.026 0.005 0.008 0.013 0.852 0.019 
 74 TMA-ZAIN-G-    (0)   :  0.018 0.011 0.005 0.008 0.004 0.008 0.017 0.923 0.006 
 75 TMA-ZAIN-G-    (0)   :  0.008 0.004 0.008 0.005 0.006 0.007 0.011 0.941 0.009 
 76 TMA-ZAIN-G-    (0)   :  0.020 0.043 0.004 0.007 0.004 0.008 0.007 0.904 0.004 
 77 TMA-ZAIN-G-    (0)   :  0.010 0.010 0.013 0.004 0.020 0.010 0.088 0.840 0.007 
 78 TMA-ZAIN-G-    (0)   :  0.034 0.045 0.008 0.009 0.025 0.007 0.018 0.842 0.012 
 79 TMA-ZAIN-G-    (0)   :  0.013 0.024 0.010 0.004 0.134 0.007 0.097 0.703 0.008 
 80 TMA-ZAIN-G-    (0)   :  0.005 0.006 0.004 0.003 0.008 0.020 0.044 0.899 0.011 
 81 TMA-ZAIN-G-    (0)   :  0.008 0.010 0.009 0.004 0.046 0.005 0.030 0.882 0.006 
 82 TMA-ZAIN-G-    (0)   :  0.005 0.003 0.006 0.006 0.008 0.126 0.011 0.822 0.012 
 83 TMA-ZAIN-G-    (9)   :  0.025 0.032 0.006 0.082 0.006 0.136 0.042 0.647 0.024 
 84 TMA-ZAIN-G-    (0)   :  0.013 0.037 0.006 0.004 0.015 0.006 0.016 0.899 0.004 
 85 TMA-ZAIN-G-    (0)   :  0.004 0.004 0.003 0.005 0.970 0.003 0.004 0.004 0.004 
 86 TMA-ZAIN-G-    (0)   :  0.004 0.005 0.003 0.004 0.958 0.005 0.008 0.006 0.006 
 87 TMA-ZAIN-G-    (0)   :  0.004 0.005 0.003 0.004 0.972 0.003 0.003 0.003 0.004 
 88 TMA-ZAIN-G-    (0)   :  0.010 0.010 0.021 0.213 0.459 0.062 0.031 0.124 0.070 
 89 TMA-ZAIN-G-    (0)   :  0.006 0.038 0.045 0.035 0.302 0.035 0.023 0.041 0.474 
 90 TMA-ZAIN-G-    (0)   :  0.007 0.004 0.004 0.022 0.873 0.017 0.005 0.018 0.050 
 91 TMA-ZAIN-G-    (0)   :  0.011 0.006 0.013 0.043 0.847 0.010 0.009 0.009 0.052 
 92 TMA-ZAIN-G-    (0)   :  0.046 0.039 0.014 0.009 0.545 0.006 0.008 0.008 0.325 
 93 TMA-ZAIN-G-    (0)   :  0.062 0.017 0.024 0.040 0.334 0.008 0.007 0.006 0.502 
 94 TMA-ZAIN-G-    (0)   :  0.014 0.009 0.006 0.100 0.802 0.004 0.004 0.004 0.057 
 95 TMA-ZAIN-G-    (0)   :  0.893 0.007 0.028 0.008 0.005 0.019 0.022 0.013 0.005 
 96 TMA-ZAIN-G-    (0)   :  0.892 0.005 0.033 0.005 0.011 0.005 0.033 0.009 0.007 
 97 TMA-ZAIN-G-    (0)   :  0.013 0.007 0.007 0.934 0.009 0.006 0.005 0.008 0.012 
 98 TMA-ZAIN-G-    (0)   :  0.004 0.004 0.006 0.952 0.008 0.004 0.004 0.007 0.011 
 99 TMA-ZAIN-G-    (0)   :  0.008 0.015 0.008 0.799 0.005 0.023 0.070 0.069 0.003 
100 TMA-ZAIN-G-    (0)   :  0.016 0.016 0.007 0.896 0.032 0.004 0.004 0.005 0.021 
101 TMA-ZAIN-G-    (0)   :  0.008 0.005 0.006 0.939 0.004 0.006 0.006 0.014 0.012 
102 TMA-ZAIN-G-    (0)   :  0.052 0.169 0.038 0.604 0.033 0.012 0.036 0.046 0.009 
103 TMA-ZAIN-G-    (0)   :  0.034 0.014 0.008 0.882 0.026 0.006 0.010 0.015 0.006 
104 TMA-ZAIN-G-    (0)   :  0.006 0.006 0.004 0.967 0.003 0.003 0.004 0.004 0.005 
105 TMA-ZAIN-G-    (0)   :  0.020 0.007 0.008 0.886 0.034 0.006 0.012 0.020 0.006 
106 TMA-ZAIN-G-    (0)   :  0.005 0.003 0.088 0.003 0.008 0.045 0.685 0.157 0.006 
107 TMA-ZAIN-G-    (0)   :  0.005 0.003 0.008 0.004 0.005 0.009 0.015 0.947 0.005 
108 TMA-ZAIN-G-    (9)   :  0.037 0.049 0.087 0.373 0.062 0.013 0.248 0.118 0.014 
109 TMA-ZAIN-G-    (0)   :  0.046 0.005 0.019 0.329 0.012 0.194 0.302 0.045 0.047 
110 TMA-ZAIN-G-    (0)   :  0.110 0.150 0.024 0.080 0.025 0.010 0.369 0.214 0.019 
111 TMA-ZAIN-G-    (9)   :  0.072 0.086 0.004 0.599 0.007 0.019 0.027 0.158 0.029 
112 TMA-ZAIN-G-    (0)   :  0.140 0.048 0.041 0.281 0.014 0.022 0.296 0.133 0.025 
113 TMA-ZAIN-G-    (0)   :  0.005 0.009 0.006 0.918 0.006 0.009 0.007 0.019 0.021 
114 TMA-ZAIN-G-    (0)   :  0.005 0.012 0.003 0.962 0.006 0.003 0.003 0.003 0.004 
115 TMA-ZAIN-G-    (0)   :  0.004 0.006 0.004 0.970 0.003 0.003 0.003 0.004 0.004 
116 TMA-ZAIN-G-    (0)   :  0.004 0.003 0.006 0.007 0.005 0.022 0.012 0.923 0.017 
117 TMA-ZAIN-G-    (0)   :  0.015 0.004 0.070 0.009 0.065 0.306 0.306 0.175 0.049 
118 TMA-ZAIN-G-    (0)   :  0.008 0.003 0.020 0.006 0.007 0.052 0.023 0.871 0.011 
119 TMA-ZAIN-G-    (0)   :  0.009 0.006 0.005 0.014 0.004 0.039 0.011 0.899 0.012 
120 TMA-ZAIN-G-    (0)   :  0.016 0.004 0.057 0.010 0.015 0.048 0.027 0.808 0.014 
121 TMA-ZAIN-G-    (0)   :  0.012 0.003 0.023 0.025 0.014 0.283 0.158 0.450 0.032 
122 TMA-ZAIN-G-    (0)   :  0.013 0.007 0.011 0.005 0.124 0.047 0.406 0.374 0.014 
123 TMA-ZAIN-G-    (0)   :  0.011 0.008 0.011 0.943 0.009 0.004 0.005 0.005 0.005 
124 TMA-ZAIN-G-    (0)   :  0.006 0.003 0.010 0.005 0.008 0.004 0.953 0.006 0.004 
125 TMA-ZAIN-G-    (0)   :  0.005 0.002 0.036 0.003 0.009 0.040 0.782 0.009 0.115 
126 TMA-ZAIN-G-    (0)   :  0.004 0.002 0.043 0.004 0.007 0.005 0.913 0.011 0.011 
127 TMA-ZAIN-G-    (0)   :  0.003 0.003 0.013 0.003 0.005 0.006 0.956 0.006 0.004 
128 TMA-ZAIN-G-    (0)   :  0.005 0.003 0.010 0.004 0.007 0.029 0.927 0.009 0.006 
129 TMA-ZAIN-G-    (0)   :  0.005 0.003 0.018 0.007 0.007 0.006 0.940 0.008 0.007 
130 TMA-ZAIN-G-    (0)   :  0.006 0.003 0.077 0.008 0.007 0.011 0.821 0.016 0.051 
131 TMA-ZAIN-G-    (0)   :  0.007 0.003 0.018 0.004 0.011 0.004 0.943 0.006 0.004 
132 TMA-ZAIN-G-    (0)   :  0.005 0.003 0.016 0.004 0.007 0.050 0.868 0.016 0.033 
133 TMA-ZAIN-G-    (0)   :  0.011 0.010 0.068 0.003 0.039 0.064 0.748 0.035 0.022 
134 TMA-ZAIN-G-    (0)   :  0.006 0.007 0.184 0.003 0.034 0.057 0.642 0.047 0.020 
135 TMA-ZAIN-G-    (0)   :  0.004 0.005 0.013 0.004 0.015 0.024 0.639 0.289 0.007 
136 TMA-ZAIN-G-    (0)   :  0.005 0.005 0.006 0.009 0.006 0.648 0.192 0.112 0.016 
137 TMA-ZAIN-G-    (0)   :  0.005 0.004 0.007 0.005 0.011 0.007 0.253 0.703 0.005 
138 TMA-ZAIN-G-    (0)   :  0.003 0.002 0.012 0.004 0.004 0.009 0.906 0.050 0.009 
139 TMA-ZAIN-G-    (0)   :  0.004 0.004 0.011 0.005 0.007 0.012 0.753 0.158 0.045 
140 TMA-ZAIN-G-    (0)   :  0.006 0.004 0.006 0.003 0.005 0.011 0.388 0.573 0.004 
141 TMA-ZAIN-G-    (0)   :  0.006 0.004 0.020 0.006 0.012 0.008 0.257 0.683 0.005 
142 TMA-ZAIN-G-    (9)   :  0.005 0.004 0.007 0.004 0.007 0.015 0.196 0.757 0.004 
143 TMA-ZAIN-G-    (0)   :  0.005 0.003 0.008 0.004 0.006 0.016 0.723 0.230 0.004 
144 TMA-ZAIN-G-    (0)   :  0.016 0.005 0.017 0.004 0.010 0.007 0.361 0.553 0.027 
145 TMA-ZAIN-G-    (0)   :  0.005 0.002 0.007 0.003 0.005 0.251 0.081 0.631 0.014 
146 TMA-ZAIN-G-    (0)   :  0.003 0.003 0.005 0.003 0.005 0.006 0.013 0.957 0.003 
147 TMA-ZAIN-G-    (9)   :  0.003 0.003 0.006 0.003 0.005 0.010 0.090 0.874 0.004 
148 TMA-ZAIN-G-    (0)   :  0.003 0.003 0.103 0.003 0.005 0.006 0.281 0.562 0.033 
149 TMA-ZAIN-G-    (0)   :  0.012 0.014 0.029 0.025 0.031 0.008 0.382 0.437 0.061 
150 TMA-ZAIN-G-    (0)   :  0.013 0.012 0.025 0.023 0.016 0.064 0.104 0.646 0.097 
151 TMA-ZAIN-G-    (0)   :  0.004 0.002 0.021 0.004 0.004 0.021 0.066 0.872 0.007 
152 TMA-ZAIN-G-    (0)   :  0.003 0.002 0.010 0.005 0.003 0.008 0.011 0.951 0.007 
153 TMA-ZAIN-G-    (0)   :  0.004 0.002 0.033 0.006 0.004 0.033 0.302 0.595 0.021 
154 TMA-ZAIN-G-    (0)   :  0.004 0.002 0.006 0.004 0.005 0.007 0.015 0.951 0.006 
155 TMA-ZAIN-G-    (0)   :  0.004 0.003 0.009 0.005 0.005 0.010 0.041 0.919 0.003 
156 TMA-ZAIN-G-    (9)   :  0.005 0.003 0.070 0.015 0.004 0.007 0.272 0.602 0.022 
157 TMA-ZAIN-G-    (0)   :  0.005 0.003 0.166 0.007 0.005 0.012 0.210 0.585 0.008 
158 TMA-ZAIN-G-    (0)   :  0.005 0.003 0.004 0.003 0.004 0.005 0.015 0.956 0.005 
159 TMA-ZAIN-G-    (0)   :  0.003 0.002 0.004 0.004 0.004 0.008 0.009 0.962 0.004 
160 TMA-ZAIN-G-    (0)   :  0.003 0.002 0.003 0.005 0.004 0.011 0.007 0.959 0.006 
161 TMA-ZAIN-G-    (0)   :  0.006 0.003 0.026 0.003 0.005 0.006 0.284 0.646 0.022 
162 TMA-ZAIN-G-    (0)   :  0.010 0.014 0.004 0.030 0.012 0.007 0.018 0.886 0.019 
163 TMA-ZAIN-G-    (0)   :  0.003 0.002 0.003 0.004 0.003 0.005 0.012 0.965 0.004 
164 TMA-ZAIN-G-    (0)   :  0.004 0.003 0.005 0.006 0.007 0.008 0.015 0.944 0.008 
165 TMA-ZAIN-G-    (0)   :  0.003 0.002 0.004 0.005 0.003 0.006 0.017 0.955 0.004 
166 TMA-ZAIN-G-    (0)   :  0.003 0.002 0.005 0.003 0.005 0.008 0.120 0.846 0.008 
167 TMA-ZAIN-G-    (0)   :  0.007 0.005 0.009 0.005 0.009 0.005 0.117 0.838 0.005 
168 TMA-ZAIN-G-    (0)   :  0.005 0.003 0.028 0.005 0.008 0.024 0.018 0.903 0.006 
169 TMA-ZAIN-G-    (0)   :  0.003 0.003 0.006 0.004 0.007 0.166 0.012 0.792 0.005 
170 TMA-ZAIN-G-    (0)   :  0.023 0.010 0.072 0.016 0.006 0.022 0.136 0.711 0.004 
171 TMA-ZAIN-G-    (0)   :  0.003 0.003 0.005 0.004 0.005 0.032 0.007 0.938 0.004 
172 TMA-ZAIN-G-    (0)   :  0.006 0.004 0.022 0.004 0.006 0.005 0.899 0.052 0.003 
173 TMA-ZAIN-G-    (0)   :  0.006 0.004 0.021 0.003 0.007 0.006 0.912 0.036 0.005 
174 TMA-ZAIN-G-    (0)   :  0.004 0.002 0.006 0.003 0.006 0.048 0.799 0.121 0.010 
175 TMA-ZAIN-G-    (0)   :  0.003 0.003 0.005 0.004 0.006 0.007 0.009 0.958 0.004 
176 TMA-ZAIN-G-    (0)   :  0.004 0.003 0.006 0.003 0.007 0.006 0.018 0.951 0.004 
177 TMA-ZAIN-G-    (0)   :  0.004 0.003 0.022 0.004 0.005 0.004 0.032 0.922 0.003 
178 TMA-ZAIN-G-    (0)   :  0.007 0.004 0.056 0.005 0.005 0.005 0.657 0.257 0.004 
179 TMA-ZAIN-G-    (0)   :  0.005 0.003 0.030 0.003 0.006 0.007 0.192 0.749 0.004 
180 TMA-ZAIN-G-    (0)   :  0.006 0.006 0.022 0.004 0.024 0.059 0.854 0.014 0.010 
181 TMA-ZAIN-G-    (0)   :  0.004 0.003 0.191 0.005 0.003 0.007 0.742 0.040 0.005 
182 TMA-ZAIN-G-    (0)   :  0.005 0.003 0.178 0.007 0.007 0.003 0.772 0.020 0.005 
183 TMA-ZAIN-G-    (0)   :  0.004 0.003 0.357 0.005 0.005 0.006 0.586 0.030 0.004 
184 TMA-ZAIN-G-    (0)   :  0.013 0.014 0.031 0.029 0.020 0.009 0.844 0.021 0.019 
185 TMA-ZAIN-G-    (0)   :  0.020 0.020 0.005 0.014 0.014 0.006 0.886 0.008 0.027 
186 TMA-ZAIN-G-    (9)   :  0.009 0.005 0.005 0.004 0.005 0.006 0.949 0.012 0.005 
187 TMA-ZAIN-G-    (0)   :  0.005 0.003 0.021 0.004 0.004 0.008 0.926 0.026 0.003 
188 TMA-ZAIN-G-    (0)   :  0.004 0.003 0.011 0.003 0.003 0.010 0.947 0.015 0.004 
189 TMA-ZAIN-G-    (0)   :  0.003 0.003 0.011 0.002 0.003 0.013 0.954 0.007 0.003 
190 TMA-ZAIN-G-    (0)   :  0.008 0.003 0.093 0.003 0.004 0.024 0.821 0.039 0.005 
191 TMA-ZAIN-G-    (0)   :  0.010 0.020 0.006 0.012 0.016 0.005 0.914 0.009 0.009 
192 TMA-ZAIN-G-    (0)   :  0.005 0.007 0.039 0.003 0.010 0.006 0.918 0.008 0.004 
193 TMA-ZAIN-G-    (0)   :  0.003 0.002 0.973 0.003 0.003 0.004 0.004 0.003 0.005 
194 TMA-ZAIN-G-    (0)   :  0.010 0.006 0.931 0.002 0.004 0.009 0.020 0.005 0.012 
195 TMA-ZAIN-G-    (0)   :  0.012 0.002 0.841 0.003 0.004 0.040 0.062 0.030 0.006 
196 TMA-ZAIN-G-    (0)   :  0.004 0.002 0.960 0.003 0.004 0.008 0.010 0.005 0.005 
197 TMA-ZAIN-G-    (0)   :  0.004 0.003 0.951 0.003 0.007 0.008 0.011 0.008 0.005 
198 TMA-ZAIN-G-    (0)   :  0.003 0.003 0.958 0.003 0.004 0.006 0.011 0.008 0.004 
199 TMA-ZAIN-G-    (0)   :  0.007 0.004 0.008 0.003 0.004 0.004 0.953 0.009 0.007 
200 TMA-ZAIN-G-    (0)   :  0.034 0.887 0.045 0.015 0.006 0.003 0.004 0.003 0.004 
201 TMA-ZAIN-G-    (0)   :  0.014 0.955 0.003 0.006 0.006 0.004 0.004 0.004 0.004 
202 TMA-ZAIN-G-    (0)   :  0.013 0.916 0.035 0.013 0.004 0.003 0.008 0.005 0.002 
203 TMA-ZAIN-G-    (0)   :  0.005 0.003 0.887 0.021 0.005 0.004 0.051 0.018 0.006 
204 TMA-ZAIN-G-    (9)   :  0.014 0.842 0.007 0.005 0.076 0.011 0.007 0.009 0.029 
205 TMA-ZAIN-G-    (0)   :  0.028 0.786 0.007 0.007 0.018 0.008 0.010 0.123 0.012 
206 TMA-ZAIN-G-    (9)   :  0.025 0.708 0.062 0.014 0.141 0.010 0.016 0.012 0.011 
207 TMA-ZAIN-G-    (9)   :  0.061 0.011 0.011 0.011 0.072 0.100 0.072 0.570 0.090 
208 TMA-ZAIN-G-    (0)   :  0.005 0.003 0.005 0.003 0.003 0.055 0.143 0.778 0.004 
209 TMA-ZAIN-G-    (0)   :  0.004 0.003 0.207 0.003 0.009 0.018 0.528 0.176 0.052 
210 TMA-ZAIN-G-    (0)   :  0.006 0.003 0.377 0.004 0.015 0.127 0.304 0.146 0.017 
211 TMA-ZAIN-G-    (0)   :  0.028 0.026 0.091 0.013 0.011 0.030 0.669 0.120 0.012 
212 TMA-ZAIN-G-    (0)   :  0.006 0.005 0.020 0.004 0.020 0.017 0.799 0.122 0.007 
213 TMA-ZAIN-G-    (0)   :  0.005 0.004 0.018 0.003 0.005 0.006 0.852 0.101 0.006 
214 TMA-ZAIN-G-    (0)   :  0.004 0.003 0.016 0.003 0.004 0.023 0.875 0.065 0.006 
215 TMA-ZAIN-G-    (0)   :  0.220 0.014 0.005 0.004 0.003 0.006 0.614 0.131 0.002 
216 TMA-ZAIN-G-    (0)   :  0.006 0.004 0.010 0.003 0.005 0.005 0.946 0.014 0.008 
217 TMA-ZAIN-G-    (0)   :  0.004 0.003 0.058 0.003 0.007 0.105 0.693 0.119 0.008 
218 TMA-ZAIN-G-    (0)   :  0.956 0.004 0.004 0.005 0.004 0.010 0.006 0.006 0.005 
219 TMA-ZAIN-G-    (0)   :  0.941 0.012 0.004 0.005 0.018 0.004 0.006 0.004 0.007 
220 TMA-ZAIN-G-    (0)   :  0.855 0.004 0.006 0.073 0.012 0.013 0.009 0.020 0.008 
221 TMA-ZAIN-G-    (0)   :  0.906 0.021 0.007 0.005 0.014 0.007 0.022 0.011 0.006 
222 TMA-ZAIN-G-    (0)   :  0.868 0.009 0.006 0.037 0.028 0.014 0.008 0.017 0.012 
223 TMA-ZAIN-G-    (0)   :  0.954 0.009 0.003 0.007 0.012 0.004 0.004 0.003 0.004 
224 TMA-ZAIN-G-    (0)   :  0.811 0.016 0.011 0.017 0.110 0.004 0.016 0.005 0.008 
225 TMA-ZAIN-G-    (0)   :  0.947 0.010 0.011 0.011 0.006 0.002 0.005 0.004 0.004 
226 TMA-ZAIN-G-    (0)   :  0.926 0.008 0.018 0.015 0.010 0.005 0.007 0.007 0.005 
227 TMA-ZAIN-G-    (0)   :  0.913 0.026 0.020 0.011 0.006 0.004 0.009 0.008 0.004 
228 TMA-ZAIN-G-    (0)   :  0.903 0.013 0.007 0.019 0.016 0.009 0.011 0.017 0.006 
229 TMA-ZAIN-G-    (0)   :  0.882 0.058 0.003 0.026 0.010 0.008 0.003 0.003 0.005 
230 TMA-ZAIN-G-    (0)   :  0.474 0.009 0.017 0.031 0.366 0.018 0.050 0.020 0.016 
231 TMA-ZAIN-G-    (0)   :  0.148 0.469 0.011 0.175 0.075 0.013 0.014 0.078 0.018 
232 TMA-ZAIN-G-    (9)   :  0.062 0.523 0.014 0.259 0.021 0.058 0.037 0.015 0.011 
233 TMA-ZAIN-G-    (0)   :  0.856 0.023 0.010 0.006 0.025 0.041 0.011 0.016 0.012 
234 TMA-ZAIN-G-    (0)   :  0.587 0.057 0.011 0.288 0.007 0.006 0.004 0.011 0.028 
235 TMA-ZAIN-G-    (0)   :  0.704 0.022 0.025 0.134 0.036 0.005 0.032 0.034 0.008 
236 TMA-ZAIN-G-    (0)   :  0.665 0.065 0.029 0.119 0.088 0.007 0.012 0.011 0.004 
237 TMA-ZAIN-G-    (0)   :  0.273 0.013 0.014 0.265 0.267 0.018 0.048 0.094 0.008 
238 TMA-ZAIN-G-    (0)   :  0.831 0.031 0.007 0.060 0.008 0.005 0.027 0.027 0.004 
239 TMA-ZAIN-G-    (0)   :  0.005 0.758 0.132 0.005 0.023 0.015 0.029 0.004 0.030 
240 TMA-ZAIN-G-    (0)   :  0.004 0.964 0.004 0.004 0.009 0.003 0.003 0.004 0.006 
241 TMA-ZAIN-G-    (0)   :  0.004 0.960 0.004 0.004 0.006 0.005 0.005 0.009 0.005 
242 TMA-ZAIN-G-    (0)   :  0.004 0.965 0.003 0.003 0.004 0.005 0.006 0.007 0.004 
243 TMA-ZAIN-G-    (0)   :  0.004 0.950 0.004 0.003 0.005 0.009 0.007 0.011 0.006 
244 TMA-ZAIN-G-    (0)   :  0.004 0.948 0.003 0.004 0.003 0.009 0.009 0.016 0.004 
245 TMA-ZAIN-G-    (9)   :  0.004 0.975 0.003 0.003 0.003 0.002 0.003 0.003 0.003 
246 TMA-ZAIN-G-    (0)   :  0.005 0.973 0.003 0.002 0.004 0.003 0.003 0.003 0.003 
247 TMA-ZAIN-G-    (0)   :  0.004 0.969 0.002 0.002 0.004 0.005 0.004 0.004 0.004 
248 TMA-ZAIN-G-    (0)   :  0.006 0.955 0.010 0.004 0.004 0.005 0.007 0.006 0.004 
249 TMA-ZAIN-G-    (0)   :  0.005 0.966 0.007 0.003 0.005 0.003 0.004 0.003 0.003 
250 TMA-ZAIN-G-    (0)   :  0.005 0.968 0.004 0.002 0.004 0.005 0.004 0.003 0.003 
251 TMA-ZAIN-G-    (0)   :  0.005 0.003 0.005 0.006 0.009 0.004 0.004 0.004 0.960 
252 TMA-ZAIN-G-    (0)   :  0.007 0.003 0.005 0.004 0.004 0.031 0.011 0.049 0.886 
253 TMA-ZAIN-G-    (0)   :  0.003 0.004 0.005 0.005 0.005 0.005 0.004 0.006 0.964 
254 TMA-ZAIN-G-    (9)   :  0.005 0.003 0.005 0.006 0.006 0.010 0.009 0.015 0.941 
255 TMA-ZAIN-G-    (0)   :  0.003 0.015 0.004 0.008 0.005 0.007 0.004 0.005 0.949 
256 TMA-ZAIN-G-    (0)   :  0.005 0.011 0.023 0.008 0.021 0.005 0.008 0.009 0.911 
257 TMA-ZAIN-G-    (0)   :  0.004 0.004 0.013 0.004 0.014 0.003 0.004 0.003 0.950 
258 TMA-ZAIN-G-    (0)   :  0.003 0.003 0.005 0.003 0.006 0.004 0.003 0.003 0.969 
259 TMA-ZAIN-G-    (0)   :  0.005 0.005 0.006 0.004 0.021 0.005 0.004 0.003 0.947 
260 TMA-ZAIN-G-    (0)   :  0.005 0.005 0.007 0.004 0.015 0.009 0.004 0.004 0.949 
261 TMA-ZAIN-G-   (18)   :  0.007 0.004 0.008 0.005 0.022 0.010 0.007 0.005 0.932 
262 TMA-ZAIN-G-    (0)   :  0.004 0.003 0.005 0.004 0.008 0.003 0.003 0.003 0.966 
263 TMA-ZAIN-G-    (0)   :  0.004 0.004 0.005 0.005 0.008 0.004 0.004 0.004 0.964 
264 TMA-ZAIN-G-    (0)   :  0.004 0.004 0.005 0.007 0.007 0.004 0.003 0.005 0.962 
265 TMA-ZAIN-G-    (0)   :  0.232 0.013 0.013 0.015 0.425 0.030 0.027 0.029 0.216 
266 TMA-ZAIN-G-    (0)   :  0.031 0.010 0.074 0.014 0.025 0.027 0.124 0.029 0.666 
267 TMA-ZAIN-G-    (0)   :  0.072 0.366 0.008 0.025 0.289 0.019 0.014 0.016 0.192 
268 TMA-ZAIN-G-    (0)   :  0.007 0.899 0.003 0.066 0.008 0.004 0.004 0.004 0.005 
269 TMA-ZAIN-G-    (0)   :  0.024 0.601 0.004 0.270 0.080 0.004 0.006 0.007 0.005 
270 TMA-ZAIN-G-    (0)   :  0.018 0.728 0.004 0.078 0.152 0.004 0.005 0.005 0.006 
271 TMA-ZAIN-G-    (0)   :  0.008 0.917 0.003 0.030 0.022 0.004 0.005 0.005 0.006 
272 TMA-ZAIN-G-    (0)   :  0.046 0.878 0.003 0.029 0.028 0.003 0.005 0.005 0.004 
273 TMA-ZAIN-G-    (0)   :  0.017 0.941 0.003 0.019 0.009 0.002 0.003 0.003 0.003 
274 TMA-ZAIN-G-    (0)   :  0.019 0.837 0.050 0.033 0.009 0.010 0.021 0.013 0.009 
275 TMA-ZAIN-G-    (0)   :  0.007 0.968 0.003 0.006 0.003 0.002 0.004 0.004 0.002 
276 TMA-ZAIN-G-    (0)   :  0.005 0.966 0.003 0.009 0.005 0.003 0.003 0.004 0.003 
277 TMA-ZAIN-G-    (0)   :  0.006 0.956 0.005 0.009 0.004 0.005 0.003 0.005 0.007 
278 TMA-ZAIN-G-    (0)   :  0.006 0.963 0.003 0.006 0.009 0.003 0.003 0.003 0.004 
279 TMA-ZAIN-G-    (0)   :  0.018 0.945 0.006 0.011 0.004 0.003 0.005 0.004 0.004 
280 TMA-ZAIN-G-    (0)   :  0.047 0.826 0.008 0.092 0.006 0.003 0.009 0.005 0.004 
281 TMA-ZAIN-G-    (0)   :  0.014 0.918 0.006 0.036 0.009 0.003 0.005 0.004 0.004 
282 TMA-ZAIN-G-    (9)   :  0.007 0.957 0.003 0.013 0.006 0.003 0.003 0.003 0.005 
283 TMA-ZAIN-G-    (0)   :  0.095 0.621 0.005 0.081 0.029 0.007 0.012 0.016 0.134 
284 TMA-ZAIN-G-    (0)   :  0.162 0.441 0.006 0.188 0.043 0.004 0.016 0.014 0.126 
285 TMA-ZAIN-G-    (0)   :  0.025 0.808 0.012 0.036 0.006 0.029 0.025 0.022 0.038 
286 TMA-ZAIN-G-    (0)   :  0.010 0.928 0.003 0.029 0.012 0.003 0.004 0.004 0.008 
287 TMA-ZAIN-G-    (0)   :  0.009 0.912 0.014 0.026 0.006 0.010 0.009 0.008 0.006 
288 TMA-ZAIN-G-    (0)   :  0.157 0.577 0.067 0.103 0.010 0.011 0.040 0.021 0.014 
289 TMA-ZAIN-G-    (0)   :  0.014 0.867 0.029 0.025 0.011 0.016 0.015 0.012 0.010 
290 TMA-ZAIN-G-    (0)   :  0.089 0.451 0.009 0.407 0.008 0.003 0.014 0.007 0.010 
291 TMA-ZAIN-G-    (0)   :  0.941 0.015 0.005 0.010 0.009 0.003 0.004 0.004 0.007 
292 TMA-ZAIN-G-    (0)   :  0.017 0.014 0.019 0.011 0.008 0.007 0.193 0.726 0.004 
293 TMA-ZAIN-G-    (0)   :  0.011 0.008 0.026 0.004 0.041 0.024 0.351 0.523 0.012 
294 TMA-ZAIN-G-    (0)   :  0.005 0.004 0.004 0.003 0.013 0.012 0.029 0.924 0.006 
295 TMA-ZAIN-G-    (9)   :  0.010 0.007 0.005 0.004 0.016 0.016 0.051 0.884 0.006 
296 TMA-ZAIN-G-    (0)   :  0.011 0.007 0.045 0.012 0.041 0.007 0.286 0.584 0.008 
297 TMA-ZAIN-G-    (0)   :  0.009 0.005 0.117 0.005 0.024 0.030 0.133 0.650 0.027 
298 TMA-ZAIN-G-    (0)   :  0.010 0.013 0.005 0.009 0.200 0.014 0.040 0.692 0.016 
299 TMA-ZAIN-G-    (0)   :  0.005 0.007 0.005 0.004 0.004 0.009 0.007 0.956 0.003 
300 TMA-ZAIN-G-    (0)   :  0.009 0.007 0.011 0.003 0.011 0.080 0.158 0.715 0.007 
301 TMA-ZAIN-G-    (0)   :  0.007 0.008 0.027 0.005 0.020 0.022 0.301 0.603 0.006 
302 TMA-ZAIN-G-    (9)   :  0.006 0.003 0.015 0.004 0.014 0.007 0.138 0.808 0.005 
303 TMA-ZAIN-G-    (0)   :  0.783 0.007 0.122 0.021 0.010 0.002 0.021 0.004 0.030 
304 TMA-ZAIN-G-    (0)   :  0.009 0.010 0.046 0.016 0.014 0.169 0.154 0.043 0.539 
305 TMA-ZAIN-G-    (0)   :  0.006 0.005 0.013 0.004 0.021 0.019 0.280 0.646 0.007 
306 TMA-ZAIN-G-    (0)   :  0.013 0.022 0.021 0.099 0.008 0.020 0.132 0.275 0.410 
307 TMA-ZAIN-G-    (0)   :  0.006 0.013 0.014 0.012 0.014 0.361 0.175 0.041 0.364 
308 TMA-ZAIN-G-    (0)   :  0.147 0.022 0.016 0.036 0.015 0.014 0.006 0.004 0.739 
309 TMA-ZAIN-G-    (0)   :  0.004 0.003 0.029 0.003 0.006 0.007 0.930 0.014 0.004 
310 TMA-ZAIN-G-    (0)   :  0.014 0.026 0.003 0.006 0.059 0.013 0.280 0.589 0.010 
311 TMA-ZAIN-G-    (0)   :  0.022 0.007 0.018 0.037 0.103 0.010 0.290 0.486 0.028 
312 TMA-ZAIN-G-    (0)   :  0.021 0.005 0.021 0.005 0.006 0.009 0.881 0.043 0.010 
313 TMA-ZAIN-G-    (0)   :  0.006 0.005 0.022 0.012 0.029 0.047 0.142 0.132 0.604 
314 TMA-ZAIN-G-    (0)   :  0.318 0.227 0.017 0.357 0.021 0.012 0.026 0.007 0.016 
315 TMA-ZAIN-G-    (0)   :  0.038 0.395 0.008 0.007 0.031 0.074 0.157 0.274 0.017 
316 TMA-ZAIN-G-    (0)   :  0.091 0.396 0.007 0.010 0.021 0.069 0.133 0.257 0.015 
317 TMA-ZAIN-G-    (0)   :  0.898 0.020 0.007 0.035 0.010 0.004 0.006 0.008 0.012 
318 TMA-ZAIN-G-    (9)   :  0.146 0.418 0.010 0.327 0.036 0.011 0.006 0.009 0.037 
319 TMA-ZAIN-G-    (0)   :  0.278 0.158 0.486 0.029 0.028 0.003 0.007 0.005 0.006 
320 TMA-ZAIN-G-    (0)   :  0.448 0.009 0.011 0.006 0.014 0.029 0.112 0.367 0.005 
321 TMA-ZAIN-G-    (0)   :  0.107 0.099 0.007 0.061 0.025 0.020 0.601 0.072 0.009 
322 TMA-ZAIN-G-    (0)   :  0.424 0.007 0.008 0.067 0.020 0.046 0.210 0.160 0.057 
323 TMA-ZAIN-G-    (0)   :  0.853 0.016 0.056 0.007 0.008 0.017 0.025 0.006 0.011 
324 TMA-ZAIN-G-    (0)   :  0.010 0.004 0.048 0.010 0.021 0.029 0.039 0.813 0.028 
325 TMA-ZAIN-G-    (0)   :  0.890 0.049 0.006 0.004 0.013 0.006 0.014 0.010 0.007 
326 TMA-ZAIN-G-    (0)   :  0.577 0.004 0.372 0.003 0.004 0.005 0.011 0.010 0.015 
327 TMA-ZAIN-G-    (0)   :  0.005 0.003 0.903 0.003 0.008 0.027 0.034 0.007 0.011 
328 TMA-ZAIN-G-    (0)   :  0.170 0.096 0.083 0.280 0.017 0.267 0.048 0.021 0.018 
329 TMA-ZAIN-G-    (0)   :  0.011 0.007 0.039 0.005 0.098 0.137 0.525 0.159 0.018 
330 TMA-ZAIN-G-    (0)   :  0.009 0.003 0.022 0.004 0.014 0.064 0.800 0.050 0.035 
331 TMA-ZAIN-G-    (0)   :  0.014 0.020 0.007 0.009 0.282 0.005 0.624 0.024 0.015 
332 TMA-ZAIN-G-    (0)   :  0.005 0.002 0.451 0.003 0.005 0.015 0.483 0.031 0.005 
333 TMA-ZAIN-G-    (0)   :  0.003 0.002 0.972 0.003 0.003 0.003 0.006 0.003 0.004 
334 TMA-ZAIN-G-    (0)   :  0.011 0.943 0.003 0.013 0.014 0.003 0.004 0.004 0.006 
335 TMA-ZAIN-G-    (0)   :  0.005 0.959 0.003 0.004 0.010 0.006 0.005 0.005 0.003 
336 TMA-ZAIN-G-    (0)   :  0.017 0.852 0.006 0.012 0.083 0.006 0.009 0.009 0.007 
337 TMA-ZAIN-G-    (9)   :  0.032 0.851 0.004 0.076 0.014 0.004 0.006 0.007 0.006 
338 TMA-ZAIN-G-    (0)   :  0.009 0.933 0.003 0.029 0.008 0.003 0.004 0.004 0.006 
339 TMA-ZAIN-G-    (0)   :  0.005 0.965 0.002 0.014 0.004 0.002 0.002 0.002 0.004 
340 TMA-ZAIN-G-    (0)   :  0.005 0.962 0.002 0.006 0.013 0.003 0.003 0.003 0.003 
341 TMA-ZAIN-G-    (0)   :  0.005 0.961 0.003 0.009 0.005 0.004 0.005 0.005 0.002 
342 TMA-ZAIN-G-    (0)   :  0.008 0.920 0.003 0.008 0.045 0.004 0.004 0.005 0.003 
343 TMA-ZAIN-G-    (0)   :  0.008 0.947 0.003 0.025 0.005 0.003 0.004 0.003 0.003 
344 TMA-ZAIN-G-    (0)   :  0.011 0.954 0.005 0.008 0.005 0.003 0.005 0.004 0.004 
345 TMA-ZAIN-G-    (0)   :  0.005 0.968 0.003 0.005 0.006 0.003 0.003 0.003 0.005 
346 TMA-ZAIN-G-    (0)   :  0.016 0.915 0.012 0.030 0.005 0.003 0.011 0.005 0.004 
347 TMA-ZAIN-G-    (9)   :  0.008 0.965 0.003 0.008 0.004 0.003 0.003 0.003 0.003 
348 TMA-ZAIN-G-    (0)   :  0.015 0.927 0.005 0.021 0.011 0.004 0.005 0.005 0.008 
349 TMA-ZAIN-G-    (0)   :  0.007 0.955 0.004 0.014 0.004 0.003 0.003 0.004 0.005 
350 TMA-ZAIN-G-    (0)   :  0.060 0.858 0.007 0.032 0.017 0.005 0.010 0.006 0.004 
351 TMA-ZAIN-G-    (0)   :  0.008 0.962 0.004 0.007 0.005 0.003 0.003 0.003 0.005 
352 TMA-ZAIN-G-    (0)   :  0.007 0.900 0.004 0.007 0.056 0.007 0.006 0.008 0.005 
353 TMA-ZAIN-G-    (0)   :  0.030 0.887 0.012 0.039 0.006 0.003 0.011 0.007 0.005 
354 TMA-ZAIN-G-    (0)   :  0.012 0.955 0.005 0.007 0.003 0.002 0.008 0.005 0.003 
355 TMA-ZAIN-G-    (0)   :  0.009 0.939 0.006 0.013 0.005 0.004 0.013 0.009 0.003 
356 TMA-ZAIN-G-    (0)   :  0.013 0.002 0.002 0.003 0.005 0.096 0.004 0.855 0.019 
357 TMA-ZAIN-G-    (0)   :  0.009 0.003 0.359 0.009 0.019 0.080 0.126 0.387 0.009 
358 TMA-ZAIN-G-    (0)   :  0.023 0.019 0.013 0.041 0.042 0.114 0.663 0.069 0.016 
359 TMA-ZAIN-G-    (0)   :  0.034 0.013 0.004 0.008 0.172 0.469 0.009 0.267 0.025 
360 TMA-ZAIN-G-    (0)   :  0.005 0.003 0.003 0.003 0.007 0.020 0.013 0.941 0.004 
361 TMA-ZAIN-G-    (0)   :  0.007 0.003 0.018 0.009 0.009 0.018 0.888 0.038 0.011 
362 TMA-ZAIN-G-    (0)   :  0.008 0.012 0.003 0.005 0.006 0.007 0.009 0.946 0.004 
363 TMA-ZAIN-G-    (0)   :  0.038 0.010 0.082 0.004 0.075 0.020 0.559 0.203 0.009 
364 TMA-ZAIN-G-    (0)   :  0.603 0.018 0.011 0.236 0.067 0.015 0.018 0.022 0.010 
365 TMA-ZAIN-G-    (0)   :  0.074 0.157 0.004 0.013 0.008 0.044 0.376 0.319 0.004 
366 TMA-ZAIN-G-    (0)   :  0.005 0.006 0.004 0.004 0.038 0.120 0.038 0.772 0.012 
367 TMA-ZAIN-G-    (0)   :  0.020 0.005 0.034 0.087 0.034 0.008 0.733 0.031 0.047 
368 TMA-ZAIN-G-    (0)   :  0.006 0.004 0.008 0.005 0.020 0.132 0.065 0.746 0.012 
369 TMA-ZAIN-G-    (0)   :  0.005 0.003 0.019 0.002 0.006 0.022 0.926 0.012 0.005 
370 TMA-ZAIN-G-    (0)   :  0.005 0.003 0.016 0.004 0.007 0.008 0.940 0.012 0.005 
371 TMA-ZAIN-G-    (0)   :  0.004 0.004 0.007 0.005 0.006 0.025 0.010 0.936 0.005 
372 TMA-ZAIN-G-    (0)   :  0.004 0.004 0.004 0.004 0.007 0.026 0.357 0.586 0.007 
373 TMA-ZAIN-G-    (0)   :  0.010 0.004 0.690 0.004 0.004 0.007 0.268 0.006 0.006 
374 TMA-ZAIN-G-    (0)   :  0.050 0.008 0.138 0.329 0.017 0.008 0.271 0.038 0.141 
375 TMA-ZAIN-G-    (0)   :  0.686 0.009 0.051 0.028 0.011 0.010 0.181 0.019 0.006 
376 TMA-ZAIN-G-    (9)   :  0.005 0.003 0.005 0.005 0.005 0.004 0.020 0.951 0.003 
377 TMA-ZAIN-G-    (0)   :  0.003 0.002 0.005 0.003 0.004 0.015 0.013 0.950 0.004 
378 TMA-ZAIN-G-    (0)   :  0.003 0.002 0.006 0.004 0.003 0.011 0.013 0.953 0.004 
379 TMA-ZAIN-G-    (0)   :  0.004 0.002 0.024 0.004 0.003 0.013 0.020 0.905 0.025 
380 TMA-ZAIN-G-    (0)   :  0.005 0.004 0.011 0.003 0.010 0.088 0.193 0.679 0.007 
381 TMA-ZAIN-G-    (9)   :  0.553 0.010 0.014 0.010 0.097 0.109 0.050 0.108 0.048 
382 TMA-ZAIN-G-    (9)   :  0.154 0.055 0.009 0.720 0.034 0.003 0.014 0.005 0.007 
383    ZFB01    (0)   :  0.004 0.010 0.003 0.964 0.003 0.003 0.004 0.005 0.004 
384    ZFB02    (0)   :  0.006 0.037 0.002 0.930 0.007 0.003 0.003 0.003 0.009 
385    ZFB03    (0)   :  0.008 0.005 0.010 0.955 0.006 0.003 0.005 0.005 0.004 
386    ZFB04    (0)   :  0.005 0.034 0.002 0.932 0.010 0.003 0.004 0.005 0.005 
387    ZFB05    (0)   :  0.046 0.115 0.012 0.734 0.068 0.010 0.005 0.003 0.007 
388    ZFB06    (0)   :  0.033 0.050 0.012 0.858 0.021 0.012 0.006 0.003 0.005 
389    ZFB07    (9)   :  0.010 0.011 0.006 0.941 0.007 0.004 0.008 0.009 0.004 
390    ZFB08    (0)   :  0.009 0.007 0.005 0.946 0.009 0.006 0.006 0.007 0.005 
391    ZFB09    (0)   :  0.004 0.005 0.003 0.970 0.004 0.003 0.003 0.003 0.004 
392    ZFB10    (0)   :  0.005 0.010 0.003 0.927 0.007 0.007 0.013 0.024 0.005 
393    ZFB11    (0)   :  0.005 0.020 0.003 0.936 0.009 0.004 0.006 0.012 0.006 
394    ZFB12    (0)   :  0.021 0.036 0.008 0.903 0.005 0.004 0.009 0.010 0.004 
395    ZFB13    (0)   :  0.011 0.006 0.005 0.938 0.013 0.007 0.007 0.009 0.004 
396    ZFB14    (0)   :  0.004 0.004 0.004 0.964 0.006 0.003 0.004 0.006 0.005 
397    ZFB15    (0)   :  0.004 0.015 0.002 0.963 0.004 0.002 0.003 0.003 0.003 
398    ZFB16    (0)   :  0.008 0.015 0.003 0.940 0.014 0.004 0.007 0.006 0.003 
399    ZFB17    (0)   :  0.019 0.026 0.003 0.849 0.054 0.012 0.013 0.010 0.014 
400    ZFB18    (0)   :  0.004 0.004 0.003 0.973 0.003 0.003 0.003 0.004 0.004 
401    ZFB19    (0)   :  0.020 0.007 0.006 0.889 0.007 0.009 0.027 0.032 0.004 
402    ZFB20    (0)   :  0.007 0.041 0.003 0.914 0.018 0.004 0.006 0.006 0.003 
403    ZFB21    (0)   :  0.006 0.011 0.004 0.964 0.005 0.002 0.003 0.003 0.003 
404    ZFB22    (0)   :  0.012 0.084 0.004 0.848 0.007 0.012 0.014 0.011 0.008 
405    ZFB23    (0)   :  0.006 0.027 0.005 0.925 0.013 0.004 0.006 0.010 0.005 
406    ZFB24    (0)   :  0.005 0.038 0.003 0.918 0.013 0.004 0.006 0.008 0.005 
407    ZFB25    (0)   :  0.004 0.006 0.004 0.932 0.004 0.006 0.014 0.025 0.005 
408    ZFB26    (0)   :  0.006 0.057 0.004 0.845 0.034 0.005 0.013 0.029 0.006 
409    ZFB27    (0)   :  0.005 0.085 0.003 0.878 0.005 0.003 0.007 0.010 0.005 
410    ZFB28    (0)   :  0.033 0.110 0.006 0.803 0.018 0.003 0.010 0.008 0.009 
411    ZFB29    (0)   :  0.006 0.017 0.002 0.938 0.019 0.003 0.003 0.005 0.007 
412    ZFB30    (0)   :  0.041 0.158 0.012 0.745 0.008 0.013 0.011 0.007 0.005 
413    ZFB31    (0)   :  0.005 0.006 0.004 0.945 0.004 0.005 0.010 0.017 0.004 
414    ZFB32    (0)   :  0.045 0.055 0.011 0.795 0.035 0.005 0.017 0.015 0.024 
415    ZFB33    (0)   :  0.004 0.012 0.003 0.965 0.004 0.003 0.003 0.004 0.003 
416    ZFB34    (0)   :  0.005 0.004 0.003 0.970 0.004 0.003 0.003 0.004 0.005 
417    ZFB35    (0)   :  0.005 0.010 0.004 0.952 0.008 0.003 0.006 0.006 0.005 
418  ZFBP101    (0)   :  0.009 0.006 0.017 0.009 0.086 0.048 0.621 0.152 0.052 
419  ZFBP102    (0)   :  0.011 0.008 0.005 0.012 0.047 0.012 0.754 0.138 0.012 
420  ZFBP103    (0)   :  0.007 0.006 0.020 0.007 0.046 0.011 0.732 0.076 0.097 
421  ZFBP104    (0)   :  0.040 0.013 0.009 0.036 0.006 0.008 0.716 0.168 0.004 
422  ZFBP105    (0)   :  0.007 0.005 0.012 0.005 0.007 0.006 0.350 0.603 0.005 
423  ZFBP106    (0)   :  0.005 0.003 0.017 0.003 0.013 0.014 0.163 0.774 0.006 
424  ZFBP107    (0)   :  0.008 0.010 0.014 0.005 0.022 0.005 0.667 0.264 0.005 
425  ZFBP108    (0)   :  0.003 0.003 0.006 0.003 0.004 0.005 0.011 0.962 0.003 
426  ZFBP109    (0)   :  0.003 0.002 0.005 0.004 0.004 0.005 0.020 0.954 0.004 
427  ZFBP110    (0)   :  0.030 0.007 0.113 0.037 0.042 0.007 0.363 0.370 0.031 
428  ZFBP111    (0)   :  0.005 0.003 0.010 0.003 0.005 0.116 0.442 0.412 0.005 
429  ZFBP112    (0)   :  0.006 0.006 0.019 0.004 0.025 0.099 0.085 0.734 0.022 
430  ZFBP113    (0)   :  0.005 0.004 0.004 0.004 0.004 0.005 0.022 0.949 0.003 
431  ZFBP114    (0)   :  0.006 0.005 0.009 0.004 0.016 0.011 0.338 0.606 0.005 
432  ZFBP115    (0)   :  0.005 0.003 0.020 0.003 0.008 0.013 0.890 0.050 0.007 
433  ZFBP116    (0)   :  0.006 0.004 0.007 0.003 0.006 0.007 0.048 0.913 0.004 
434  ZFBP117    (0)   :  0.004 0.002 0.006 0.003 0.005 0.007 0.014 0.952 0.006 
435  ZFBP118    (0)   :  0.007 0.005 0.008 0.003 0.012 0.019 0.176 0.766 0.004 
436  ZFBP119    (0)   :  0.007 0.003 0.021 0.004 0.019 0.018 0.323 0.578 0.027 
437  ZFBP120    (0)   :  0.005 0.005 0.013 0.006 0.006 0.006 0.413 0.542 0.004 
438  ZFBP121    (0)   :  0.004 0.003 0.008 0.006 0.007 0.006 0.040 0.920 0.006 
439  ZFBP122    (9)   :  0.005 0.003 0.007 0.003 0.008 0.016 0.122 0.831 0.005 
440  ZFBP123    (0)   :  0.006 0.006 0.006 0.004 0.059 0.024 0.027 0.858 0.010 
441  ZFBP124    (0)   :  0.004 0.004 0.004 0.007 0.008 0.005 0.036 0.927 0.004 
442  ZFBP125    (0)   :  0.004 0.002 0.011 0.003 0.006 0.020 0.089 0.859 0.007 
443  ZFBP126    (0)   :  0.021 0.010 0.004 0.011 0.031 0.007 0.148 0.744 0.023 
444  ZFBP127    (0)   :  0.004 0.003 0.061 0.003 0.007 0.005 0.299 0.605 0.013 
445  ZFBP128    (0)   :  0.003 0.002 0.025 0.005 0.009 0.067 0.109 0.756 0.024 
446  ZFBP129    (0)   :  0.005 0.003 0.007 0.004 0.007 0.019 0.007 0.943 0.007 
447  ZFBP130    (0)   :  0.005 0.003 0.017 0.002 0.010 0.105 0.264 0.569 0.025 
448  ZFBP131    (0)   :  0.004 0.004 0.003 0.004 0.004 0.005 0.007 0.966 0.004 
