

----------------------------------------------------
STRUCTURE by Pritchard, Stephens and Donnelly (2000)
     and Falush, Stephens and Pritchard (2003)
       Code by Pritchard, Falush and Hubisz
             Version 2.3.4 (Jul 2012)
----------------------------------------------------



Command line arguments:   bin\structure -m C:\Users\eschumacher\Documents\GitHub\GCC_QUAC_ZAIN\Data_Files\Structure_Files\ZAIN\ZAIN_rebinned_garden_wild_nopopinfo\50-50\mainparams -e C:\Users\eschumacher\Documents\GitHub\GCC_QUAC_ZAIN\Data_Files\Structure_Files\ZAIN\ZAIN_rebinned_garden_wild_nopopinfo\50-50\extraparams 
Input File:    C:\Users\eschumacher\Documents\GitHub\GCC_QUAC_ZAIN\Data_Files\Structure_Files\ZAIN\ZAIN_rebinned_garden_wild_nopopinfo\project_data

Run parameters:
   1133 individuals
   11 loci
   8 populations assumed
   50000 Burn-in period
   50000 Reps


--------------------------------------------
Overall proportion of membership of the
sample in each of the 8 clusters

Inferred Clusters
  1      2      3      4      5      6      7      8    
0.137  0.059  0.151  0.119  0.151  0.140  0.110  0.132  

--------------------------------------------

Allele-freq. divergence among pops (Net nucleotide distance),
computed using point estimates of P.

      1       2       3       4       5       6       7       8      
 1      -    0.1151  0.1586  0.0325  0.2242  0.1097  0.1780  0.3021  
 2   0.1151     -    0.2135  0.1042  0.3323  0.1653  0.1826  0.3522  
 3   0.1586  0.2135     -    0.1425  0.0922  0.1135  0.1019  0.1224  
 4   0.0325  0.1042  0.1425     -    0.2239  0.1067  0.1627  0.2659  
 5   0.2242  0.3323  0.0922  0.2239     -    0.2207  0.1461  0.1450  
 6   0.1097  0.1653  0.1135  0.1067  0.2207     -    0.1226  0.2828  
 7   0.1780  0.1826  0.1019  0.1627  0.1461  0.1226     -    0.2132  
 8   0.3021  0.3522  0.1224  0.2659  0.1450  0.2828  0.2132     -    

Average distances (expected heterozygosity) between individuals in same cluster:
cluster  1  : 0.3902 
cluster  2  : 0.3624 
cluster  3  : 0.5506 
cluster  4  : 0.4206 
cluster  5  : 0.4785 
cluster  6  : 0.4088 
cluster  7  : 0.4345 
cluster  8  : 0.4234 

--------------------------------------------
Estimated Ln Prob of Data   = -21664.5
Mean value of ln likelihood = -21113.7
Variance of ln likelihood   = 1101.7
Mean value of alpha         = 0.0347

Mean value of Fst_1         = 0.3377
Mean value of Fst_2         = 0.4257
Mean value of Fst_3         = 0.1416
Mean value of Fst_4         = 0.2638
Mean value of Fst_5         = 0.3504
Mean value of Fst_6         = 0.4128
Mean value of Fst_7         = 0.4148
Mean value of Fst_8         = 0.4257


Inferred ancestry of individuals:
        Label (%Miss) :  Inferred clusters
  1 TMA-ZAIN-G-    (9)   :  0.016 0.014 0.072 0.021 0.776 0.075 0.019 0.006 
  2 TMA-ZAIN-G-    (0)   :  0.014 0.004 0.014 0.245 0.686 0.006 0.025 0.006 
  3 TMA-ZAIN-G-    (0)   :  0.698 0.119 0.009 0.054 0.009 0.095 0.013 0.003 
  4 TMA-ZAIN-G-    (0)   :  0.170 0.048 0.013 0.052 0.021 0.027 0.659 0.010 
  5 TMA-ZAIN-G-    (0)   :  0.003 0.003 0.004 0.002 0.974 0.002 0.006 0.005 
  6 TMA-ZAIN-G-    (0)   :  0.228 0.201 0.153 0.101 0.095 0.111 0.068 0.044 
  7 TMA-ZAIN-G-    (0)   :  0.295 0.008 0.016 0.480 0.014 0.149 0.030 0.008 
  8 TMA-ZAIN-G-    (0)   :  0.194 0.075 0.006 0.222 0.011 0.466 0.024 0.003 
  9 TMA-ZAIN-G-    (9)   :  0.170 0.025 0.008 0.763 0.006 0.017 0.006 0.004 
 10 TMA-ZAIN-G-    (0)   :  0.384 0.047 0.012 0.456 0.003 0.080 0.014 0.005 
 11 TMA-ZAIN-G-    (0)   :  0.278 0.006 0.008 0.595 0.006 0.096 0.007 0.005 
 12 TMA-ZAIN-G-    (0)   :  0.954 0.005 0.005 0.011 0.005 0.014 0.004 0.003 
 13 TMA-ZAIN-G-    (9)   :  0.180 0.014 0.031 0.393 0.045 0.220 0.034 0.082 
 14 TMA-ZAIN-G-    (9)   :  0.008 0.006 0.006 0.011 0.003 0.953 0.008 0.005 
 15 TMA-ZAIN-G-    (0)   :  0.006 0.007 0.005 0.008 0.004 0.963 0.005 0.003 
 16 TMA-ZAIN-G-    (0)   :  0.915 0.005 0.005 0.054 0.004 0.009 0.004 0.005 
 17 TMA-ZAIN-G-    (9)   :  0.019 0.007 0.054 0.033 0.017 0.808 0.041 0.021 
 18 TMA-ZAIN-G-    (0)   :  0.016 0.010 0.143 0.006 0.751 0.017 0.051 0.006 
 19 TMA-ZAIN-G-    (0)   :  0.022 0.005 0.905 0.013 0.013 0.025 0.006 0.011 
 20 TMA-ZAIN-G-    (0)   :  0.003 0.004 0.839 0.004 0.039 0.003 0.021 0.087 
 21 TMA-ZAIN-G-    (0)   :  0.005 0.006 0.005 0.004 0.003 0.003 0.005 0.969 
 22 TMA-ZAIN-G-    (0)   :  0.003 0.002 0.013 0.003 0.054 0.003 0.007 0.915 
 23 TMA-ZAIN-G-    (0)   :  0.007 0.003 0.042 0.006 0.021 0.008 0.005 0.907 
 24 TMA-ZAIN-G-    (9)   :  0.013 0.187 0.004 0.081 0.008 0.018 0.005 0.685 
 25 TMA-ZAIN-G-    (9)   :  0.006 0.005 0.664 0.180 0.122 0.005 0.004 0.015 
 26 TMA-ZAIN-G-    (9)   :  0.016 0.007 0.008 0.377 0.007 0.030 0.533 0.021 
 27 TMA-ZAIN-G-    (0)   :  0.006 0.010 0.854 0.007 0.051 0.039 0.020 0.013 
 28 TMA-ZAIN-G-    (0)   :  0.009 0.009 0.940 0.007 0.012 0.012 0.007 0.004 
 29 TMA-ZAIN-G-    (0)   :  0.004 0.728 0.237 0.005 0.004 0.005 0.013 0.004 
 30 TMA-ZAIN-G-    (0)   :  0.119 0.066 0.385 0.210 0.004 0.203 0.008 0.005 
 31 TMA-ZAIN-G-    (0)   :  0.005 0.006 0.012 0.008 0.902 0.005 0.049 0.013 
 32 TMA-ZAIN-G-    (9)   :  0.046 0.004 0.020 0.080 0.802 0.026 0.005 0.017 
 33 TMA-ZAIN-G-   (18)   :  0.213 0.016 0.006 0.683 0.007 0.068 0.004 0.003 
 34 TMA-ZAIN-G-    (0)   :  0.394 0.010 0.011 0.285 0.262 0.013 0.009 0.017 
 35 TMA-ZAIN-G-    (9)   :  0.198 0.115 0.016 0.541 0.020 0.092 0.014 0.004 
 36 TMA-ZAIN-G-    (0)   :  0.030 0.008 0.005 0.684 0.004 0.245 0.022 0.003 
 37 TMA-ZAIN-G-    (9)   :  0.115 0.017 0.012 0.812 0.008 0.017 0.013 0.007 
 38 TMA-ZAIN-G-   (18)   :  0.018 0.007 0.028 0.099 0.786 0.042 0.007 0.012 
 39 TMA-ZAIN-G-    (0)   :  0.110 0.012 0.005 0.850 0.003 0.007 0.009 0.005 
 40 TMA-ZAIN-G-    (0)   :  0.186 0.007 0.005 0.756 0.003 0.035 0.005 0.003 
 41 TMA-ZAIN-G-    (0)   :  0.039 0.009 0.005 0.387 0.003 0.548 0.006 0.003 
 42 TMA-ZAIN-G-    (9)   :  0.008 0.006 0.003 0.010 0.003 0.961 0.006 0.002 
 43 TMA-ZAIN-G-    (0)   :  0.005 0.010 0.004 0.006 0.004 0.960 0.008 0.003 
 44 TMA-ZAIN-G-    (0)   :  0.035 0.013 0.009 0.106 0.005 0.007 0.004 0.820 
 45 TMA-ZAIN-G-    (0)   :  0.766 0.006 0.009 0.161 0.005 0.038 0.009 0.006 
 46 TMA-ZAIN-G-    (0)   :  0.003 0.003 0.004 0.005 0.003 0.003 0.006 0.973 
 47 TMA-ZAIN-G-    (0)   :  0.005 0.004 0.004 0.003 0.004 0.004 0.972 0.003 
 48 TMA-ZAIN-G-    (0)   :  0.072 0.017 0.023 0.066 0.006 0.181 0.606 0.029 
 49 TMA-ZAIN-G-    (9)   :  0.027 0.047 0.874 0.008 0.022 0.006 0.010 0.006 
 50 TMA-ZAIN-G-    (0)   :  0.009 0.003 0.932 0.014 0.007 0.025 0.003 0.007 
 51 TMA-ZAIN-G-    (0)   :  0.007 0.006 0.878 0.011 0.008 0.052 0.029 0.009 
 52 TMA-ZAIN-G-    (0)   :  0.015 0.003 0.831 0.009 0.007 0.014 0.107 0.013 
 53 TMA-ZAIN-G-    (0)   :  0.009 0.006 0.575 0.017 0.157 0.023 0.202 0.011 
 54 TMA-ZAIN-G-    (0)   :  0.007 0.004 0.010 0.006 0.004 0.014 0.950 0.005 
 55 TMA-ZAIN-G-    (0)   :  0.014 0.004 0.034 0.007 0.005 0.044 0.884 0.009 
 56 TMA-ZAIN-G-    (0)   :  0.052 0.043 0.100 0.064 0.008 0.077 0.646 0.010 
 57 TMA-ZAIN-G-    (0)   :  0.016 0.007 0.015 0.008 0.008 0.005 0.938 0.004 
 58 TMA-ZAIN-G-    (0)   :  0.012 0.005 0.845 0.005 0.022 0.011 0.025 0.074 
 59 TMA-ZAIN-G-    (0)   :  0.067 0.034 0.037 0.106 0.640 0.033 0.052 0.032 
 60 TMA-ZAIN-G-    (0)   :  0.013 0.010 0.438 0.015 0.394 0.081 0.040 0.009 
 61 TMA-ZAIN-G-    (0)   :  0.004 0.003 0.009 0.003 0.935 0.003 0.019 0.023 
 62 TMA-ZAIN-G-    (9)   :  0.065 0.011 0.038 0.033 0.798 0.015 0.012 0.028 
 63 TMA-ZAIN-G-    (0)   :  0.006 0.003 0.011 0.004 0.948 0.007 0.014 0.007 
 64 TMA-ZAIN-G-    (0)   :  0.006 0.971 0.003 0.008 0.002 0.004 0.003 0.002 
 65 TMA-ZAIN-G-    (9)   :  0.018 0.951 0.004 0.007 0.003 0.007 0.008 0.003 
 66 TMA-ZAIN-G-    (0)   :  0.015 0.944 0.003 0.020 0.003 0.006 0.005 0.003 
 67 TMA-ZAIN-G-    (0)   :  0.030 0.856 0.011 0.076 0.004 0.006 0.006 0.013 
 68 TMA-ZAIN-G-    (0)   :  0.006 0.970 0.003 0.005 0.002 0.008 0.004 0.002 
 69 TMA-ZAIN-G-    (0)   :  0.054 0.809 0.020 0.033 0.026 0.014 0.015 0.030 
 70 TMA-ZAIN-G-    (0)   :  0.031 0.025 0.004 0.922 0.003 0.006 0.004 0.004 
 71 TMA-ZAIN-G-    (0)   :  0.016 0.005 0.004 0.962 0.003 0.004 0.004 0.003 
 72 TMA-ZAIN-G-    (0)   :  0.019 0.025 0.006 0.921 0.004 0.013 0.008 0.004 
 73 TMA-ZAIN-G-    (0)   :  0.017 0.007 0.026 0.868 0.027 0.005 0.019 0.031 
 74 TMA-ZAIN-G-    (0)   :  0.019 0.007 0.009 0.940 0.007 0.005 0.006 0.008 
 75 TMA-ZAIN-G-    (0)   :  0.025 0.007 0.007 0.935 0.005 0.007 0.011 0.003 
 76 TMA-ZAIN-G-    (0)   :  0.017 0.007 0.012 0.927 0.005 0.004 0.004 0.025 
 77 TMA-ZAIN-G-    (0)   :  0.007 0.007 0.006 0.957 0.003 0.008 0.006 0.006 
 78 TMA-ZAIN-G-    (0)   :  0.014 0.006 0.017 0.919 0.007 0.006 0.012 0.019 
 79 TMA-ZAIN-G-    (0)   :  0.012 0.004 0.008 0.941 0.004 0.008 0.009 0.013 
 80 TMA-ZAIN-G-    (0)   :  0.220 0.029 0.005 0.720 0.003 0.006 0.012 0.005 
 81 TMA-ZAIN-G-    (0)   :  0.014 0.005 0.007 0.948 0.003 0.008 0.008 0.006 
 82 TMA-ZAIN-G-    (0)   :  0.261 0.269 0.008 0.419 0.009 0.012 0.019 0.003 
 83 TMA-ZAIN-G-    (9)   :  0.739 0.062 0.022 0.048 0.060 0.009 0.023 0.038 
 84 TMA-ZAIN-G-    (0)   :  0.014 0.005 0.008 0.942 0.004 0.006 0.004 0.017 
 85 TMA-ZAIN-G-    (0)   :  0.010 0.007 0.136 0.010 0.027 0.008 0.778 0.025 
 86 TMA-ZAIN-G-    (0)   :  0.025 0.009 0.025 0.021 0.008 0.010 0.863 0.038 
 87 TMA-ZAIN-G-    (0)   :  0.012 0.005 0.067 0.014 0.034 0.008 0.648 0.212 
 88 TMA-ZAIN-G-    (0)   :  0.112 0.037 0.010 0.069 0.169 0.026 0.564 0.012 
 89 TMA-ZAIN-G-    (0)   :  0.035 0.019 0.006 0.037 0.019 0.016 0.847 0.021 
 90 TMA-ZAIN-G-    (0)   :  0.010 0.006 0.013 0.007 0.007 0.007 0.941 0.008 
 91 TMA-ZAIN-G-    (0)   :  0.010 0.007 0.012 0.009 0.024 0.011 0.920 0.008 
 92 TMA-ZAIN-G-    (0)   :  0.006 0.005 0.022 0.008 0.006 0.009 0.926 0.018 
 93 TMA-ZAIN-G-    (0)   :  0.005 0.006 0.022 0.006 0.017 0.009 0.926 0.009 
 94 TMA-ZAIN-G-    (0)   :  0.004 0.004 0.018 0.005 0.040 0.005 0.913 0.011 
 95 TMA-ZAIN-G-    (0)   :  0.011 0.019 0.901 0.017 0.010 0.030 0.005 0.008 
 96 TMA-ZAIN-G-    (0)   :  0.014 0.005 0.893 0.007 0.004 0.065 0.007 0.005 
 97 TMA-ZAIN-G-    (0)   :  0.005 0.006 0.012 0.011 0.942 0.006 0.010 0.008 
 98 TMA-ZAIN-G-    (0)   :  0.004 0.005 0.004 0.010 0.958 0.005 0.009 0.004 
 99 TMA-ZAIN-G-    (0)   :  0.126 0.022 0.007 0.028 0.783 0.018 0.004 0.013 
100 TMA-ZAIN-G-    (0)   :  0.004 0.005 0.016 0.006 0.919 0.005 0.028 0.017 
101 TMA-ZAIN-G-    (0)   :  0.010 0.005 0.009 0.011 0.944 0.006 0.010 0.005 
102 TMA-ZAIN-G-    (0)   :  0.052 0.012 0.064 0.026 0.606 0.050 0.011 0.180 
103 TMA-ZAIN-G-    (0)   :  0.019 0.006 0.029 0.011 0.899 0.011 0.010 0.016 
104 TMA-ZAIN-G-    (0)   :  0.004 0.003 0.006 0.004 0.969 0.004 0.005 0.006 
105 TMA-ZAIN-G-    (0)   :  0.026 0.006 0.024 0.012 0.898 0.012 0.013 0.010 
106 TMA-ZAIN-G-    (0)   :  0.119 0.055 0.005 0.270 0.004 0.538 0.006 0.003 
107 TMA-ZAIN-G-    (0)   :  0.421 0.010 0.005 0.540 0.004 0.012 0.005 0.003 
108 TMA-ZAIN-G-    (9)   :  0.044 0.009 0.044 0.410 0.335 0.090 0.019 0.050 
109 TMA-ZAIN-G-    (0)   :  0.263 0.206 0.051 0.014 0.320 0.086 0.053 0.006 
110 TMA-ZAIN-G-    (0)   :  0.324 0.009 0.107 0.204 0.080 0.100 0.025 0.150 
111 TMA-ZAIN-G-    (9)   :  0.166 0.018 0.064 0.046 0.573 0.008 0.032 0.094 
112 TMA-ZAIN-G-    (0)   :  0.254 0.024 0.138 0.052 0.289 0.167 0.027 0.050 
113 TMA-ZAIN-G-    (0)   :  0.014 0.010 0.005 0.020 0.921 0.006 0.015 0.009 
114 TMA-ZAIN-G-    (0)   :  0.004 0.003 0.005 0.003 0.968 0.002 0.004 0.011 
115 TMA-ZAIN-G-    (0)   :  0.004 0.003 0.005 0.003 0.972 0.003 0.004 0.005 
116 TMA-ZAIN-G-    (0)   :  0.945 0.012 0.004 0.013 0.007 0.007 0.010 0.003 
117 TMA-ZAIN-G-    (0)   :  0.234 0.262 0.020 0.165 0.010 0.226 0.079 0.004 
118 TMA-ZAIN-G-    (0)   :  0.927 0.020 0.006 0.016 0.006 0.013 0.009 0.003 
119 TMA-ZAIN-G-    (0)   :  0.813 0.038 0.022 0.058 0.030 0.008 0.012 0.019 
120 TMA-ZAIN-G-    (0)   :  0.871 0.023 0.012 0.025 0.011 0.037 0.016 0.004 
121 TMA-ZAIN-G-    (0)   :  0.711 0.141 0.013 0.056 0.014 0.041 0.021 0.003 
122 TMA-ZAIN-G-    (0)   :  0.496 0.048 0.017 0.363 0.006 0.035 0.028 0.007 
123 TMA-ZAIN-G-    (0)   :  0.005 0.004 0.011 0.006 0.953 0.007 0.006 0.009 
124 TMA-ZAIN-G-    (0)   :  0.026 0.005 0.006 0.015 0.006 0.935 0.005 0.003 
125 TMA-ZAIN-G-    (0)   :  0.015 0.050 0.005 0.010 0.003 0.868 0.048 0.002 
126 TMA-ZAIN-G-    (0)   :  0.024 0.005 0.004 0.009 0.004 0.943 0.008 0.003 
127 TMA-ZAIN-G-    (0)   :  0.026 0.009 0.004 0.010 0.003 0.941 0.004 0.003 
128 TMA-ZAIN-G-    (0)   :  0.038 0.074 0.006 0.025 0.005 0.841 0.008 0.003 
129 TMA-ZAIN-G-    (0)   :  0.016 0.007 0.005 0.014 0.007 0.943 0.006 0.003 
130 TMA-ZAIN-G-    (0)   :  0.031 0.010 0.006 0.009 0.007 0.909 0.026 0.003 
131 TMA-ZAIN-G-    (0)   :  0.013 0.005 0.007 0.008 0.005 0.953 0.005 0.003 
132 TMA-ZAIN-G-    (0)   :  0.081 0.137 0.006 0.039 0.004 0.677 0.053 0.003 
133 TMA-ZAIN-G-    (0)   :  0.134 0.116 0.024 0.112 0.003 0.529 0.065 0.016 
134 TMA-ZAIN-G-    (0)   :  0.102 0.077 0.008 0.079 0.004 0.680 0.040 0.011 
135 TMA-ZAIN-G-    (0)   :  0.748 0.021 0.005 0.172 0.004 0.029 0.015 0.007 
136 TMA-ZAIN-G-    (0)   :  0.290 0.582 0.005 0.071 0.007 0.021 0.018 0.005 
137 TMA-ZAIN-G-    (0)   :  0.851 0.006 0.005 0.107 0.006 0.009 0.009 0.007 
138 TMA-ZAIN-G-    (0)   :  0.846 0.013 0.003 0.027 0.004 0.087 0.017 0.002 
139 TMA-ZAIN-G-    (0)   :  0.833 0.013 0.004 0.046 0.005 0.030 0.064 0.005 
140 TMA-ZAIN-G-    (0)   :  0.794 0.008 0.005 0.171 0.003 0.010 0.004 0.004 
141 TMA-ZAIN-G-    (0)   :  0.362 0.007 0.006 0.570 0.006 0.039 0.007 0.003 
142 TMA-ZAIN-G-    (9)   :  0.707 0.013 0.005 0.250 0.004 0.012 0.005 0.003 
143 TMA-ZAIN-G-    (0)   :  0.849 0.012 0.006 0.095 0.004 0.024 0.006 0.003 
144 TMA-ZAIN-G-    (0)   :  0.918 0.005 0.010 0.023 0.004 0.017 0.018 0.006 
145 TMA-ZAIN-G-    (0)   :  0.545 0.283 0.005 0.136 0.003 0.013 0.013 0.002 
146 TMA-ZAIN-G-    (0)   :  0.254 0.006 0.003 0.720 0.003 0.006 0.004 0.003 
147 TMA-ZAIN-G-    (9)   :  0.463 0.013 0.003 0.501 0.003 0.008 0.005 0.004 
148 TMA-ZAIN-G-    (0)   :  0.412 0.005 0.004 0.444 0.003 0.094 0.034 0.003 
149 TMA-ZAIN-G-    (0)   :  0.573 0.007 0.015 0.242 0.024 0.040 0.080 0.020 
150 TMA-ZAIN-G-    (0)   :  0.680 0.033 0.012 0.154 0.026 0.013 0.065 0.016 
151 TMA-ZAIN-G-    (0)   :  0.934 0.009 0.004 0.015 0.003 0.029 0.004 0.002 
152 TMA-ZAIN-G-    (0)   :  0.966 0.006 0.003 0.007 0.004 0.008 0.005 0.002 
153 TMA-ZAIN-G-    (0)   :  0.920 0.012 0.003 0.025 0.003 0.026 0.007 0.003 
154 TMA-ZAIN-G-    (0)   :  0.966 0.005 0.003 0.007 0.004 0.007 0.005 0.002 
155 TMA-ZAIN-G-    (0)   :  0.955 0.009 0.004 0.014 0.004 0.008 0.003 0.003 
156 TMA-ZAIN-G-    (9)   :  0.937 0.004 0.004 0.007 0.006 0.031 0.007 0.003 
157 TMA-ZAIN-G-    (0)   :  0.890 0.005 0.004 0.021 0.005 0.067 0.005 0.003 
158 TMA-ZAIN-G-    (0)   :  0.949 0.005 0.005 0.025 0.003 0.006 0.004 0.003 
159 TMA-ZAIN-G-    (0)   :  0.689 0.010 0.004 0.281 0.004 0.006 0.005 0.003 
160 TMA-ZAIN-G-    (0)   :  0.876 0.017 0.003 0.085 0.005 0.004 0.006 0.003 
161 TMA-ZAIN-G-    (0)   :  0.912 0.006 0.005 0.031 0.003 0.026 0.013 0.003 
162 TMA-ZAIN-G-    (0)   :  0.920 0.006 0.008 0.010 0.023 0.006 0.014 0.014 
163 TMA-ZAIN-G-    (0)   :  0.972 0.005 0.003 0.008 0.003 0.004 0.003 0.002 
164 TMA-ZAIN-G-    (0)   :  0.959 0.006 0.004 0.012 0.004 0.005 0.007 0.003 
165 TMA-ZAIN-G-    (0)   :  0.952 0.006 0.003 0.024 0.004 0.005 0.004 0.002 
166 TMA-ZAIN-G-    (0)   :  0.826 0.011 0.004 0.136 0.003 0.009 0.008 0.002 
167 TMA-ZAIN-G-    (0)   :  0.138 0.005 0.007 0.823 0.005 0.012 0.005 0.004 
168 TMA-ZAIN-G-    (0)   :  0.026 0.012 0.004 0.928 0.005 0.016 0.005 0.003 
169 TMA-ZAIN-G-    (0)   :  0.036 0.114 0.004 0.827 0.003 0.006 0.006 0.003 
170 TMA-ZAIN-G-    (0)   :  0.078 0.019 0.018 0.714 0.014 0.144 0.004 0.008 
171 TMA-ZAIN-G-    (0)   :  0.022 0.018 0.003 0.942 0.003 0.004 0.004 0.003 
172 TMA-ZAIN-G-    (0)   :  0.170 0.006 0.007 0.423 0.004 0.381 0.005 0.004 
173 TMA-ZAIN-G-    (0)   :  0.094 0.010 0.009 0.291 0.004 0.583 0.005 0.004 
174 TMA-ZAIN-G-    (0)   :  0.256 0.084 0.005 0.572 0.003 0.070 0.008 0.002 
175 TMA-ZAIN-G-    (0)   :  0.029 0.007 0.003 0.944 0.004 0.005 0.004 0.003 
176 TMA-ZAIN-G-    (0)   :  0.071 0.005 0.004 0.902 0.003 0.008 0.004 0.003 
177 TMA-ZAIN-G-    (0)   :  0.160 0.004 0.004 0.797 0.004 0.023 0.004 0.003 
178 TMA-ZAIN-G-    (0)   :  0.337 0.005 0.009 0.368 0.006 0.267 0.005 0.004 
179 TMA-ZAIN-G-    (0)   :  0.356 0.008 0.005 0.566 0.003 0.054 0.005 0.003 
180 TMA-ZAIN-G-    (0)   :  0.123 0.148 0.009 0.035 0.005 0.650 0.020 0.010 
181 TMA-ZAIN-G-    (0)   :  0.028 0.007 0.003 0.013 0.005 0.937 0.004 0.003 
182 TMA-ZAIN-G-    (0)   :  0.025 0.003 0.004 0.009 0.007 0.944 0.005 0.003 
183 TMA-ZAIN-G-    (0)   :  0.014 0.005 0.004 0.016 0.004 0.951 0.003 0.003 
184 TMA-ZAIN-G-    (0)   :  0.237 0.012 0.017 0.025 0.049 0.608 0.034 0.018 
185 TMA-ZAIN-G-    (0)   :  0.148 0.014 0.058 0.082 0.018 0.592 0.052 0.035 
186 TMA-ZAIN-G-    (9)   :  0.069 0.015 0.020 0.157 0.004 0.721 0.008 0.007 
187 TMA-ZAIN-G-    (0)   :  0.073 0.026 0.006 0.199 0.004 0.685 0.003 0.003 
188 TMA-ZAIN-G-    (0)   :  0.021 0.020 0.005 0.396 0.004 0.546 0.005 0.003 
189 TMA-ZAIN-G-    (0)   :  0.018 0.014 0.003 0.013 0.003 0.944 0.003 0.003 
190 TMA-ZAIN-G-    (0)   :  0.030 0.033 0.011 0.272 0.003 0.643 0.005 0.003 
191 TMA-ZAIN-G-    (0)   :  0.023 0.008 0.017 0.228 0.019 0.654 0.017 0.035 
192 TMA-ZAIN-G-    (0)   :  0.019 0.005 0.007 0.039 0.004 0.897 0.009 0.020 
193 TMA-ZAIN-G-    (0)   :  0.004 0.004 0.004 0.004 0.003 0.972 0.006 0.003 
194 TMA-ZAIN-G-    (0)   :  0.004 0.005 0.006 0.005 0.003 0.964 0.010 0.004 
195 TMA-ZAIN-G-    (0)   :  0.012 0.019 0.008 0.033 0.003 0.916 0.006 0.003 
196 TMA-ZAIN-G-    (0)   :  0.006 0.007 0.004 0.006 0.003 0.965 0.006 0.003 
197 TMA-ZAIN-G-    (0)   :  0.006 0.009 0.004 0.008 0.003 0.958 0.009 0.003 
198 TMA-ZAIN-G-    (0)   :  0.006 0.007 0.003 0.008 0.003 0.963 0.006 0.003 
199 TMA-ZAIN-G-    (0)   :  0.091 0.009 0.012 0.049 0.004 0.822 0.009 0.005 
200 TMA-ZAIN-G-    (0)   :  0.003 0.003 0.039 0.004 0.018 0.015 0.003 0.914 
201 TMA-ZAIN-G-    (0)   :  0.004 0.004 0.012 0.004 0.007 0.003 0.004 0.961 
202 TMA-ZAIN-G-    (0)   :  0.007 0.003 0.013 0.005 0.014 0.022 0.003 0.934 
203 TMA-ZAIN-G-    (0)   :  0.010 0.004 0.004 0.007 0.007 0.959 0.005 0.003 
204 TMA-ZAIN-G-    (9)   :  0.006 0.012 0.012 0.020 0.005 0.007 0.043 0.896 
205 TMA-ZAIN-G-    (0)   :  0.107 0.007 0.025 0.032 0.007 0.008 0.015 0.799 
206 TMA-ZAIN-G-    (9)   :  0.014 0.013 0.033 0.017 0.016 0.045 0.026 0.837 
207 TMA-ZAIN-G-    (9)   :  0.680 0.053 0.056 0.043 0.013 0.016 0.126 0.012 
208 TMA-ZAIN-G-    (0)   :  0.876 0.031 0.004 0.073 0.003 0.006 0.004 0.003 
209 TMA-ZAIN-G-    (0)   :  0.102 0.018 0.004 0.098 0.003 0.715 0.057 0.003 
210 TMA-ZAIN-G-    (0)   :  0.111 0.105 0.006 0.137 0.004 0.613 0.022 0.003 
211 TMA-ZAIN-G-    (0)   :  0.119 0.039 0.029 0.194 0.012 0.567 0.017 0.023 
212 TMA-ZAIN-G-    (0)   :  0.743 0.022 0.007 0.075 0.004 0.135 0.010 0.005 
213 TMA-ZAIN-G-    (0)   :  0.792 0.005 0.005 0.099 0.004 0.081 0.009 0.004 
214 TMA-ZAIN-G-    (0)   :  0.439 0.070 0.005 0.190 0.003 0.279 0.011 0.003 
215 TMA-ZAIN-G-    (0)   :  0.030 0.005 0.154 0.778 0.003 0.017 0.003 0.009 
216 TMA-ZAIN-G-    (0)   :  0.213 0.009 0.008 0.087 0.003 0.663 0.011 0.005 
217 TMA-ZAIN-G-    (0)   :  0.183 0.150 0.004 0.335 0.004 0.309 0.011 0.003 
218 TMA-ZAIN-G-    (0)   :  0.004 0.012 0.954 0.009 0.006 0.007 0.005 0.004 
219 TMA-ZAIN-G-    (0)   :  0.004 0.004 0.955 0.004 0.006 0.005 0.010 0.012 
220 TMA-ZAIN-G-    (0)   :  0.022 0.014 0.854 0.018 0.071 0.008 0.009 0.005 
221 TMA-ZAIN-G-    (0)   :  0.012 0.007 0.918 0.012 0.005 0.016 0.007 0.023 
222 TMA-ZAIN-G-    (0)   :  0.014 0.014 0.886 0.009 0.039 0.008 0.020 0.010 
223 TMA-ZAIN-G-    (0)   :  0.004 0.004 0.964 0.004 0.007 0.003 0.005 0.010 
224 TMA-ZAIN-G-    (0)   :  0.005 0.005 0.913 0.007 0.015 0.019 0.017 0.018 
225 TMA-ZAIN-G-    (0)   :  0.004 0.002 0.959 0.004 0.010 0.008 0.004 0.009 
226 TMA-ZAIN-G-    (0)   :  0.007 0.005 0.939 0.008 0.015 0.012 0.006 0.008 
227 TMA-ZAIN-G-    (0)   :  0.010 0.004 0.918 0.010 0.012 0.012 0.005 0.028 
228 TMA-ZAIN-G-    (0)   :  0.012 0.007 0.919 0.022 0.015 0.007 0.007 0.011 
229 TMA-ZAIN-G-    (0)   :  0.003 0.011 0.865 0.005 0.034 0.003 0.007 0.073 
230 TMA-ZAIN-G-    (0)   :  0.010 0.015 0.721 0.100 0.052 0.046 0.047 0.009 
231 TMA-ZAIN-G-    (0)   :  0.065 0.013 0.140 0.036 0.144 0.014 0.028 0.560 
232 TMA-ZAIN-G-    (9)   :  0.014 0.058 0.054 0.025 0.271 0.037 0.014 0.526 
233 TMA-ZAIN-G-    (0)   :  0.010 0.039 0.872 0.023 0.006 0.010 0.019 0.021 
234 TMA-ZAIN-G-    (0)   :  0.010 0.007 0.616 0.006 0.282 0.006 0.024 0.049 
235 TMA-ZAIN-G-    (0)   :  0.014 0.005 0.720 0.041 0.138 0.045 0.012 0.025 
236 TMA-ZAIN-G-    (0)   :  0.013 0.008 0.785 0.017 0.081 0.019 0.007 0.071 
237 TMA-ZAIN-G-    (0)   :  0.032 0.019 0.385 0.287 0.224 0.023 0.018 0.013 
238 TMA-ZAIN-G-    (0)   :  0.031 0.005 0.816 0.035 0.059 0.015 0.005 0.035 
239 TMA-ZAIN-G-    (0)   :  0.005 0.028 0.005 0.007 0.006 0.131 0.056 0.763 
240 TMA-ZAIN-G-    (0)   :  0.003 0.003 0.005 0.004 0.003 0.003 0.006 0.973 
241 TMA-ZAIN-G-    (0)   :  0.006 0.004 0.004 0.012 0.004 0.004 0.005 0.961 
242 TMA-ZAIN-G-    (0)   :  0.007 0.005 0.004 0.007 0.003 0.004 0.004 0.966 
243 TMA-ZAIN-G-    (0)   :  0.009 0.008 0.004 0.013 0.003 0.005 0.005 0.953 
244 TMA-ZAIN-G-    (0)   :  0.017 0.010 0.004 0.014 0.004 0.004 0.004 0.942 
245 TMA-ZAIN-G-    (9)   :  0.004 0.002 0.004 0.003 0.003 0.003 0.003 0.978 
246 TMA-ZAIN-G-    (0)   :  0.003 0.003 0.004 0.003 0.002 0.003 0.004 0.978 
247 TMA-ZAIN-G-    (0)   :  0.005 0.006 0.005 0.004 0.002 0.003 0.005 0.971 
248 TMA-ZAIN-G-    (0)   :  0.007 0.005 0.006 0.007 0.004 0.008 0.004 0.959 
249 TMA-ZAIN-G-    (0)   :  0.003 0.003 0.006 0.004 0.003 0.005 0.004 0.973 
250 TMA-ZAIN-G-    (0)   :  0.004 0.006 0.006 0.003 0.003 0.005 0.004 0.970 
251 TMA-ZAIN-G-    (0)   :  0.005 0.005 0.005 0.003 0.005 0.006 0.969 0.003 
252 TMA-ZAIN-G-    (0)   :  0.033 0.041 0.006 0.035 0.004 0.006 0.871 0.003 
253 TMA-ZAIN-G-    (0)   :  0.008 0.005 0.003 0.004 0.006 0.005 0.966 0.003 
254 TMA-ZAIN-G-    (9)   :  0.023 0.014 0.005 0.009 0.008 0.008 0.930 0.003 
255 TMA-ZAIN-G-    (0)   :  0.007 0.008 0.003 0.004 0.010 0.005 0.945 0.017 
256 TMA-ZAIN-G-    (0)   :  0.007 0.004 0.004 0.006 0.006 0.009 0.956 0.007 
257 TMA-ZAIN-G-    (0)   :  0.003 0.003 0.004 0.003 0.004 0.006 0.973 0.004 
258 TMA-ZAIN-G-    (0)   :  0.004 0.005 0.003 0.003 0.003 0.004 0.975 0.003 
259 TMA-ZAIN-G-    (0)   :  0.003 0.005 0.004 0.003 0.003 0.004 0.972 0.004 
260 TMA-ZAIN-G-    (0)   :  0.004 0.009 0.004 0.004 0.003 0.005 0.968 0.004 
261 TMA-ZAIN-G-   (18)   :  0.006 0.011 0.007 0.005 0.004 0.008 0.955 0.004 
262 TMA-ZAIN-G-    (0)   :  0.003 0.003 0.004 0.003 0.004 0.005 0.976 0.003 
263 TMA-ZAIN-G-    (0)   :  0.005 0.004 0.004 0.003 0.006 0.004 0.970 0.003 
264 TMA-ZAIN-G-    (0)   :  0.005 0.004 0.004 0.004 0.009 0.005 0.965 0.003 
265 TMA-ZAIN-G-    (0)   :  0.026 0.036 0.202 0.023 0.015 0.021 0.660 0.016 
266 TMA-ZAIN-G-    (0)   :  0.048 0.024 0.029 0.020 0.016 0.120 0.733 0.009 
267 TMA-ZAIN-G-    (0)   :  0.012 0.014 0.053 0.021 0.020 0.009 0.576 0.294 
268 TMA-ZAIN-G-    (0)   :  0.004 0.004 0.007 0.004 0.064 0.003 0.006 0.907 
269 TMA-ZAIN-G-    (0)   :  0.007 0.004 0.031 0.007 0.252 0.005 0.009 0.683 
270 TMA-ZAIN-G-    (0)   :  0.006 0.005 0.019 0.006 0.072 0.005 0.013 0.876 
271 TMA-ZAIN-G-    (0)   :  0.006 0.003 0.008 0.005 0.026 0.003 0.007 0.941 
272 TMA-ZAIN-G-    (0)   :  0.005 0.003 0.044 0.005 0.028 0.004 0.005 0.905 
273 TMA-ZAIN-G-    (0)   :  0.003 0.002 0.015 0.003 0.018 0.003 0.004 0.951 
274 TMA-ZAIN-G-    (0)   :  0.011 0.010 0.022 0.017 0.030 0.041 0.009 0.860 
275 TMA-ZAIN-G-    (0)   :  0.004 0.002 0.008 0.003 0.006 0.004 0.003 0.971 
276 TMA-ZAIN-G-    (0)   :  0.004 0.003 0.005 0.004 0.008 0.003 0.003 0.971 
277 TMA-ZAIN-G-    (0)   :  0.004 0.005 0.006 0.005 0.009 0.004 0.006 0.961 
278 TMA-ZAIN-G-    (0)   :  0.003 0.003 0.006 0.003 0.006 0.003 0.005 0.971 
279 TMA-ZAIN-G-    (0)   :  0.004 0.003 0.013 0.005 0.011 0.006 0.004 0.954 
280 TMA-ZAIN-G-    (0)   :  0.007 0.003 0.055 0.005 0.104 0.011 0.004 0.812 
281 TMA-ZAIN-G-    (0)   :  0.005 0.003 0.013 0.004 0.037 0.006 0.005 0.926 
282 TMA-ZAIN-G-    (9)   :  0.003 0.003 0.007 0.004 0.013 0.003 0.005 0.962 
283 TMA-ZAIN-G-    (0)   :  0.015 0.006 0.106 0.012 0.077 0.007 0.145 0.632 
284 TMA-ZAIN-G-    (0)   :  0.018 0.004 0.155 0.010 0.161 0.010 0.183 0.459 
285 TMA-ZAIN-G-    (0)   :  0.020 0.026 0.020 0.021 0.035 0.021 0.031 0.826 
286 TMA-ZAIN-G-    (0)   :  0.004 0.003 0.011 0.004 0.030 0.003 0.009 0.938 
287 TMA-ZAIN-G-    (0)   :  0.006 0.010 0.009 0.010 0.025 0.012 0.006 0.923 
288 TMA-ZAIN-G-    (0)   :  0.017 0.011 0.166 0.031 0.101 0.069 0.014 0.591 
289 TMA-ZAIN-G-    (0)   :  0.009 0.015 0.014 0.019 0.023 0.022 0.011 0.887 
290 TMA-ZAIN-G-    (0)   :  0.011 0.003 0.090 0.006 0.414 0.012 0.010 0.455 
291 TMA-ZAIN-G-    (0)   :  0.005 0.004 0.951 0.004 0.011 0.005 0.008 0.013 
292 TMA-ZAIN-G-    (0)   :  0.176 0.006 0.016 0.732 0.009 0.043 0.006 0.012 
293 TMA-ZAIN-G-    (0)   :  0.740 0.021 0.015 0.147 0.004 0.037 0.023 0.012 
294 TMA-ZAIN-G-    (0)   :  0.121 0.012 0.005 0.841 0.003 0.006 0.007 0.005 
295 TMA-ZAIN-G-    (9)   :  0.152 0.013 0.009 0.800 0.004 0.007 0.008 0.008 
296 TMA-ZAIN-G-    (0)   :  0.623 0.006 0.016 0.272 0.012 0.051 0.013 0.007 
297 TMA-ZAIN-G-    (0)   :  0.743 0.026 0.009 0.087 0.006 0.100 0.024 0.007 
298 TMA-ZAIN-G-    (0)   :  0.049 0.008 0.013 0.857 0.012 0.006 0.038 0.018 
299 TMA-ZAIN-G-    (0)   :  0.016 0.009 0.005 0.953 0.003 0.005 0.004 0.005 
300 TMA-ZAIN-G-    (0)   :  0.036 0.034 0.007 0.894 0.003 0.013 0.006 0.006 
301 TMA-ZAIN-G-    (0)   :  0.076 0.035 0.009 0.816 0.006 0.046 0.006 0.007 
302 TMA-ZAIN-G-    (9)   :  0.248 0.008 0.006 0.700 0.004 0.024 0.006 0.003 
303 TMA-ZAIN-G-    (0)   :  0.005 0.002 0.830 0.006 0.018 0.091 0.040 0.008 
304 TMA-ZAIN-G-    (0)   :  0.129 0.161 0.010 0.018 0.020 0.093 0.562 0.007 
305 TMA-ZAIN-G-    (0)   :  0.727 0.019 0.005 0.215 0.003 0.017 0.010 0.004 
306 TMA-ZAIN-G-    (0)   :  0.320 0.015 0.013 0.095 0.114 0.034 0.379 0.031 
307 TMA-ZAIN-G-    (0)   :  0.113 0.377 0.006 0.023 0.012 0.058 0.398 0.013 
308 TMA-ZAIN-G-    (0)   :  0.004 0.016 0.119 0.005 0.030 0.010 0.799 0.017 
309 TMA-ZAIN-G-    (0)   :  0.033 0.013 0.004 0.059 0.003 0.882 0.003 0.003 
310 TMA-ZAIN-G-    (0)   :  0.191 0.010 0.013 0.733 0.007 0.006 0.018 0.023 
311 TMA-ZAIN-G-    (0)   :  0.556 0.007 0.032 0.258 0.043 0.030 0.065 0.009 
312 TMA-ZAIN-G-    (0)   :  0.145 0.015 0.043 0.280 0.005 0.494 0.012 0.006 
313 TMA-ZAIN-G-    (0)   :  0.066 0.033 0.006 0.125 0.011 0.050 0.706 0.005 
314 TMA-ZAIN-G-    (0)   :  0.011 0.011 0.422 0.019 0.277 0.020 0.018 0.222 
315 TMA-ZAIN-G-    (0)   :  0.129 0.043 0.037 0.357 0.007 0.016 0.018 0.392 
316 TMA-ZAIN-G-    (0)   :  0.122 0.049 0.083 0.306 0.011 0.013 0.017 0.399 
317 TMA-ZAIN-G-    (0)   :  0.006 0.004 0.890 0.019 0.041 0.006 0.014 0.020 
318 TMA-ZAIN-G-    (9)   :  0.005 0.010 0.170 0.013 0.345 0.007 0.044 0.405 
319 TMA-ZAIN-G-    (0)   :  0.006 0.004 0.600 0.009 0.020 0.257 0.014 0.089 
320 TMA-ZAIN-G-    (0)   :  0.084 0.016 0.393 0.468 0.008 0.015 0.006 0.010 
321 TMA-ZAIN-G-    (0)   :  0.363 0.034 0.142 0.191 0.072 0.090 0.012 0.097 
322 TMA-ZAIN-G-    (0)   :  0.263 0.043 0.418 0.106 0.069 0.031 0.061 0.008 
323 TMA-ZAIN-G-    (0)   :  0.009 0.018 0.881 0.007 0.007 0.049 0.013 0.015 
324 TMA-ZAIN-G-    (0)   :  0.910 0.011 0.008 0.012 0.006 0.030 0.018 0.004 
325 TMA-ZAIN-G-    (0)   :  0.012 0.006 0.897 0.012 0.004 0.011 0.008 0.050 
326 TMA-ZAIN-G-    (0)   :  0.015 0.007 0.600 0.006 0.002 0.338 0.027 0.004 
327 TMA-ZAIN-G-    (0)   :  0.005 0.011 0.004 0.006 0.003 0.954 0.013 0.003 
328 TMA-ZAIN-G-    (0)   :  0.024 0.245 0.167 0.014 0.302 0.134 0.017 0.098 
329 TMA-ZAIN-G-    (0)   :  0.083 0.076 0.012 0.614 0.005 0.167 0.036 0.006 
330 TMA-ZAIN-G-    (0)   :  0.072 0.102 0.013 0.262 0.005 0.504 0.040 0.003 
331 TMA-ZAIN-G-    (0)   :  0.052 0.006 0.035 0.604 0.021 0.066 0.180 0.035 
332 TMA-ZAIN-G-    (0)   :  0.017 0.009 0.004 0.018 0.003 0.944 0.004 0.002 
333 TMA-ZAIN-G-    (0)   :  0.003 0.005 0.004 0.005 0.003 0.971 0.007 0.003 
334 TMA-ZAIN-G-    (0)   :  0.004 0.003 0.010 0.004 0.013 0.003 0.007 0.956 
335 TMA-ZAIN-G-    (0)   :  0.004 0.005 0.005 0.005 0.004 0.003 0.004 0.969 
336 TMA-ZAIN-G-    (0)   :  0.008 0.006 0.016 0.010 0.013 0.007 0.012 0.927 
337 TMA-ZAIN-G-    (9)   :  0.007 0.004 0.037 0.007 0.073 0.004 0.008 0.860 
338 TMA-ZAIN-G-    (0)   :  0.004 0.003 0.010 0.004 0.031 0.003 0.006 0.939 
339 TMA-ZAIN-G-    (0)   :  0.002 0.002 0.005 0.002 0.014 0.002 0.004 0.969 
340 TMA-ZAIN-G-    (0)   :  0.003 0.003 0.005 0.003 0.006 0.003 0.003 0.973 
341 TMA-ZAIN-G-    (0)   :  0.005 0.004 0.004 0.004 0.009 0.004 0.003 0.966 
342 TMA-ZAIN-G-    (0)   :  0.004 0.004 0.006 0.005 0.008 0.004 0.005 0.964 
343 TMA-ZAIN-G-    (0)   :  0.004 0.003 0.006 0.003 0.027 0.004 0.003 0.951 
344 TMA-ZAIN-G-    (0)   :  0.005 0.003 0.013 0.005 0.008 0.006 0.005 0.956 
345 TMA-ZAIN-G-    (0)   :  0.003 0.003 0.004 0.003 0.004 0.003 0.005 0.975 
346 TMA-ZAIN-G-    (0)   :  0.004 0.003 0.014 0.014 0.024 0.009 0.005 0.926 
347 TMA-ZAIN-G-    (9)   :  0.003 0.003 0.006 0.003 0.008 0.003 0.004 0.970 
348 TMA-ZAIN-G-    (0)   :  0.005 0.004 0.015 0.006 0.020 0.005 0.009 0.936 
349 TMA-ZAIN-G-    (0)   :  0.004 0.003 0.007 0.004 0.013 0.004 0.005 0.959 
350 TMA-ZAIN-G-    (0)   :  0.008 0.005 0.064 0.008 0.027 0.009 0.005 0.873 
351 TMA-ZAIN-G-    (0)   :  0.003 0.004 0.007 0.004 0.007 0.004 0.005 0.966 
352 TMA-ZAIN-G-    (0)   :  0.008 0.006 0.007 0.008 0.008 0.005 0.008 0.950 
353 TMA-ZAIN-G-    (0)   :  0.009 0.003 0.028 0.006 0.042 0.014 0.005 0.893 
354 TMA-ZAIN-G-    (0)   :  0.007 0.002 0.012 0.005 0.007 0.007 0.003 0.958 
355 TMA-ZAIN-G-    (0)   :  0.012 0.004 0.010 0.007 0.013 0.011 0.003 0.939 
356 TMA-ZAIN-G-    (0)   :  0.918 0.042 0.012 0.007 0.003 0.003 0.013 0.002 
357 TMA-ZAIN-G-    (0)   :  0.461 0.055 0.012 0.077 0.012 0.365 0.014 0.004 
358 TMA-ZAIN-G-    (0)   :  0.188 0.229 0.047 0.261 0.074 0.147 0.027 0.027 
359 TMA-ZAIN-G-    (0)   :  0.403 0.317 0.063 0.069 0.011 0.006 0.106 0.025 
360 TMA-ZAIN-G-    (0)   :  0.830 0.017 0.006 0.124 0.003 0.008 0.007 0.005 
361 TMA-ZAIN-G-    (0)   :  0.303 0.036 0.009 0.162 0.010 0.464 0.011 0.003 
362 TMA-ZAIN-G-    (0)   :  0.869 0.009 0.019 0.035 0.009 0.004 0.005 0.050 
363 TMA-ZAIN-G-    (0)   :  0.152 0.015 0.041 0.540 0.004 0.220 0.018 0.010 
364 TMA-ZAIN-G-    (0)   :  0.016 0.015 0.665 0.033 0.220 0.016 0.019 0.016 
365 TMA-ZAIN-G-    (0)   :  0.624 0.030 0.068 0.099 0.011 0.010 0.004 0.153 
366 TMA-ZAIN-G-    (0)   :  0.140 0.082 0.005 0.738 0.004 0.006 0.018 0.007 
367 TMA-ZAIN-G-    (0)   :  0.127 0.009 0.028 0.046 0.142 0.562 0.080 0.006 
368 TMA-ZAIN-G-    (0)   :  0.042 0.060 0.005 0.863 0.004 0.011 0.011 0.005 
369 TMA-ZAIN-G-    (0)   :  0.040 0.044 0.005 0.038 0.003 0.861 0.005 0.003 
370 TMA-ZAIN-G-    (0)   :  0.050 0.011 0.006 0.462 0.007 0.457 0.004 0.003 
371 TMA-ZAIN-G-    (0)   :  0.773 0.029 0.004 0.169 0.005 0.009 0.006 0.003 
372 TMA-ZAIN-G-    (0)   :  0.755 0.023 0.004 0.194 0.004 0.011 0.006 0.004 
373 TMA-ZAIN-G-    (0)   :  0.004 0.004 0.006 0.004 0.003 0.971 0.005 0.003 
374 TMA-ZAIN-G-    (0)   :  0.069 0.006 0.056 0.032 0.309 0.350 0.170 0.008 
375 TMA-ZAIN-G-    (0)   :  0.033 0.011 0.676 0.037 0.044 0.184 0.007 0.010 
376 TMA-ZAIN-G-    (9)   :  0.885 0.005 0.005 0.080 0.005 0.016 0.003 0.003 
377 TMA-ZAIN-G-    (0)   :  0.799 0.022 0.003 0.151 0.003 0.014 0.006 0.002 
378 TMA-ZAIN-G-    (0)   :  0.951 0.013 0.003 0.017 0.003 0.008 0.003 0.002 
379 TMA-ZAIN-G-    (0)   :  0.961 0.011 0.003 0.007 0.003 0.008 0.005 0.002 
380 TMA-ZAIN-G-    (0)   :  0.018 0.044 0.004 0.914 0.002 0.008 0.007 0.003 
381 TMA-ZAIN-G-    (9)   :  0.051 0.114 0.572 0.139 0.009 0.036 0.068 0.011 
382 TMA-ZAIN-G-    (9)   :  0.005 0.003 0.244 0.034 0.623 0.009 0.009 0.072 
383    ZFB01    (0)   :  0.006 0.003 0.004 0.005 0.966 0.003 0.004 0.009 
384    ZFB02    (0)   :  0.004 0.003 0.005 0.003 0.938 0.003 0.009 0.034 
385    ZFB03    (0)   :  0.006 0.003 0.008 0.004 0.963 0.007 0.005 0.005 
386    ZFB04    (0)   :  0.006 0.003 0.005 0.004 0.940 0.003 0.006 0.034 
387    ZFB05    (0)   :  0.004 0.012 0.042 0.004 0.794 0.009 0.013 0.122 
388    ZFB06    (0)   :  0.004 0.013 0.036 0.003 0.875 0.009 0.008 0.053 
389    ZFB07    (9)   :  0.010 0.004 0.011 0.008 0.945 0.006 0.005 0.010 
390    ZFB08    (0)   :  0.008 0.006 0.009 0.006 0.951 0.006 0.006 0.006 
391    ZFB09    (0)   :  0.003 0.003 0.005 0.003 0.974 0.003 0.004 0.005 
392    ZFB10    (0)   :  0.029 0.007 0.005 0.016 0.923 0.004 0.007 0.009 
393    ZFB11    (0)   :  0.012 0.004 0.005 0.011 0.940 0.004 0.008 0.018 
394    ZFB12    (0)   :  0.009 0.004 0.022 0.011 0.901 0.008 0.005 0.040 
395    ZFB13    (0)   :  0.010 0.007 0.011 0.009 0.946 0.006 0.005 0.006 
396    ZFB14    (0)   :  0.007 0.003 0.005 0.005 0.967 0.003 0.005 0.004 
397    ZFB15    (0)   :  0.003 0.002 0.004 0.003 0.967 0.003 0.003 0.014 
398    ZFB16    (0)   :  0.008 0.004 0.007 0.007 0.948 0.005 0.004 0.016 
399    ZFB17    (0)   :  0.017 0.013 0.019 0.011 0.881 0.008 0.027 0.025 
400    ZFB18    (0)   :  0.005 0.003 0.004 0.004 0.975 0.003 0.004 0.004 
401    ZFB19    (0)   :  0.038 0.010 0.021 0.027 0.882 0.010 0.005 0.007 
402    ZFB20    (0)   :  0.007 0.004 0.006 0.007 0.930 0.004 0.004 0.037 
403    ZFB21    (0)   :  0.003 0.002 0.005 0.003 0.967 0.003 0.003 0.012 
404    ZFB22    (0)   :  0.015 0.012 0.010 0.010 0.848 0.007 0.009 0.087 
405    ZFB23    (0)   :  0.010 0.004 0.006 0.011 0.932 0.005 0.006 0.027 
406    ZFB24    (0)   :  0.009 0.004 0.005 0.012 0.924 0.003 0.007 0.036 
407    ZFB25    (0)   :  0.033 0.005 0.004 0.016 0.926 0.006 0.004 0.006 
408    ZFB26    (0)   :  0.025 0.005 0.006 0.033 0.854 0.006 0.010 0.061 
409    ZFB27    (0)   :  0.010 0.003 0.005 0.009 0.880 0.004 0.005 0.084 
410    ZFB28    (0)   :  0.009 0.003 0.034 0.010 0.810 0.007 0.012 0.114 
411    ZFB29    (0)   :  0.004 0.003 0.006 0.005 0.948 0.002 0.010 0.022 
412    ZFB30    (0)   :  0.009 0.015 0.035 0.007 0.763 0.012 0.005 0.154 
413    ZFB31    (0)   :  0.021 0.005 0.005 0.013 0.941 0.005 0.004 0.007 
414    ZFB32    (0)   :  0.016 0.005 0.048 0.025 0.797 0.010 0.039 0.059 
415    ZFB33    (0)   :  0.004 0.003 0.004 0.004 0.967 0.003 0.003 0.012 
416    ZFB34    (0)   :  0.004 0.003 0.005 0.004 0.973 0.003 0.005 0.004 
417    ZFB35    (0)   :  0.007 0.004 0.005 0.007 0.958 0.004 0.006 0.009 
418  ZFBP101    (0)   :  0.361 0.061 0.013 0.280 0.011 0.105 0.163 0.007 
419  ZFBP102    (0)   :  0.144 0.014 0.013 0.766 0.014 0.024 0.017 0.009 
420  ZFBP103    (0)   :  0.463 0.016 0.009 0.053 0.007 0.213 0.233 0.006 
421  ZFBP104    (0)   :  0.570 0.009 0.040 0.230 0.039 0.091 0.004 0.016 
422  ZFBP105    (0)   :  0.100 0.005 0.006 0.847 0.006 0.028 0.004 0.004 
423  ZFBP106    (0)   :  0.322 0.013 0.005 0.607 0.003 0.037 0.009 0.003 
424  ZFBP107    (0)   :  0.207 0.005 0.011 0.687 0.005 0.068 0.007 0.009 
425  ZFBP108    (0)   :  0.870 0.006 0.004 0.101 0.003 0.010 0.004 0.003 
426  ZFBP109    (0)   :  0.209 0.006 0.003 0.760 0.005 0.011 0.004 0.002 
427  ZFBP110    (0)   :  0.300 0.006 0.037 0.361 0.051 0.196 0.042 0.007 
428  ZFBP111    (0)   :  0.616 0.143 0.005 0.199 0.003 0.025 0.005 0.003 
429  ZFBP112    (0)   :  0.819 0.058 0.005 0.078 0.004 0.016 0.015 0.006 
430  ZFBP113    (0)   :  0.953 0.004 0.004 0.021 0.003 0.006 0.003 0.004 
431  ZFBP114    (0)   :  0.012 0.004 0.004 0.958 0.004 0.010 0.004 0.004 
432  ZFBP115    (0)   :  0.133 0.027 0.007 0.248 0.003 0.565 0.015 0.004 
433  ZFBP116    (0)   :  0.854 0.008 0.006 0.109 0.003 0.011 0.005 0.004 
434  ZFBP117    (0)   :  0.683 0.009 0.005 0.278 0.003 0.011 0.008 0.003 
435  ZFBP118    (0)   :  0.119 0.008 0.005 0.843 0.003 0.013 0.004 0.004 
436  ZFBP119    (0)   :  0.092 0.022 0.007 0.758 0.004 0.090 0.024 0.003 
437  ZFBP120    (0)   :  0.301 0.006 0.006 0.639 0.006 0.033 0.004 0.005 
438  ZFBP121    (0)   :  0.202 0.006 0.005 0.761 0.006 0.010 0.008 0.003 
439  ZFBP122    (9)   :  0.695 0.012 0.005 0.264 0.004 0.012 0.005 0.003 
440  ZFBP123    (0)   :  0.784 0.029 0.006 0.144 0.004 0.008 0.019 0.007 
441  ZFBP124    (0)   :  0.092 0.006 0.004 0.870 0.009 0.009 0.006 0.005 
442  ZFBP125    (0)   :  0.111 0.019 0.004 0.836 0.003 0.018 0.007 0.003 
443  ZFBP126    (0)   :  0.818 0.007 0.019 0.102 0.010 0.007 0.027 0.011 
444  ZFBP127    (0)   :  0.530 0.006 0.004 0.381 0.003 0.059 0.014 0.003 
445  ZFBP128    (0)   :  0.805 0.038 0.003 0.116 0.004 0.019 0.012 0.003 
446  ZFBP129    (0)   :  0.131 0.039 0.005 0.797 0.008 0.006 0.012 0.003 
447  ZFBP130    (0)   :  0.124 0.165 0.004 0.639 0.002 0.031 0.032 0.003 
448  ZFBP131    (0)   :  0.436 0.008 0.004 0.534 0.005 0.004 0.005 0.004 
449  ZFBP132    (0)   :  0.070 0.004 0.004 0.899 0.004 0.012 0.004 0.003 
450  ZFBP133    (0)   :  0.903 0.065 0.003 0.015 0.003 0.004 0.005 0.002 
451  ZFBP134    (0)   :  0.864 0.011 0.005 0.046 0.003 0.049 0.019 0.003 
452  ZFBP135    (0)   :  0.502 0.015 0.008 0.158 0.015 0.046 0.250 0.005 
453  ZFBP136    (0)   :  0.373 0.085 0.006 0.303 0.004 0.075 0.147 0.006 
454  ZFBP201    (0)   :  0.867 0.006 0.006 0.095 0.005 0.009 0.005 0.007 
455  ZFBP202    (0)   :  0.782 0.010 0.005 0.173 0.006 0.017 0.005 0.003 
456  ZFBP203    (0)   :  0.552 0.033 0.032 0.313 0.008 0.008 0.007 0.047 
457  ZFBP204    (0)   :  0.119 0.017 0.006 0.798 0.004 0.038 0.013 0.005 
458  ZFBP205    (0)   :  0.522 0.022 0.005 0.421 0.004 0.005 0.016 0.005 
459  ZFBP206    (0)   :  0.831 0.073 0.006 0.057 0.004 0.005 0.015 0.007 
460  ZFBP207    (0)   :  0.020 0.008 0.006 0.824 0.005 0.124 0.009 0.003 
461  ZFBP208    (0)   :  0.796 0.012 0.008 0.155 0.004 0.005 0.008 0.012 
462  ZFBP209    (0)   :  0.799 0.081 0.003 0.100 0.003 0.004 0.007 0.002 
463  ZFBP210    (0)   :  0.631 0.018 0.008 0.313 0.006 0.010 0.006 0.008 
464  ZFBP211    (0)   :  0.033 0.005 0.004 0.937 0.006 0.008 0.004 0.003 
465  ZFBP212    (0)   :  0.583 0.006 0.004 0.346 0.006 0.049 0.003 0.003 
466  ZFBP213    (0)   :  0.842 0.016 0.008 0.092 0.008 0.009 0.019 0.006 
467  ZFBP214    (0)   :  0.771 0.067 0.016 0.048 0.013 0.032 0.048 0.005 
468  ZFBP215    (0)   :  0.845 0.009 0.004 0.122 0.004 0.007 0.007 0.003 
469  ZFBP216    (0)   :  0.237 0.006 0.011 0.718 0.004 0.012 0.005 0.006 
470  ZFBP217    (0)   :  0.763 0.089 0.006 0.099 0.006 0.028 0.007 0.003 
471  ZFBP218    (0)   :  0.244 0.020 0.004 0.713 0.005 0.007 0.004 0.003 
472  ZFBP219    (0)   :  0.953 0.005 0.005 0.022 0.003 0.005 0.003 0.004 
473  ZFBP220    (0)   :  0.610 0.069 0.005 0.253 0.003 0.033 0.023 0.004 
474  ZFBP221    (0)   :  0.160 0.010 0.004 0.766 0.006 0.048 0.004 0.003 
475  ZFBP222    (0)   :  0.882 0.010 0.005 0.082 0.005 0.004 0.007 0.005 
476  ZFBP223    (0)   :  0.266 0.010 0.008 0.539 0.010 0.153 0.009 0.005 
477  ZFBP224    (0)   :  0.931 0.005 0.006 0.036 0.005 0.007 0.007 0.004 
478  ZFBP225    (0)   :  0.473 0.309 0.009 0.106 0.003 0.082 0.012 0.007 
479  ZFBP226    (0)   :  0.214 0.005 0.004 0.759 0.004 0.006 0.004 0.004 
480  ZFBP227    (0)   :  0.332 0.008 0.123 0.452 0.024 0.033 0.007 0.021 
481  ZFBP228    (0)   :  0.467 0.008 0.005 0.390 0.005 0.106 0.017 0.003 
482  ZFBP229    (0)   :  0.504 0.025 0.004 0.444 0.003 0.010 0.007 0.003 
483  ZFBP230    (0)   :  0.538 0.060 0.006 0.323 0.003 0.035 0.032 0.004 
484  ZFBP231    (0)   :  0.034 0.006 0.006 0.932 0.005 0.009 0.005 0.004 
485  ZFBP232    (0)   :  0.032 0.007 0.003 0.943 0.003 0.005 0.004 0.003 
486  ZFBP233    (0)   :  0.776 0.016 0.005 0.176 0.005 0.011 0.006 0.004 
487   ZFCC01    (0)   :  0.004 0.005 0.004 0.003 0.008 0.004 0.967 0.005 
488   ZFCC03    (0)   :  0.005 0.005 0.003 0.003 0.006 0.006 0.969 0.003 
