

----------------------------------------------------
STRUCTURE by Pritchard, Stephens and Donnelly (2000)
     and Falush, Stephens and Pritchard (2003)
       Code by Pritchard, Falush and Hubisz
             Version 2.3.4 (Jul 2012)
----------------------------------------------------



Command line arguments:   bin\structure -m C:\Users\eschumacher\Documents\GitHub\GCC_QUAC_ZAIN\Data_Files\Structure_Files\ZAIN\ZAIN_rebinned_garden_wild_nopopinfo\50-50\mainparams -e C:\Users\eschumacher\Documents\GitHub\GCC_QUAC_ZAIN\Data_Files\Structure_Files\ZAIN\ZAIN_rebinned_garden_wild_nopopinfo\50-50\extraparams 
Input File:    C:\Users\eschumacher\Documents\GitHub\GCC_QUAC_ZAIN\Data_Files\Structure_Files\ZAIN\ZAIN_rebinned_garden_wild_nopopinfo\project_data

Run parameters:
   1133 individuals
   11 loci
   12 populations assumed
   50000 Burn-in period
   50000 Reps


--------------------------------------------
Overall proportion of membership of the
sample in each of the 12 clusters

Inferred Clusters
  1      2      3      4      5      6      7      8      9     10     11     12    
0.063  0.113  0.111  0.092  0.069  0.036  0.090  0.103  0.120  0.056  0.081  0.066  

--------------------------------------------

Allele-freq. divergence among pops (Net nucleotide distance),
computed using point estimates of P.

      1       2       3       4       5       6       7       8       9      10      11      12      
 1      -    0.1118  0.1616  0.0908  0.1686  0.1654  0.1903  0.1632  0.2190  0.1700  0.1714  0.2168  
 2   0.1118     -    0.0588  0.1532  0.2583  0.1792  0.2521  0.0702  0.2955  0.1269  0.1862  0.1327  
 3   0.1616  0.0588     -    0.2125  0.2631  0.2268  0.2498  0.0447  0.3318  0.1283  0.2373  0.2533  
 4   0.0908  0.1532  0.2125     -    0.1105  0.1464  0.1245  0.1813  0.1154  0.2756  0.1623  0.1833  
 5   0.1686  0.2583  0.2631  0.1105     -    0.2467  0.0868  0.2724  0.1951  0.3724  0.1829  0.2914  
 6   0.1654  0.1792  0.2268  0.1464  0.2467     -    0.2433  0.1818  0.2381  0.2737  0.2005  0.2345  
 7   0.1903  0.2521  0.2498  0.1245  0.0868  0.2433     -    0.2503  0.1667  0.3572  0.2063  0.2961  
 8   0.1632  0.0702  0.0447  0.1813  0.2724  0.1818  0.2503     -    0.2883  0.1099  0.2227  0.2200  
 9   0.2190  0.2955  0.3318  0.1154  0.1951  0.2381  0.1667  0.2883     -    0.3708  0.2764  0.3609  
10   0.1700  0.1269  0.1283  0.2756  0.3724  0.2737  0.3572  0.1099  0.3708     -    0.2134  0.2712  
11   0.1714  0.1862  0.2373  0.1623  0.1829  0.2005  0.2063  0.2227  0.2764  0.2134     -    0.1922  
12   0.2168  0.1327  0.2533  0.1833  0.2914  0.2345  0.2961  0.2200  0.3609  0.2712  0.1922     -    

Average distances (expected heterozygosity) between individuals in same cluster:
cluster  1  : 0.4660 
cluster  2  : 0.4346 
cluster  3  : 0.3695 
cluster  4  : 0.5328 
cluster  5  : 0.3457 
cluster  6  : 0.2557 
cluster  7  : 0.4999 
cluster  8  : 0.4025 
cluster  9  : 0.4097 
cluster 10  : 0.3558 
cluster 11  : 0.3853 
cluster 12  : 0.2603 

--------------------------------------------
Estimated Ln Prob of Data   = -20781.8
Mean value of ln likelihood = -20029.0
Variance of ln likelihood   = 1505.5
Mean value of alpha         = 0.0340

Mean value of Fst_1         = 0.2813
Mean value of Fst_2         = 0.3498
Mean value of Fst_3         = 0.3796
Mean value of Fst_4         = 0.1493
Mean value of Fst_5         = 0.4919
Mean value of Fst_6         = 0.6120
Mean value of Fst_7         = 0.3607
Mean value of Fst_8         = 0.3097
Mean value of Fst_9         = 0.4275
Mean value of Fst_10         = 0.4438
Mean value of Fst_11         = 0.4327
Mean value of Fst_12         = 0.5754


Inferred ancestry of individuals:
        Label (%Miss) :  Inferred clusters
  1 TMA-ZAIN-G-    (9)   :  0.025 0.034 0.013 0.038 0.027 0.011 0.734 0.011 0.006 0.011 0.015 0.074 
  2 TMA-ZAIN-G-    (0)   :  0.007 0.012 0.015 0.014 0.022 0.013 0.754 0.129 0.004 0.004 0.017 0.007 
  3 TMA-ZAIN-G-    (0)   :  0.020 0.289 0.447 0.005 0.007 0.011 0.007 0.044 0.003 0.122 0.012 0.034 
  4 TMA-ZAIN-G-    (0)   :  0.007 0.013 0.200 0.006 0.012 0.605 0.007 0.028 0.005 0.076 0.025 0.016 
  5 TMA-ZAIN-G-    (0)   :  0.005 0.002 0.003 0.003 0.011 0.005 0.952 0.002 0.005 0.003 0.005 0.002 
  6 TMA-ZAIN-G-    (0)   :  0.471 0.102 0.083 0.026 0.028 0.052 0.050 0.037 0.020 0.092 0.022 0.017 
  7 TMA-ZAIN-G-    (0)   :  0.020 0.225 0.219 0.012 0.017 0.131 0.012 0.292 0.006 0.009 0.014 0.045 
  8 TMA-ZAIN-G-    (0)   :  0.009 0.846 0.042 0.004 0.006 0.006 0.006 0.023 0.003 0.027 0.023 0.006 
  9 TMA-ZAIN-G-    (9)   :  0.030 0.341 0.260 0.007 0.006 0.007 0.010 0.288 0.004 0.033 0.005 0.008 
 10 TMA-ZAIN-G-    (0)   :  0.033 0.418 0.190 0.006 0.003 0.012 0.003 0.259 0.004 0.048 0.009 0.015 
 11 TMA-ZAIN-G-    (0)   :  0.007 0.187 0.131 0.007 0.008 0.018 0.005 0.611 0.005 0.006 0.006 0.010 
 12 TMA-ZAIN-G-    (0)   :  0.006 0.016 0.930 0.005 0.004 0.004 0.004 0.008 0.003 0.005 0.004 0.011 
 13 TMA-ZAIN-G-    (9)   :  0.014 0.237 0.071 0.026 0.035 0.014 0.037 0.361 0.053 0.019 0.025 0.107 
 14 TMA-ZAIN-G-    (9)   :  0.011 0.042 0.011 0.010 0.003 0.005 0.003 0.021 0.012 0.007 0.008 0.867 
 15 TMA-ZAIN-G-    (0)   :  0.006 0.067 0.007 0.006 0.003 0.003 0.003 0.006 0.002 0.010 0.007 0.879 
 16 TMA-ZAIN-G-    (0)   :  0.007 0.022 0.877 0.005 0.004 0.005 0.003 0.060 0.004 0.005 0.003 0.006 
 17 TMA-ZAIN-G-    (9)   :  0.023 0.769 0.017 0.024 0.006 0.077 0.010 0.007 0.010 0.008 0.015 0.035 
 18 TMA-ZAIN-G-    (0)   :  0.025 0.009 0.011 0.106 0.726 0.017 0.030 0.005 0.006 0.008 0.045 0.011 
 19 TMA-ZAIN-G-    (0)   :  0.181 0.044 0.028 0.586 0.030 0.052 0.010 0.017 0.026 0.006 0.005 0.016 
 20 TMA-ZAIN-G-    (0)   :  0.008 0.003 0.003 0.806 0.041 0.006 0.033 0.004 0.059 0.004 0.029 0.004 
 21 TMA-ZAIN-G-    (0)   :  0.005 0.004 0.004 0.004 0.002 0.004 0.003 0.004 0.958 0.005 0.005 0.002 
 22 TMA-ZAIN-G-    (0)   :  0.010 0.003 0.003 0.011 0.092 0.009 0.040 0.003 0.819 0.002 0.006 0.003 
 23 TMA-ZAIN-G-    (0)   :  0.030 0.008 0.007 0.038 0.048 0.011 0.011 0.007 0.827 0.004 0.004 0.007 
 24 TMA-ZAIN-G-    (9)   :  0.004 0.014 0.009 0.004 0.008 0.003 0.006 0.098 0.655 0.159 0.006 0.034 
 25 TMA-ZAIN-G-    (9)   :  0.010 0.007 0.010 0.607 0.010 0.003 0.232 0.100 0.008 0.005 0.004 0.004 
 26 TMA-ZAIN-G-    (9)   :  0.006 0.117 0.042 0.014 0.006 0.010 0.010 0.285 0.027 0.008 0.457 0.018 
 27 TMA-ZAIN-G-    (0)   :  0.676 0.015 0.006 0.073 0.011 0.020 0.078 0.007 0.018 0.008 0.014 0.074 
 28 TMA-ZAIN-G-    (0)   :  0.924 0.007 0.005 0.011 0.015 0.005 0.006 0.005 0.004 0.004 0.004 0.008 
 29 TMA-ZAIN-G-    (0)   :  0.005 0.005 0.004 0.227 0.003 0.004 0.003 0.005 0.004 0.719 0.016 0.006 
 30 TMA-ZAIN-G-    (0)   :  0.467 0.155 0.074 0.038 0.004 0.008 0.004 0.124 0.004 0.037 0.006 0.079 
 31 TMA-ZAIN-G-    (0)   :  0.006 0.004 0.004 0.010 0.022 0.017 0.869 0.006 0.010 0.004 0.043 0.005 
 32 TMA-ZAIN-G-    (9)   :  0.004 0.069 0.131 0.059 0.511 0.005 0.091 0.060 0.023 0.005 0.004 0.038 
 33 TMA-ZAIN-G-   (18)   :  0.007 0.523 0.311 0.004 0.005 0.004 0.006 0.108 0.003 0.018 0.004 0.008 
 34 TMA-ZAIN-G-    (0)   :  0.008 0.031 0.607 0.014 0.116 0.005 0.080 0.101 0.015 0.008 0.006 0.008 
 35 TMA-ZAIN-G-    (9)   :  0.016 0.207 0.361 0.012 0.033 0.009 0.010 0.184 0.003 0.087 0.012 0.065 
 36 TMA-ZAIN-G-    (0)   :  0.007 0.286 0.030 0.006 0.005 0.007 0.004 0.476 0.003 0.010 0.017 0.150 
 37 TMA-ZAIN-G-    (9)   :  0.028 0.245 0.265 0.009 0.007 0.046 0.010 0.351 0.007 0.015 0.010 0.007 
 38 TMA-ZAIN-G-   (18)   :  0.005 0.038 0.023 0.034 0.014 0.006 0.775 0.033 0.006 0.007 0.006 0.053 
 39 TMA-ZAIN-G-    (0)   :  0.008 0.070 0.083 0.004 0.003 0.009 0.004 0.791 0.005 0.012 0.008 0.004 
 40 TMA-ZAIN-G-    (0)   :  0.005 0.463 0.208 0.004 0.003 0.014 0.004 0.278 0.005 0.007 0.005 0.006 
 41 TMA-ZAIN-G-    (0)   :  0.006 0.656 0.026 0.004 0.003 0.003 0.003 0.233 0.003 0.007 0.005 0.051 
 42 TMA-ZAIN-G-    (9)   :  0.004 0.845 0.008 0.003 0.003 0.004 0.003 0.010 0.002 0.006 0.009 0.102 
 43 TMA-ZAIN-G-    (0)   :  0.003 0.008 0.004 0.003 0.003 0.003 0.003 0.005 0.003 0.008 0.005 0.953 
 44 TMA-ZAIN-G-    (0)   :  0.003 0.013 0.031 0.018 0.004 0.009 0.007 0.109 0.786 0.012 0.004 0.005 
 45 TMA-ZAIN-G-    (0)   :  0.010 0.224 0.584 0.008 0.004 0.016 0.006 0.107 0.007 0.005 0.008 0.019 
 46 TMA-ZAIN-G-    (0)   :  0.003 0.003 0.003 0.005 0.004 0.010 0.004 0.005 0.953 0.003 0.006 0.004 
 47 TMA-ZAIN-G-    (0)   :  0.004 0.004 0.005 0.004 0.005 0.013 0.003 0.003 0.003 0.004 0.947 0.003 
 48 TMA-ZAIN-G-    (0)   :  0.052 0.360 0.040 0.011 0.008 0.173 0.006 0.049 0.025 0.019 0.197 0.060 
 49 TMA-ZAIN-G-    (9)   :  0.012 0.009 0.034 0.824 0.030 0.021 0.005 0.009 0.005 0.039 0.007 0.004 
 50 TMA-ZAIN-G-    (0)   :  0.025 0.052 0.009 0.850 0.004 0.006 0.014 0.020 0.006 0.004 0.003 0.008 
 51 TMA-ZAIN-G-    (0)   :  0.018 0.015 0.005 0.839 0.007 0.015 0.006 0.009 0.006 0.007 0.014 0.058 
 52 TMA-ZAIN-G-    (0)   :  0.022 0.007 0.010 0.770 0.006 0.114 0.006 0.007 0.008 0.003 0.031 0.014 
 53 TMA-ZAIN-G-    (0)   :  0.009 0.014 0.006 0.596 0.009 0.054 0.182 0.015 0.007 0.006 0.060 0.041 
 54 TMA-ZAIN-G-    (0)   :  0.010 0.009 0.006 0.007 0.007 0.004 0.004 0.005 0.004 0.003 0.933 0.008 
 55 TMA-ZAIN-G-    (0)   :  0.024 0.025 0.008 0.018 0.007 0.004 0.003 0.005 0.007 0.003 0.880 0.018 
 56 TMA-ZAIN-G-    (0)   :  0.069 0.299 0.029 0.031 0.004 0.390 0.009 0.039 0.007 0.025 0.056 0.041 
 57 TMA-ZAIN-G-    (0)   :  0.005 0.005 0.019 0.024 0.006 0.012 0.009 0.010 0.003 0.008 0.895 0.005 
 58 TMA-ZAIN-G-    (0)   :  0.296 0.022 0.014 0.324 0.136 0.015 0.019 0.005 0.112 0.008 0.042 0.008 
 59 TMA-ZAIN-G-    (0)   :  0.046 0.076 0.055 0.019 0.029 0.050 0.557 0.090 0.023 0.016 0.025 0.014 
 60 TMA-ZAIN-G-    (0)   :  0.138 0.021 0.009 0.175 0.111 0.035 0.321 0.010 0.011 0.007 0.021 0.141 
 61 TMA-ZAIN-G-    (0)   :  0.007 0.003 0.004 0.009 0.016 0.030 0.890 0.004 0.017 0.003 0.012 0.004 
 62 TMA-ZAIN-G-    (9)   :  0.041 0.017 0.028 0.018 0.009 0.003 0.831 0.015 0.016 0.007 0.011 0.005 
 63 TMA-ZAIN-G-    (0)   :  0.017 0.010 0.011 0.024 0.217 0.015 0.659 0.005 0.009 0.003 0.016 0.014 
 64 TMA-ZAIN-G-    (0)   :  0.003 0.005 0.005 0.002 0.002 0.003 0.002 0.007 0.002 0.959 0.003 0.005 
 65 TMA-ZAIN-G-    (9)   :  0.006 0.008 0.019 0.003 0.004 0.005 0.003 0.007 0.002 0.931 0.007 0.005 
 66 TMA-ZAIN-G-    (0)   :  0.004 0.010 0.014 0.003 0.003 0.005 0.003 0.019 0.003 0.928 0.004 0.005 
 67 TMA-ZAIN-G-    (0)   :  0.014 0.014 0.034 0.010 0.003 0.004 0.004 0.078 0.014 0.816 0.005 0.003 
 68 TMA-ZAIN-G-    (0)   :  0.004 0.006 0.005 0.003 0.003 0.004 0.002 0.005 0.002 0.956 0.004 0.006 
 69 TMA-ZAIN-G-    (0)   :  0.007 0.007 0.053 0.024 0.036 0.024 0.011 0.038 0.025 0.752 0.008 0.016 
 70 TMA-ZAIN-G-    (0)   :  0.005 0.006 0.014 0.005 0.003 0.004 0.003 0.932 0.005 0.015 0.003 0.005 
 71 TMA-ZAIN-G-    (0)   :  0.004 0.005 0.015 0.004 0.003 0.004 0.003 0.948 0.003 0.005 0.004 0.003 
 72 TMA-ZAIN-G-    (0)   :  0.009 0.015 0.014 0.005 0.005 0.005 0.004 0.903 0.004 0.020 0.008 0.010 
 73 TMA-ZAIN-G-    (0)   :  0.022 0.007 0.013 0.020 0.017 0.004 0.020 0.845 0.023 0.006 0.019 0.004 
 74 TMA-ZAIN-G-    (0)   :  0.008 0.007 0.013 0.009 0.004 0.003 0.008 0.923 0.007 0.006 0.008 0.004 
 75 TMA-ZAIN-G-    (0)   :  0.008 0.006 0.015 0.006 0.005 0.005 0.005 0.924 0.003 0.006 0.011 0.005 
 76 TMA-ZAIN-G-    (0)   :  0.005 0.005 0.010 0.013 0.004 0.003 0.006 0.920 0.021 0.006 0.004 0.003 
 77 TMA-ZAIN-G-    (0)   :  0.006 0.009 0.005 0.007 0.003 0.010 0.003 0.934 0.005 0.005 0.004 0.008 
 78 TMA-ZAIN-G-    (0)   :  0.009 0.007 0.020 0.021 0.006 0.012 0.007 0.879 0.020 0.005 0.008 0.006 
 79 TMA-ZAIN-G-    (0)   :  0.005 0.008 0.010 0.012 0.004 0.043 0.003 0.886 0.012 0.004 0.006 0.007 
 80 TMA-ZAIN-G-    (0)   :  0.007 0.030 0.173 0.004 0.003 0.007 0.003 0.730 0.006 0.023 0.012 0.004 
 81 TMA-ZAIN-G-    (0)   :  0.007 0.010 0.017 0.007 0.004 0.028 0.004 0.901 0.006 0.004 0.005 0.007 
 82 TMA-ZAIN-G-    (0)   :  0.008 0.012 0.227 0.006 0.011 0.010 0.005 0.441 0.003 0.250 0.020 0.007 
 83 TMA-ZAIN-G-    (9)   :  0.036 0.017 0.716 0.014 0.049 0.006 0.028 0.029 0.023 0.059 0.018 0.005 
 84 TMA-ZAIN-G-    (0)   :  0.005 0.007 0.015 0.011 0.003 0.010 0.004 0.913 0.018 0.005 0.004 0.005 
 85 TMA-ZAIN-G-    (0)   :  0.004 0.003 0.003 0.004 0.004 0.960 0.004 0.004 0.004 0.003 0.004 0.004 
 86 TMA-ZAIN-G-    (0)   :  0.005 0.008 0.008 0.004 0.003 0.943 0.004 0.007 0.005 0.005 0.005 0.003 
 87 TMA-ZAIN-G-    (0)   :  0.004 0.003 0.003 0.003 0.005 0.961 0.004 0.003 0.005 0.003 0.003 0.003 
 88 TMA-ZAIN-G-    (0)   :  0.010 0.016 0.170 0.011 0.021 0.354 0.191 0.037 0.012 0.067 0.092 0.019 
 89 TMA-ZAIN-G-    (0)   :  0.004 0.014 0.037 0.008 0.012 0.254 0.059 0.046 0.031 0.029 0.458 0.048 
 90 TMA-ZAIN-G-    (0)   :  0.006 0.005 0.025 0.007 0.044 0.845 0.004 0.005 0.004 0.013 0.039 0.004 
 91 TMA-ZAIN-G-    (0)   :  0.017 0.008 0.008 0.006 0.006 0.784 0.090 0.010 0.006 0.011 0.039 0.015 
 92 TMA-ZAIN-G-    (0)   :  0.027 0.009 0.007 0.036 0.013 0.492 0.009 0.010 0.036 0.006 0.341 0.012 
 93 TMA-ZAIN-G-    (0)   :  0.102 0.007 0.005 0.024 0.009 0.189 0.053 0.007 0.015 0.007 0.555 0.026 
 94 TMA-ZAIN-G-    (0)   :  0.015 0.004 0.004 0.010 0.022 0.726 0.139 0.005 0.009 0.004 0.056 0.006 
 95 TMA-ZAIN-G-    (0)   :  0.891 0.009 0.005 0.028 0.018 0.005 0.004 0.008 0.005 0.007 0.004 0.015 
 96 TMA-ZAIN-G-    (0)   :  0.817 0.037 0.011 0.075 0.005 0.009 0.006 0.004 0.006 0.004 0.005 0.020 
 97 TMA-ZAIN-G-    (0)   :  0.005 0.005 0.004 0.025 0.160 0.006 0.748 0.014 0.006 0.006 0.015 0.006 
 98 TMA-ZAIN-G-    (0)   :  0.003 0.004 0.003 0.004 0.184 0.005 0.758 0.015 0.003 0.004 0.012 0.004 
 99 TMA-ZAIN-G-    (0)   :  0.008 0.051 0.064 0.006 0.030 0.005 0.690 0.115 0.010 0.011 0.004 0.007 
100 TMA-ZAIN-G-    (0)   :  0.007 0.003 0.003 0.022 0.008 0.020 0.898 0.004 0.010 0.004 0.015 0.005 
101 TMA-ZAIN-G-    (0)   :  0.009 0.007 0.013 0.020 0.065 0.003 0.827 0.029 0.005 0.004 0.010 0.007 
102 TMA-ZAIN-G-    (0)   :  0.013 0.015 0.013 0.029 0.773 0.040 0.009 0.012 0.069 0.008 0.005 0.013 
103 TMA-ZAIN-G-    (0)   :  0.011 0.007 0.010 0.020 0.885 0.026 0.009 0.007 0.012 0.005 0.005 0.006 
104 TMA-ZAIN-G-    (0)   :  0.004 0.003 0.003 0.005 0.959 0.003 0.007 0.003 0.006 0.002 0.003 0.003 
105 TMA-ZAIN-G-    (0)   :  0.010 0.007 0.010 0.009 0.897 0.032 0.006 0.007 0.006 0.005 0.004 0.005 
106 TMA-ZAIN-G-    (0)   :  0.006 0.550 0.064 0.004 0.004 0.007 0.003 0.206 0.003 0.049 0.006 0.098 
107 TMA-ZAIN-G-    (0)   :  0.006 0.018 0.332 0.005 0.005 0.005 0.004 0.598 0.003 0.010 0.006 0.009 
108 TMA-ZAIN-G-    (9)   :  0.011 0.131 0.086 0.041 0.020 0.052 0.409 0.154 0.026 0.010 0.011 0.050 
109 TMA-ZAIN-G-    (0)   :  0.028 0.273 0.139 0.007 0.029 0.011 0.307 0.013 0.004 0.120 0.047 0.021 
110 TMA-ZAIN-G-    (0)   :  0.028 0.199 0.279 0.099 0.047 0.023 0.056 0.107 0.120 0.008 0.016 0.018 
111 TMA-ZAIN-G-    (9)   :  0.021 0.014 0.263 0.087 0.201 0.007 0.198 0.046 0.112 0.017 0.030 0.004 
112 TMA-ZAIN-G-    (0)   :  0.037 0.275 0.124 0.055 0.238 0.014 0.087 0.049 0.034 0.026 0.025 0.038 
113 TMA-ZAIN-G-    (0)   :  0.004 0.005 0.009 0.004 0.012 0.005 0.913 0.012 0.008 0.007 0.016 0.004 
114 TMA-ZAIN-G-    (0)   :  0.004 0.002 0.003 0.004 0.005 0.005 0.956 0.003 0.008 0.002 0.004 0.002 
115 TMA-ZAIN-G-    (0)   :  0.004 0.003 0.004 0.004 0.008 0.003 0.956 0.003 0.005 0.003 0.004 0.003 
116 TMA-ZAIN-G-    (0)   :  0.008 0.008 0.919 0.003 0.007 0.005 0.005 0.012 0.003 0.013 0.012 0.005 
117 TMA-ZAIN-G-    (0)   :  0.047 0.204 0.130 0.010 0.012 0.048 0.008 0.140 0.003 0.288 0.044 0.067 
118 TMA-ZAIN-G-    (0)   :  0.011 0.017 0.876 0.005 0.007 0.006 0.004 0.013 0.003 0.028 0.010 0.020 
119 TMA-ZAIN-G-    (0)   :  0.018 0.009 0.799 0.020 0.023 0.005 0.020 0.036 0.017 0.037 0.011 0.006 
120 TMA-ZAIN-G-    (0)   :  0.025 0.025 0.782 0.011 0.014 0.015 0.006 0.021 0.004 0.024 0.013 0.061 
121 TMA-ZAIN-G-    (0)   :  0.045 0.078 0.569 0.008 0.016 0.013 0.008 0.043 0.003 0.173 0.021 0.023 
122 TMA-ZAIN-G-    (0)   :  0.110 0.153 0.328 0.007 0.005 0.105 0.006 0.215 0.007 0.038 0.013 0.013 
123 TMA-ZAIN-G-    (0)   :  0.008 0.005 0.006 0.016 0.023 0.009 0.900 0.005 0.008 0.004 0.006 0.010 
124 TMA-ZAIN-G-    (0)   :  0.007 0.937 0.008 0.005 0.006 0.008 0.004 0.007 0.002 0.004 0.004 0.009 
125 TMA-ZAIN-G-    (0)   :  0.006 0.808 0.006 0.004 0.003 0.008 0.002 0.007 0.002 0.035 0.097 0.022 
126 TMA-ZAIN-G-    (0)   :  0.004 0.891 0.020 0.004 0.004 0.006 0.004 0.006 0.003 0.005 0.009 0.042 
127 TMA-ZAIN-G-    (0)   :  0.004 0.944 0.010 0.003 0.003 0.005 0.003 0.005 0.003 0.006 0.004 0.010 
128 TMA-ZAIN-G-    (0)   :  0.011 0.914 0.013 0.003 0.005 0.006 0.004 0.008 0.003 0.018 0.006 0.009 
129 TMA-ZAIN-G-    (0)   :  0.006 0.929 0.008 0.004 0.006 0.007 0.005 0.006 0.003 0.006 0.007 0.012 
130 TMA-ZAIN-G-    (0)   :  0.010 0.806 0.023 0.005 0.008 0.007 0.006 0.007 0.003 0.009 0.041 0.075 
131 TMA-ZAIN-G-    (0)   :  0.008 0.931 0.008 0.005 0.005 0.009 0.003 0.006 0.003 0.004 0.004 0.014 
132 TMA-ZAIN-G-    (0)   :  0.011 0.848 0.020 0.004 0.005 0.007 0.004 0.014 0.003 0.043 0.028 0.014 
133 TMA-ZAIN-G-    (0)   :  0.012 0.527 0.052 0.016 0.003 0.050 0.003 0.088 0.012 0.085 0.028 0.123 
134 TMA-ZAIN-G-    (0)   :  0.005 0.403 0.067 0.008 0.003 0.043 0.004 0.064 0.009 0.076 0.021 0.296 
135 TMA-ZAIN-G-    (0)   :  0.004 0.184 0.502 0.005 0.003 0.033 0.005 0.196 0.006 0.028 0.014 0.020 
136 TMA-ZAIN-G-    (0)   :  0.010 0.088 0.168 0.004 0.004 0.006 0.010 0.070 0.005 0.610 0.018 0.007 
137 TMA-ZAIN-G-    (0)   :  0.004 0.042 0.798 0.007 0.004 0.024 0.007 0.086 0.009 0.006 0.006 0.006 
138 TMA-ZAIN-G-    (0)   :  0.004 0.630 0.275 0.003 0.003 0.004 0.004 0.025 0.002 0.012 0.015 0.022 
139 TMA-ZAIN-G-    (0)   :  0.004 0.320 0.470 0.004 0.003 0.013 0.006 0.057 0.005 0.012 0.087 0.018 
140 TMA-ZAIN-G-    (0)   :  0.010 0.116 0.679 0.004 0.004 0.005 0.003 0.154 0.004 0.010 0.004 0.006 
141 TMA-ZAIN-G-    (0)   :  0.007 0.111 0.330 0.005 0.007 0.015 0.005 0.479 0.003 0.008 0.006 0.023 
142 TMA-ZAIN-G-    (9)   :  0.007 0.048 0.661 0.004 0.004 0.007 0.003 0.240 0.003 0.012 0.004 0.007 
143 TMA-ZAIN-G-    (0)   :  0.010 0.277 0.589 0.004 0.004 0.007 0.004 0.072 0.003 0.015 0.005 0.010 
144 TMA-ZAIN-G-    (0)   :  0.021 0.154 0.730 0.010 0.004 0.011 0.003 0.019 0.006 0.006 0.023 0.013 
145 TMA-ZAIN-G-    (0)   :  0.008 0.055 0.451 0.004 0.004 0.005 0.003 0.133 0.002 0.315 0.015 0.006 
146 TMA-ZAIN-G-    (0)   :  0.003 0.007 0.091 0.003 0.003 0.004 0.003 0.869 0.003 0.005 0.003 0.005 
147 TMA-ZAIN-G-    (9)   :  0.004 0.017 0.175 0.003 0.003 0.005 0.003 0.767 0.003 0.008 0.004 0.007 
148 TMA-ZAIN-G-    (0)   :  0.003 0.096 0.118 0.004 0.003 0.005 0.003 0.619 0.003 0.005 0.038 0.104 
149 TMA-ZAIN-G-    (0)   :  0.015 0.154 0.229 0.010 0.022 0.024 0.016 0.413 0.012 0.008 0.063 0.035 
150 TMA-ZAIN-G-    (0)   :  0.015 0.028 0.382 0.008 0.035 0.012 0.012 0.322 0.009 0.066 0.091 0.021 
151 TMA-ZAIN-G-    (0)   :  0.005 0.057 0.887 0.003 0.003 0.003 0.003 0.007 0.002 0.012 0.004 0.015 
152 TMA-ZAIN-G-    (0)   :  0.004 0.008 0.951 0.003 0.003 0.003 0.003 0.005 0.002 0.006 0.004 0.007 
153 TMA-ZAIN-G-    (0)   :  0.004 0.103 0.808 0.003 0.005 0.004 0.003 0.018 0.003 0.013 0.011 0.025 
154 TMA-ZAIN-G-    (0)   :  0.004 0.008 0.951 0.003 0.004 0.004 0.003 0.007 0.002 0.005 0.005 0.005 
155 TMA-ZAIN-G-    (0)   :  0.004 0.012 0.929 0.003 0.005 0.005 0.004 0.018 0.003 0.008 0.003 0.007 
156 TMA-ZAIN-G-    (9)   :  0.004 0.054 0.852 0.004 0.006 0.003 0.005 0.007 0.003 0.003 0.013 0.047 
157 TMA-ZAIN-G-    (0)   :  0.004 0.080 0.768 0.004 0.005 0.004 0.004 0.017 0.003 0.006 0.006 0.100 
158 TMA-ZAIN-G-    (0)   :  0.005 0.010 0.938 0.004 0.004 0.004 0.003 0.017 0.003 0.004 0.004 0.004 
159 TMA-ZAIN-G-    (0)   :  0.003 0.008 0.722 0.003 0.004 0.004 0.004 0.230 0.002 0.010 0.005 0.004 
160 TMA-ZAIN-G-    (0)   :  0.003 0.006 0.864 0.003 0.005 0.004 0.004 0.081 0.002 0.016 0.007 0.004 
161 TMA-ZAIN-G-    (0)   :  0.006 0.158 0.727 0.006 0.003 0.006 0.003 0.038 0.002 0.007 0.021 0.024 
162 TMA-ZAIN-G-    (0)   :  0.009 0.010 0.889 0.005 0.020 0.010 0.015 0.009 0.011 0.006 0.011 0.004 
163 TMA-ZAIN-G-    (0)   :  0.003 0.007 0.959 0.003 0.003 0.003 0.003 0.008 0.002 0.004 0.003 0.003 
164 TMA-ZAIN-G-    (0)   :  0.005 0.008 0.941 0.003 0.005 0.007 0.004 0.008 0.003 0.005 0.006 0.004 
165 TMA-ZAIN-G-    (0)   :  0.003 0.009 0.943 0.003 0.004 0.003 0.004 0.017 0.003 0.005 0.003 0.003 
166 TMA-ZAIN-G-    (0)   :  0.004 0.094 0.711 0.003 0.003 0.006 0.003 0.145 0.002 0.012 0.010 0.006 
167 TMA-ZAIN-G-    (0)   :  0.007 0.036 0.117 0.006 0.006 0.007 0.005 0.797 0.005 0.005 0.004 0.007 
168 TMA-ZAIN-G-    (0)   :  0.005 0.011 0.032 0.005 0.005 0.005 0.007 0.870 0.003 0.014 0.004 0.039 
169 TMA-ZAIN-G-    (0)   :  0.004 0.009 0.036 0.003 0.004 0.005 0.004 0.832 0.003 0.090 0.005 0.005 
170 TMA-ZAIN-G-    (0)   :  0.007 0.125 0.102 0.034 0.008 0.005 0.017 0.565 0.007 0.020 0.004 0.106 
171 TMA-ZAIN-G-    (0)   :  0.004 0.006 0.025 0.003 0.003 0.004 0.003 0.922 0.003 0.019 0.004 0.004 
172 TMA-ZAIN-G-    (0)   :  0.005 0.789 0.051 0.006 0.004 0.006 0.004 0.099 0.004 0.005 0.004 0.022 
173 TMA-ZAIN-G-    (0)   :  0.007 0.880 0.023 0.006 0.004 0.006 0.003 0.039 0.004 0.006 0.005 0.017 
174 TMA-ZAIN-G-    (0)   :  0.006 0.712 0.078 0.003 0.003 0.005 0.003 0.124 0.002 0.048 0.009 0.006 
175 TMA-ZAIN-G-    (0)   :  0.004 0.006 0.037 0.003 0.004 0.005 0.003 0.919 0.003 0.008 0.004 0.004 
176 TMA-ZAIN-G-    (0)   :  0.003 0.008 0.062 0.003 0.003 0.006 0.003 0.895 0.003 0.005 0.003 0.005 
177 TMA-ZAIN-G-    (0)   :  0.004 0.034 0.170 0.005 0.003 0.005 0.005 0.733 0.003 0.004 0.003 0.031 
178 TMA-ZAIN-G-    (0)   :  0.008 0.498 0.194 0.007 0.004 0.006 0.005 0.198 0.004 0.004 0.004 0.068 
179 TMA-ZAIN-G-    (0)   :  0.006 0.134 0.273 0.005 0.003 0.007 0.003 0.509 0.003 0.010 0.005 0.043 
180 TMA-ZAIN-G-    (0)   :  0.012 0.807 0.027 0.006 0.004 0.029 0.004 0.013 0.007 0.060 0.013 0.018 
181 TMA-ZAIN-G-    (0)   :  0.004 0.756 0.050 0.004 0.004 0.003 0.005 0.015 0.003 0.006 0.005 0.146 
182 TMA-ZAIN-G-    (0)   :  0.005 0.785 0.032 0.005 0.007 0.007 0.007 0.010 0.003 0.003 0.005 0.133 
183 TMA-ZAIN-G-    (0)   :  0.004 0.684 0.033 0.004 0.004 0.004 0.005 0.019 0.003 0.005 0.004 0.230 
184 TMA-ZAIN-G-    (0)   :  0.013 0.748 0.069 0.010 0.030 0.017 0.023 0.014 0.012 0.009 0.017 0.038 
185 TMA-ZAIN-G-    (0)   :  0.040 0.850 0.010 0.010 0.013 0.012 0.011 0.006 0.017 0.005 0.021 0.005 
186 TMA-ZAIN-G-    (9)   :  0.013 0.926 0.013 0.007 0.004 0.005 0.003 0.009 0.005 0.006 0.005 0.005 
187 TMA-ZAIN-G-    (0)   :  0.005 0.861 0.033 0.005 0.004 0.004 0.004 0.044 0.003 0.016 0.003 0.018 
188 TMA-ZAIN-G-    (0)   :  0.005 0.891 0.017 0.004 0.003 0.003 0.003 0.041 0.003 0.017 0.004 0.009 
189 TMA-ZAIN-G-    (0)   :  0.004 0.947 0.007 0.003 0.003 0.004 0.003 0.006 0.002 0.010 0.002 0.009 
190 TMA-ZAIN-G-    (0)   :  0.007 0.747 0.022 0.007 0.003 0.004 0.003 0.083 0.003 0.025 0.005 0.090 
191 TMA-ZAIN-G-    (0)   :  0.010 0.884 0.008 0.008 0.012 0.015 0.011 0.014 0.018 0.006 0.008 0.005 
192 TMA-ZAIN-G-    (0)   :  0.003 0.890 0.009 0.007 0.003 0.017 0.004 0.015 0.011 0.004 0.004 0.031 
193 TMA-ZAIN-G-    (0)   :  0.003 0.005 0.003 0.003 0.003 0.004 0.002 0.003 0.002 0.004 0.004 0.964 
194 TMA-ZAIN-G-    (0)   :  0.020 0.046 0.005 0.011 0.002 0.005 0.002 0.007 0.007 0.010 0.012 0.873 
195 TMA-ZAIN-G-    (0)   :  0.005 0.053 0.016 0.013 0.003 0.004 0.002 0.041 0.002 0.037 0.005 0.818 
196 TMA-ZAIN-G-    (0)   :  0.006 0.013 0.006 0.003 0.003 0.004 0.003 0.005 0.002 0.010 0.005 0.941 
197 TMA-ZAIN-G-    (0)   :  0.004 0.010 0.008 0.004 0.003 0.008 0.002 0.008 0.003 0.009 0.005 0.935 
198 TMA-ZAIN-G-    (0)   :  0.003 0.012 0.008 0.003 0.003 0.004 0.003 0.009 0.003 0.007 0.004 0.941 
199 TMA-ZAIN-G-    (0)   :  0.010 0.936 0.010 0.005 0.004 0.004 0.003 0.007 0.004 0.005 0.005 0.006 
200 TMA-ZAIN-G-    (0)   :  0.014 0.005 0.003 0.098 0.013 0.006 0.017 0.003 0.789 0.003 0.003 0.046 
201 TMA-ZAIN-G-    (0)   :  0.010 0.003 0.003 0.026 0.011 0.006 0.005 0.004 0.918 0.005 0.003 0.003 
202 TMA-ZAIN-G-    (0)   :  0.008 0.009 0.006 0.039 0.008 0.004 0.023 0.004 0.857 0.003 0.002 0.036 
203 TMA-ZAIN-G-    (0)   :  0.006 0.049 0.028 0.004 0.014 0.005 0.025 0.017 0.002 0.004 0.005 0.840 
204 TMA-ZAIN-G-    (9)   :  0.006 0.006 0.005 0.041 0.004 0.077 0.006 0.022 0.789 0.011 0.026 0.008 
205 TMA-ZAIN-G-    (0)   :  0.006 0.009 0.090 0.114 0.006 0.022 0.006 0.029 0.691 0.007 0.012 0.007 
206 TMA-ZAIN-G-    (9)   :  0.012 0.019 0.010 0.078 0.010 0.157 0.020 0.011 0.598 0.009 0.012 0.063 
207 TMA-ZAIN-G-    (9)   :  0.094 0.030 0.568 0.030 0.009 0.072 0.010 0.035 0.008 0.070 0.062 0.011 
208 TMA-ZAIN-G-    (0)   :  0.011 0.035 0.600 0.004 0.003 0.003 0.003 0.269 0.003 0.061 0.004 0.004 
209 TMA-ZAIN-G-    (0)   :  0.004 0.428 0.097 0.004 0.003 0.011 0.003 0.142 0.003 0.018 0.051 0.237 
210 TMA-ZAIN-G-    (0)   :  0.010 0.215 0.096 0.005 0.004 0.013 0.003 0.141 0.003 0.109 0.016 0.386 
211 TMA-ZAIN-G-    (0)   :  0.020 0.550 0.056 0.026 0.008 0.011 0.012 0.146 0.021 0.032 0.013 0.106 
212 TMA-ZAIN-G-    (0)   :  0.010 0.543 0.327 0.005 0.003 0.027 0.004 0.029 0.005 0.017 0.008 0.023 
213 TMA-ZAIN-G-    (0)   :  0.005 0.485 0.333 0.005 0.004 0.005 0.003 0.096 0.004 0.008 0.009 0.043 
214 TMA-ZAIN-G-    (0)   :  0.004 0.615 0.183 0.004 0.003 0.005 0.003 0.086 0.003 0.050 0.008 0.035 
215 TMA-ZAIN-G-    (0)   :  0.005 0.302 0.099 0.269 0.003 0.003 0.003 0.295 0.008 0.005 0.002 0.005 
216 TMA-ZAIN-G-    (0)   :  0.006 0.921 0.019 0.005 0.003 0.005 0.003 0.013 0.004 0.005 0.007 0.009 
217 TMA-ZAIN-G-    (0)   :  0.003 0.370 0.093 0.004 0.004 0.007 0.003 0.259 0.003 0.142 0.009 0.102 
218 TMA-ZAIN-G-    (0)   :  0.014 0.007 0.006 0.928 0.008 0.004 0.005 0.006 0.004 0.008 0.005 0.003 
219 TMA-ZAIN-G-    (0)   :  0.008 0.005 0.005 0.935 0.005 0.013 0.005 0.004 0.007 0.003 0.008 0.004 
220 TMA-ZAIN-G-    (0)   :  0.068 0.009 0.027 0.675 0.156 0.010 0.010 0.012 0.005 0.015 0.007 0.006 
221 TMA-ZAIN-G-    (0)   :  0.010 0.016 0.009 0.907 0.003 0.011 0.004 0.008 0.014 0.006 0.005 0.007 
222 TMA-ZAIN-G-    (0)   :  0.006 0.008 0.014 0.874 0.036 0.019 0.005 0.008 0.006 0.011 0.008 0.005 
223 TMA-ZAIN-G-    (0)   :  0.017 0.005 0.004 0.925 0.005 0.014 0.006 0.004 0.008 0.004 0.006 0.003 
224 TMA-ZAIN-G-    (0)   :  0.011 0.017 0.006 0.814 0.017 0.094 0.007 0.006 0.008 0.005 0.007 0.008 
225 TMA-ZAIN-G-    (0)   :  0.009 0.005 0.004 0.932 0.011 0.005 0.006 0.003 0.008 0.002 0.004 0.010 
226 TMA-ZAIN-G-    (0)   :  0.013 0.009 0.007 0.901 0.006 0.009 0.012 0.007 0.006 0.005 0.005 0.019 
227 TMA-ZAIN-G-    (0)   :  0.007 0.008 0.008 0.910 0.006 0.005 0.010 0.008 0.012 0.004 0.004 0.017 
228 TMA-ZAIN-G-    (0)   :  0.015 0.010 0.015 0.865 0.007 0.016 0.017 0.025 0.009 0.008 0.006 0.007 
229 TMA-ZAIN-G-    (0)   :  0.008 0.003 0.003 0.910 0.015 0.007 0.013 0.004 0.022 0.007 0.006 0.003 
230 TMA-ZAIN-G-    (0)   :  0.010 0.032 0.008 0.521 0.022 0.292 0.017 0.049 0.005 0.016 0.013 0.014 
231 TMA-ZAIN-G-    (0)   :  0.012 0.011 0.023 0.181 0.301 0.081 0.009 0.033 0.322 0.009 0.009 0.009 
232 TMA-ZAIN-G-    (9)   :  0.005 0.023 0.012 0.249 0.140 0.019 0.047 0.012 0.439 0.036 0.010 0.008 
233 TMA-ZAIN-G-    (0)   :  0.015 0.012 0.010 0.830 0.006 0.019 0.005 0.026 0.015 0.044 0.011 0.007 
234 TMA-ZAIN-G-    (0)   :  0.007 0.005 0.009 0.638 0.222 0.005 0.026 0.005 0.037 0.007 0.027 0.012 
235 TMA-ZAIN-G-    (0)   :  0.035 0.031 0.015 0.588 0.010 0.027 0.206 0.041 0.014 0.005 0.009 0.019 
236 TMA-ZAIN-G-    (0)   :  0.008 0.011 0.013 0.822 0.008 0.046 0.031 0.013 0.018 0.007 0.004 0.022 
237 TMA-ZAIN-G-    (0)   :  0.020 0.026 0.027 0.361 0.048 0.157 0.117 0.202 0.010 0.016 0.006 0.009 
238 TMA-ZAIN-G-    (0)   :  0.007 0.023 0.029 0.808 0.016 0.007 0.050 0.029 0.017 0.005 0.004 0.006 
239 TMA-ZAIN-G-    (0)   :  0.003 0.028 0.005 0.008 0.004 0.020 0.007 0.004 0.744 0.016 0.028 0.134 
240 TMA-ZAIN-G-    (0)   :  0.003 0.003 0.003 0.006 0.004 0.008 0.004 0.004 0.953 0.003 0.006 0.004 
241 TMA-ZAIN-G-    (0)   :  0.002 0.004 0.006 0.005 0.003 0.005 0.005 0.012 0.945 0.005 0.004 0.004 
242 TMA-ZAIN-G-    (0)   :  0.003 0.004 0.006 0.005 0.003 0.004 0.004 0.006 0.955 0.005 0.003 0.003 
243 TMA-ZAIN-G-    (0)   :  0.003 0.006 0.007 0.005 0.002 0.005 0.003 0.014 0.937 0.008 0.006 0.004 
244 TMA-ZAIN-G-    (0)   :  0.003 0.006 0.015 0.005 0.003 0.003 0.005 0.014 0.932 0.008 0.003 0.003 
245 TMA-ZAIN-G-    (9)   :  0.003 0.003 0.003 0.005 0.003 0.003 0.004 0.003 0.965 0.002 0.003 0.003 
246 TMA-ZAIN-G-    (0)   :  0.004 0.003 0.003 0.005 0.002 0.004 0.002 0.003 0.965 0.003 0.004 0.002 
247 TMA-ZAIN-G-    (0)   :  0.005 0.004 0.004 0.004 0.002 0.004 0.002 0.004 0.960 0.005 0.004 0.002 
248 TMA-ZAIN-G-    (0)   :  0.005 0.006 0.006 0.008 0.003 0.004 0.006 0.006 0.938 0.005 0.004 0.010 
249 TMA-ZAIN-G-    (0)   :  0.005 0.005 0.003 0.006 0.003 0.005 0.003 0.003 0.954 0.003 0.003 0.007 
250 TMA-ZAIN-G-    (0)   :  0.005 0.004 0.003 0.005 0.002 0.005 0.003 0.003 0.957 0.005 0.003 0.004 
251 TMA-ZAIN-G-    (0)   :  0.006 0.005 0.004 0.004 0.006 0.009 0.005 0.003 0.003 0.003 0.947 0.005 
252 TMA-ZAIN-G-    (0)   :  0.003 0.006 0.028 0.009 0.004 0.004 0.003 0.035 0.003 0.028 0.873 0.004 
253 TMA-ZAIN-G-    (0)   :  0.003 0.004 0.008 0.003 0.008 0.004 0.003 0.004 0.004 0.005 0.950 0.004 
254 TMA-ZAIN-G-    (9)   :  0.005 0.009 0.023 0.004 0.012 0.006 0.004 0.008 0.003 0.010 0.909 0.005 
255 TMA-ZAIN-G-    (0)   :  0.003 0.005 0.006 0.003 0.014 0.004 0.005 0.004 0.017 0.006 0.929 0.004 
256 TMA-ZAIN-G-    (0)   :  0.003 0.007 0.008 0.006 0.010 0.018 0.005 0.008 0.011 0.005 0.893 0.025 
257 TMA-ZAIN-G-    (0)   :  0.003 0.004 0.003 0.004 0.004 0.012 0.004 0.004 0.005 0.003 0.942 0.012 
258 TMA-ZAIN-G-    (0)   :  0.003 0.003 0.003 0.003 0.004 0.006 0.003 0.003 0.003 0.004 0.961 0.005 
259 TMA-ZAIN-G-    (0)   :  0.005 0.004 0.003 0.004 0.004 0.022 0.003 0.003 0.006 0.005 0.935 0.006 
260 TMA-ZAIN-G-    (0)   :  0.006 0.004 0.003 0.004 0.005 0.014 0.003 0.004 0.005 0.008 0.939 0.005 
261 TMA-ZAIN-G-   (18)   :  0.013 0.007 0.005 0.005 0.005 0.020 0.005 0.005 0.004 0.010 0.913 0.008 
262 TMA-ZAIN-G-    (0)   :  0.003 0.003 0.003 0.004 0.004 0.007 0.004 0.003 0.003 0.003 0.957 0.006 
263 TMA-ZAIN-G-    (0)   :  0.003 0.003 0.004 0.004 0.007 0.007 0.004 0.003 0.003 0.004 0.953 0.004 
264 TMA-ZAIN-G-    (0)   :  0.004 0.004 0.005 0.004 0.012 0.007 0.005 0.003 0.003 0.004 0.943 0.006 
265 TMA-ZAIN-G-    (0)   :  0.023 0.027 0.021 0.235 0.021 0.430 0.005 0.027 0.011 0.027 0.162 0.011 
266 TMA-ZAIN-G-    (0)   :  0.081 0.096 0.036 0.013 0.013 0.021 0.010 0.018 0.009 0.021 0.629 0.053 
267 TMA-ZAIN-G-    (0)   :  0.118 0.011 0.009 0.021 0.055 0.251 0.017 0.026 0.305 0.016 0.164 0.008 
268 TMA-ZAIN-G-    (0)   :  0.008 0.003 0.005 0.005 0.103 0.009 0.035 0.005 0.815 0.004 0.005 0.003 
269 TMA-ZAIN-G-    (0)   :  0.028 0.006 0.006 0.023 0.170 0.091 0.169 0.007 0.486 0.005 0.005 0.004 
270 TMA-ZAIN-G-    (0)   :  0.014 0.004 0.005 0.017 0.057 0.178 0.080 0.006 0.627 0.004 0.005 0.004 
271 TMA-ZAIN-G-    (0)   :  0.011 0.004 0.006 0.006 0.032 0.022 0.030 0.005 0.873 0.004 0.005 0.003 
272 TMA-ZAIN-G-    (0)   :  0.027 0.005 0.005 0.067 0.032 0.034 0.025 0.005 0.790 0.003 0.004 0.004 
273 TMA-ZAIN-G-    (0)   :  0.007 0.003 0.003 0.041 0.018 0.009 0.016 0.003 0.891 0.002 0.003 0.003 
274 TMA-ZAIN-G-    (0)   :  0.017 0.020 0.007 0.017 0.156 0.008 0.009 0.013 0.695 0.008 0.008 0.042 
275 TMA-ZAIN-G-    (0)   :  0.006 0.004 0.004 0.007 0.009 0.003 0.005 0.003 0.951 0.002 0.002 0.003 
276 TMA-ZAIN-G-    (0)   :  0.003 0.003 0.004 0.005 0.005 0.006 0.014 0.004 0.948 0.003 0.003 0.003 
277 TMA-ZAIN-G-    (0)   :  0.005 0.003 0.004 0.005 0.009 0.004 0.008 0.005 0.940 0.004 0.007 0.005 
278 TMA-ZAIN-G-    (0)   :  0.005 0.003 0.003 0.006 0.006 0.010 0.005 0.003 0.948 0.003 0.005 0.003 
279 TMA-ZAIN-G-    (0)   :  0.016 0.006 0.004 0.015 0.027 0.004 0.005 0.004 0.905 0.003 0.004 0.006 
280 TMA-ZAIN-G-    (0)   :  0.016 0.008 0.006 0.117 0.122 0.007 0.043 0.005 0.663 0.002 0.003 0.008 
281 TMA-ZAIN-G-    (0)   :  0.008 0.005 0.004 0.015 0.041 0.009 0.036 0.004 0.865 0.003 0.004 0.007 
282 TMA-ZAIN-G-    (9)   :  0.006 0.003 0.003 0.007 0.015 0.006 0.012 0.003 0.933 0.003 0.005 0.003 
283 TMA-ZAIN-G-    (0)   :  0.059 0.008 0.015 0.041 0.150 0.023 0.033 0.008 0.567 0.005 0.087 0.004 
284 TMA-ZAIN-G-    (0)   :  0.050 0.012 0.014 0.060 0.305 0.046 0.031 0.007 0.393 0.004 0.073 0.005 
285 TMA-ZAIN-G-    (0)   :  0.024 0.020 0.012 0.018 0.086 0.006 0.014 0.019 0.743 0.020 0.027 0.011 
286 TMA-ZAIN-G-    (0)   :  0.013 0.004 0.003 0.009 0.081 0.011 0.020 0.003 0.842 0.003 0.008 0.003 
287 TMA-ZAIN-G-    (0)   :  0.014 0.010 0.004 0.007 0.094 0.006 0.013 0.010 0.810 0.010 0.006 0.014 
288 TMA-ZAIN-G-    (0)   :  0.102 0.016 0.007 0.025 0.458 0.006 0.010 0.012 0.327 0.007 0.009 0.021 
289 TMA-ZAIN-G-    (0)   :  0.026 0.017 0.007 0.012 0.125 0.009 0.010 0.017 0.731 0.013 0.009 0.024 
290 TMA-ZAIN-G-    (0)   :  0.035 0.007 0.005 0.016 0.641 0.005 0.018 0.004 0.255 0.003 0.005 0.006 
291 TMA-ZAIN-G-    (0)   :  0.036 0.005 0.005 0.885 0.018 0.010 0.010 0.004 0.012 0.004 0.007 0.005 
292 TMA-ZAIN-G-    (0)   :  0.008 0.089 0.145 0.021 0.008 0.008 0.009 0.665 0.011 0.006 0.004 0.026 
293 TMA-ZAIN-G-    (0)   :  0.019 0.111 0.375 0.012 0.004 0.056 0.005 0.329 0.010 0.033 0.014 0.032 
294 TMA-ZAIN-G-    (0)   :  0.006 0.011 0.084 0.004 0.003 0.012 0.003 0.852 0.004 0.011 0.005 0.004 
295 TMA-ZAIN-G-    (9)   :  0.016 0.016 0.098 0.007 0.004 0.013 0.003 0.810 0.007 0.014 0.006 0.005 
296 TMA-ZAIN-G-    (0)   :  0.015 0.061 0.368 0.011 0.017 0.042 0.010 0.407 0.006 0.006 0.007 0.049 
297 TMA-ZAIN-G-    (0)   :  0.012 0.078 0.594 0.008 0.005 0.019 0.005 0.107 0.007 0.028 0.025 0.113 
298 TMA-ZAIN-G-    (0)   :  0.008 0.010 0.049 0.010 0.006 0.134 0.010 0.735 0.011 0.010 0.013 0.005 
299 TMA-ZAIN-G-    (0)   :  0.003 0.006 0.011 0.005 0.003 0.003 0.004 0.945 0.005 0.008 0.003 0.004 
300 TMA-ZAIN-G-    (0)   :  0.011 0.027 0.015 0.006 0.003 0.009 0.002 0.882 0.006 0.028 0.005 0.007 
301 TMA-ZAIN-G-    (0)   :  0.008 0.071 0.041 0.008 0.004 0.016 0.006 0.767 0.007 0.031 0.004 0.037 
302 TMA-ZAIN-G-    (9)   :  0.006 0.061 0.173 0.006 0.004 0.013 0.003 0.701 0.003 0.007 0.005 0.018 
303 TMA-ZAIN-G-    (0)   :  0.014 0.017 0.004 0.844 0.010 0.007 0.015 0.004 0.005 0.002 0.021 0.057 
304 TMA-ZAIN-G-    (0)   :  0.017 0.104 0.088 0.006 0.014 0.014 0.017 0.017 0.010 0.160 0.513 0.039 
305 TMA-ZAIN-G-    (0)   :  0.008 0.057 0.432 0.004 0.004 0.022 0.004 0.420 0.004 0.024 0.008 0.014 
306 TMA-ZAIN-G-    (0)   :  0.012 0.056 0.177 0.008 0.054 0.008 0.073 0.174 0.021 0.018 0.375 0.024 
307 TMA-ZAIN-G-    (0)   :  0.013 0.129 0.092 0.005 0.009 0.012 0.012 0.021 0.013 0.315 0.363 0.016 
308 TMA-ZAIN-G-    (0)   :  0.061 0.007 0.004 0.083 0.068 0.014 0.011 0.005 0.016 0.010 0.709 0.013 
309 TMA-ZAIN-G-    (0)   :  0.005 0.908 0.013 0.004 0.004 0.005 0.003 0.022 0.003 0.007 0.003 0.022 
310 TMA-ZAIN-G-    (0)   :  0.015 0.038 0.144 0.012 0.004 0.047 0.007 0.688 0.020 0.009 0.010 0.004 
311 TMA-ZAIN-G-    (0)   :  0.024 0.075 0.520 0.017 0.025 0.103 0.026 0.152 0.006 0.008 0.026 0.018 
312 TMA-ZAIN-G-    (0)   :  0.033 0.822 0.041 0.011 0.005 0.006 0.005 0.035 0.005 0.009 0.009 0.020 
313 TMA-ZAIN-G-    (0)   :  0.011 0.097 0.073 0.005 0.011 0.030 0.011 0.165 0.005 0.040 0.529 0.022 
314 TMA-ZAIN-G-    (0)   :  0.303 0.027 0.008 0.028 0.185 0.015 0.172 0.008 0.221 0.008 0.013 0.011 
315 TMA-ZAIN-G-    (0)   :  0.034 0.072 0.089 0.020 0.013 0.026 0.005 0.298 0.366 0.055 0.016 0.007 
316 TMA-ZAIN-G-    (0)   :  0.049 0.042 0.101 0.041 0.008 0.018 0.011 0.275 0.385 0.048 0.015 0.007 
317 TMA-ZAIN-G-    (0)   :  0.125 0.007 0.007 0.649 0.053 0.010 0.068 0.024 0.027 0.005 0.017 0.010 
318 TMA-ZAIN-G-    (9)   :  0.043 0.006 0.006 0.078 0.031 0.023 0.392 0.015 0.354 0.011 0.031 0.010 
319 TMA-ZAIN-G-    (0)   :  0.021 0.012 0.004 0.436 0.010 0.025 0.016 0.005 0.070 0.004 0.007 0.391 
320 TMA-ZAIN-G-    (0)   :  0.007 0.043 0.078 0.422 0.005 0.012 0.004 0.390 0.006 0.019 0.004 0.009 
321 TMA-ZAIN-G-    (0)   :  0.354 0.341 0.095 0.015 0.035 0.017 0.020 0.065 0.030 0.015 0.007 0.007 
322 TMA-ZAIN-G-    (0)   :  0.166 0.165 0.190 0.163 0.086 0.023 0.020 0.070 0.007 0.038 0.065 0.008 
323 TMA-ZAIN-G-    (0)   :  0.008 0.032 0.010 0.812 0.009 0.007 0.008 0.008 0.010 0.023 0.010 0.063 
324 TMA-ZAIN-G-    (0)   :  0.015 0.019 0.856 0.006 0.007 0.020 0.005 0.011 0.004 0.010 0.014 0.033 
325 TMA-ZAIN-G-    (0)   :  0.015 0.014 0.012 0.892 0.003 0.012 0.004 0.010 0.019 0.006 0.005 0.006 
326 TMA-ZAIN-G-    (0)   :  0.009 0.023 0.010 0.579 0.003 0.006 0.002 0.005 0.003 0.006 0.017 0.337 
327 TMA-ZAIN-G-    (0)   :  0.009 0.047 0.007 0.004 0.003 0.008 0.003 0.007 0.003 0.036 0.012 0.860 
328 TMA-ZAIN-G-    (0)   :  0.046 0.090 0.021 0.131 0.305 0.014 0.032 0.010 0.070 0.174 0.011 0.096 
329 TMA-ZAIN-G-    (0)   :  0.016 0.261 0.039 0.008 0.005 0.083 0.005 0.382 0.006 0.130 0.019 0.047 
330 TMA-ZAIN-G-    (0)   :  0.017 0.761 0.021 0.006 0.005 0.015 0.003 0.063 0.003 0.059 0.031 0.016 
331 TMA-ZAIN-G-    (0)   :  0.010 0.537 0.016 0.018 0.005 0.280 0.013 0.078 0.015 0.005 0.016 0.009 
332 TMA-ZAIN-G-    (0)   :  0.006 0.636 0.039 0.003 0.002 0.003 0.003 0.013 0.002 0.010 0.005 0.276 
333 TMA-ZAIN-G-    (0)   :  0.003 0.009 0.003 0.004 0.003 0.003 0.003 0.004 0.002 0.003 0.004 0.958 
334 TMA-ZAIN-G-    (0)   :  0.010 0.003 0.004 0.011 0.009 0.014 0.014 0.004 0.918 0.003 0.005 0.003 
335 TMA-ZAIN-G-    (0)   :  0.006 0.004 0.005 0.005 0.004 0.010 0.004 0.005 0.945 0.006 0.004 0.003 
336 TMA-ZAIN-G-    (0)   :  0.029 0.008 0.008 0.014 0.018 0.085 0.010 0.010 0.801 0.006 0.007 0.005 
337 TMA-ZAIN-G-    (9)   :  0.043 0.006 0.007 0.019 0.120 0.013 0.047 0.007 0.726 0.004 0.005 0.003 
338 TMA-ZAIN-G-    (0)   :  0.009 0.004 0.004 0.009 0.055 0.008 0.027 0.004 0.867 0.003 0.006 0.003 
339 TMA-ZAIN-G-    (0)   :  0.003 0.002 0.002 0.006 0.008 0.004 0.017 0.002 0.948 0.002 0.003 0.002 
340 TMA-ZAIN-G-    (0)   :  0.004 0.003 0.003 0.006 0.005 0.014 0.007 0.003 0.947 0.003 0.002 0.002 
341 TMA-ZAIN-G-    (0)   :  0.005 0.005 0.005 0.005 0.008 0.005 0.010 0.004 0.942 0.004 0.002 0.003 
342 TMA-ZAIN-G-    (0)   :  0.005 0.004 0.004 0.009 0.007 0.055 0.008 0.005 0.892 0.004 0.003 0.003 
343 TMA-ZAIN-G-    (0)   :  0.005 0.003 0.003 0.009 0.018 0.005 0.034 0.003 0.911 0.002 0.002 0.003 
344 TMA-ZAIN-G-    (0)   :  0.012 0.006 0.004 0.013 0.017 0.004 0.005 0.004 0.922 0.003 0.004 0.006 
345 TMA-ZAIN-G-    (0)   :  0.005 0.003 0.003 0.005 0.005 0.005 0.005 0.003 0.956 0.003 0.004 0.003 
346 TMA-ZAIN-G-    (0)   :  0.006 0.010 0.005 0.023 0.014 0.005 0.025 0.007 0.887 0.003 0.005 0.010 
347 TMA-ZAIN-G-    (9)   :  0.006 0.003 0.003 0.005 0.009 0.004 0.008 0.003 0.950 0.003 0.003 0.003 
348 TMA-ZAIN-G-    (0)   :  0.019 0.004 0.005 0.011 0.040 0.012 0.012 0.005 0.874 0.004 0.008 0.005 
349 TMA-ZAIN-G-    (0)   :  0.005 0.003 0.004 0.008 0.010 0.004 0.016 0.004 0.935 0.003 0.005 0.004 
350 TMA-ZAIN-G-    (0)   :  0.025 0.008 0.007 0.081 0.028 0.017 0.032 0.008 0.779 0.005 0.004 0.007 
351 TMA-ZAIN-G-    (0)   :  0.008 0.003 0.003 0.006 0.011 0.005 0.006 0.004 0.941 0.003 0.005 0.004 
352 TMA-ZAIN-G-    (0)   :  0.008 0.006 0.007 0.006 0.008 0.060 0.008 0.008 0.874 0.007 0.005 0.003 
353 TMA-ZAIN-G-    (0)   :  0.016 0.011 0.008 0.028 0.082 0.006 0.021 0.006 0.803 0.003 0.004 0.013 
354 TMA-ZAIN-G-    (0)   :  0.011 0.009 0.007 0.013 0.017 0.003 0.004 0.004 0.924 0.002 0.003 0.006 
355 TMA-ZAIN-G-    (0)   :  0.010 0.013 0.013 0.008 0.020 0.004 0.009 0.007 0.903 0.004 0.003 0.007 
356 TMA-ZAIN-G-    (0)   :  0.004 0.004 0.911 0.012 0.003 0.004 0.002 0.006 0.002 0.036 0.012 0.002 
357 TMA-ZAIN-G-    (0)   :  0.011 0.116 0.360 0.010 0.016 0.017 0.004 0.053 0.004 0.072 0.008 0.330 
358 TMA-ZAIN-G-    (0)   :  0.037 0.428 0.080 0.017 0.044 0.033 0.029 0.136 0.014 0.153 0.015 0.015 
359 TMA-ZAIN-G-    (0)   :  0.018 0.008 0.324 0.051 0.015 0.154 0.004 0.031 0.013 0.355 0.022 0.004 
