

----------------------------------------------------
STRUCTURE by Pritchard, Stephens and Donnelly (2000)
     and Falush, Stephens and Pritchard (2003)
       Code by Pritchard, Falush and Hubisz
             Version 2.3.4 (Jul 2012)
----------------------------------------------------



Command line arguments:   bin\structure -m C:\Users\eschumacher\Documents\GitHub\GCC_QUAC_ZAIN\Data_Files\Structure_Files\ZAIN\ZAIN_rebinned_garden_wild_nopopinfo\50-50\mainparams -e C:\Users\eschumacher\Documents\GitHub\GCC_QUAC_ZAIN\Data_Files\Structure_Files\ZAIN\ZAIN_rebinned_garden_wild_nopopinfo\50-50\extraparams 
Input File:    C:\Users\eschumacher\Documents\GitHub\GCC_QUAC_ZAIN\Data_Files\Structure_Files\ZAIN\ZAIN_rebinned_garden_wild_nopopinfo\project_data

Run parameters:
   1133 individuals
   11 loci
   9 populations assumed
   50000 Burn-in period
   50000 Reps


--------------------------------------------
Overall proportion of membership of the
sample in each of the 9 clusters

Inferred Clusters
  1      2      3      4      5      6      7      8      9    
0.150  0.104  0.068  0.057  0.148  0.117  0.132  0.117  0.108  

--------------------------------------------

Allele-freq. divergence among pops (Net nucleotide distance),
computed using point estimates of P.

      1       2       3       4       5       6       7       8       9      
 1      -    0.2343  0.2700  0.3368  0.0932  0.2282  0.1464  0.2265  0.1468  
 2   0.2343     -    0.2161  0.1095  0.1537  0.0681  0.2742  0.0420  0.1720  
 3   0.2700  0.2161     -    0.2659  0.1748  0.1292  0.3441  0.2417  0.1625  
 4   0.3368  0.1095  0.2659     -    0.2162  0.1238  0.3565  0.1220  0.1861  
 5   0.0932  0.1537  0.1748  0.2162     -    0.1172  0.1233  0.1664  0.1041  
 6   0.2282  0.0681  0.1292  0.1238  0.1172     -    0.2792  0.0533  0.1435  
 7   0.1464  0.2742  0.3441  0.3565  0.1233  0.2792     -    0.3113  0.2153  
 8   0.2265  0.0420  0.2417  0.1220  0.1664  0.0533  0.3113     -    0.1873  
 9   0.1468  0.1720  0.1625  0.1861  0.1041  0.1435  0.2153  0.1873     -    

Average distances (expected heterozygosity) between individuals in same cluster:
cluster  1  : 0.4773 
cluster  2  : 0.4036 
cluster  3  : 0.2644 
cluster  4  : 0.3602 
cluster  5  : 0.5507 
cluster  6  : 0.4372 
cluster  7  : 0.4209 
cluster  8  : 0.3807 
cluster  9  : 0.4327 

--------------------------------------------
Estimated Ln Prob of Data   = -21421.2
Mean value of ln likelihood = -20845.3
Variance of ln likelihood   = 1151.9
Mean value of alpha         = 0.0343

Mean value of Fst_1         = 0.3536
Mean value of Fst_2         = 0.2842
Mean value of Fst_3         = 0.5545
Mean value of Fst_4         = 0.4191
Mean value of Fst_5         = 0.1462
Mean value of Fst_6         = 0.3122
Mean value of Fst_7         = 0.4293
Mean value of Fst_8         = 0.3305
Mean value of Fst_9         = 0.4176


Inferred ancestry of individuals:
        Label (%Miss) :  Inferred clusters
  1 TMA-ZAIN-G-    (9)   :  0.772 0.011 0.092 0.011 0.048 0.031 0.006 0.015 0.014 
  2 TMA-ZAIN-G-    (0)   :  0.723 0.184 0.007 0.005 0.018 0.012 0.006 0.025 0.019 
  3 TMA-ZAIN-G-    (0)   :  0.007 0.036 0.029 0.091 0.007 0.258 0.003 0.559 0.010 
  4 TMA-ZAIN-G-    (0)   :  0.018 0.054 0.021 0.041 0.012 0.029 0.010 0.161 0.653 
  5 TMA-ZAIN-G-    (0)   :  0.971 0.002 0.002 0.002 0.005 0.002 0.005 0.004 0.006 
  6 TMA-ZAIN-G-    (0)   :  0.079 0.077 0.022 0.153 0.163 0.207 0.047 0.189 0.062 
  7 TMA-ZAIN-G-    (0)   :  0.015 0.337 0.051 0.009 0.016 0.250 0.008 0.284 0.029 
  8 TMA-ZAIN-G-    (0)   :  0.007 0.021 0.007 0.020 0.005 0.878 0.003 0.044 0.016 
  9 TMA-ZAIN-G-    (9)   :  0.010 0.280 0.009 0.037 0.009 0.369 0.004 0.275 0.006 
 10 TMA-ZAIN-G-    (0)   :  0.004 0.249 0.011 0.044 0.009 0.486 0.004 0.182 0.013 
 11 TMA-ZAIN-G-    (0)   :  0.006 0.557 0.010 0.006 0.007 0.193 0.005 0.206 0.008 
 12 TMA-ZAIN-G-    (0)   :  0.004 0.007 0.011 0.005 0.005 0.016 0.003 0.945 0.004 
 13 TMA-ZAIN-G-    (9)   :  0.045 0.311 0.115 0.019 0.029 0.269 0.085 0.094 0.033 
 14 TMA-ZAIN-G-    (9)   :  0.003 0.016 0.893 0.007 0.009 0.040 0.012 0.011 0.007 
 15 TMA-ZAIN-G-    (0)   :  0.004 0.006 0.913 0.009 0.005 0.047 0.003 0.007 0.006 
 16 TMA-ZAIN-G-    (0)   :  0.004 0.057 0.006 0.004 0.005 0.023 0.004 0.892 0.004 
 17 TMA-ZAIN-G-    (9)   :  0.011 0.008 0.021 0.005 0.027 0.864 0.013 0.018 0.032 
 18 TMA-ZAIN-G-    (0)   :  0.738 0.006 0.016 0.008 0.153 0.012 0.006 0.014 0.047 
 19 TMA-ZAIN-G-    (0)   :  0.012 0.011 0.013 0.005 0.887 0.032 0.013 0.020 0.006 
 20 TMA-ZAIN-G-    (0)   :  0.048 0.004 0.004 0.004 0.821 0.003 0.089 0.003 0.024 
 21 TMA-ZAIN-G-    (0)   :  0.003 0.004 0.002 0.005 0.005 0.004 0.967 0.005 0.005 
 22 TMA-ZAIN-G-    (0)   :  0.054 0.003 0.003 0.002 0.010 0.003 0.914 0.003 0.007 
 23 TMA-ZAIN-G-    (0)   :  0.020 0.006 0.007 0.003 0.042 0.008 0.901 0.007 0.005 
 24 TMA-ZAIN-G-    (9)   :  0.008 0.095 0.033 0.154 0.004 0.015 0.675 0.011 0.005 
 25 TMA-ZAIN-G-    (9)   :  0.120 0.105 0.006 0.005 0.720 0.012 0.012 0.016 0.004 
 26 TMA-ZAIN-G-    (9)   :  0.009 0.251 0.019 0.008 0.010 0.129 0.033 0.048 0.493 
 27 TMA-ZAIN-G-    (0)   :  0.077 0.007 0.060 0.011 0.785 0.018 0.013 0.006 0.022 
 28 TMA-ZAIN-G-    (0)   :  0.011 0.006 0.011 0.008 0.935 0.009 0.004 0.008 0.007 
 29 TMA-ZAIN-G-    (0)   :  0.003 0.005 0.006 0.718 0.241 0.005 0.004 0.004 0.013 
 30 TMA-ZAIN-G-    (0)   :  0.004 0.141 0.081 0.053 0.373 0.258 0.005 0.076 0.008 
 31 TMA-ZAIN-G-    (0)   :  0.905 0.008 0.006 0.006 0.010 0.004 0.012 0.005 0.044 
 32 TMA-ZAIN-G-    (9)   :  0.748 0.023 0.031 0.004 0.019 0.036 0.027 0.107 0.005 
 33 TMA-ZAIN-G-   (18)   :  0.006 0.078 0.010 0.016 0.005 0.494 0.003 0.384 0.004 
 34 TMA-ZAIN-G-    (0)   :  0.209 0.119 0.007 0.008 0.015 0.023 0.021 0.591 0.007 
 35 TMA-ZAIN-G-    (9)   :  0.019 0.193 0.064 0.066 0.014 0.174 0.004 0.454 0.012 
 36 TMA-ZAIN-G-    (0)   :  0.004 0.470 0.175 0.009 0.005 0.276 0.003 0.040 0.016 
 37 TMA-ZAIN-G-    (9)   :  0.009 0.324 0.007 0.016 0.015 0.233 0.007 0.371 0.016 
 38 TMA-ZAIN-G-   (18)   :  0.752 0.027 0.074 0.007 0.028 0.039 0.021 0.046 0.006 
 39 TMA-ZAIN-G-    (0)   :  0.003 0.830 0.004 0.010 0.005 0.053 0.005 0.082 0.009 
 40 TMA-ZAIN-G-    (0)   :  0.003 0.224 0.005 0.006 0.004 0.523 0.005 0.223 0.006 
 41 TMA-ZAIN-G-    (0)   :  0.003 0.230 0.050 0.008 0.004 0.668 0.003 0.029 0.005 
 42 TMA-ZAIN-G-    (9)   :  0.003 0.009 0.115 0.006 0.004 0.846 0.002 0.008 0.007 
 43 TMA-ZAIN-G-    (0)   :  0.003 0.004 0.963 0.008 0.003 0.007 0.003 0.004 0.005 
 44 TMA-ZAIN-G-    (0)   :  0.005 0.108 0.005 0.011 0.009 0.013 0.816 0.029 0.005 
 45 TMA-ZAIN-G-    (0)   :  0.005 0.119 0.021 0.006 0.009 0.233 0.007 0.591 0.009 
 46 TMA-ZAIN-G-    (0)   :  0.003 0.004 0.004 0.003 0.004 0.003 0.970 0.003 0.006 
 47 TMA-ZAIN-G-    (0)   :  0.004 0.003 0.004 0.004 0.004 0.004 0.003 0.006 0.967 
 48 TMA-ZAIN-G-    (0)   :  0.007 0.054 0.034 0.018 0.020 0.263 0.027 0.043 0.535 
 49 TMA-ZAIN-G-    (9)   :  0.021 0.008 0.005 0.048 0.867 0.006 0.006 0.029 0.011 
 50 TMA-ZAIN-G-    (0)   :  0.006 0.016 0.008 0.003 0.915 0.034 0.007 0.008 0.003 
 51 TMA-ZAIN-G-    (0)   :  0.007 0.010 0.090 0.006 0.828 0.017 0.009 0.006 0.027 
 52 TMA-ZAIN-G-    (0)   :  0.007 0.011 0.021 0.003 0.802 0.010 0.012 0.016 0.118 
 53 TMA-ZAIN-G-    (0)   :  0.171 0.020 0.040 0.005 0.550 0.014 0.011 0.007 0.183 
 54 TMA-ZAIN-G-    (0)   :  0.005 0.006 0.013 0.004 0.009 0.013 0.005 0.007 0.938 
 55 TMA-ZAIN-G-    (0)   :  0.005 0.006 0.033 0.003 0.031 0.040 0.009 0.011 0.862 
 56 TMA-ZAIN-G-    (0)   :  0.012 0.053 0.023 0.035 0.127 0.168 0.010 0.040 0.531 
 57 TMA-ZAIN-G-    (0)   :  0.008 0.009 0.005 0.009 0.016 0.006 0.003 0.019 0.925 
 58 TMA-ZAIN-G-    (0)   :  0.025 0.004 0.008 0.005 0.831 0.015 0.077 0.011 0.023 
 59 TMA-ZAIN-G-    (0)   :  0.642 0.093 0.012 0.034 0.031 0.052 0.030 0.058 0.049 
 60 TMA-ZAIN-G-    (0)   :  0.437 0.010 0.142 0.008 0.337 0.020 0.008 0.009 0.028 
 61 TMA-ZAIN-G-    (0)   :  0.936 0.003 0.003 0.003 0.008 0.003 0.021 0.004 0.018 
 62 TMA-ZAIN-G-    (9)   :  0.764 0.034 0.006 0.010 0.052 0.039 0.023 0.062 0.010 
 63 TMA-ZAIN-G-    (0)   :  0.945 0.004 0.007 0.003 0.011 0.006 0.007 0.006 0.012 
 64 TMA-ZAIN-G-    (0)   :  0.002 0.008 0.005 0.966 0.003 0.005 0.002 0.005 0.003 
 65 TMA-ZAIN-G-    (9)   :  0.003 0.007 0.005 0.945 0.004 0.008 0.003 0.019 0.006 
 66 TMA-ZAIN-G-    (0)   :  0.003 0.021 0.006 0.932 0.003 0.011 0.003 0.017 0.005 
 67 TMA-ZAIN-G-    (0)   :  0.004 0.090 0.003 0.831 0.010 0.013 0.013 0.031 0.005 
 68 TMA-ZAIN-G-    (0)   :  0.003 0.005 0.007 0.966 0.003 0.006 0.002 0.005 0.004 
 69 TMA-ZAIN-G-    (0)   :  0.023 0.052 0.018 0.776 0.017 0.008 0.029 0.064 0.012 
 70 TMA-ZAIN-G-    (0)   :  0.003 0.941 0.005 0.018 0.005 0.007 0.004 0.014 0.003 
 71 TMA-ZAIN-G-    (0)   :  0.003 0.959 0.004 0.005 0.004 0.005 0.003 0.014 0.003 
 72 TMA-ZAIN-G-    (0)   :  0.004 0.924 0.009 0.017 0.006 0.015 0.004 0.013 0.008 
 73 TMA-ZAIN-G-    (0)   :  0.026 0.864 0.004 0.007 0.028 0.007 0.031 0.016 0.018 
 74 TMA-ZAIN-G-    (0)   :  0.006 0.941 0.004 0.007 0.009 0.008 0.006 0.013 0.006 
 75 TMA-ZAIN-G-    (0)   :  0.005 0.943 0.005 0.006 0.006 0.008 0.003 0.014 0.009 
 76 TMA-ZAIN-G-    (0)   :  0.006 0.937 0.003 0.006 0.009 0.005 0.021 0.010 0.004 
 77 TMA-ZAIN-G-    (0)   :  0.003 0.953 0.007 0.006 0.006 0.009 0.005 0.006 0.005 
 78 TMA-ZAIN-G-    (0)   :  0.008 0.914 0.006 0.005 0.017 0.008 0.018 0.014 0.010 
 79 TMA-ZAIN-G-    (0)   :  0.004 0.943 0.007 0.004 0.007 0.009 0.012 0.006 0.008 
 80 TMA-ZAIN-G-    (0)   :  0.003 0.746 0.004 0.027 0.005 0.027 0.005 0.170 0.013 
 81 TMA-ZAIN-G-    (0)   :  0.004 0.939 0.007 0.004 0.008 0.011 0.006 0.014 0.007 
 82 TMA-ZAIN-G-    (0)   :  0.008 0.521 0.007 0.213 0.006 0.014 0.003 0.208 0.020 
 83 TMA-ZAIN-G-    (9)   :  0.055 0.032 0.005 0.039 0.024 0.015 0.037 0.776 0.018 
 84 TMA-ZAIN-G-    (0)   :  0.004 0.929 0.005 0.006 0.008 0.008 0.016 0.018 0.005 
 85 TMA-ZAIN-G-    (0)   :  0.024 0.012 0.007 0.006 0.144 0.009 0.025 0.009 0.765 
 86 TMA-ZAIN-G-    (0)   :  0.009 0.019 0.005 0.012 0.027 0.021 0.053 0.024 0.830 
 87 TMA-ZAIN-G-    (0)   :  0.045 0.016 0.005 0.005 0.090 0.010 0.203 0.011 0.614 
 88 TMA-ZAIN-G-    (0)   :  0.147 0.065 0.020 0.031 0.011 0.021 0.012 0.120 0.574 
 89 TMA-ZAIN-G-    (0)   :  0.018 0.038 0.031 0.018 0.006 0.014 0.027 0.033 0.814 
 90 TMA-ZAIN-G-    (0)   :  0.007 0.007 0.006 0.008 0.012 0.007 0.009 0.012 0.933 
 91 TMA-ZAIN-G-    (0)   :  0.021 0.010 0.009 0.007 0.012 0.010 0.007 0.009 0.914 
 92 TMA-ZAIN-G-    (0)   :  0.006 0.008 0.010 0.005 0.030 0.007 0.017 0.006 0.911 
 93 TMA-ZAIN-G-    (0)   :  0.016 0.006 0.014 0.005 0.021 0.005 0.009 0.004 0.919 
 94 TMA-ZAIN-G-    (0)   :  0.042 0.005 0.006 0.003 0.016 0.004 0.011 0.004 0.909 
 95 TMA-ZAIN-G-    (0)   :  0.009 0.017 0.026 0.018 0.886 0.023 0.007 0.008 0.005 
 96 TMA-ZAIN-G-    (0)   :  0.005 0.005 0.029 0.005 0.875 0.056 0.005 0.013 0.006 
 97 TMA-ZAIN-G-    (0)   :  0.938 0.012 0.008 0.006 0.010 0.005 0.007 0.004 0.010 
 98 TMA-ZAIN-G-    (0)   :  0.956 0.010 0.005 0.004 0.004 0.004 0.004 0.004 0.009 
 99 TMA-ZAIN-G-    (0)   :  0.765 0.027 0.007 0.022 0.008 0.036 0.014 0.117 0.004 
100 TMA-ZAIN-G-    (0)   :  0.914 0.006 0.007 0.005 0.015 0.004 0.016 0.004 0.030 
101 TMA-ZAIN-G-    (0)   :  0.938 0.013 0.006 0.006 0.008 0.005 0.005 0.009 0.010 
102 TMA-ZAIN-G-    (0)   :  0.568 0.027 0.033 0.013 0.059 0.040 0.199 0.047 0.014 
103 TMA-ZAIN-G-    (0)   :  0.887 0.010 0.007 0.006 0.035 0.011 0.015 0.020 0.008 
104 TMA-ZAIN-G-    (0)   :  0.968 0.004 0.004 0.002 0.006 0.003 0.005 0.004 0.005 
105 TMA-ZAIN-G-    (0)   :  0.892 0.012 0.007 0.005 0.025 0.014 0.008 0.025 0.010 
106 TMA-ZAIN-G-    (0)   :  0.004 0.204 0.109 0.043 0.005 0.549 0.003 0.077 0.006 
107 TMA-ZAIN-G-    (0)   :  0.005 0.569 0.010 0.009 0.005 0.016 0.003 0.378 0.005 
108 TMA-ZAIN-G-    (9)   :  0.342 0.173 0.077 0.012 0.050 0.143 0.057 0.121 0.024 
109 TMA-ZAIN-G-    (0)   :  0.318 0.014 0.019 0.190 0.048 0.184 0.005 0.175 0.048 
110 TMA-ZAIN-G-    (0)   :  0.079 0.138 0.021 0.008 0.117 0.213 0.152 0.249 0.023 
111 TMA-ZAIN-G-    (9)   :  0.553 0.053 0.005 0.014 0.073 0.021 0.092 0.162 0.027 
112 TMA-ZAIN-G-    (0)   :  0.286 0.044 0.041 0.019 0.125 0.268 0.051 0.140 0.024 
113 TMA-ZAIN-G-    (0)   :  0.918 0.019 0.006 0.010 0.005 0.006 0.008 0.013 0.015 
114 TMA-ZAIN-G-    (0)   :  0.965 0.003 0.002 0.003 0.005 0.003 0.011 0.004 0.004 
115 TMA-ZAIN-G-    (0)   :  0.969 0.004 0.003 0.003 0.004 0.003 0.005 0.004 0.004 
116 TMA-ZAIN-G-    (0)   :  0.006 0.013 0.005 0.011 0.004 0.010 0.003 0.938 0.010 
117 TMA-ZAIN-G-    (0)   :  0.010 0.141 0.081 0.250 0.016 0.242 0.004 0.191 0.066 
118 TMA-ZAIN-G-    (0)   :  0.005 0.012 0.013 0.019 0.006 0.014 0.003 0.919 0.009 
119 TMA-ZAIN-G-    (0)   :  0.027 0.054 0.006 0.035 0.024 0.010 0.020 0.814 0.011 
120 TMA-ZAIN-G-    (0)   :  0.008 0.022 0.048 0.020 0.012 0.019 0.004 0.852 0.014 
121 TMA-ZAIN-G-    (0)   :  0.013 0.037 0.023 0.132 0.011 0.076 0.003 0.684 0.021 
122 TMA-ZAIN-G-    (0)   :  0.006 0.184 0.012 0.045 0.016 0.173 0.007 0.525 0.030 
123 TMA-ZAIN-G-    (0)   :  0.946 0.005 0.011 0.004 0.009 0.005 0.008 0.005 0.006 
124 TMA-ZAIN-G-    (0)   :  0.005 0.006 0.009 0.003 0.006 0.952 0.003 0.011 0.004 
125 TMA-ZAIN-G-    (0)   :  0.003 0.008 0.032 0.038 0.005 0.841 0.002 0.008 0.064 
126 TMA-ZAIN-G-    (0)   :  0.005 0.005 0.040 0.005 0.004 0.912 0.003 0.017 0.010 
127 TMA-ZAIN-G-    (0)   :  0.003 0.005 0.010 0.006 0.003 0.958 0.003 0.009 0.004 
128 TMA-ZAIN-G-    (0)   :  0.004 0.008 0.009 0.022 0.005 0.926 0.003 0.016 0.007 
129 TMA-ZAIN-G-    (0)   :  0.006 0.006 0.015 0.006 0.005 0.944 0.003 0.008 0.007 
130 TMA-ZAIN-G-    (0)   :  0.007 0.007 0.074 0.009 0.006 0.827 0.002 0.028 0.040 
131 TMA-ZAIN-G-    (0)   :  0.004 0.005 0.015 0.004 0.006 0.949 0.003 0.008 0.005 
132 TMA-ZAIN-G-    (0)   :  0.004 0.014 0.014 0.043 0.004 0.866 0.003 0.022 0.029 
133 TMA-ZAIN-G-    (0)   :  0.003 0.058 0.101 0.072 0.015 0.652 0.013 0.048 0.038 
134 TMA-ZAIN-G-    (0)   :  0.004 0.057 0.252 0.060 0.008 0.507 0.009 0.072 0.031 
135 TMA-ZAIN-G-    (0)   :  0.004 0.151 0.018 0.024 0.004 0.251 0.007 0.524 0.015 
136 TMA-ZAIN-G-    (0)   :  0.006 0.063 0.008 0.596 0.005 0.089 0.005 0.212 0.016 
137 TMA-ZAIN-G-    (0)   :  0.006 0.077 0.006 0.006 0.005 0.064 0.008 0.819 0.008 
138 TMA-ZAIN-G-    (0)   :  0.004 0.025 0.025 0.011 0.003 0.609 0.002 0.309 0.012 
139 TMA-ZAIN-G-    (0)   :  0.005 0.047 0.017 0.013 0.004 0.404 0.005 0.444 0.062 
140 TMA-ZAIN-G-    (0)   :  0.004 0.130 0.006 0.009 0.005 0.130 0.005 0.708 0.004 
141 TMA-ZAIN-G-    (0)   :  0.006 0.491 0.025 0.008 0.006 0.099 0.003 0.354 0.008 
142 TMA-ZAIN-G-    (9)   :  0.003 0.221 0.007 0.012 0.005 0.044 0.003 0.700 0.004 
143 TMA-ZAIN-G-    (0)   :  0.004 0.058 0.010 0.013 0.006 0.248 0.003 0.652 0.006 
144 TMA-ZAIN-G-    (0)   :  0.004 0.021 0.013 0.006 0.011 0.116 0.006 0.797 0.026 
145 TMA-ZAIN-G-    (0)   :  0.003 0.155 0.008 0.305 0.005 0.042 0.002 0.466 0.014 
146 TMA-ZAIN-G-    (0)   :  0.003 0.805 0.006 0.005 0.004 0.008 0.003 0.163 0.004 
147 TMA-ZAIN-G-    (9)   :  0.003 0.671 0.006 0.010 0.004 0.014 0.003 0.284 0.005 
148 TMA-ZAIN-G-    (0)   :  0.003 0.527 0.125 0.005 0.003 0.098 0.003 0.201 0.034 
149 TMA-ZAIN-G-    (0)   :  0.026 0.280 0.041 0.007 0.015 0.104 0.016 0.418 0.092 
150 TMA-ZAIN-G-    (0)   :  0.024 0.124 0.019 0.038 0.014 0.024 0.015 0.659 0.083 
151 TMA-ZAIN-G-    (0)   :  0.003 0.008 0.016 0.010 0.003 0.052 0.002 0.902 0.004 
152 TMA-ZAIN-G-    (0)   :  0.004 0.006 0.007 0.006 0.003 0.007 0.002 0.960 0.005 
153 TMA-ZAIN-G-    (0)   :  0.004 0.019 0.027 0.014 0.003 0.085 0.003 0.834 0.010 
154 TMA-ZAIN-G-    (0)   :  0.003 0.006 0.005 0.005 0.003 0.010 0.002 0.960 0.005 
155 TMA-ZAIN-G-    (0)   :  0.004 0.022 0.006 0.008 0.004 0.014 0.003 0.936 0.003 
156 TMA-ZAIN-G-    (9)   :  0.007 0.007 0.044 0.004 0.004 0.058 0.003 0.866 0.009 
157 TMA-ZAIN-G-    (0)   :  0.005 0.014 0.098 0.006 0.004 0.065 0.003 0.798 0.007 
158 TMA-ZAIN-G-    (0)   :  0.004 0.026 0.004 0.004 0.005 0.010 0.003 0.940 0.004 
159 TMA-ZAIN-G-    (0)   :  0.004 0.292 0.004 0.011 0.003 0.009 0.002 0.669 0.005 
160 TMA-ZAIN-G-    (0)   :  0.005 0.130 0.004 0.018 0.003 0.006 0.003 0.826 0.006 
161 TMA-ZAIN-G-    (0)   :  0.003 0.029 0.022 0.006 0.005 0.116 0.003 0.797 0.019 
162 TMA-ZAIN-G-    (0)   :  0.024 0.009 0.004 0.007 0.009 0.013 0.015 0.906 0.014 
163 TMA-ZAIN-G-    (0)   :  0.003 0.008 0.003 0.004 0.003 0.007 0.002 0.967 0.003 
164 TMA-ZAIN-G-    (0)   :  0.004 0.010 0.004 0.007 0.004 0.009 0.003 0.953 0.006 
165 TMA-ZAIN-G-    (0)   :  0.004 0.014 0.004 0.005 0.003 0.011 0.002 0.953 0.003 
166 TMA-ZAIN-G-    (0)   :  0.003 0.197 0.006 0.012 0.003 0.098 0.002 0.671 0.008 
167 TMA-ZAIN-G-    (0)   :  0.005 0.809 0.007 0.005 0.007 0.033 0.005 0.123 0.006 
168 TMA-ZAIN-G-    (0)   :  0.007 0.912 0.031 0.010 0.004 0.010 0.003 0.016 0.005 
169 TMA-ZAIN-G-    (0)   :  0.003 0.870 0.005 0.077 0.003 0.008 0.003 0.026 0.005 
170 TMA-ZAIN-G-    (0)   :  0.016 0.601 0.117 0.022 0.019 0.131 0.008 0.082 0.004 
171 TMA-ZAIN-G-    (0)   :  0.004 0.947 0.004 0.013 0.003 0.006 0.003 0.017 0.004 
172 TMA-ZAIN-G-    (0)   :  0.004 0.088 0.021 0.005 0.005 0.823 0.004 0.046 0.004 
173 TMA-ZAIN-G-    (0)   :  0.003 0.049 0.018 0.006 0.007 0.884 0.004 0.024 0.005 
174 TMA-ZAIN-G-    (0)   :  0.003 0.141 0.005 0.048 0.004 0.713 0.002 0.076 0.008 
175 TMA-ZAIN-G-    (0)   :  0.004 0.926 0.005 0.007 0.003 0.007 0.003 0.041 0.004 
176 TMA-ZAIN-G-    (0)   :  0.003 0.899 0.005 0.006 0.004 0.009 0.003 0.068 0.004 
177 TMA-ZAIN-G-    (0)   :  0.005 0.716 0.031 0.004 0.005 0.033 0.003 0.200 0.004 
178 TMA-ZAIN-G-    (0)   :  0.006 0.212 0.073 0.005 0.007 0.478 0.004 0.211 0.004 
179 TMA-ZAIN-G-    (0)   :  0.003 0.486 0.036 0.009 0.005 0.172 0.003 0.281 0.005 
180 TMA-ZAIN-G-    (0)   :  0.004 0.013 0.024 0.076 0.007 0.809 0.007 0.044 0.017 
181 TMA-ZAIN-G-    (0)   :  0.005 0.016 0.151 0.007 0.004 0.766 0.003 0.044 0.005 
182 TMA-ZAIN-G-    (0)   :  0.007 0.009 0.135 0.003 0.005 0.802 0.003 0.031 0.005 
183 TMA-ZAIN-G-    (0)   :  0.005 0.018 0.253 0.006 0.004 0.667 0.003 0.040 0.004 
184 TMA-ZAIN-G-    (0)   :  0.033 0.013 0.032 0.009 0.014 0.794 0.017 0.063 0.025 
185 TMA-ZAIN-G-    (0)   :  0.014 0.010 0.004 0.006 0.020 0.886 0.024 0.010 0.027 
186 TMA-ZAIN-G-    (9)   :  0.004 0.012 0.005 0.006 0.010 0.942 0.005 0.012 0.005 
187 TMA-ZAIN-G-    (0)   :  0.004 0.031 0.017 0.012 0.005 0.901 0.003 0.023 0.003 
188 TMA-ZAIN-G-    (0)   :  0.003 0.036 0.010 0.014 0.004 0.911 0.002 0.016 0.004 
189 TMA-ZAIN-G-    (0)   :  0.002 0.006 0.008 0.010 0.003 0.957 0.003 0.007 0.003 
190 TMA-ZAIN-G-    (0)   :  0.003 0.083 0.098 0.024 0.009 0.752 0.003 0.023 0.005 
191 TMA-ZAIN-G-    (0)   :  0.014 0.015 0.005 0.005 0.011 0.905 0.023 0.010 0.013 
192 TMA-ZAIN-G-    (0)   :  0.004 0.013 0.023 0.005 0.005 0.930 0.009 0.007 0.005 
193 TMA-ZAIN-G-    (0)   :  0.003 0.003 0.974 0.003 0.003 0.005 0.003 0.003 0.004 
194 TMA-ZAIN-G-    (0)   :  0.003 0.007 0.895 0.010 0.012 0.049 0.007 0.006 0.012 
195 TMA-ZAIN-G-    (0)   :  0.003 0.039 0.818 0.037 0.010 0.070 0.003 0.015 0.005 
196 TMA-ZAIN-G-    (0)   :  0.003 0.005 0.954 0.010 0.004 0.011 0.003 0.006 0.005 
197 TMA-ZAIN-G-    (0)   :  0.003 0.008 0.948 0.010 0.004 0.012 0.003 0.007 0.006 
198 TMA-ZAIN-G-    (0)   :  0.003 0.010 0.951 0.007 0.003 0.011 0.003 0.008 0.004 
199 TMA-ZAIN-G-    (0)   :  0.003 0.010 0.007 0.005 0.007 0.948 0.004 0.010 0.006 
200 TMA-ZAIN-G-    (0)   :  0.017 0.003 0.047 0.003 0.037 0.004 0.882 0.003 0.004 
201 TMA-ZAIN-G-    (0)   :  0.006 0.004 0.003 0.005 0.015 0.003 0.956 0.004 0.004 
202 TMA-ZAIN-G-    (0)   :  0.015 0.004 0.036 0.003 0.012 0.010 0.911 0.006 0.003 
203 TMA-ZAIN-G-    (0)   :  0.023 0.016 0.857 0.004 0.005 0.055 0.003 0.032 0.006 
204 TMA-ZAIN-G-    (9)   :  0.005 0.026 0.007 0.009 0.016 0.008 0.879 0.005 0.043 
205 TMA-ZAIN-G-    (0)   :  0.007 0.025 0.008 0.007 0.021 0.009 0.798 0.110 0.014 
206 TMA-ZAIN-G-    (9)   :  0.014 0.014 0.068 0.012 0.029 0.021 0.805 0.013 0.022 
207 TMA-ZAIN-G-    (9)   :  0.015 0.032 0.010 0.053 0.055 0.034 0.012 0.669 0.119 
208 TMA-ZAIN-G-    (0)   :  0.003 0.088 0.004 0.034 0.005 0.022 0.003 0.838 0.004 
209 TMA-ZAIN-G-    (0)   :  0.003 0.147 0.251 0.018 0.004 0.423 0.003 0.101 0.050 
210 TMA-ZAIN-G-    (0)   :  0.004 0.145 0.392 0.104 0.006 0.236 0.003 0.094 0.017 
211 TMA-ZAIN-G-    (0)   :  0.013 0.144 0.125 0.038 0.028 0.539 0.024 0.075 0.014 
212 TMA-ZAIN-G-    (0)   :  0.004 0.041 0.022 0.017 0.006 0.561 0.005 0.333 0.011 
213 TMA-ZAIN-G-    (0)   :  0.004 0.067 0.032 0.007 0.005 0.585 0.004 0.289 0.008 
214 TMA-ZAIN-G-    (0)   :  0.003 0.072 0.025 0.045 0.004 0.699 0.003 0.142 0.007 
215 TMA-ZAIN-G-    (0)   :  0.004 0.340 0.006 0.006 0.202 0.339 0.012 0.089 0.003 
216 TMA-ZAIN-G-    (0)   :  0.003 0.013 0.010 0.005 0.006 0.929 0.004 0.023 0.007 
217 TMA-ZAIN-G-    (0)   :  0.004 0.221 0.079 0.123 0.003 0.465 0.003 0.092 0.009 
218 TMA-ZAIN-G-    (0)   :  0.005 0.007 0.004 0.013 0.950 0.008 0.004 0.004 0.005 
219 TMA-ZAIN-G-    (0)   :  0.005 0.004 0.004 0.003 0.952 0.006 0.012 0.004 0.010 
220 TMA-ZAIN-G-    (0)   :  0.059 0.011 0.007 0.013 0.859 0.007 0.004 0.031 0.008 
221 TMA-ZAIN-G-    (0)   :  0.005 0.011 0.007 0.006 0.909 0.023 0.022 0.010 0.007 
222 TMA-ZAIN-G-    (0)   :  0.035 0.010 0.005 0.013 0.884 0.009 0.010 0.015 0.018 
223 TMA-ZAIN-G-    (0)   :  0.008 0.004 0.003 0.004 0.961 0.004 0.009 0.004 0.005 
224 TMA-ZAIN-G-    (0)   :  0.013 0.006 0.010 0.005 0.901 0.020 0.024 0.005 0.016 
225 TMA-ZAIN-G-    (0)   :  0.010 0.004 0.011 0.002 0.950 0.005 0.010 0.004 0.004 
226 TMA-ZAIN-G-    (0)   :  0.016 0.007 0.017 0.005 0.925 0.007 0.010 0.007 0.006 
227 TMA-ZAIN-G-    (0)   :  0.013 0.009 0.021 0.004 0.907 0.009 0.026 0.008 0.005 
228 TMA-ZAIN-G-    (0)   :  0.017 0.024 0.007 0.007 0.905 0.008 0.012 0.013 0.006 
229 TMA-ZAIN-G-    (0)   :  0.029 0.005 0.003 0.011 0.870 0.003 0.070 0.003 0.007 
230 TMA-ZAIN-G-    (0)   :  0.064 0.094 0.026 0.018 0.671 0.054 0.010 0.009 0.052 
231 TMA-ZAIN-G-    (0)   :  0.129 0.037 0.012 0.012 0.131 0.014 0.571 0.069 0.026 
232 TMA-ZAIN-G-    (9)   :  0.271 0.018 0.012 0.053 0.061 0.039 0.520 0.013 0.013 
233 TMA-ZAIN-G-    (0)   :  0.006 0.030 0.009 0.045 0.849 0.010 0.028 0.009 0.016 
234 TMA-ZAIN-G-    (0)   :  0.323 0.006 0.010 0.006 0.580 0.005 0.042 0.009 0.019 
235 TMA-ZAIN-G-    (0)   :  0.150 0.041 0.024 0.005 0.706 0.030 0.021 0.014 0.010 
236 TMA-ZAIN-G-    (0)   :  0.080 0.014 0.030 0.007 0.765 0.011 0.071 0.013 0.008 
237 TMA-ZAIN-G-    (0)   :  0.218 0.290 0.012 0.015 0.377 0.033 0.017 0.024 0.013 
238 TMA-ZAIN-G-    (0)   :  0.052 0.032 0.007 0.005 0.816 0.022 0.034 0.028 0.005 
239 TMA-ZAIN-G-    (0)   :  0.005 0.004 0.147 0.017 0.004 0.029 0.760 0.004 0.030 
240 TMA-ZAIN-G-    (0)   :  0.003 0.005 0.004 0.003 0.004 0.003 0.969 0.003 0.007 
241 TMA-ZAIN-G-    (0)   :  0.004 0.012 0.004 0.005 0.004 0.004 0.957 0.006 0.005 
242 TMA-ZAIN-G-    (0)   :  0.003 0.006 0.003 0.005 0.004 0.005 0.963 0.007 0.004 
243 TMA-ZAIN-G-    (0)   :  0.003 0.015 0.004 0.008 0.004 0.006 0.947 0.007 0.006 
244 TMA-ZAIN-G-    (0)   :  0.004 0.016 0.003 0.009 0.004 0.007 0.936 0.017 0.004 
245 TMA-ZAIN-G-    (9)   :  0.004 0.004 0.003 0.002 0.004 0.003 0.974 0.003 0.003 
246 TMA-ZAIN-G-    (0)   :  0.002 0.003 0.002 0.003 0.004 0.003 0.976 0.003 0.004 
247 TMA-ZAIN-G-    (0)   :  0.002 0.004 0.002 0.006 0.004 0.005 0.968 0.005 0.004 
248 TMA-ZAIN-G-    (0)   :  0.005 0.006 0.010 0.005 0.006 0.007 0.951 0.007 0.004 
249 TMA-ZAIN-G-    (0)   :  0.003 0.003 0.007 0.003 0.005 0.005 0.967 0.003 0.004 
250 TMA-ZAIN-G-    (0)   :  0.003 0.003 0.004 0.006 0.005 0.004 0.968 0.003 0.003 
251 TMA-ZAIN-G-    (0)   :  0.006 0.004 0.005 0.004 0.004 0.004 0.003 0.004 0.966 
252 TMA-ZAIN-G-    (0)   :  0.004 0.039 0.005 0.033 0.007 0.008 0.003 0.036 0.866 
253 TMA-ZAIN-G-    (0)   :  0.006 0.004 0.005 0.006 0.003 0.005 0.004 0.010 0.959 
254 TMA-ZAIN-G-    (9)   :  0.008 0.008 0.005 0.014 0.005 0.008 0.003 0.029 0.920 
255 TMA-ZAIN-G-    (0)   :  0.011 0.004 0.004 0.007 0.003 0.004 0.018 0.007 0.940 
256 TMA-ZAIN-G-    (0)   :  0.006 0.006 0.017 0.005 0.004 0.006 0.007 0.006 0.943 
257 TMA-ZAIN-G-    (0)   :  0.004 0.003 0.012 0.003 0.004 0.004 0.004 0.003 0.964 
258 TMA-ZAIN-G-    (0)   :  0.003 0.003 0.005 0.005 0.003 0.003 0.003 0.004 0.972 
259 TMA-ZAIN-G-    (0)   :  0.004 0.003 0.006 0.006 0.004 0.004 0.004 0.003 0.967 
260 TMA-ZAIN-G-    (0)   :  0.003 0.004 0.006 0.009 0.003 0.004 0.004 0.003 0.963 
261 TMA-ZAIN-G-   (18)   :  0.004 0.005 0.008 0.011 0.007 0.007 0.004 0.006 0.950 
262 TMA-ZAIN-G-    (0)   :  0.004 0.003 0.007 0.003 0.004 0.004 0.003 0.003 0.969 
263 TMA-ZAIN-G-    (0)   :  0.006 0.003 0.005 0.004 0.004 0.004 0.004 0.005 0.967 
264 TMA-ZAIN-G-    (0)   :  0.008 0.004 0.006 0.004 0.004 0.003 0.003 0.006 0.962 
265 TMA-ZAIN-G-    (0)   :  0.015 0.024 0.012 0.034 0.200 0.024 0.020 0.023 0.649 
266 TMA-ZAIN-G-    (0)   :  0.016 0.013 0.065 0.023 0.027 0.086 0.009 0.035 0.725 
267 TMA-ZAIN-G-    (0)   :  0.022 0.023 0.007 0.014 0.064 0.010 0.280 0.011 0.569 
268 TMA-ZAIN-G-    (0)   :  0.058 0.005 0.003 0.004 0.007 0.003 0.911 0.004 0.006 
269 TMA-ZAIN-G-    (0)   :  0.239 0.008 0.004 0.005 0.033 0.006 0.690 0.006 0.009 
270 TMA-ZAIN-G-    (0)   :  0.073 0.007 0.004 0.004 0.017 0.005 0.872 0.006 0.011 
271 TMA-ZAIN-G-    (0)   :  0.033 0.005 0.003 0.004 0.008 0.004 0.931 0.006 0.007 
272 TMA-ZAIN-G-    (0)   :  0.026 0.005 0.004 0.003 0.039 0.005 0.908 0.005 0.005 
273 TMA-ZAIN-G-    (0)   :  0.015 0.003 0.003 0.002 0.013 0.003 0.954 0.002 0.004 
274 TMA-ZAIN-G-    (0)   :  0.032 0.015 0.047 0.010 0.019 0.023 0.837 0.009 0.008 
275 TMA-ZAIN-G-    (0)   :  0.007 0.003 0.003 0.002 0.007 0.004 0.968 0.004 0.003 
276 TMA-ZAIN-G-    (0)   :  0.009 0.004 0.002 0.003 0.005 0.003 0.967 0.004 0.003 
277 TMA-ZAIN-G-    (0)   :  0.009 0.006 0.005 0.005 0.006 0.003 0.956 0.004 0.006 
278 TMA-ZAIN-G-    (0)   :  0.006 0.003 0.004 0.003 0.005 0.003 0.968 0.003 0.005 
279 TMA-ZAIN-G-    (0)   :  0.011 0.004 0.006 0.003 0.016 0.006 0.945 0.004 0.004 
280 TMA-ZAIN-G-    (0)   :  0.084 0.005 0.008 0.002 0.062 0.009 0.818 0.006 0.004 
281 TMA-ZAIN-G-    (0)   :  0.040 0.004 0.006 0.003 0.012 0.005 0.921 0.004 0.005 
282 TMA-ZAIN-G-    (9)   :  0.015 0.003 0.003 0.003 0.006 0.003 0.959 0.003 0.005 
283 TMA-ZAIN-G-    (0)   :  0.074 0.011 0.004 0.007 0.087 0.012 0.648 0.020 0.137 
284 TMA-ZAIN-G-    (0)   :  0.179 0.010 0.006 0.003 0.139 0.014 0.459 0.018 0.172 
285 TMA-ZAIN-G-    (0)   :  0.033 0.022 0.011 0.025 0.021 0.027 0.815 0.017 0.029 
286 TMA-ZAIN-G-    (0)   :  0.031 0.003 0.003 0.003 0.010 0.003 0.933 0.004 0.009 
287 TMA-ZAIN-G-    (0)   :  0.024 0.011 0.014 0.010 0.008 0.011 0.911 0.005 0.006 
288 TMA-ZAIN-G-    (0)   :  0.095 0.026 0.063 0.011 0.140 0.043 0.594 0.014 0.014 
289 TMA-ZAIN-G-    (0)   :  0.024 0.018 0.025 0.017 0.015 0.018 0.867 0.007 0.010 
290 TMA-ZAIN-G-    (0)   :  0.428 0.006 0.010 0.003 0.076 0.012 0.446 0.010 0.009 
291 TMA-ZAIN-G-    (0)   :  0.010 0.004 0.005 0.003 0.946 0.005 0.014 0.005 0.008 
292 TMA-ZAIN-G-    (0)   :  0.010 0.656 0.026 0.006 0.019 0.119 0.012 0.147 0.005 
293 TMA-ZAIN-G-    (0)   :  0.005 0.141 0.022 0.022 0.015 0.075 0.012 0.685 0.023 
294 TMA-ZAIN-G-    (0)   :  0.003 0.862 0.004 0.010 0.005 0.012 0.004 0.092 0.007 
295 TMA-ZAIN-G-    (9)   :  0.004 0.823 0.005 0.012 0.008 0.016 0.007 0.118 0.007 
296 TMA-ZAIN-G-    (0)   :  0.014 0.256 0.048 0.006 0.014 0.056 0.007 0.585 0.015 
297 TMA-ZAIN-G-    (0)   :  0.005 0.116 0.122 0.025 0.009 0.083 0.005 0.609 0.026 
298 TMA-ZAIN-G-    (0)   :  0.013 0.841 0.005 0.008 0.015 0.012 0.021 0.044 0.042 
299 TMA-ZAIN-G-    (0)   :  0.004 0.955 0.004 0.007 0.004 0.006 0.005 0.011 0.003 
300 TMA-ZAIN-G-    (0)   :  0.003 0.885 0.007 0.030 0.006 0.036 0.006 0.021 0.006 
301 TMA-ZAIN-G-    (0)   :  0.005 0.749 0.037 0.031 0.008 0.090 0.008 0.067 0.006 
302 TMA-ZAIN-G-    (9)   :  0.004 0.736 0.018 0.007 0.006 0.065 0.003 0.155 0.006 
303 TMA-ZAIN-G-    (0)   :  0.017 0.004 0.125 0.002 0.782 0.028 0.007 0.004 0.031 
304 TMA-ZAIN-G-    (0)   :  0.017 0.017 0.042 0.146 0.009 0.100 0.008 0.099 0.562 
305 TMA-ZAIN-G-    (0)   :  0.004 0.222 0.014 0.021 0.005 0.056 0.004 0.663 0.010 
306 TMA-ZAIN-G-    (0)   :  0.111 0.103 0.024 0.017 0.014 0.051 0.025 0.255 0.400 
307 TMA-ZAIN-G-    (0)   :  0.011 0.016 0.018 0.298 0.007 0.131 0.012 0.095 0.413 
308 TMA-ZAIN-G-    (0)   :  0.032 0.005 0.015 0.016 0.120 0.006 0.018 0.004 0.783 
309 TMA-ZAIN-G-    (0)   :  0.004 0.021 0.021 0.008 0.005 0.923 0.003 0.013 0.004 
310 TMA-ZAIN-G-    (0)   :  0.007 0.709 0.004 0.011 0.017 0.068 0.026 0.141 0.019 
311 TMA-ZAIN-G-    (0)   :  0.043 0.180 0.017 0.007 0.032 0.139 0.010 0.510 0.062 
312 TMA-ZAIN-G-    (0)   :  0.005 0.051 0.020 0.008 0.018 0.845 0.005 0.039 0.008 
313 TMA-ZAIN-G-    (0)   :  0.013 0.128 0.020 0.032 0.006 0.072 0.004 0.052 0.673 
314 TMA-ZAIN-G-    (0)   :  0.384 0.009 0.019 0.011 0.273 0.029 0.245 0.010 0.019 
315 TMA-ZAIN-G-    (0)   :  0.006 0.338 0.008 0.043 0.028 0.060 0.404 0.097 0.016 
316 TMA-ZAIN-G-    (0)   :  0.010 0.279 0.006 0.051 0.074 0.051 0.410 0.101 0.019 
317 TMA-ZAIN-G-    (0)   :  0.042 0.016 0.007 0.004 0.885 0.005 0.021 0.006 0.014 
318 TMA-ZAIN-G-    (9)   :  0.343 0.015 0.009 0.011 0.135 0.006 0.426 0.006 0.048 
319 TMA-ZAIN-G-    (0)   :  0.019 0.005 0.469 0.003 0.343 0.009 0.139 0.004 0.008 
320 TMA-ZAIN-G-    (0)   :  0.007 0.392 0.011 0.016 0.416 0.052 0.008 0.092 0.006 
321 TMA-ZAIN-G-    (0)   :  0.063 0.073 0.006 0.018 0.107 0.494 0.118 0.109 0.012 
322 TMA-ZAIN-G-    (0)   :  0.062 0.078 0.008 0.035 0.420 0.157 0.008 0.176 0.057 
323 TMA-ZAIN-G-    (0)   :  0.007 0.006 0.065 0.017 0.841 0.030 0.016 0.007 0.011 
324 TMA-ZAIN-G-    (0)   :  0.006 0.010 0.032 0.009 0.008 0.021 0.004 0.892 0.018 
325 TMA-ZAIN-G-    (0)   :  0.004 0.011 0.006 0.006 0.894 0.014 0.045 0.012 0.008 
326 TMA-ZAIN-G-    (0)   :  0.002 0.006 0.371 0.005 0.570 0.019 0.004 0.012 0.011 
327 TMA-ZAIN-G-    (0)   :  0.003 0.009 0.883 0.033 0.005 0.044 0.003 0.007 0.013 
328 TMA-ZAIN-G-    (0)   :  0.285 0.010 0.072 0.255 0.169 0.070 0.097 0.024 0.017 
329 TMA-ZAIN-G-    (0)   :  0.005 0.391 0.048 0.073 0.012 0.378 0.007 0.057 0.030 
330 TMA-ZAIN-G-    (0)   :  0.004 0.074 0.016 0.058 0.009 0.783 0.003 0.023 0.031 
331 TMA-ZAIN-G-    (0)   :  0.020 0.128 0.008 0.005 0.040 0.564 0.068 0.029 0.138 
332 TMA-ZAIN-G-    (0)   :  0.002 0.009 0.305 0.010 0.004 0.622 0.002 0.041 0.004 
333 TMA-ZAIN-G-    (0)   :  0.003 0.004 0.970 0.003 0.003 0.007 0.002 0.003 0.004 
334 TMA-ZAIN-G-    (0)   :  0.011 0.004 0.003 0.003 0.011 0.003 0.952 0.004 0.008 
335 TMA-ZAIN-G-    (0)   :  0.004 0.005 0.003 0.006 0.005 0.004 0.965 0.005 0.004 
336 TMA-ZAIN-G-    (0)   :  0.013 0.011 0.006 0.006 0.017 0.009 0.917 0.009 0.013 
337 TMA-ZAIN-G-    (9)   :  0.073 0.007 0.003 0.004 0.041 0.006 0.850 0.007 0.007 
338 TMA-ZAIN-G-    (0)   :  0.035 0.004 0.003 0.003 0.009 0.003 0.933 0.004 0.006 
339 TMA-ZAIN-G-    (0)   :  0.014 0.002 0.002 0.002 0.005 0.002 0.966 0.002 0.004 
340 TMA-ZAIN-G-    (0)   :  0.006 0.003 0.002 0.003 0.005 0.003 0.971 0.003 0.003 
341 TMA-ZAIN-G-    (0)   :  0.009 0.004 0.003 0.004 0.005 0.005 0.961 0.005 0.003 
342 TMA-ZAIN-G-    (0)   :  0.009 0.005 0.003 0.004 0.007 0.004 0.959 0.005 0.005 
343 TMA-ZAIN-G-    (0)   :  0.028 0.003 0.003 0.002 0.006 0.004 0.947 0.003 0.003 
344 TMA-ZAIN-G-    (0)   :  0.008 0.004 0.006 0.003 0.012 0.006 0.953 0.005 0.004 
345 TMA-ZAIN-G-    (0)   :  0.005 0.003 0.003 0.003 0.005 0.003 0.971 0.003 0.005 
346 TMA-ZAIN-G-    (0)   :  0.029 0.007 0.011 0.003 0.013 0.011 0.915 0.006 0.005 
347 TMA-ZAIN-G-    (9)   :  0.008 0.003 0.003 0.003 0.006 0.003 0.968 0.003 0.003 
348 TMA-ZAIN-G-    (0)   :  0.022 0.006 0.005 0.004 0.015 0.004 0.930 0.005 0.009 
349 TMA-ZAIN-G-    (0)   :  0.017 0.004 0.004 0.003 0.008 0.004 0.951 0.004 0.005 
350 TMA-ZAIN-G-    (0)   :  0.028 0.007 0.009 0.005 0.072 0.009 0.857 0.008 0.006 
351 TMA-ZAIN-G-    (0)   :  0.007 0.004 0.004 0.004 0.006 0.003 0.964 0.003 0.005 
352 TMA-ZAIN-G-    (0)   :  0.008 0.008 0.004 0.007 0.006 0.005 0.947 0.008 0.007 
353 TMA-ZAIN-G-    (0)   :  0.036 0.006 0.012 0.003 0.028 0.010 0.890 0.008 0.005 
354 TMA-ZAIN-G-    (0)   :  0.007 0.005 0.006 0.002 0.012 0.008 0.951 0.007 0.003 
355 TMA-ZAIN-G-    (0)   :  0.013 0.007 0.007 0.004 0.010 0.012 0.933 0.012 0.003 
356 TMA-ZAIN-G-    (0)   :  0.003 0.007 0.002 0.045 0.010 0.004 0.002 0.915 0.012 
357 TMA-ZAIN-G-    (0)   :  0.009 0.071 0.331 0.060 0.010 0.103 0.004 0.401 0.011 
358 TMA-ZAIN-G-    (0)   :  0.052 0.115 0.016 0.116 0.033 0.521 0.024 0.098 0.024 
359 TMA-ZAIN-G-    (0)   :  0.011 0.077 0.004 0.323 0.072 0.011 0.026 0.379 0.096 
360 TMA-ZAIN-G-    (0)   :  0.003 0.113 0.003 0.017 0.005 0.024 0.005 0.822 0.007 
361 TMA-ZAIN-G-    (0)   :  0.011 0.034 0.025 0.018 0.008 0.756 0.003 0.134 0.011 
362 TMA-ZAIN-G-    (0)   :  0.008 0.031 0.003 0.008 0.018 0.006 0.057 0.863 0.005 
363 TMA-ZAIN-G-    (0)   :  0.004 0.395 0.065 0.015 0.035 0.374 0.009 0.086 0.017 
364 TMA-ZAIN-G-    (0)   :  0.220 0.034 0.012 0.013 0.654 0.018 0.017 0.014 0.018 
365 TMA-ZAIN-G-    (0)   :  0.012 0.072 0.004 0.035 0.067 0.136 0.154 0.515 0.005 
366 TMA-ZAIN-G-    (0)   :  0.004 0.742 0.004 0.075 0.005 0.016 0.007 0.132 0.017 
367 TMA-ZAIN-G-    (0)   :  0.089 0.018 0.033 0.007 0.018 0.705 0.006 0.063 0.059 
368 TMA-ZAIN-G-    (0)   :  0.004 0.869 0.006 0.057 0.005 0.022 0.004 0.022 0.011 
369 TMA-ZAIN-G-    (0)   :  0.003 0.014 0.014 0.022 0.004 0.924 0.003 0.012 0.004 
370 TMA-ZAIN-G-    (0)   :  0.006 0.034 0.015 0.008 0.005 0.909 0.003 0.016 0.004 
371 TMA-ZAIN-G-    (0)   :  0.005 0.181 0.008 0.025 0.004 0.012 0.003 0.756 0.005 
372 TMA-ZAIN-G-    (0)   :  0.004 0.178 0.005 0.031 0.004 0.160 0.003 0.608 0.007 
373 TMA-ZAIN-G-    (0)   :  0.003 0.005 0.435 0.006 0.007 0.528 0.004 0.005 0.006 
374 TMA-ZAIN-G-    (0)   :  0.316 0.023 0.110 0.007 0.053 0.252 0.008 0.055 0.175 
375 TMA-ZAIN-G-    (0)   :  0.047 0.020 0.041 0.009 0.634 0.205 0.010 0.029 0.007 
376 TMA-ZAIN-G-    (9)   :  0.004 0.056 0.004 0.004 0.004 0.052 0.003 0.868 0.003 
377 TMA-ZAIN-G-    (0)   :  0.003 0.235 0.006 0.021 0.003 0.037 0.002 0.689 0.005 
378 TMA-ZAIN-G-    (0)   :  0.003 0.027 0.008 0.015 0.003 0.014 0.002 0.925 0.004 
379 TMA-ZAIN-G-    (0)   :  0.003 0.008 0.014 0.011 0.003 0.011 0.002 0.938 0.009 
380 TMA-ZAIN-G-    (0)   :  0.003 0.826 0.009 0.050 0.005 0.046 0.004 0.051 0.007 
381 TMA-ZAIN-G-    (9)   :  0.008 0.166 0.016 0.088 0.560 0.037 0.010 0.038 0.077 
382 TMA-ZAIN-G-    (9)   :  0.700 0.011 0.009 0.004 0.184 0.015 0.062 0.006 0.009 
383    ZFB01    (0)   :  0.963 0.004 0.003 0.003 0.004 0.004 0.009 0.006 0.004 
384    ZFB02    (0)   :  0.939 0.003 0.002 0.003 0.005 0.003 0.031 0.004 0.009 
385    ZFB03    (0)   :  0.954 0.004 0.010 0.003 0.008 0.006 0.005 0.006 0.005 
386    ZFB04    (0)   :  0.934 0.004 0.002 0.003 0.005 0.004 0.036 0.006 0.006 
387    ZFB05    (0)   :  0.796 0.003 0.012 0.011 0.047 0.006 0.107 0.004 0.014 
388    ZFB06    (0)   :  0.866 0.003 0.012 0.013 0.035 0.006 0.053 0.004 0.008 
389    ZFB07    (9)   :  0.939 0.008 0.006 0.004 0.011 0.008 0.010 0.009 0.005 
390    ZFB08    (0)   :  0.946 0.006 0.005 0.006 0.009 0.007 0.006 0.008 0.007 
391    ZFB09    (0)   :  0.970 0.003 0.003 0.003 0.005 0.003 0.005 0.004 0.004 
392    ZFB10    (0)   :  0.914 0.015 0.002 0.006 0.005 0.010 0.011 0.030 0.006 
393    ZFB11    (0)   :  0.935 0.012 0.003 0.003 0.005 0.004 0.019 0.011 0.008 
394    ZFB12    (0)   :  0.899 0.011 0.008 0.004 0.020 0.008 0.037 0.009 0.005 
395    ZFB13    (0)   :  0.936 0.011 0.004 0.007 0.013 0.008 0.006 0.009 0.005 
396    ZFB14    (0)   :  0.964 0.005 0.003 0.004 0.004 0.004 0.004 0.006 0.005 
397    ZFB15    (0)   :  0.963 0.003 0.003 0.002 0.005 0.003 0.016 0.003 0.003 
398    ZFB16    (0)   :  0.942 0.007 0.003 0.004 0.008 0.006 0.019 0.008 0.004 
399    ZFB17    (0)   :  0.874 0.009 0.003 0.013 0.020 0.014 0.027 0.016 0.024 
400    ZFB18    (0)   :  0.971 0.004 0.003 0.003 0.004 0.003 0.004 0.005 0.004 
401    ZFB19    (0)   :  0.867 0.028 0.005 0.009 0.021 0.020 0.007 0.038 0.005 
402    ZFB20    (0)   :  0.918 0.006 0.003 0.004 0.007 0.006 0.045 0.007 0.004 
403    ZFB21    (0)   :  0.964 0.003 0.004 0.002 0.006 0.003 0.011 0.003 0.003 
404    ZFB22    (0)   :  0.848 0.010 0.004 0.011 0.012 0.012 0.081 0.014 0.008 
405    ZFB23    (0)   :  0.926 0.011 0.005 0.003 0.006 0.005 0.027 0.010 0.007 
406    ZFB24    (0)   :  0.920 0.010 0.003 0.003 0.005 0.004 0.038 0.009 0.007 
407    ZFB25    (0)   :  0.913 0.019 0.003 0.005 0.004 0.010 0.005 0.036 0.005 
408    ZFB26    (0)   :  0.850 0.030 0.004 0.005 0.006 0.011 0.060 0.023 0.011 
409    ZFB27    (0)   :  0.875 0.011 0.003 0.003 0.004 0.006 0.082 0.010 0.005 
410    ZFB28    (0)   :  0.803 0.012 0.007 0.003 0.035 0.009 0.110 0.007 0.014 
411    ZFB29    (0)   :  0.949 0.005 0.003 0.003 0.006 0.003 0.020 0.004 0.009 
412    ZFB30    (0)   :  0.755 0.008 0.011 0.015 0.037 0.011 0.149 0.008 0.005 
413    ZFB31    (0)   :  0.937 0.012 0.004 0.005 0.004 0.008 0.006 0.020 0.004 
414    ZFB32    (0)   :  0.800 0.019 0.011 0.005 0.043 0.016 0.058 0.014 0.034 
415    ZFB33    (0)   :  0.964 0.004 0.003 0.003 0.004 0.003 0.012 0.004 0.003 
416    ZFB34    (0)   :  0.970 0.003 0.003 0.003 0.005 0.003 0.004 0.004 0.004 
417    ZFB35    (0)   :  0.950 0.007 0.005 0.003 0.005 0.005 0.010 0.008 0.006 
418  ZFBP101    (0)   :  0.010 0.149 0.017 0.053 0.012 0.504 0.007 0.134 0.113 
419  ZFBP102    (0)   :  0.013 0.367 0.006 0.013 0.012 0.468 0.010 0.094 0.019 
420  ZFBP103    (0)   :  0.007 0.029 0.024 0.012 0.008 0.656 0.006 0.118 0.141 
421  ZFBP104    (0)   :  0.037 0.089 0.009 0.010 0.036 0.660 0.015 0.139 0.004 
422  ZFBP105    (0)   :  0.006 0.784 0.010 0.005 0.005 0.113 0.005 0.068 0.005 
423  ZFBP106    (0)   :  0.003 0.598 0.022 0.013 0.005 0.113 0.003 0.234 0.008 
424  ZFBP107    (0)   :  0.006 0.407 0.018 0.005 0.009 0.403 0.010 0.135 0.007 
425  ZFBP108    (0)   :  0.003 0.137 0.009 0.007 0.003 0.014 0.003 0.819 0.004 
426  ZFBP109    (0)   :  0.005 0.757 0.006 0.006 0.003 0.023 0.002 0.193 0.004 
427  ZFBP110    (0)   :  0.046 0.215 0.117 0.006 0.032 0.290 0.008 0.250 0.036 
428  ZFBP111    (0)   :  0.003 0.151 0.011 0.124 0.005 0.227 0.003 0.473 0.005 
429  ZFBP112    (0)   :  0.004 0.092 0.016 0.084 0.006 0.041 0.006 0.732 0.020 
430  ZFBP113    (0)   :  0.003 0.013 0.004 0.004 0.005 0.014 0.004 0.948 0.003 
431  ZFBP114    (0)   :  0.003 0.900 0.005 0.006 0.004 0.060 0.004 0.013 0.004 
432  ZFBP115    (0)   :  0.002 0.066 0.020 0.014 0.005 0.862 0.004 0.019 0.008 
433  ZFBP116    (0)   :  0.003 0.127 0.008 0.007 0.006 0.040 0.004 0.800 0.005 
434  ZFBP117    (0)   :  0.003 0.359 0.009 0.011 0.004 0.025 0.003 0.578 0.008 
435  ZFBP118    (0)   :  0.003 0.710 0.006 0.011 0.006 0.086 0.005 0.168 0.004 
436  ZFBP119    (0)   :  0.004 0.618 0.019 0.021 0.008 0.247 0.003 0.057 0.025 
437  ZFBP120    (0)   :  0.006 0.516 0.012 0.006 0.006 0.179 0.005 0.266 0.004 
438  ZFBP121    (0)   :  0.006 0.817 0.007 0.006 0.005 0.021 0.003 0.128 0.008 
439  ZFBP122    (9)   :  0.004 0.298 0.007 0.014 0.005 0.051 0.004 0.613 0.005 
440  ZFBP123    (0)   :  0.004 0.134 0.006 0.022 0.006 0.017 0.006 0.786 0.020 
441  ZFBP124    (0)   :  0.009 0.851 0.005 0.005 0.004 0.031 0.004 0.084 0.005 
442  ZFBP125    (0)   :  0.003 0.795 0.010 0.020 0.004 0.046 0.002 0.112 0.008 
443  ZFBP126    (0)   :  0.010 0.098 0.003 0.006 0.020 0.054 0.013 0.770 0.026 
444  ZFBP127    (0)   :  0.003 0.477 0.077 0.006 0.004 0.101 0.003 0.313 0.016 
445  ZFBP128    (0)   :  0.004 0.086 0.019 0.046 0.003 0.037 0.002 0.784 0.017 
446  ZFBP129    (0)   :  0.007 0.817 0.006 0.030 0.004 0.007 0.002 0.114 0.011 
447  ZFBP130    (0)   :  0.002 0.602 0.019 0.156 0.004 0.095 0.003 0.083 0.035 
448  ZFBP131    (0)   :  0.005 0.531 0.003 0.007 0.004 0.007 0.004 0.435 0.004 
