

----------------------------------------------------
STRUCTURE by Pritchard, Stephens and Donnelly (2000)
     and Falush, Stephens and Pritchard (2003)
       Code by Pritchard, Falush and Hubisz
             Version 2.3.4 (Jul 2012)
----------------------------------------------------



Command line arguments:   bin\structure -m C:\Users\eschumacher\Documents\GitHub\GCC_QUAC_ZAIN\Data_Files\Structure_Files\ZAIN\ZAIN_rebinned_garden_wild_nopopinfo\50-50\mainparams -e C:\Users\eschumacher\Documents\GitHub\GCC_QUAC_ZAIN\Data_Files\Structure_Files\ZAIN\ZAIN_rebinned_garden_wild_nopopinfo\50-50\extraparams 
Input File:    C:\Users\eschumacher\Documents\GitHub\GCC_QUAC_ZAIN\Data_Files\Structure_Files\ZAIN\ZAIN_rebinned_garden_wild_nopopinfo\project_data

Run parameters:
   1133 individuals
   11 loci
   3 populations assumed
   50000 Burn-in period
   50000 Reps


--------------------------------------------
Overall proportion of membership of the
sample in each of the 3 clusters

Inferred Clusters
  1      2      3    
0.389  0.179  0.432  

--------------------------------------------

Allele-freq. divergence among pops (Net nucleotide distance),
computed using point estimates of P.

      1       2       3      
 1      -    0.1053  0.1594  
 2   0.1053     -    0.1173  
 3   0.1594  0.1173     -    

Average distances (expected heterozygosity) between individuals in same cluster:
cluster  1  : 0.4577 
cluster  2  : 0.4514 
cluster  3  : 0.5646 

--------------------------------------------
Estimated Ln Prob of Data   = -24537.6
Mean value of ln likelihood = -24303.4
Variance of ln likelihood   = 468.3
Mean value of alpha         = 0.0435

Mean value of Fst_1         = 0.2543
Mean value of Fst_2         = 0.3355
Mean value of Fst_3         = 0.1610


Inferred ancestry of individuals:
        Label (%Miss) :  Inferred clusters
  1 TMA-ZAIN-G-    (9)   :  0.026 0.045 0.929 
  2 TMA-ZAIN-G-    (0)   :  0.132 0.089 0.779 
  3 TMA-ZAIN-G-    (0)   :  0.975 0.019 0.006 
  4 TMA-ZAIN-G-    (0)   :  0.144 0.828 0.028 
  5 TMA-ZAIN-G-    (0)   :  0.004 0.007 0.988 
  6 TMA-ZAIN-G-    (0)   :  0.699 0.184 0.118 
  7 TMA-ZAIN-G-    (0)   :  0.891 0.093 0.015 
  8 TMA-ZAIN-G-    (0)   :  0.972 0.022 0.005 
  9 TMA-ZAIN-G-    (9)   :  0.984 0.008 0.009 
 10 TMA-ZAIN-G-    (0)   :  0.980 0.015 0.006 
 11 TMA-ZAIN-G-    (0)   :  0.982 0.010 0.008 
 12 TMA-ZAIN-G-    (0)   :  0.987 0.008 0.005 
 13 TMA-ZAIN-G-    (9)   :  0.833 0.056 0.111 
 14 TMA-ZAIN-G-    (9)   :  0.113 0.878 0.008 
 15 TMA-ZAIN-G-    (0)   :  0.155 0.838 0.007 
 16 TMA-ZAIN-G-    (0)   :  0.987 0.006 0.006 
 17 TMA-ZAIN-G-    (9)   :  0.851 0.130 0.019 
 18 TMA-ZAIN-G-    (0)   :  0.009 0.033 0.957 
 19 TMA-ZAIN-G-    (0)   :  0.066 0.030 0.904 
 20 TMA-ZAIN-G-    (0)   :  0.005 0.010 0.986 
 21 TMA-ZAIN-G-    (0)   :  0.010 0.007 0.983 
 22 TMA-ZAIN-G-    (0)   :  0.003 0.005 0.991 
 23 TMA-ZAIN-G-    (0)   :  0.007 0.007 0.986 
 24 TMA-ZAIN-G-    (9)   :  0.139 0.028 0.833 
 25 TMA-ZAIN-G-    (9)   :  0.112 0.005 0.883 
 26 TMA-ZAIN-G-    (9)   :  0.383 0.578 0.039 
 27 TMA-ZAIN-G-    (0)   :  0.023 0.236 0.741 
 28 TMA-ZAIN-G-    (0)   :  0.024 0.030 0.946 
 29 TMA-ZAIN-G-    (0)   :  0.659 0.103 0.237 
 30 TMA-ZAIN-G-    (0)   :  0.772 0.040 0.188 
 31 TMA-ZAIN-G-    (0)   :  0.007 0.027 0.966 
 32 TMA-ZAIN-G-    (9)   :  0.149 0.019 0.832 
 33 TMA-ZAIN-G-   (18)   :  0.988 0.007 0.005 
 34 TMA-ZAIN-G-    (0)   :  0.840 0.018 0.141 
 35 TMA-ZAIN-G-    (9)   :  0.971 0.020 0.009 
 36 TMA-ZAIN-G-    (0)   :  0.964 0.030 0.006 
 37 TMA-ZAIN-G-    (9)   :  0.972 0.016 0.012 
 38 TMA-ZAIN-G-   (18)   :  0.136 0.070 0.794 
 39 TMA-ZAIN-G-    (0)   :  0.985 0.009 0.006 
 40 TMA-ZAIN-G-    (0)   :  0.989 0.007 0.005 
 41 TMA-ZAIN-G-    (0)   :  0.981 0.015 0.004 
 42 TMA-ZAIN-G-    (9)   :  0.890 0.106 0.004 
 43 TMA-ZAIN-G-    (0)   :  0.024 0.971 0.005 
 44 TMA-ZAIN-G-    (0)   :  0.046 0.010 0.944 
 45 TMA-ZAIN-G-    (0)   :  0.966 0.024 0.010 
 46 TMA-ZAIN-G-    (0)   :  0.006 0.008 0.986 
 47 TMA-ZAIN-G-    (0)   :  0.007 0.985 0.007 
 48 TMA-ZAIN-G-    (0)   :  0.115 0.868 0.017 
 49 TMA-ZAIN-G-    (9)   :  0.059 0.011 0.930 
 50 TMA-ZAIN-G-    (0)   :  0.095 0.011 0.894 
 51 TMA-ZAIN-G-    (0)   :  0.066 0.284 0.650 
 52 TMA-ZAIN-G-    (0)   :  0.067 0.209 0.724 
 53 TMA-ZAIN-G-    (0)   :  0.025 0.309 0.665 
 54 TMA-ZAIN-G-    (0)   :  0.007 0.983 0.009 
 55 TMA-ZAIN-G-    (0)   :  0.009 0.976 0.015 
 56 TMA-ZAIN-G-    (0)   :  0.105 0.866 0.029 
 57 TMA-ZAIN-G-    (0)   :  0.009 0.975 0.015 
 58 TMA-ZAIN-G-    (0)   :  0.024 0.073 0.903 
 59 TMA-ZAIN-G-    (0)   :  0.062 0.034 0.904 
 60 TMA-ZAIN-G-    (0)   :  0.023 0.121 0.857 
 61 TMA-ZAIN-G-    (0)   :  0.006 0.012 0.982 
 62 TMA-ZAIN-G-    (9)   :  0.033 0.023 0.944 
 63 TMA-ZAIN-G-    (0)   :  0.008 0.044 0.948 
 64 TMA-ZAIN-G-    (0)   :  0.985 0.011 0.003 
 65 TMA-ZAIN-G-    (9)   :  0.952 0.044 0.004 
 66 TMA-ZAIN-G-    (0)   :  0.983 0.013 0.004 
 67 TMA-ZAIN-G-    (0)   :  0.983 0.006 0.010 
 68 TMA-ZAIN-G-    (0)   :  0.962 0.035 0.003 
 69 TMA-ZAIN-G-    (0)   :  0.969 0.014 0.017 
 70 TMA-ZAIN-G-    (0)   :  0.987 0.007 0.006 
 71 TMA-ZAIN-G-    (0)   :  0.990 0.005 0.005 
 72 TMA-ZAIN-G-    (0)   :  0.981 0.011 0.007 
 73 TMA-ZAIN-G-    (0)   :  0.895 0.022 0.083 
 74 TMA-ZAIN-G-    (0)   :  0.971 0.009 0.021 
 75 TMA-ZAIN-G-    (0)   :  0.978 0.014 0.008 
 76 TMA-ZAIN-G-    (0)   :  0.955 0.005 0.039 
 77 TMA-ZAIN-G-    (0)   :  0.979 0.012 0.009 
 78 TMA-ZAIN-G-    (0)   :  0.924 0.019 0.057 
 79 TMA-ZAIN-G-    (0)   :  0.944 0.030 0.026 
 80 TMA-ZAIN-G-    (0)   :  0.983 0.011 0.006 
 81 TMA-ZAIN-G-    (0)   :  0.974 0.014 0.012 
 82 TMA-ZAIN-G-    (0)   :  0.983 0.012 0.005 
 83 TMA-ZAIN-G-    (9)   :  0.871 0.026 0.103 
 84 TMA-ZAIN-G-    (0)   :  0.969 0.007 0.023 
 85 TMA-ZAIN-G-    (0)   :  0.020 0.428 0.552 
 86 TMA-ZAIN-G-    (0)   :  0.052 0.650 0.298 
 87 TMA-ZAIN-G-    (0)   :  0.013 0.101 0.886 
 88 TMA-ZAIN-G-    (0)   :  0.130 0.656 0.214 
 89 TMA-ZAIN-G-    (0)   :  0.019 0.959 0.022 
 90 TMA-ZAIN-G-    (0)   :  0.014 0.935 0.051 
 91 TMA-ZAIN-G-    (0)   :  0.013 0.923 0.064 
 92 TMA-ZAIN-G-    (0)   :  0.009 0.953 0.039 
 93 TMA-ZAIN-G-    (0)   :  0.006 0.932 0.062 
 94 TMA-ZAIN-G-    (0)   :  0.008 0.616 0.376 
 95 TMA-ZAIN-G-    (0)   :  0.030 0.017 0.953 
 96 TMA-ZAIN-G-    (0)   :  0.247 0.121 0.631 
 97 TMA-ZAIN-G-    (0)   :  0.008 0.011 0.981 
 98 TMA-ZAIN-G-    (0)   :  0.008 0.009 0.983 
 99 TMA-ZAIN-G-    (0)   :  0.112 0.007 0.881 
100 TMA-ZAIN-G-    (0)   :  0.005 0.019 0.976 
101 TMA-ZAIN-G-    (0)   :  0.017 0.010 0.974 
102 TMA-ZAIN-G-    (0)   :  0.028 0.024 0.948 
103 TMA-ZAIN-G-    (0)   :  0.012 0.012 0.976 
104 TMA-ZAIN-G-    (0)   :  0.006 0.008 0.986 
105 TMA-ZAIN-G-    (0)   :  0.017 0.016 0.967 
106 TMA-ZAIN-G-    (0)   :  0.981 0.014 0.005 
107 TMA-ZAIN-G-    (0)   :  0.987 0.008 0.005 
108 TMA-ZAIN-G-    (9)   :  0.363 0.206 0.430 
109 TMA-ZAIN-G-    (0)   :  0.449 0.267 0.284 
110 TMA-ZAIN-G-    (0)   :  0.416 0.071 0.513 
111 TMA-ZAIN-G-    (9)   :  0.059 0.023 0.919 
112 TMA-ZAIN-G-    (0)   :  0.339 0.138 0.523 
113 TMA-ZAIN-G-    (0)   :  0.030 0.019 0.951 
114 TMA-ZAIN-G-    (0)   :  0.005 0.005 0.990 
115 TMA-ZAIN-G-    (0)   :  0.009 0.010 0.981 
116 TMA-ZAIN-G-    (0)   :  0.980 0.014 0.006 
117 TMA-ZAIN-G-    (0)   :  0.872 0.122 0.006 
118 TMA-ZAIN-G-    (0)   :  0.978 0.016 0.006 
119 TMA-ZAIN-G-    (0)   :  0.974 0.011 0.015 
120 TMA-ZAIN-G-    (0)   :  0.964 0.027 0.009 
121 TMA-ZAIN-G-    (0)   :  0.970 0.024 0.006 
122 TMA-ZAIN-G-    (0)   :  0.958 0.032 0.010 
123 TMA-ZAIN-G-    (0)   :  0.009 0.016 0.975 
124 TMA-ZAIN-G-    (0)   :  0.974 0.018 0.008 
125 TMA-ZAIN-G-    (0)   :  0.342 0.654 0.004 
126 TMA-ZAIN-G-    (0)   :  0.828 0.167 0.005 
127 TMA-ZAIN-G-    (0)   :  0.983 0.013 0.004 
128 TMA-ZAIN-G-    (0)   :  0.976 0.019 0.005 
129 TMA-ZAIN-G-    (0)   :  0.962 0.030 0.008 
130 TMA-ZAIN-G-    (0)   :  0.284 0.709 0.007 
131 TMA-ZAIN-G-    (0)   :  0.964 0.028 0.007 
132 TMA-ZAIN-G-    (0)   :  0.871 0.124 0.005 
133 TMA-ZAIN-G-    (0)   :  0.852 0.140 0.007 
134 TMA-ZAIN-G-    (0)   :  0.770 0.223 0.006 
135 TMA-ZAIN-G-    (0)   :  0.986 0.008 0.006 
136 TMA-ZAIN-G-    (0)   :  0.973 0.021 0.006 
137 TMA-ZAIN-G-    (0)   :  0.984 0.009 0.008 
138 TMA-ZAIN-G-    (0)   :  0.979 0.017 0.004 
139 TMA-ZAIN-G-    (0)   :  0.963 0.032 0.006 
140 TMA-ZAIN-G-    (0)   :  0.987 0.007 0.006 
141 TMA-ZAIN-G-    (0)   :  0.980 0.013 0.007 
142 TMA-ZAIN-G-    (9)   :  0.988 0.007 0.005 
143 TMA-ZAIN-G-    (0)   :  0.987 0.008 0.005 
144 TMA-ZAIN-G-    (0)   :  0.974 0.019 0.007 
145 TMA-ZAIN-G-    (0)   :  0.985 0.012 0.003 
146 TMA-ZAIN-G-    (0)   :  0.989 0.006 0.004 
147 TMA-ZAIN-G-    (9)   :  0.988 0.008 0.005 
148 TMA-ZAIN-G-    (0)   :  0.972 0.024 0.004 
149 TMA-ZAIN-G-    (0)   :  0.882 0.082 0.037 
150 TMA-ZAIN-G-    (0)   :  0.912 0.054 0.033 
151 TMA-ZAIN-G-    (0)   :  0.987 0.009 0.004 
152 TMA-ZAIN-G-    (0)   :  0.985 0.011 0.005 
153 TMA-ZAIN-G-    (0)   :  0.985 0.011 0.004 
154 TMA-ZAIN-G-    (0)   :  0.986 0.009 0.005 
155 TMA-ZAIN-G-    (0)   :  0.988 0.007 0.005 
156 TMA-ZAIN-G-    (9)   :  0.968 0.026 0.006 
157 TMA-ZAIN-G-    (0)   :  0.978 0.016 0.006 
158 TMA-ZAIN-G-    (0)   :  0.987 0.008 0.005 
159 TMA-ZAIN-G-    (0)   :  0.989 0.007 0.005 
160 TMA-ZAIN-G-    (0)   :  0.988 0.007 0.005 
161 TMA-ZAIN-G-    (0)   :  0.983 0.013 0.004 
162 TMA-ZAIN-G-    (0)   :  0.946 0.022 0.032 
163 TMA-ZAIN-G-    (0)   :  0.991 0.005 0.004 
164 TMA-ZAIN-G-    (0)   :  0.983 0.011 0.006 
165 TMA-ZAIN-G-    (0)   :  0.990 0.005 0.005 
166 TMA-ZAIN-G-    (0)   :  0.987 0.009 0.004 
167 TMA-ZAIN-G-    (0)   :  0.982 0.010 0.008 
168 TMA-ZAIN-G-    (0)   :  0.979 0.015 0.006 
169 TMA-ZAIN-G-    (0)   :  0.988 0.008 0.005 
170 TMA-ZAIN-G-    (0)   :  0.972 0.012 0.016 
171 TMA-ZAIN-G-    (0)   :  0.988 0.007 0.005 
172 TMA-ZAIN-G-    (0)   :  0.983 0.011 0.006 
173 TMA-ZAIN-G-    (0)   :  0.978 0.015 0.006 
174 TMA-ZAIN-G-    (0)   :  0.987 0.009 0.004 
175 TMA-ZAIN-G-    (0)   :  0.988 0.007 0.005 
176 TMA-ZAIN-G-    (0)   :  0.988 0.007 0.005 
177 TMA-ZAIN-G-    (0)   :  0.986 0.008 0.005 
178 TMA-ZAIN-G-    (0)   :  0.973 0.019 0.008 
179 TMA-ZAIN-G-    (0)   :  0.985 0.011 0.004 
180 TMA-ZAIN-G-    (0)   :  0.955 0.039 0.005 
181 TMA-ZAIN-G-    (0)   :  0.947 0.048 0.006 
182 TMA-ZAIN-G-    (0)   :  0.719 0.272 0.009 
183 TMA-ZAIN-G-    (0)   :  0.934 0.060 0.006 
184 TMA-ZAIN-G-    (0)   :  0.813 0.150 0.037 
185 TMA-ZAIN-G-    (0)   :  0.863 0.087 0.050 
186 TMA-ZAIN-G-    (9)   :  0.981 0.010 0.009 
187 TMA-ZAIN-G-    (0)   :  0.982 0.010 0.007 
188 TMA-ZAIN-G-    (0)   :  0.985 0.010 0.005 
189 TMA-ZAIN-G-    (0)   :  0.990 0.007 0.004 
190 TMA-ZAIN-G-    (0)   :  0.968 0.027 0.006 
191 TMA-ZAIN-G-    (0)   :  0.943 0.021 0.036 
192 TMA-ZAIN-G-    (0)   :  0.979 0.015 0.006 
193 TMA-ZAIN-G-    (0)   :  0.011 0.985 0.004 
194 TMA-ZAIN-G-    (0)   :  0.015 0.979 0.006 
195 TMA-ZAIN-G-    (0)   :  0.385 0.608 0.006 
196 TMA-ZAIN-G-    (0)   :  0.071 0.924 0.005 
197 TMA-ZAIN-G-    (0)   :  0.031 0.964 0.005 
198 TMA-ZAIN-G-    (0)   :  0.109 0.886 0.005 
199 TMA-ZAIN-G-    (0)   :  0.970 0.023 0.007 
200 TMA-ZAIN-G-    (0)   :  0.005 0.012 0.983 
201 TMA-ZAIN-G-    (0)   :  0.007 0.006 0.987 
202 TMA-ZAIN-G-    (0)   :  0.009 0.009 0.983 
203 TMA-ZAIN-G-    (0)   :  0.150 0.839 0.011 
204 TMA-ZAIN-G-    (9)   :  0.017 0.045 0.938 
205 TMA-ZAIN-G-    (0)   :  0.033 0.019 0.947 
206 TMA-ZAIN-G-    (9)   :  0.013 0.089 0.897 
207 TMA-ZAIN-G-    (9)   :  0.856 0.121 0.024 
208 TMA-ZAIN-G-    (0)   :  0.991 0.005 0.004 
209 TMA-ZAIN-G-    (0)   :  0.794 0.202 0.004 
210 TMA-ZAIN-G-    (0)   :  0.834 0.160 0.005 
211 TMA-ZAIN-G-    (0)   :  0.949 0.037 0.014 
212 TMA-ZAIN-G-    (0)   :  0.973 0.022 0.005 
213 TMA-ZAIN-G-    (0)   :  0.979 0.015 0.006 
214 TMA-ZAIN-G-    (0)   :  0.983 0.013 0.005 
215 TMA-ZAIN-G-    (0)   :  0.871 0.005 0.124 
216 TMA-ZAIN-G-    (0)   :  0.966 0.028 0.006 
217 TMA-ZAIN-G-    (0)   :  0.980 0.016 0.004 
218 TMA-ZAIN-G-    (0)   :  0.046 0.010 0.943 
219 TMA-ZAIN-G-    (0)   :  0.011 0.021 0.968 
220 TMA-ZAIN-G-    (0)   :  0.022 0.010 0.968 
221 TMA-ZAIN-G-    (0)   :  0.023 0.021 0.955 
222 TMA-ZAIN-G-    (0)   :  0.028 0.021 0.951 
223 TMA-ZAIN-G-    (0)   :  0.007 0.007 0.985 
224 TMA-ZAIN-G-    (0)   :  0.043 0.074 0.884 
225 TMA-ZAIN-G-    (0)   :  0.006 0.011 0.982 
226 TMA-ZAIN-G-    (0)   :  0.013 0.026 0.961 
227 TMA-ZAIN-G-    (0)   :  0.012 0.013 0.975 
228 TMA-ZAIN-G-    (0)   :  0.048 0.017 0.935 
229 TMA-ZAIN-G-    (0)   :  0.009 0.006 0.985 
230 TMA-ZAIN-G-    (0)   :  0.246 0.253 0.501 
231 TMA-ZAIN-G-    (0)   :  0.019 0.014 0.967 
232 TMA-ZAIN-G-    (9)   :  0.015 0.011 0.973 
233 TMA-ZAIN-G-    (0)   :  0.148 0.051 0.802 
234 TMA-ZAIN-G-    (0)   :  0.007 0.019 0.973 
235 TMA-ZAIN-G-    (0)   :  0.071 0.035 0.893 
236 TMA-ZAIN-G-    (0)   :  0.015 0.015 0.970 
237 TMA-ZAIN-G-    (0)   :  0.127 0.051 0.822 
238 TMA-ZAIN-G-    (0)   :  0.012 0.008 0.980 
239 TMA-ZAIN-G-    (0)   :  0.026 0.247 0.727 
240 TMA-ZAIN-G-    (0)   :  0.006 0.009 0.985 
241 TMA-ZAIN-G-    (0)   :  0.014 0.008 0.978 
242 TMA-ZAIN-G-    (0)   :  0.012 0.006 0.982 
243 TMA-ZAIN-G-    (0)   :  0.020 0.010 0.971 
244 TMA-ZAIN-G-    (0)   :  0.023 0.005 0.972 
245 TMA-ZAIN-G-    (9)   :  0.006 0.005 0.988 
246 TMA-ZAIN-G-    (0)   :  0.005 0.005 0.990 
247 TMA-ZAIN-G-    (0)   :  0.011 0.006 0.983 
248 TMA-ZAIN-G-    (0)   :  0.009 0.007 0.983 
249 TMA-ZAIN-G-    (0)   :  0.006 0.007 0.987 
250 TMA-ZAIN-G-    (0)   :  0.006 0.006 0.988 
251 TMA-ZAIN-G-    (0)   :  0.006 0.987 0.007 
252 TMA-ZAIN-G-    (0)   :  0.077 0.914 0.009 
253 TMA-ZAIN-G-    (0)   :  0.010 0.982 0.008 
254 TMA-ZAIN-G-    (9)   :  0.030 0.961 0.009 
255 TMA-ZAIN-G-    (0)   :  0.010 0.959 0.032 
256 TMA-ZAIN-G-    (0)   :  0.009 0.982 0.010 
257 TMA-ZAIN-G-    (0)   :  0.004 0.991 0.005 
258 TMA-ZAIN-G-    (0)   :  0.005 0.990 0.005 
259 TMA-ZAIN-G-    (0)   :  0.005 0.988 0.007 
260 TMA-ZAIN-G-    (0)   :  0.006 0.987 0.007 
261 TMA-ZAIN-G-   (18)   :  0.008 0.985 0.007 
262 TMA-ZAIN-G-    (0)   :  0.005 0.990 0.006 
263 TMA-ZAIN-G-    (0)   :  0.006 0.985 0.009 
264 TMA-ZAIN-G-    (0)   :  0.006 0.985 0.009 
265 TMA-ZAIN-G-    (0)   :  0.074 0.732 0.195 
266 TMA-ZAIN-G-    (0)   :  0.018 0.969 0.012 
267 TMA-ZAIN-G-    (0)   :  0.021 0.223 0.756 
268 TMA-ZAIN-G-    (0)   :  0.005 0.006 0.990 
269 TMA-ZAIN-G-    (0)   :  0.007 0.006 0.987 
270 TMA-ZAIN-G-    (0)   :  0.007 0.008 0.985 
271 TMA-ZAIN-G-    (0)   :  0.005 0.006 0.989 
272 TMA-ZAIN-G-    (0)   :  0.006 0.005 0.989 
273 TMA-ZAIN-G-    (0)   :  0.004 0.005 0.991 
274 TMA-ZAIN-G-    (0)   :  0.010 0.014 0.976 
275 TMA-ZAIN-G-    (0)   :  0.004 0.004 0.992 
276 TMA-ZAIN-G-    (0)   :  0.005 0.004 0.992 
277 TMA-ZAIN-G-    (0)   :  0.005 0.006 0.989 
278 TMA-ZAIN-G-    (0)   :  0.004 0.006 0.990 
279 TMA-ZAIN-G-    (0)   :  0.005 0.005 0.989 
280 TMA-ZAIN-G-    (0)   :  0.005 0.005 0.990 
281 TMA-ZAIN-G-    (0)   :  0.005 0.006 0.989 
282 TMA-ZAIN-G-    (9)   :  0.004 0.005 0.991 
283 TMA-ZAIN-G-    (0)   :  0.006 0.012 0.982 
284 TMA-ZAIN-G-    (0)   :  0.007 0.019 0.975 
285 TMA-ZAIN-G-    (0)   :  0.008 0.011 0.980 
286 TMA-ZAIN-G-    (0)   :  0.004 0.006 0.990 
287 TMA-ZAIN-G-    (0)   :  0.007 0.008 0.985 
288 TMA-ZAIN-G-    (0)   :  0.018 0.018 0.964 
289 TMA-ZAIN-G-    (0)   :  0.010 0.011 0.979 
290 TMA-ZAIN-G-    (0)   :  0.006 0.008 0.986 
291 TMA-ZAIN-G-    (0)   :  0.008 0.012 0.980 
292 TMA-ZAIN-G-    (0)   :  0.974 0.009 0.017 
293 TMA-ZAIN-G-    (0)   :  0.963 0.027 0.009 
294 TMA-ZAIN-G-    (0)   :  0.985 0.010 0.005 
295 TMA-ZAIN-G-    (9)   :  0.980 0.011 0.009 
296 TMA-ZAIN-G-    (0)   :  0.966 0.022 0.012 
297 TMA-ZAIN-G-    (0)   :  0.967 0.024 0.008 
298 TMA-ZAIN-G-    (0)   :  0.923 0.048 0.028 
299 TMA-ZAIN-G-    (0)   :  0.987 0.005 0.008 
300 TMA-ZAIN-G-    (0)   :  0.985 0.009 0.006 
301 TMA-ZAIN-G-    (0)   :  0.978 0.013 0.009 
302 TMA-ZAIN-G-    (9)   :  0.983 0.011 0.006 
303 TMA-ZAIN-G-    (0)   :  0.014 0.243 0.743 
304 TMA-ZAIN-G-    (0)   :  0.055 0.933 0.012 
305 TMA-ZAIN-G-    (0)   :  0.981 0.013 0.006 
306 TMA-ZAIN-G-    (0)   :  0.388 0.459 0.153 
307 TMA-ZAIN-G-    (0)   :  0.180 0.808 0.012 
308 TMA-ZAIN-G-    (0)   :  0.009 0.794 0.197 
309 TMA-ZAIN-G-    (0)   :  0.985 0.010 0.006 
310 TMA-ZAIN-G-    (0)   :  0.963 0.015 0.021 
311 TMA-ZAIN-G-    (0)   :  0.879 0.090 0.032 
312 TMA-ZAIN-G-    (0)   :  0.949 0.039 0.013 
313 TMA-ZAIN-G-    (0)   :  0.106 0.885 0.010 
314 TMA-ZAIN-G-    (0)   :  0.011 0.013 0.976 
315 TMA-ZAIN-G-    (0)   :  0.508 0.015 0.477 
316 TMA-ZAIN-G-    (0)   :  0.437 0.014 0.550 
317 TMA-ZAIN-G-    (0)   :  0.027 0.019 0.954 
318 TMA-ZAIN-G-    (9)   :  0.008 0.016 0.976 
319 TMA-ZAIN-G-    (0)   :  0.018 0.513 0.469 
320 TMA-ZAIN-G-    (0)   :  0.672 0.010 0.317 
321 TMA-ZAIN-G-    (0)   :  0.654 0.017 0.329 
322 TMA-ZAIN-G-    (0)   :  0.511 0.130 0.359 
323 TMA-ZAIN-G-    (0)   :  0.106 0.113 0.781 
324 TMA-ZAIN-G-    (0)   :  0.886 0.106 0.008 
325 TMA-ZAIN-G-    (0)   :  0.016 0.015 0.969 
326 TMA-ZAIN-G-    (0)   :  0.107 0.425 0.468 
327 TMA-ZAIN-G-    (0)   :  0.028 0.967 0.005 
328 TMA-ZAIN-G-    (0)   :  0.198 0.132 0.670 
329 TMA-ZAIN-G-    (0)   :  0.922 0.070 0.008 
330 TMA-ZAIN-G-    (0)   :  0.888 0.107 0.005 
331 TMA-ZAIN-G-    (0)   :  0.629 0.220 0.151 
332 TMA-ZAIN-G-    (0)   :  0.900 0.096 0.004 
333 TMA-ZAIN-G-    (0)   :  0.031 0.963 0.006 
334 TMA-ZAIN-G-    (0)   :  0.004 0.006 0.990 
335 TMA-ZAIN-G-    (0)   :  0.007 0.005 0.988 
336 TMA-ZAIN-G-    (0)   :  0.009 0.009 0.982 
337 TMA-ZAIN-G-    (9)   :  0.006 0.006 0.988 
338 TMA-ZAIN-G-    (0)   :  0.004 0.005 0.992 
339 TMA-ZAIN-G-    (0)   :  0.003 0.004 0.993 
340 TMA-ZAIN-G-    (0)   :  0.005 0.004 0.991 
341 TMA-ZAIN-G-    (0)   :  0.006 0.004 0.990 
342 TMA-ZAIN-G-    (0)   :  0.005 0.006 0.989 
343 TMA-ZAIN-G-    (0)   :  0.004 0.004 0.992 
344 TMA-ZAIN-G-    (0)   :  0.005 0.006 0.989 
345 TMA-ZAIN-G-    (0)   :  0.003 0.005 0.992 
346 TMA-ZAIN-G-    (0)   :  0.004 0.004 0.992 
347 TMA-ZAIN-G-    (9)   :  0.004 0.004 0.991 
348 TMA-ZAIN-G-    (0)   :  0.006 0.008 0.986 
349 TMA-ZAIN-G-    (0)   :  0.004 0.005 0.991 
350 TMA-ZAIN-G-    (0)   :  0.008 0.007 0.985 
351 TMA-ZAIN-G-    (0)   :  0.005 0.006 0.990 
352 TMA-ZAIN-G-    (0)   :  0.008 0.006 0.985 
353 TMA-ZAIN-G-    (0)   :  0.006 0.007 0.987 
354 TMA-ZAIN-G-    (0)   :  0.005 0.004 0.991 
355 TMA-ZAIN-G-    (0)   :  0.009 0.005 0.986 
356 TMA-ZAIN-G-    (0)   :  0.975 0.017 0.008 
357 TMA-ZAIN-G-    (0)   :  0.952 0.041 0.007 
358 TMA-ZAIN-G-    (0)   :  0.897 0.047 0.056 
359 TMA-ZAIN-G-    (0)   :  0.959 0.016 0.026 
360 TMA-ZAIN-G-    (0)   :  0.989 0.006 0.005 
361 TMA-ZAIN-G-    (0)   :  0.958 0.033 0.008 
362 TMA-ZAIN-G-    (0)   :  0.982 0.005 0.012 
363 TMA-ZAIN-G-    (0)   :  0.908 0.078 0.013 
364 TMA-ZAIN-G-    (0)   :  0.022 0.022 0.956 
365 TMA-ZAIN-G-    (0)   :  0.744 0.006 0.250 
366 TMA-ZAIN-G-    (0)   :  0.975 0.017 0.008 
367 TMA-ZAIN-G-    (0)   :  0.452 0.526 0.022 
368 TMA-ZAIN-G-    (0)   :  0.979 0.016 0.006 
369 TMA-ZAIN-G-    (0)   :  0.983 0.012 0.004 
370 TMA-ZAIN-G-    (0)   :  0.983 0.011 0.006 
371 TMA-ZAIN-G-    (0)   :  0.987 0.008 0.005 
372 TMA-ZAIN-G-    (0)   :  0.988 0.007 0.005 
373 TMA-ZAIN-G-    (0)   :  0.198 0.794 0.008 
374 TMA-ZAIN-G-    (0)   :  0.077 0.686 0.237 
375 TMA-ZAIN-G-    (0)   :  0.388 0.078 0.534 
376 TMA-ZAIN-G-    (9)   :  0.989 0.005 0.005 
377 TMA-ZAIN-G-    (0)   :  0.991 0.006 0.003 
378 TMA-ZAIN-G-    (0)   :  0.989 0.006 0.004 
379 TMA-ZAIN-G-    (0)   :  0.987 0.009 0.004 
380 TMA-ZAIN-G-    (0)   :  0.988 0.008 0.004 
381 TMA-ZAIN-G-    (9)   :  0.259 0.184 0.557 
382 TMA-ZAIN-G-    (9)   :  0.010 0.009 0.981 
383    ZFB01    (0)   :  0.009 0.007 0.985 
384    ZFB02    (0)   :  0.005 0.008 0.988 
385    ZFB03    (0)   :  0.009 0.015 0.975 
386    ZFB04    (0)   :  0.005 0.005 0.990 
387    ZFB05    (0)   :  0.004 0.011 0.984 
388    ZFB06    (0)   :  0.004 0.008 0.987 
389    ZFB07    (9)   :  0.013 0.008 0.978 
390    ZFB08    (0)   :  0.009 0.012 0.979 
391    ZFB09    (0)   :  0.006 0.006 0.988 
392    ZFB10    (0)   :  0.019 0.008 0.973 
393    ZFB11    (0)   :  0.016 0.007 0.976 
394    ZFB12    (0)   :  0.009 0.007 0.984 
395    ZFB13    (0)   :  0.013 0.007 0.980 
396    ZFB14    (0)   :  0.013 0.010 0.977 
397    ZFB15    (0)   :  0.004 0.004 0.992 
398    ZFB16    (0)   :  0.006 0.004 0.990 
399    ZFB17    (0)   :  0.006 0.006 0.988 
400    ZFB18    (0)   :  0.009 0.008 0.983 
401    ZFB19    (0)   :  0.037 0.007 0.956 
402    ZFB20    (0)   :  0.005 0.004 0.990 
403    ZFB21    (0)   :  0.005 0.005 0.990 
404    ZFB22    (0)   :  0.007 0.005 0.989 
405    ZFB23    (0)   :  0.014 0.009 0.977 
406    ZFB24    (0)   :  0.011 0.006 0.983 
407    ZFB25    (0)   :  0.058 0.010 0.932 
408    ZFB26    (0)   :  0.025 0.008 0.967 
409    ZFB27    (0)   :  0.013 0.005 0.982 
410    ZFB28    (0)   :  0.010 0.012 0.979 
411    ZFB29    (0)   :  0.006 0.007 0.987 
412    ZFB30    (0)   :  0.009 0.007 0.984 
413    ZFB31    (0)   :  0.046 0.008 0.946 
414    ZFB32    (0)   :  0.017 0.039 0.944 
415    ZFB33    (0)   :  0.005 0.005 0.990 
416    ZFB34    (0)   :  0.007 0.009 0.983 
417    ZFB35    (0)   :  0.010 0.008 0.982 
418  ZFBP101    (0)   :  0.868 0.119 0.013 
419  ZFBP102    (0)   :  0.962 0.022 0.016 
420  ZFBP103    (0)   :  0.639 0.353 0.008 
421  ZFBP104    (0)   :  0.909 0.007 0.083 
422  ZFBP105    (0)   :  0.981 0.010 0.009 
423  ZFBP106    (0)   :  0.981 0.014 0.005 
424  ZFBP107    (0)   :  0.975 0.013 0.013 
425  ZFBP108    (0)   :  0.990 0.006 0.005 
426  ZFBP109    (0)   :  0.991 0.005 0.004 
427  ZFBP110    (0)   :  0.733 0.244 0.023 
428  ZFBP111    (0)   :  0.989 0.008 0.004 
429  ZFBP112    (0)   :  0.982 0.011 0.007 
430  ZFBP113    (0)   :  0.989 0.005 0.006 
431  ZFBP114    (0)   :  0.986 0.008 0.006 
432  ZFBP115    (0)   :  0.976 0.019 0.005 
433  ZFBP116    (0)   :  0.988 0.007 0.005 
434  ZFBP117    (0)   :  0.986 0.010 0.004 
435  ZFBP118    (0)   :  0.988 0.006 0.006 
436  ZFBP119    (0)   :  0.964 0.031 0.005 
437  ZFBP120    (0)   :  0.984 0.008 0.009 
438  ZFBP121    (0)   :  0.982 0.012 0.006 
439  ZFBP122    (9)   :  0.988 0.007 0.005 
440  ZFBP123    (0)   :  0.975 0.017 0.008 
441  ZFBP124    (0)   :  0.983 0.009 0.008 
442  ZFBP125    (0)   :  0.988 0.008 0.004 
443  ZFBP126    (0)   :  0.957 0.026 0.017 
444  ZFBP127    (0)   :  0.980 0.015 0.004 
445  ZFBP128    (0)   :  0.986 0.010 0.004 
446  ZFBP129    (0)   :  0.985 0.010 0.005 
447  ZFBP130    (0)   :  0.984 0.012 0.004 
448  ZFBP131    (0)   :  0.990 0.005 0.006 
449  ZFBP132    (0)   :  0.987 0.009 0.004 
450  ZFBP133    (0)   :  0.988 0.008 0.004 
451  ZFBP134    (0)   :  0.974 0.021 0.005 
452  ZFBP135    (0)   :  0.728 0.259 0.013 
453  ZFBP136    (0)   :  0.878 0.115 0.007 
454  ZFBP201    (0)   :  0.979 0.012 0.009 
455  ZFBP202    (0)   :  0.987 0.007 0.005 
456  ZFBP203    (0)   :  0.970 0.008 0.023 
457  ZFBP204    (0)   :  0.961 0.032 0.006 
458  ZFBP205    (0)   :  0.985 0.009 0.006 
459  ZFBP206    (0)   :  0.976 0.016 0.009 
460  ZFBP207    (0)   :  0.959 0.035 0.005 
461  ZFBP208    (0)   :  0.980 0.010 0.011 
462  ZFBP209    (0)   :  0.989 0.007 0.004 
463  ZFBP210    (0)   :  0.979 0.012 0.009 
464  ZFBP211    (0)   :  0.987 0.007 0.006 
465  ZFBP212    (0)   :  0.988 0.007 0.005 
466  ZFBP213    (0)   :  0.969 0.021 0.010 
467  ZFBP214    (0)   :  0.905 0.085 0.010 
468  ZFBP215    (0)   :  0.987 0.008 0.005 
469  ZFBP216    (0)   :  0.982 0.008 0.011 
470  ZFBP217    (0)   :  0.983 0.012 0.005 
471  ZFBP218    (0)   :  0.991 0.005 0.004 
472  ZFBP219    (0)   :  0.990 0.004 0.005 
473  ZFBP220    (0)   :  0.982 0.013 0.005 
474  ZFBP221    (0)   :  0.989 0.006 0.005 
475  ZFBP222    (0)   :  0.983 0.009 0.008 
476  ZFBP223    (0)   :  0.954 0.038 0.009 
477  ZFBP224    (0)   :  0.984 0.009 0.007 
478  ZFBP225    (0)   :  0.976 0.019 0.005 
479  ZFBP226    (0)   :  0.988 0.006 0.006 
480  ZFBP227    (0)   :  0.869 0.011 0.120 
481  ZFBP228    (0)   :  0.977 0.018 0.005 
482  ZFBP229    (0)   :  0.988 0.008 0.004 
483  ZFBP230    (0)   :  0.980 0.015 0.005 
484  ZFBP231    (0)   :  0.985 0.008 0.007 
485  ZFBP232    (0)   :  0.990 0.006 0.005 
486  ZFBP233    (0)   :  0.986 0.008 0.007 
487   ZFCC01    (0)   :  0.005 0.982 0.013 
488   ZFCC03    (0)   :  0.006 0.988 0.005 
489   ZFCC04    (0)   :  0.006 0.985 0.009 
490   ZFCC05    (0)   :  0.007 0.983 0.010 
491   ZFCC08    (0)   :  0.021 0.973 0.006 
492   ZFCC09    (0)   :  0.005 0.987 0.008 
493   ZFCC10    (0)   :  0.006 0.979 0.014 
494   ZFCC11    (0)   :  0.006 0.987 0.007 
495   ZFCC12    (0)   :  0.007 0.925 0.068 
496   ZFCC13    (0)   :  0.012 0.979 0.009 
497   ZFCC14    (0)   :  0.010 0.972 0.018 
498   ZFCC15    (0)   :  0.006 0.982 0.012 
499   ZFCC16    (0)   :  0.006 0.984 0.010 
500   ZFCC17    (0)   :  0.004 0.981 0.015 
501   ZFCC18    (0)   :  0.007 0.986 0.007 
502   ZFCC19    (0)   :  0.005 0.975 0.020 
503   ZFCC20    (0)   :  0.006 0.989 0.006 
504   ZFCC21    (0)   :  0.071 0.899 0.030 
505   ZFCC22    (0)   :  0.268 0.720 0.012 
506   ZFCC26    (0)   :  0.005 0.987 0.007 
507   ZFCC27    (0)   :  0.005 0.990 0.005 
508   ZFCC29    (0)   :  0.006 0.977 0.016 
509   ZFCC30    (0)   :  0.005 0.990 0.005 
510   ZFCC32    (0)   :  0.006 0.979 0.015 
511   ZFCC33    (0)   :  0.005 0.981 0.014 
512   ZFCC34    (0)   :  0.034 0.949 0.017 
513   ZFCC35    (0)   :  0.006 0.988 0.006 
514   ZFCC36    (0)   :  0.013 0.969 0.018 
515   ZFCC37    (0)   :  0.011 0.910 0.079 
516   ZFCC40    (0)   :  0.008 0.979 0.013 
517   ZFCC42    (0)   :  0.009 0.529 0.463 
518   ZFCC44    (0)   :  0.005 0.990 0.005 
519   ZFCC45    (9)   :  0.007 0.947 0.046 
520   ZFCC46    (0)   :  0.015 0.980 0.005 
521   ZFCC47    (0)   :  0.007 0.956 0.037 
522   ZFCC48    (0)   :  0.042 0.946 0.011 
523   ZFCC50    (0)   :  0.005 0.986 0.009 
524   ZFCC51    (0)   :  0.005 0.990 0.006 
525   ZFCC52    (0)   :  0.015 0.977 0.008 
526   ZFCC53    (0)   :  0.004 0.990 0.006 
527  ZFCNS01    (0)   :  0.019 0.971 0.010 
528  ZFCNS02    (0)   :  0.016 0.980 0.004 
529  ZFCNS05    (0)   :  0.021 0.972 0.007 
530  ZFCNS06    (0)   :  0.014 0.980 0.006 
531  ZFCNS07    (0)   :  0.397 0.597 0.006 
532  ZFCNS10    (0)   :  0.076 0.919 0.005 
533  ZFCNS11    (0)   :  0.014 0.980 0.007 
534  ZFCNS15    (0)   :  0.821 0.171 0.008 
535  ZFCNS17    (0)   :  0.012 0.983 0.005 
536  ZFCNS18    (0)   :  0.034 0.961 0.005 
537  ZFCNS19    (0)   :  0.008 0.987 0.005 
538  ZFCNS20    (0)   :  0.130 0.864 0.006 
539  ZFCNS21    (0)   :  0.010 0.985 0.005 
540  ZFCNS22    (0)   :  0.146 0.847 0.008 
541  ZFCNS23    (0)   :  0.014 0.980 0.006 
542  ZFCNS24    (0)   :  0.010 0.986 0.004 
543  ZFCNS25    (0)   :  0.072 0.922 0.005 
544  ZFCNS26    (0)   :  0.320 0.672 0.008 
545  ZFCNS27    (0)   :  0.936 0.057 0.007 
546  ZFCNS28    (0)   :  0.021 0.972 0.007 
547  ZFCNS29    (0)   :  0.018 0.977 0.005 
548  ZFCNS30    (0)   :  0.011 0.983 0.006 
549  ZFCNS31    (0)   :  0.052 0.942 0.006 
550  ZFCNS32    (0)   :  0.041 0.953 0.007 
551  ZFCNS33    (0)   :  0.024 0.970 0.005 
552  ZFCNS34    (0)   :  0.007 0.988 0.005 
553  ZFCNS35    (0)   :  0.024 0.969 0.007 
554  ZFCNS36    (0)   :  0.009 0.987 0.004 
555  ZFCNS37    (0)   :  0.029 0.964 0.006 
556  ZFCNS39    (0)   :  0.013 0.982 0.005 
557  ZFCNS40    (0)   :  0.016 0.979 0.004 
558  ZFCNS41    (0)   :  0.145 0.843 0.012 
559  ZFCNS42    (0)   :  0.057 0.937 0.006 
560  ZFCNS43    (0)   :  0.009 0.986 0.005 
561  ZFCNS44    (0)   :  0.018 0.977 0.005 
562  ZFCNS46    (0)   :  0.030 0.965 0.006 
563  ZFCNS47    (0)   :  0.013 0.982 0.005 
564  ZFCNS48    (0)   :  0.041 0.954 0.005 
565  ZFCNS49    (0)   :  0.805 0.190 0.006 
566   ZFCR01    (0)   :  0.026 0.011 0.963 
567   ZFCR02    (0)   :  0.111 0.024 0.865 
568   ZFCR03    (0)   :  0.032 0.012 0.957 
569   ZFCR04    (0)   :  0.022 0.019 0.960 
570   ZFCR05    (0)   :  0.009 0.015 0.976 
571   ZFCR06    (0)   :  0.302 0.104 0.594 
572   ZFCR07    (0)   :  0.042 0.250 0.708 
573   ZFCR08    (0)   :  0.054 0.039 0.906 
574   ZFCR09    (0)   :  0.065 0.044 0.892 
575   ZFCR11    (0)   :  0.076 0.033 0.891 
576   ZFCR12    (0)   :  0.120 0.313 0.567 
577   ZFCR13    (0)   :  0.145 0.019 0.835 
578   ZFCR14    (0)   :  0.033 0.032 0.935 
579   ZFCR15    (0)   :  0.027 0.016 0.957 
580   ZFCR16    (0)   :  0.070 0.012 0.918 
581   ZFCR18    (0)   :  0.009 0.012 0.979 
582   ZFCR19    (0)   :  0.106 0.031 0.863 
583   ZFCR20    (0)   :  0.061 0.014 0.925 
584   ZFCR21    (0)   :  0.030 0.030 0.940 
585   ZFCR22    (0)   :  0.046 0.014 0.941 
586   ZFCR23    (0)   :  0.074 0.006 0.921 
587   ZFCR24    (9)   :  0.419 0.010 0.571 
588   ZFCR25    (0)   :  0.014 0.009 0.977 
589   ZFCR26    (0)   :  0.070 0.031 0.899 
590   ZFCR27    (9)   :  0.005 0.005 0.990 
591   ZFCR28    (0)   :  0.471 0.024 0.505 
592   ZFCR29    (0)   :  0.020 0.008 0.972 
593   ZFCR30    (0)   :  0.036 0.025 0.939 
594   ZFCR31    (0)   :  0.125 0.056 0.819 
595   ZFCR33    (0)   :  0.039 0.100 0.861 
596   ZFCR34    (0)   :  0.082 0.085 0.833 
597   ZFCR35    (0)   :  0.008 0.013 0.979 
598   ZFCR36    (0)   :  0.015 0.024 0.961 
599   ZFCR37    (0)   :  0.012 0.040 0.947 
600   ZFCR38    (0)   :  0.020 0.055 0.925 
601   ZFCR39    (0)   :  0.162 0.022 0.816 
602   ZFCR40    (0)   :  0.022 0.029 0.949 
603   ZFCR41    (0)   :  0.098 0.382 0.521 
604   ZFCR42    (0)   :  0.131 0.188 0.681 
605   ZFCR43    (0)   :  0.092 0.013 0.895 
606  ZFENP25    (0)   :  0.015 0.016 0.969 
607  ZFENP26    (0)   :  0.009 0.011 0.980 
608  ZFENP27    (0)   :  0.029 0.363 0.608 
609  ZFENP28    (0)   :  0.009 0.025 0.965 
610  ZFENP29    (0)   :  0.009 0.024 0.967 
611  ZFENP30    (0)   :  0.011 0.072 0.916 
612  ZFENP31    (0)   :  0.012 0.036 0.953 
613  ZFENP32    (0)   :  0.013 0.034 0.953 
614  ZFENP33    (0)   :  0.010 0.010 0.980 
615  ZFENP34    (0)   :  0.006 0.018 0.975 
616  ZFENP35    (0)   :  0.015 0.016 0.969 
617  ZFENP36    (0)   :  0.005 0.008 0.988 
618  ZFENP37    (0)   :  0.010 0.019 0.971 
619  ZFENP38    (0)   :  0.025 0.093 0.882 
620  ZFENP39    (0)   :  0.007 0.018 0.975 
621  ZFENP40    (0)   :  0.008 0.011 0.981 
622  ZFENP41    (0)   :  0.010 0.066 0.924 
623  ZFENP42    (0)   :  0.009 0.014 0.977 
624  ZFENP43    (0)   :  0.037 0.214 0.749 
625  ZFENP44    (0)   :  0.014 0.040 0.946 
626  ZFENP45    (0)   :  0.342 0.033 0.625 
627  ZFENP46    (0)   :  0.019 0.007 0.974 
628  ZFENP47    (0)   :  0.032 0.020 0.948 
629  ZFENP48    (0)   :  0.016 0.035 0.949 
630  ZFENP49    (0)   :  0.028 0.032 0.940 
631  ZFENP50    (0)   :  0.149 0.006 0.845 
632  ZFENP51    (0)   :  0.010 0.008 0.981 
633  ZFENP52    (0)   :  0.034 0.099 0.867 
634  ZFENP53    (0)   :  0.046 0.020 0.934 
635  ZFENP54    (0)   :  0.233 0.025 0.742 
636  ZFENP55    (0)   :  0.009 0.006 0.986 
637  ZFENP56    (0)   :  0.016 0.036 0.948 
638  ZFENP57    (0)   :  0.008 0.011 0.981 
639  ZFENP58    (0)   :  0.046 0.134 0.820 
640  ZFENP59    (0)   :  0.010 0.061 0.929 
641  ZFENP60    (0)   :  0.010 0.010 0.981 
642  ZFENP61    (0)   :  0.006 0.017 0.977 
643 ZFFDSP01    (0)   :  0.986 0.009 0.005 
644 ZFFDSP02    (0)   :  0.989 0.006 0.004 
645 ZFFDSP04    (0)   :  0.989 0.006 0.005 
646 ZFFDSP05    (0)   :  0.987 0.007 0.006 
647 ZFFDSP06    (0)   :  0.988 0.007 0.004 
648 ZFFDSP07    (0)   :  0.975 0.018 0.007 
649 ZFFDSP08    (0)   :  0.978 0.017 0.005 
650 ZFFDSP10    (0)   :  0.986 0.008 0.006 
651 ZFFDSP11    (0)   :  0.988 0.006 0.006 
652 ZFFDSP12    (0)   :  0.991 0.006 0.004 
653 ZFFDSP13    (0)   :  0.960 0.033 0.007 
654 ZFFDSP14    (0)   :  0.986 0.008 0.006 
655 ZFFDSP16    (0)   :  0.978 0.014 0.008 
656 ZFFDSP17    (0)   :  0.988 0.007 0.004 
657 ZFFDSP18    (0)   :  0.986 0.009 0.005 
658 ZFFDSP19    (0)   :  0.969 0.026 0.005 
659 ZFFDSP21    (0)   :  0.975 0.021 0.004 
660 ZFFDSP22    (0)   :  0.989 0.007 0.004 
661 ZFFDSP23    (0)   :  0.990 0.007 0.003 
662 ZFFDSP24    (0)   :  0.986 0.008 0.006 
663 ZFFDSP26    (9)   :  0.988 0.007 0.005 
664 ZFFDSP27    (0)   :  0.988 0.007 0.005 
665 ZFFDSP28    (0)   :  0.933 0.021 0.046 
666 ZFFDSP30    (0)   :  0.966 0.023 0.011 
667 ZFFDSP31    (0)   :  0.985 0.009 0.006 
668 ZFFDSP32    (0)   :  0.990 0.006 0.004 
669 ZFFDSP33    (0)   :  0.991 0.004 0.004 
670 ZFFDSP34    (0)   :  0.987 0.008 0.004 
671 ZFFDSP35    (0)   :  0.988 0.007 0.005 
672 ZFFDSP37    (0)   :  0.988 0.007 0.005 
673 ZFFDSP38    (0)   :  0.988 0.007 0.005 
674 ZFFDSP39    (0)   :  0.990 0.006 0.004 
675 ZFFDSP40    (0)   :  0.988 0.007 0.005 
676 ZFFDSP42    (0)   :  0.988 0.008 0.004 
677 ZFFDSP43    (0)   :  0.989 0.006 0.004 
678 ZFFDSP44    (0)   :  0.988 0.007 0.006 
679 ZFFDSP45    (0)   :  0.988 0.007 0.005 
680 ZFFDSP46    (0)   :  0.987 0.009 0.005 
681 ZFFDSP47    (0)   :  0.989 0.007 0.004 
682 ZFFDSP48    (0)   :  0.988 0.007 0.005 
683    ZFI01    (0)   :  0.007 0.019 0.973 
684    ZFI02    (0)   :  0.012 0.010 0.978 
685    ZFI03    (0)   :  0.007 0.019 0.974 
686    ZFI04    (0)   :  0.006 0.010 0.984 
687    ZFI05    (0)   :  0.012 0.025 0.963 
688    ZFI06    (0)   :  0.034 0.023 0.943 
689    ZFI07    (0)   :  0.007 0.009 0.984 
690    ZFI08    (0)   :  0.005 0.008 0.987 
691    ZFI09    (0)   :  0.008 0.011 0.982 
692    ZFI10    (0)   :  0.017 0.036 0.946 
693    ZFI11    (0)   :  0.005 0.010 0.985 
694    ZFI12    (0)   :  0.009 0.029 0.963 
695    ZFI13    (0)   :  0.008 0.012 0.979 
696    ZFI14    (0)   :  0.025 0.018 0.957 
697    ZFI15    (0)   :  0.008 0.012 0.980 
698    ZFI16    (0)   :  0.007 0.012 0.981 
699    ZFI17    (0)   :  0.008 0.012 0.981 
700    ZFI18    (0)   :  0.006 0.007 0.987 
701    ZFI19    (9)   :  0.005 0.008 0.986 
702    ZFI20    (0)   :  0.010 0.010 0.980 
703    ZFI21    (0)   :  0.034 0.020 0.946 
704    ZFI22    (0)   :  0.011 0.015 0.974 
705    ZFI23    (0)   :  0.007 0.012 0.981 
706    ZFI24    (0)   :  0.011 0.033 0.957 
707    ZFI25    (0)   :  0.013 0.015 0.972 
708    ZFI26    (0)   :  0.006 0.015 0.979 
709    ZFI27    (0)   :  0.011 0.046 0.943 
710    ZFK01    (0)   :  0.011 0.972 0.016 
711    ZFK02    (0)   :  0.012 0.967 0.021 
712    ZFK03    (0)   :  0.011 0.954 0.035 
713    ZFK04    (0)   :  0.012 0.764 0.224 
714    ZFK05    (0)   :  0.008 0.823 0.169 
715    ZFK06    (0)   :  0.011 0.755 0.234 
716    ZFK07    (0)   :  0.013 0.972 0.015 
717    ZFK08    (0)   :  0.019 0.204 0.777 
718    ZFK10    (0)   :  0.014 0.836 0.150 
719    ZFK11    (0)   :  0.010 0.878 0.112 
720    ZFK12    (0)   :  0.024 0.960 0.016 
721    ZFK13    (0)   :  0.075 0.907 0.019 
722    ZFK14    (0)   :  0.019 0.972 0.010 
723    ZFK15    (0)   :  0.049 0.833 0.118 
724    ZFK16    (0)   :  0.045 0.944 0.011 
725   ZFLB01    (0)   :  0.014 0.007 0.979 
726   ZFLB02    (0)   :  0.007 0.005 0.988 
727   ZFLB03    (0)   :  0.011 0.027 0.962 
728   ZFLB04    (0)   :  0.044 0.071 0.885 
729   ZFLB05    (0)   :  0.008 0.008 0.984 
730   ZFLB06    (0)   :  0.011 0.014 0.975 
731   ZFLB07    (0)   :  0.042 0.075 0.882 
732   ZFLB08    (0)   :  0.006 0.006 0.988 
733   ZFLB09    (9)   :  0.009 0.009 0.983 
734   ZFLB10    (0)   :  0.009 0.009 0.982 
735   ZFLB11    (0)   :  0.012 0.016 0.972 
736   ZFLB12    (0)   :  0.005 0.007 0.988 
737   ZFLB13    (0)   :  0.010 0.014 0.976 
738  ZFLTI01    (0)   :  0.856 0.139 0.005 
739  ZFLTI02    (0)   :  0.283 0.711 0.006 
740  ZFLTI03    (0)   :  0.895 0.101 0.004 
741  ZFLTI04    (0)   :  0.855 0.137 0.007 
742  ZFLTI05    (0)   :  0.907 0.088 0.005 
743  ZFLTI06    (0)   :  0.984 0.012 0.004 
744  ZFLTI07    (0)   :  0.972 0.022 0.006 
745  ZFLTI08    (0)   :  0.845 0.146 0.010 
746  ZFLTI09    (0)   :  0.971 0.023 0.006 
747  ZFLTI10    (0)   :  0.961 0.034 0.005 
748  ZFLTI11    (0)   :  0.978 0.018 0.005 
749  ZFLTI12    (0)   :  0.931 0.064 0.005 
750  ZFLTI13    (0)   :  0.437 0.557 0.006 
751  ZFLTI14    (0)   :  0.083 0.911 0.007 
752 ZFONF101    (0)   :  0.993 0.003 0.004 
753 ZFONF102    (0)   :  0.989 0.004 0.007 
754 ZFONF103    (0)   :  0.974 0.020 0.006 
755 ZFONF104    (0)   :  0.991 0.005 0.003 
756 ZFONF105    (0)   :  0.990 0.006 0.004 
757 ZFONF106    (0)   :  0.990 0.006 0.004 
758 ZFONF107    (0)   :  0.939 0.020 0.041 
759 ZFONF108    (0)   :  0.968 0.023 0.009 
760 ZFONF109    (9)   :  0.978 0.016 0.006 
761 ZFONF110    (0)   :  0.990 0.006 0.003 
762 ZFONF111    (0)   :  0.975 0.009 0.016 
763 ZFONF112    (0)   :  0.988 0.008 0.004 
764 ZFONF113    (9)   :  0.986 0.009 0.006 
765 ZFONF115    (0)   :  0.985 0.010 0.005 
766 ZFONF116    (0)   :  0.986 0.008 0.006 
767 ZFONF117    (0)   :  0.977 0.017 0.006 
768 ZFONF118    (0)   :  0.981 0.013 0.006 
769 ZFONF119    (0)   :  0.979 0.014 0.007 
770 ZFONF120    (0)   :  0.973 0.021 0.006 
771 ZFONF121    (0)   :  0.987 0.008 0.005 
772 ZFONF122    (0)   :  0.962 0.031 0.007 
773 ZFONF123    (0)   :  0.980 0.007 0.013 
774 ZFONF124    (0)   :  0.988 0.008 0.005 
775 ZFONF125    (0)   :  0.968 0.017 0.015 
776 ZFONF126    (0)   :  0.981 0.013 0.006 
777 ZFONF201    (0)   :  0.754 0.099 0.147 
778 ZFONF202    (0)   :  0.985 0.011 0.004 
779 ZFONF203    (0)   :  0.977 0.011 0.012 
780 ZFONF204    (0)   :  0.657 0.290 0.053 
781 ZFONF206    (0)   :  0.765 0.028 0.207 
782 ZFONF207    (0)   :  0.968 0.019 0.013 
783 ZFONF208    (0)   :  0.961 0.028 0.011 
784 ZFONF209    (0)   :  0.679 0.302 0.020 
785 ZFONF210    (0)   :  0.979 0.018 0.004 
786 ZFONF211    (0)   :  0.971 0.024 0.005 
787 ZFONF212    (0)   :  0.990 0.006 0.004 
788 ZFONF214    (0)   :  0.982 0.013 0.005 
789 ZFONF215    (0)   :  0.989 0.008 0.003 
790 ZFONF216    (0)   :  0.983 0.013 0.004 
791 ZFONF217    (0)   :  0.983 0.012 0.005 
792 ZFONF218    (0)   :  0.976 0.007 0.017 
793 ZFONF219    (0)   :  0.990 0.006 0.004 
794 ZFONF220    (0)   :  0.982 0.014 0.004 
795 ZFONF222    (0)   :  0.974 0.017 0.009 
796 ZFONF223    (0)   :  0.981 0.007 0.012 
797 ZFONF224    (0)   :  0.984 0.010 0.006 
798 ZFONF225    (0)   :  0.990 0.007 0.003 
799 ZFONF226    (0)   :  0.983 0.012 0.005 
800 ZFONF227    (0)   :  0.989 0.007 0.003 
801 ZFONF228    (0)   :  0.989 0.007 0.004 
802 ZFONF230    (0)   :  0.990 0.007 0.003 
803 ZFONF231    (0)   :  0.967 0.029 0.004 
804 ZFONF232    (0)   :  0.991 0.005 0.004 
805 ZFONF233    (0)   :  0.976 0.019 0.005 
806 ZFONF234    (0)   :  0.970 0.012 0.019 
807 ZFONF235    (0)   :  0.980 0.016 0.004 
808 ZFONF236    (0)   :  0.840 0.118 0.042 
809 ZFONF238    (0)   :  0.985 0.009 0.007 
810 ZFONF239    (0)   :  0.836 0.113 0.050 
811 ZFONF240    (0)   :  0.974 0.023 0.003 
812 ZFONF241    (0)   :  0.979 0.008 0.013 
813 ZFONF242    (0)   :  0.977 0.017 0.006 
814 ZFONF243    (0)   :  0.975 0.020 0.005 
815 ZFONF244    (0)   :  0.986 0.010 0.004 
816 ZFONF245    (0)   :  0.979 0.017 0.004 
817   ZFOS01    (0)   :  0.034 0.960 0.006 
818   ZFOS02    (0)   :  0.031 0.933 0.036 
819   ZFOS03    (0)   :  0.016 0.920 0.064 
820   ZFOS04    (0)   :  0.063 0.922 0.015 
821   ZFOS05    (0)   :  0.035 0.956 0.009 
822   ZFOS06    (0)   :  0.015 0.976 0.009 
823   ZFOS07    (0)   :  0.009 0.970 0.021 
824   ZFOS08    (0)   :  0.014 0.966 0.019 
825   ZFOS09    (0)   :  0.109 0.830 0.061 
826   ZFOS10    (0)   :  0.004 0.894 0.102 
827   ZFOS11    (0)   :  0.019 0.943 0.038 
828   ZFOS12    (0)   :  0.047 0.626 0.328 
829   ZFOS13    (0)   :  0.019 0.964 0.017 
830   ZFOS14    (0)   :  0.013 0.887 0.099 
831   ZFOS15    (0)   :  0.005 0.985 0.009 
832   ZFOS16    (0)   :  0.031 0.948 0.021 
833   ZFOS17    (0)   :  0.007 0.973 0.020 
834   ZFOS18    (0)   :  0.007 0.975 0.018 
835   ZFOS19    (0)   :  0.006 0.982 0.011 
836   ZFOS20    (0)   :  0.008 0.974 0.018 
837   ZFOS21    (0)   :  0.019 0.972 0.010 
838   ZFOS22    (0)   :  0.012 0.981 0.007 
839   ZFOS23    (0)   :  0.004 0.594 0.402 
840   ZFOS24    (0)   :  0.005 0.990 0.006 
