

----------------------------------------------------
STRUCTURE by Pritchard, Stephens and Donnelly (2000)
     and Falush, Stephens and Pritchard (2003)
       Code by Pritchard, Falush and Hubisz
             Version 2.3.4 (Jul 2012)
----------------------------------------------------



Command line arguments:   bin\structure -m C:\Users\eschumacher\Documents\GitHub\GCC_QUAC_ZAIN\Data_Files\Structure_Files\ZAIN\ZAIN_rebinned_garden_wild_nopopinfo\50-50\mainparams -e C:\Users\eschumacher\Documents\GitHub\GCC_QUAC_ZAIN\Data_Files\Structure_Files\ZAIN\ZAIN_rebinned_garden_wild_nopopinfo\50-50\extraparams 
Input File:    C:\Users\eschumacher\Documents\GitHub\GCC_QUAC_ZAIN\Data_Files\Structure_Files\ZAIN\ZAIN_rebinned_garden_wild_nopopinfo\project_data

Run parameters:
   1133 individuals
   11 loci
   7 populations assumed
   50000 Burn-in period
   50000 Reps


--------------------------------------------
Overall proportion of membership of the
sample in each of the 7 clusters

Inferred Clusters
  1      2      3      4      5      6      7    
0.153  0.226  0.133  0.160  0.154  0.062  0.112  

--------------------------------------------

Allele-freq. divergence among pops (Net nucleotide distance),
computed using point estimates of P.

      1       2       3       4       5       6       7      
 1      -    0.2126  0.1432  0.2099  0.0898  0.3205  0.1426  
 2   0.2126     -    0.2777  0.0868  0.1438  0.0963  0.1614  
 3   0.1432  0.2777     -    0.2719  0.1206  0.3443  0.2103  
 4   0.2099  0.0868  0.2719     -    0.1061  0.1476  0.1167  
 5   0.0898  0.1438  0.1206  0.1061     -    0.2066  0.0989  
 6   0.3205  0.0963  0.3443  0.1476  0.2066     -    0.1765  
 7   0.1426  0.1614  0.2103  0.1167  0.0989  0.1765     -    

Average distances (expected heterozygosity) between individuals in same cluster:
cluster  1  : 0.4822 
cluster  2  : 0.4156 
cluster  3  : 0.4258 
cluster  4  : 0.4249 
cluster  5  : 0.5533 
cluster  6  : 0.3680 
cluster  7  : 0.4378 

--------------------------------------------
Estimated Ln Prob of Data   = -21807.0
Mean value of ln likelihood = -21368.6
Variance of ln likelihood   = 876.7
Mean value of alpha         = 0.0338

Mean value of Fst_1         = 0.3374
Mean value of Fst_2         = 0.2895
Mean value of Fst_3         = 0.4175
Mean value of Fst_4         = 0.3870
Mean value of Fst_5         = 0.1328
Mean value of Fst_6         = 0.4222
Mean value of Fst_7         = 0.4182


Inferred ancestry of individuals:
        Label (%Miss) :  Inferred clusters
  1 TMA-ZAIN-G-    (9)   :  0.796 0.018 0.007 0.075 0.068 0.016 0.021 
  2 TMA-ZAIN-G-    (0)   :  0.721 0.201 0.008 0.011 0.031 0.005 0.023 
  3 TMA-ZAIN-G-    (0)   :  0.009 0.489 0.004 0.265 0.010 0.209 0.015 
  4 TMA-ZAIN-G-    (0)   :  0.020 0.126 0.012 0.033 0.014 0.069 0.726 
  5 TMA-ZAIN-G-    (0)   :  0.976 0.003 0.005 0.002 0.005 0.002 0.006 
  6 TMA-ZAIN-G-    (0)   :  0.093 0.214 0.042 0.176 0.166 0.227 0.082 
  7 TMA-ZAIN-G-    (0)   :  0.015 0.631 0.007 0.289 0.018 0.010 0.030 
  8 TMA-ZAIN-G-    (0)   :  0.011 0.204 0.003 0.683 0.006 0.067 0.027 
  9 TMA-ZAIN-G-    (9)   :  0.010 0.839 0.005 0.077 0.010 0.052 0.007 
 10 TMA-ZAIN-G-    (0)   :  0.003 0.756 0.004 0.162 0.012 0.051 0.012 
 11 TMA-ZAIN-G-    (0)   :  0.006 0.816 0.006 0.151 0.008 0.007 0.007 
 12 TMA-ZAIN-G-    (0)   :  0.004 0.957 0.002 0.021 0.005 0.006 0.004 
 13 TMA-ZAIN-G-    (9)   :  0.053 0.467 0.088 0.319 0.031 0.020 0.023 
 14 TMA-ZAIN-G-    (9)   :  0.003 0.007 0.005 0.965 0.006 0.006 0.007 
 15 TMA-ZAIN-G-    (0)   :  0.004 0.006 0.002 0.969 0.007 0.008 0.006 
 16 TMA-ZAIN-G-    (0)   :  0.003 0.966 0.004 0.011 0.006 0.005 0.004 
 17 TMA-ZAIN-G-    (9)   :  0.017 0.020 0.021 0.845 0.059 0.006 0.033 
 18 TMA-ZAIN-G-    (0)   :  0.750 0.010 0.006 0.015 0.156 0.010 0.053 
 19 TMA-ZAIN-G-    (0)   :  0.013 0.020 0.010 0.026 0.920 0.005 0.006 
 20 TMA-ZAIN-G-    (0)   :  0.042 0.003 0.085 0.003 0.846 0.004 0.017 
 21 TMA-ZAIN-G-    (0)   :  0.002 0.004 0.976 0.003 0.004 0.005 0.006 
 22 TMA-ZAIN-G-    (0)   :  0.048 0.003 0.925 0.003 0.012 0.002 0.007 
 23 TMA-ZAIN-G-    (0)   :  0.021 0.007 0.918 0.008 0.038 0.003 0.005 
 24 TMA-ZAIN-G-    (9)   :  0.007 0.043 0.705 0.022 0.004 0.213 0.006 
 25 TMA-ZAIN-G-    (9)   :  0.103 0.054 0.010 0.007 0.818 0.005 0.004 
 26 TMA-ZAIN-G-    (9)   :  0.008 0.332 0.031 0.083 0.016 0.008 0.522 
 27 TMA-ZAIN-G-    (0)   :  0.067 0.007 0.013 0.044 0.838 0.009 0.021 
 28 TMA-ZAIN-G-    (0)   :  0.011 0.008 0.004 0.011 0.952 0.008 0.007 
 29 TMA-ZAIN-G-    (0)   :  0.004 0.004 0.004 0.005 0.244 0.727 0.013 
 30 TMA-ZAIN-G-    (0)   :  0.004 0.154 0.005 0.343 0.393 0.092 0.009 
 31 TMA-ZAIN-G-    (0)   :  0.911 0.007 0.012 0.005 0.011 0.006 0.047 
 32 TMA-ZAIN-G-    (9)   :  0.846 0.078 0.016 0.031 0.019 0.004 0.005 
 33 TMA-ZAIN-G-   (18)   :  0.006 0.812 0.003 0.150 0.006 0.019 0.004 
 34 TMA-ZAIN-G-    (0)   :  0.220 0.716 0.021 0.011 0.011 0.011 0.008 
 35 TMA-ZAIN-G-    (9)   :  0.023 0.744 0.004 0.128 0.018 0.070 0.012 
 36 TMA-ZAIN-G-    (0)   :  0.004 0.642 0.003 0.319 0.006 0.009 0.016 
 37 TMA-ZAIN-G-    (9)   :  0.008 0.922 0.006 0.027 0.012 0.013 0.013 
 38 TMA-ZAIN-G-   (18)   :  0.863 0.043 0.012 0.044 0.026 0.007 0.006 
 39 TMA-ZAIN-G-    (0)   :  0.003 0.959 0.005 0.007 0.005 0.012 0.008 
 40 TMA-ZAIN-G-    (0)   :  0.003 0.960 0.004 0.019 0.004 0.006 0.005 
 41 TMA-ZAIN-G-    (0)   :  0.003 0.366 0.003 0.608 0.006 0.009 0.005 
 42 TMA-ZAIN-G-    (9)   :  0.003 0.008 0.002 0.972 0.003 0.005 0.006 
 43 TMA-ZAIN-G-    (0)   :  0.004 0.004 0.003 0.964 0.004 0.011 0.009 
 44 TMA-ZAIN-G-    (0)   :  0.005 0.109 0.838 0.011 0.013 0.019 0.005 
 45 TMA-ZAIN-G-    (0)   :  0.006 0.880 0.006 0.086 0.009 0.005 0.009 
 46 TMA-ZAIN-G-    (0)   :  0.004 0.003 0.977 0.003 0.005 0.003 0.005 
 47 TMA-ZAIN-G-    (0)   :  0.004 0.005 0.003 0.004 0.004 0.004 0.976 
 48 TMA-ZAIN-G-    (0)   :  0.008 0.066 0.029 0.234 0.026 0.018 0.619 
 49 TMA-ZAIN-G-    (9)   :  0.022 0.016 0.006 0.006 0.891 0.047 0.012 
 50 TMA-ZAIN-G-    (0)   :  0.006 0.012 0.006 0.025 0.945 0.003 0.003 
 51 TMA-ZAIN-G-    (0)   :  0.007 0.009 0.009 0.051 0.896 0.006 0.022 
 52 TMA-ZAIN-G-    (0)   :  0.007 0.014 0.012 0.014 0.850 0.003 0.100 
 53 TMA-ZAIN-G-    (0)   :  0.132 0.013 0.012 0.025 0.629 0.006 0.184 
 54 TMA-ZAIN-G-    (0)   :  0.006 0.006 0.005 0.014 0.009 0.004 0.957 
 55 TMA-ZAIN-G-    (0)   :  0.005 0.009 0.008 0.044 0.031 0.003 0.901 
 56 TMA-ZAIN-G-    (0)   :  0.009 0.058 0.009 0.117 0.127 0.041 0.639 
 57 TMA-ZAIN-G-    (0)   :  0.007 0.009 0.003 0.005 0.015 0.009 0.952 
 58 TMA-ZAIN-G-    (0)   :  0.021 0.008 0.068 0.012 0.860 0.005 0.027 
 59 TMA-ZAIN-G-    (0)   :  0.668 0.118 0.030 0.045 0.041 0.040 0.058 
 60 TMA-ZAIN-G-    (0)   :  0.404 0.016 0.009 0.083 0.439 0.009 0.040 
 61 TMA-ZAIN-G-    (0)   :  0.942 0.003 0.023 0.003 0.009 0.003 0.016 
 62 TMA-ZAIN-G-    (9)   :  0.849 0.042 0.025 0.019 0.041 0.011 0.012 
 63 TMA-ZAIN-G-    (0)   :  0.957 0.005 0.007 0.006 0.010 0.003 0.012 
 64 TMA-ZAIN-G-    (0)   :  0.002 0.007 0.002 0.005 0.003 0.978 0.003 
 65 TMA-ZAIN-G-    (9)   :  0.003 0.010 0.003 0.007 0.003 0.967 0.006 
 66 TMA-ZAIN-G-    (0)   :  0.003 0.013 0.003 0.007 0.003 0.966 0.005 
 67 TMA-ZAIN-G-    (0)   :  0.004 0.046 0.013 0.006 0.010 0.916 0.005 
 68 TMA-ZAIN-G-    (0)   :  0.002 0.005 0.002 0.008 0.003 0.975 0.005 
 69 TMA-ZAIN-G-    (0)   :  0.026 0.054 0.030 0.012 0.020 0.843 0.016 
 70 TMA-ZAIN-G-    (0)   :  0.004 0.888 0.005 0.009 0.007 0.083 0.004 
 71 TMA-ZAIN-G-    (0)   :  0.003 0.976 0.004 0.005 0.004 0.006 0.003 
 72 TMA-ZAIN-G-    (0)   :  0.004 0.877 0.004 0.039 0.008 0.056 0.010 
 73 TMA-ZAIN-G-    (0)   :  0.026 0.869 0.038 0.007 0.037 0.008 0.016 
 74 TMA-ZAIN-G-    (0)   :  0.008 0.939 0.014 0.007 0.017 0.010 0.006 
 75 TMA-ZAIN-G-    (0)   :  0.006 0.955 0.004 0.010 0.009 0.007 0.010 
 76 TMA-ZAIN-G-    (0)   :  0.008 0.897 0.054 0.004 0.024 0.009 0.004 
 77 TMA-ZAIN-G-    (0)   :  0.003 0.944 0.009 0.018 0.009 0.009 0.008 
 78 TMA-ZAIN-G-    (0)   :  0.011 0.872 0.043 0.013 0.038 0.009 0.015 
 79 TMA-ZAIN-G-    (0)   :  0.006 0.912 0.031 0.016 0.014 0.005 0.017 
 80 TMA-ZAIN-G-    (0)   :  0.003 0.948 0.005 0.006 0.005 0.023 0.010 
 81 TMA-ZAIN-G-    (0)   :  0.004 0.953 0.009 0.011 0.009 0.005 0.009 
 82 TMA-ZAIN-G-    (0)   :  0.007 0.748 0.003 0.011 0.007 0.209 0.015 
 83 TMA-ZAIN-G-    (9)   :  0.076 0.706 0.035 0.011 0.025 0.126 0.021 
 84 TMA-ZAIN-G-    (0)   :  0.005 0.923 0.038 0.007 0.015 0.007 0.006 
 85 TMA-ZAIN-G-    (0)   :  0.024 0.010 0.024 0.009 0.129 0.005 0.799 
 86 TMA-ZAIN-G-    (0)   :  0.008 0.020 0.038 0.010 0.022 0.011 0.891 
 87 TMA-ZAIN-G-    (0)   :  0.036 0.012 0.191 0.008 0.060 0.005 0.688 
 88 TMA-ZAIN-G-    (0)   :  0.163 0.122 0.013 0.033 0.011 0.040 0.618 
 89 TMA-ZAIN-G-    (0)   :  0.017 0.036 0.017 0.018 0.006 0.018 0.888 
 90 TMA-ZAIN-G-    (0)   :  0.008 0.009 0.008 0.006 0.019 0.007 0.943 
 91 TMA-ZAIN-G-    (0)   :  0.022 0.009 0.008 0.008 0.011 0.007 0.935 
 92 TMA-ZAIN-G-    (0)   :  0.006 0.007 0.020 0.010 0.021 0.005 0.932 
 93 TMA-ZAIN-G-    (0)   :  0.017 0.005 0.010 0.009 0.021 0.005 0.933 
 94 TMA-ZAIN-G-    (0)   :  0.041 0.004 0.009 0.005 0.016 0.003 0.922 
 95 TMA-ZAIN-G-    (0)   :  0.008 0.014 0.008 0.033 0.912 0.020 0.005 
 96 TMA-ZAIN-G-    (0)   :  0.005 0.011 0.005 0.057 0.911 0.005 0.006 
 97 TMA-ZAIN-G-    (0)   :  0.955 0.007 0.007 0.005 0.010 0.006 0.010 
 98 TMA-ZAIN-G-    (0)   :  0.968 0.006 0.004 0.004 0.004 0.004 0.008 
 99 TMA-ZAIN-G-    (0)   :  0.835 0.087 0.014 0.024 0.007 0.028 0.004 
100 TMA-ZAIN-G-    (0)   :  0.928 0.005 0.019 0.005 0.015 0.005 0.024 
101 TMA-ZAIN-G-    (0)   :  0.956 0.011 0.005 0.005 0.008 0.005 0.009 
102 TMA-ZAIN-G-    (0)   :  0.640 0.047 0.177 0.046 0.063 0.012 0.015 
103 TMA-ZAIN-G-    (0)   :  0.920 0.014 0.014 0.010 0.026 0.005 0.010 
104 TMA-ZAIN-G-    (0)   :  0.975 0.004 0.006 0.004 0.005 0.002 0.004 
105 TMA-ZAIN-G-    (0)   :  0.925 0.016 0.008 0.012 0.021 0.005 0.011 
106 TMA-ZAIN-G-    (0)   :  0.004 0.255 0.003 0.680 0.004 0.048 0.006 
107 TMA-ZAIN-G-    (0)   :  0.004 0.965 0.003 0.010 0.004 0.009 0.005 
108 TMA-ZAIN-G-    (9)   :  0.399 0.247 0.055 0.207 0.055 0.015 0.022 
109 TMA-ZAIN-G-    (0)   :  0.376 0.095 0.005 0.148 0.042 0.287 0.047 
110 TMA-ZAIN-G-    (0)   :  0.081 0.422 0.152 0.192 0.113 0.010 0.029 
111 TMA-ZAIN-G-    (9)   :  0.670 0.124 0.083 0.010 0.057 0.022 0.033 
112 TMA-ZAIN-G-    (0)   :  0.305 0.159 0.049 0.273 0.156 0.029 0.028 
113 TMA-ZAIN-G-    (0)   :  0.938 0.017 0.008 0.006 0.005 0.010 0.016 
114 TMA-ZAIN-G-    (0)   :  0.971 0.003 0.011 0.002 0.005 0.002 0.005 
115 TMA-ZAIN-G-    (0)   :  0.975 0.004 0.006 0.003 0.005 0.003 0.004 
116 TMA-ZAIN-G-    (0)   :  0.008 0.946 0.002 0.008 0.004 0.020 0.012 
117 TMA-ZAIN-G-    (0)   :  0.012 0.272 0.004 0.309 0.023 0.295 0.085 
118 TMA-ZAIN-G-    (0)   :  0.007 0.910 0.003 0.020 0.007 0.043 0.011 
119 TMA-ZAIN-G-    (0)   :  0.018 0.900 0.007 0.008 0.010 0.045 0.012 
120 TMA-ZAIN-G-    (0)   :  0.011 0.878 0.004 0.040 0.012 0.039 0.016 
121 TMA-ZAIN-G-    (0)   :  0.025 0.572 0.004 0.068 0.013 0.284 0.034 
122 TMA-ZAIN-G-    (0)   :  0.005 0.864 0.008 0.036 0.014 0.042 0.032 
123 TMA-ZAIN-G-    (0)   :  0.961 0.005 0.008 0.007 0.010 0.004 0.005 
124 TMA-ZAIN-G-    (0)   :  0.005 0.014 0.003 0.963 0.006 0.004 0.004 
125 TMA-ZAIN-G-    (0)   :  0.003 0.012 0.002 0.893 0.004 0.039 0.048 
126 TMA-ZAIN-G-    (0)   :  0.004 0.011 0.003 0.965 0.005 0.005 0.007 
127 TMA-ZAIN-G-    (0)   :  0.003 0.013 0.003 0.967 0.004 0.007 0.004 
128 TMA-ZAIN-G-    (0)   :  0.004 0.020 0.003 0.898 0.006 0.061 0.007 
129 TMA-ZAIN-G-    (0)   :  0.006 0.010 0.003 0.965 0.005 0.006 0.005 
130 TMA-ZAIN-G-    (0)   :  0.007 0.016 0.003 0.933 0.005 0.009 0.027 
131 TMA-ZAIN-G-    (0)   :  0.004 0.011 0.003 0.966 0.006 0.005 0.005 
132 TMA-ZAIN-G-    (0)   :  0.004 0.058 0.003 0.795 0.006 0.096 0.038 
133 TMA-ZAIN-G-    (0)   :  0.003 0.087 0.016 0.720 0.017 0.105 0.051 
134 TMA-ZAIN-G-    (0)   :  0.003 0.070 0.009 0.823 0.006 0.059 0.029 
135 TMA-ZAIN-G-    (0)   :  0.004 0.907 0.004 0.045 0.004 0.024 0.011 
136 TMA-ZAIN-G-    (0)   :  0.009 0.205 0.005 0.038 0.006 0.723 0.014 
137 TMA-ZAIN-G-    (0)   :  0.005 0.962 0.004 0.013 0.004 0.006 0.005 
138 TMA-ZAIN-G-    (0)   :  0.005 0.621 0.003 0.334 0.003 0.018 0.017 
139 TMA-ZAIN-G-    (0)   :  0.005 0.837 0.003 0.077 0.003 0.017 0.058 
140 TMA-ZAIN-G-    (0)   :  0.004 0.951 0.004 0.021 0.006 0.011 0.004 
141 TMA-ZAIN-G-    (0)   :  0.006 0.914 0.003 0.058 0.006 0.007 0.006 
142 TMA-ZAIN-G-    (9)   :  0.004 0.957 0.003 0.013 0.004 0.013 0.005 
143 TMA-ZAIN-G-    (0)   :  0.004 0.906 0.003 0.059 0.006 0.016 0.006 
144 TMA-ZAIN-G-    (0)   :  0.004 0.914 0.005 0.038 0.011 0.006 0.023 
145 TMA-ZAIN-G-    (0)   :  0.003 0.672 0.002 0.018 0.005 0.286 0.013 
146 TMA-ZAIN-G-    (0)   :  0.003 0.975 0.003 0.006 0.003 0.006 0.004 
147 TMA-ZAIN-G-    (9)   :  0.003 0.970 0.003 0.007 0.003 0.008 0.004 
148 TMA-ZAIN-G-    (0)   :  0.003 0.879 0.003 0.080 0.004 0.005 0.026 
149 TMA-ZAIN-G-    (0)   :  0.030 0.798 0.020 0.049 0.016 0.006 0.080 
150 TMA-ZAIN-G-    (0)   :  0.029 0.816 0.017 0.015 0.013 0.036 0.073 
151 TMA-ZAIN-G-    (0)   :  0.004 0.937 0.002 0.033 0.004 0.014 0.006 
152 TMA-ZAIN-G-    (0)   :  0.004 0.966 0.002 0.010 0.003 0.009 0.005 
153 TMA-ZAIN-G-    (0)   :  0.004 0.915 0.002 0.048 0.004 0.017 0.011 
154 TMA-ZAIN-G-    (0)   :  0.004 0.968 0.002 0.009 0.004 0.007 0.006 
155 TMA-ZAIN-G-    (0)   :  0.005 0.961 0.003 0.012 0.004 0.012 0.004 
156 TMA-ZAIN-G-    (9)   :  0.009 0.871 0.003 0.095 0.004 0.006 0.012 
157 TMA-ZAIN-G-    (0)   :  0.006 0.814 0.003 0.157 0.005 0.010 0.006 
158 TMA-ZAIN-G-    (0)   :  0.004 0.971 0.003 0.007 0.005 0.006 0.005 
159 TMA-ZAIN-G-    (0)   :  0.004 0.971 0.002 0.006 0.003 0.009 0.005 
160 TMA-ZAIN-G-    (0)   :  0.006 0.963 0.002 0.004 0.003 0.017 0.005 
161 TMA-ZAIN-G-    (0)   :  0.004 0.930 0.002 0.040 0.004 0.007 0.013 
162 TMA-ZAIN-G-    (0)   :  0.032 0.909 0.015 0.007 0.010 0.008 0.018 
163 TMA-ZAIN-G-    (0)   :  0.003 0.977 0.002 0.005 0.003 0.005 0.004 
164 TMA-ZAIN-G-    (0)   :  0.006 0.963 0.003 0.007 0.004 0.009 0.008 
165 TMA-ZAIN-G-    (0)   :  0.005 0.972 0.003 0.007 0.003 0.008 0.004 
166 TMA-ZAIN-G-    (0)   :  0.003 0.963 0.002 0.013 0.004 0.008 0.007 
167 TMA-ZAIN-G-    (0)   :  0.005 0.955 0.005 0.016 0.007 0.006 0.006 
168 TMA-ZAIN-G-    (0)   :  0.007 0.925 0.004 0.020 0.005 0.032 0.006 
169 TMA-ZAIN-G-    (0)   :  0.005 0.671 0.003 0.008 0.004 0.300 0.007 
170 TMA-ZAIN-G-    (0)   :  0.015 0.735 0.011 0.178 0.022 0.034 0.004 
171 TMA-ZAIN-G-    (0)   :  0.004 0.930 0.003 0.006 0.003 0.050 0.004 
172 TMA-ZAIN-G-    (0)   :  0.004 0.321 0.004 0.653 0.006 0.007 0.004 
173 TMA-ZAIN-G-    (0)   :  0.003 0.174 0.004 0.796 0.009 0.008 0.005 
174 TMA-ZAIN-G-    (0)   :  0.003 0.756 0.002 0.131 0.004 0.094 0.008 
175 TMA-ZAIN-G-    (0)   :  0.004 0.968 0.003 0.006 0.003 0.011 0.006 
176 TMA-ZAIN-G-    (0)   :  0.004 0.973 0.003 0.006 0.004 0.006 0.004 
177 TMA-ZAIN-G-    (0)   :  0.004 0.957 0.003 0.024 0.004 0.004 0.004 
178 TMA-ZAIN-G-    (0)   :  0.005 0.460 0.004 0.513 0.008 0.006 0.004 
179 TMA-ZAIN-G-    (0)   :  0.003 0.918 0.003 0.060 0.004 0.007 0.004 
180 TMA-ZAIN-G-    (0)   :  0.005 0.046 0.009 0.818 0.009 0.094 0.018 
181 TMA-ZAIN-G-    (0)   :  0.005 0.015 0.003 0.964 0.004 0.006 0.005 
182 TMA-ZAIN-G-    (0)   :  0.006 0.012 0.003 0.967 0.005 0.003 0.005 
183 TMA-ZAIN-G-    (0)   :  0.004 0.011 0.003 0.969 0.004 0.006 0.003 
184 TMA-ZAIN-G-    (0)   :  0.047 0.054 0.020 0.818 0.016 0.012 0.033 
185 TMA-ZAIN-G-    (0)   :  0.021 0.077 0.037 0.761 0.046 0.012 0.046 
186 TMA-ZAIN-G-    (9)   :  0.004 0.053 0.007 0.903 0.016 0.010 0.007 
187 TMA-ZAIN-G-    (0)   :  0.004 0.092 0.004 0.870 0.005 0.022 0.003 
188 TMA-ZAIN-G-    (0)   :  0.003 0.104 0.003 0.860 0.004 0.023 0.003 
189 TMA-ZAIN-G-    (0)   :  0.003 0.009 0.003 0.966 0.003 0.014 0.003 
190 TMA-ZAIN-G-    (0)   :  0.003 0.064 0.003 0.884 0.009 0.032 0.005 
191 TMA-ZAIN-G-    (0)   :  0.019 0.043 0.035 0.864 0.015 0.008 0.016 
192 TMA-ZAIN-G-    (0)   :  0.004 0.020 0.012 0.948 0.006 0.004 0.006 
193 TMA-ZAIN-G-    (0)   :  0.003 0.004 0.003 0.974 0.004 0.005 0.008 
194 TMA-ZAIN-G-    (0)   :  0.003 0.005 0.003 0.968 0.005 0.005 0.011 
195 TMA-ZAIN-G-    (0)   :  0.003 0.012 0.003 0.959 0.005 0.012 0.005 
196 TMA-ZAIN-G-    (0)   :  0.003 0.005 0.003 0.972 0.004 0.008 0.006 
197 TMA-ZAIN-G-    (0)   :  0.004 0.006 0.003 0.963 0.004 0.008 0.011 
198 TMA-ZAIN-G-    (0)   :  0.003 0.006 0.003 0.972 0.004 0.007 0.005 
199 TMA-ZAIN-G-    (0)   :  0.004 0.041 0.005 0.925 0.011 0.007 0.008 
200 TMA-ZAIN-G-    (0)   :  0.017 0.003 0.928 0.013 0.033 0.003 0.004 
201 TMA-ZAIN-G-    (0)   :  0.006 0.004 0.964 0.003 0.014 0.005 0.004 
202 TMA-ZAIN-G-    (0)   :  0.014 0.006 0.940 0.019 0.014 0.003 0.003 
203 TMA-ZAIN-G-    (0)   :  0.007 0.008 0.003 0.969 0.004 0.003 0.006 
204 TMA-ZAIN-G-    (9)   :  0.005 0.010 0.907 0.008 0.021 0.013 0.036 
205 TMA-ZAIN-G-    (0)   :  0.006 0.125 0.804 0.010 0.035 0.007 0.013 
206 TMA-ZAIN-G-    (9)   :  0.014 0.015 0.855 0.045 0.036 0.013 0.021 
207 TMA-ZAIN-G-    (9)   :  0.014 0.666 0.011 0.023 0.070 0.101 0.115 
208 TMA-ZAIN-G-    (0)   :  0.003 0.928 0.003 0.009 0.004 0.049 0.004 
209 TMA-ZAIN-G-    (0)   :  0.004 0.094 0.003 0.851 0.004 0.013 0.032 
210 TMA-ZAIN-G-    (0)   :  0.004 0.140 0.003 0.750 0.005 0.082 0.016 
211 TMA-ZAIN-G-    (0)   :  0.012 0.213 0.024 0.676 0.030 0.032 0.012 
212 TMA-ZAIN-G-    (0)   :  0.004 0.580 0.006 0.364 0.007 0.027 0.014 
213 TMA-ZAIN-G-    (0)   :  0.004 0.728 0.004 0.241 0.006 0.007 0.012 
214 TMA-ZAIN-G-    (0)   :  0.003 0.493 0.003 0.422 0.005 0.064 0.010 
215 TMA-ZAIN-G-    (0)   :  0.004 0.663 0.010 0.061 0.252 0.007 0.003 
216 TMA-ZAIN-G-    (0)   :  0.003 0.124 0.005 0.843 0.007 0.008 0.009 
217 TMA-ZAIN-G-    (0)   :  0.004 0.393 0.003 0.431 0.004 0.157 0.009 
218 TMA-ZAIN-G-    (0)   :  0.005 0.006 0.004 0.006 0.963 0.012 0.004 
219 TMA-ZAIN-G-    (0)   :  0.005 0.004 0.012 0.005 0.961 0.004 0.009 
220 TMA-ZAIN-G-    (0)   :  0.063 0.023 0.004 0.006 0.882 0.013 0.009 
221 TMA-ZAIN-G-    (0)   :  0.005 0.011 0.021 0.017 0.933 0.007 0.007 
222 TMA-ZAIN-G-    (0)   :  0.031 0.015 0.010 0.008 0.905 0.013 0.019 
223 TMA-ZAIN-G-    (0)   :  0.007 0.004 0.009 0.003 0.966 0.004 0.006 
224 TMA-ZAIN-G-    (0)   :  0.014 0.005 0.018 0.016 0.926 0.005 0.016 
225 TMA-ZAIN-G-    (0)   :  0.010 0.003 0.010 0.008 0.962 0.002 0.004 
226 TMA-ZAIN-G-    (0)   :  0.015 0.006 0.010 0.012 0.947 0.005 0.006 
227 TMA-ZAIN-G-    (0)   :  0.013 0.009 0.027 0.012 0.932 0.004 0.005 
228 TMA-ZAIN-G-    (0)   :  0.015 0.017 0.011 0.007 0.936 0.007 0.007 
229 TMA-ZAIN-G-    (0)   :  0.026 0.004 0.062 0.003 0.889 0.010 0.007 
230 TMA-ZAIN-G-    (0)   :  0.037 0.030 0.007 0.065 0.793 0.017 0.051 
231 TMA-ZAIN-G-    (0)   :  0.152 0.075 0.554 0.013 0.157 0.014 0.035 
232 TMA-ZAIN-G-    (9)   :  0.241 0.025 0.553 0.036 0.070 0.061 0.014 
233 TMA-ZAIN-G-    (0)   :  0.006 0.014 0.024 0.012 0.886 0.041 0.017 
234 TMA-ZAIN-G-    (0)   :  0.297 0.007 0.050 0.006 0.612 0.006 0.022 
235 TMA-ZAIN-G-    (0)   :  0.139 0.027 0.022 0.050 0.744 0.005 0.012 
236 TMA-ZAIN-G-    (0)   :  0.070 0.014 0.062 0.017 0.822 0.007 0.007 
237 TMA-ZAIN-G-    (0)   :  0.225 0.175 0.014 0.049 0.478 0.031 0.028 
238 TMA-ZAIN-G-    (0)   :  0.064 0.029 0.032 0.018 0.846 0.005 0.005 
239 TMA-ZAIN-G-    (0)   :  0.006 0.006 0.763 0.137 0.005 0.026 0.057 
240 TMA-ZAIN-G-    (0)   :  0.004 0.003 0.977 0.003 0.004 0.003 0.006 
241 TMA-ZAIN-G-    (0)   :  0.004 0.009 0.970 0.004 0.004 0.005 0.005 
242 TMA-ZAIN-G-    (0)   :  0.003 0.006 0.973 0.004 0.004 0.006 0.004 
243 TMA-ZAIN-G-    (0)   :  0.003 0.012 0.962 0.004 0.004 0.009 0.006 
244 TMA-ZAIN-G-    (0)   :  0.004 0.016 0.958 0.005 0.004 0.009 0.004 
245 TMA-ZAIN-G-    (9)   :  0.003 0.003 0.981 0.003 0.004 0.002 0.003 
246 TMA-ZAIN-G-    (0)   :  0.003 0.003 0.981 0.003 0.004 0.003 0.004 
247 TMA-ZAIN-G-    (0)   :  0.002 0.004 0.976 0.003 0.004 0.006 0.004 
248 TMA-ZAIN-G-    (0)   :  0.004 0.006 0.967 0.008 0.006 0.005 0.004 
249 TMA-ZAIN-G-    (0)   :  0.003 0.003 0.976 0.006 0.005 0.003 0.003 
250 TMA-ZAIN-G-    (0)   :  0.002 0.003 0.976 0.005 0.005 0.005 0.003 
251 TMA-ZAIN-G-    (0)   :  0.005 0.004 0.003 0.005 0.005 0.005 0.975 
252 TMA-ZAIN-G-    (0)   :  0.004 0.051 0.003 0.009 0.009 0.046 0.878 
253 TMA-ZAIN-G-    (0)   :  0.006 0.006 0.004 0.005 0.003 0.005 0.971 
254 TMA-ZAIN-G-    (9)   :  0.008 0.016 0.003 0.008 0.005 0.016 0.944 
255 TMA-ZAIN-G-    (0)   :  0.012 0.005 0.016 0.004 0.003 0.008 0.951 
256 TMA-ZAIN-G-    (0)   :  0.006 0.007 0.006 0.009 0.004 0.005 0.963 
257 TMA-ZAIN-G-    (0)   :  0.004 0.003 0.003 0.005 0.003 0.003 0.978 
258 TMA-ZAIN-G-    (0)   :  0.003 0.003 0.003 0.004 0.003 0.005 0.979 
259 TMA-ZAIN-G-    (0)   :  0.003 0.003 0.005 0.004 0.004 0.005 0.976 
260 TMA-ZAIN-G-    (0)   :  0.004 0.004 0.004 0.005 0.004 0.009 0.971 
261 TMA-ZAIN-G-   (18)   :  0.005 0.005 0.004 0.007 0.006 0.011 0.963 
262 TMA-ZAIN-G-    (0)   :  0.004 0.003 0.003 0.004 0.003 0.003 0.979 
263 TMA-ZAIN-G-    (0)   :  0.005 0.004 0.004 0.004 0.004 0.004 0.976 
264 TMA-ZAIN-G-    (0)   :  0.009 0.004 0.003 0.005 0.004 0.004 0.971 
265 TMA-ZAIN-G-    (0)   :  0.017 0.025 0.015 0.022 0.191 0.040 0.690 
266 TMA-ZAIN-G-    (0)   :  0.019 0.034 0.010 0.140 0.030 0.027 0.740 
267 TMA-ZAIN-G-    (0)   :  0.022 0.015 0.301 0.009 0.058 0.018 0.576 
268 TMA-ZAIN-G-    (0)   :  0.072 0.004 0.906 0.003 0.006 0.004 0.006 
269 TMA-ZAIN-G-    (0)   :  0.248 0.006 0.690 0.005 0.038 0.005 0.008 
270 TMA-ZAIN-G-    (0)   :  0.083 0.006 0.866 0.005 0.025 0.005 0.011 
271 TMA-ZAIN-G-    (0)   :  0.031 0.005 0.942 0.003 0.008 0.004 0.007 
272 TMA-ZAIN-G-    (0)   :  0.026 0.005 0.889 0.004 0.067 0.003 0.005 
273 TMA-ZAIN-G-    (0)   :  0.015 0.003 0.960 0.003 0.013 0.002 0.004 
274 TMA-ZAIN-G-    (0)   :  0.035 0.012 0.878 0.035 0.021 0.010 0.009 
275 TMA-ZAIN-G-    (0)   :  0.007 0.003 0.974 0.003 0.007 0.002 0.003 
276 TMA-ZAIN-G-    (0)   :  0.009 0.004 0.974 0.003 0.004 0.003 0.003 
277 TMA-ZAIN-G-    (0)   :  0.010 0.005 0.965 0.004 0.006 0.004 0.006 
278 TMA-ZAIN-G-    (0)   :  0.006 0.003 0.974 0.003 0.006 0.003 0.006 
279 TMA-ZAIN-G-    (0)   :  0.012 0.005 0.956 0.006 0.016 0.003 0.004 
280 TMA-ZAIN-G-    (0)   :  0.096 0.006 0.832 0.009 0.051 0.003 0.004 
281 TMA-ZAIN-G-    (0)   :  0.039 0.004 0.932 0.005 0.011 0.003 0.005 
282 TMA-ZAIN-G-    (9)   :  0.013 0.003 0.967 0.003 0.006 0.003 0.005 
283 TMA-ZAIN-G-    (0)   :  0.092 0.016 0.631 0.008 0.099 0.007 0.149 
284 TMA-ZAIN-G-    (0)   :  0.163 0.015 0.451 0.010 0.169 0.004 0.188 
285 TMA-ZAIN-G-    (0)   :  0.040 0.022 0.825 0.024 0.026 0.028 0.034 
286 TMA-ZAIN-G-    (0)   :  0.035 0.003 0.937 0.003 0.010 0.003 0.008 
287 TMA-ZAIN-G-    (0)   :  0.025 0.007 0.935 0.011 0.008 0.009 0.006 
288 TMA-ZAIN-G-    (0)   :  0.112 0.024 0.623 0.064 0.151 0.013 0.012 
289 TMA-ZAIN-G-    (0)   :  0.024 0.010 0.904 0.020 0.015 0.016 0.010 
290 TMA-ZAIN-G-    (0)   :  0.433 0.007 0.449 0.012 0.086 0.003 0.010 
291 TMA-ZAIN-G-    (0)   :  0.011 0.004 0.014 0.005 0.953 0.004 0.008 
292 TMA-ZAIN-G-    (0)   :  0.009 0.892 0.013 0.059 0.016 0.007 0.005 
293 TMA-ZAIN-G-    (0)   :  0.004 0.894 0.008 0.039 0.012 0.027 0.015 
294 TMA-ZAIN-G-    (0)   :  0.003 0.963 0.004 0.006 0.005 0.013 0.006 
295 TMA-ZAIN-G-    (9)   :  0.004 0.948 0.008 0.009 0.009 0.014 0.008 
296 TMA-ZAIN-G-    (0)   :  0.012 0.899 0.006 0.053 0.011 0.006 0.012 
297 TMA-ZAIN-G-    (0)   :  0.006 0.814 0.006 0.111 0.010 0.028 0.026 
298 TMA-ZAIN-G-    (0)   :  0.013 0.885 0.023 0.008 0.017 0.009 0.045 
299 TMA-ZAIN-G-    (0)   :  0.004 0.962 0.007 0.006 0.006 0.012 0.003 
300 TMA-ZAIN-G-    (0)   :  0.003 0.867 0.006 0.027 0.009 0.080 0.008 
301 TMA-ZAIN-G-    (0)   :  0.005 0.886 0.008 0.064 0.006 0.025 0.007 
302 TMA-ZAIN-G-    (9)   :  0.004 0.933 0.004 0.041 0.005 0.008 0.006 
303 TMA-ZAIN-G-    (0)   :  0.016 0.005 0.007 0.068 0.864 0.002 0.038 
304 TMA-ZAIN-G-    (0)   :  0.021 0.055 0.009 0.139 0.010 0.195 0.571 
305 TMA-ZAIN-G-    (0)   :  0.004 0.937 0.004 0.021 0.006 0.019 0.009 
306 TMA-ZAIN-G-    (0)   :  0.149 0.363 0.034 0.061 0.012 0.020 0.361 
307 TMA-ZAIN-G-    (0)   :  0.015 0.051 0.015 0.072 0.006 0.458 0.383 
308 TMA-ZAIN-G-    (0)   :  0.033 0.004 0.018 0.008 0.115 0.015 0.807 
309 TMA-ZAIN-G-    (0)   :  0.003 0.032 0.003 0.945 0.004 0.009 0.003 
310 TMA-ZAIN-G-    (0)   :  0.006 0.921 0.026 0.007 0.015 0.010 0.015 
311 TMA-ZAIN-G-    (0)   :  0.041 0.798 0.009 0.058 0.030 0.007 0.056 
312 TMA-ZAIN-G-    (0)   :  0.005 0.141 0.006 0.793 0.030 0.015 0.011 
313 TMA-ZAIN-G-    (0)   :  0.014 0.096 0.005 0.077 0.006 0.037 0.765 
314 TMA-ZAIN-G-    (0)   :  0.309 0.012 0.208 0.020 0.420 0.015 0.016 
315 TMA-ZAIN-G-    (0)   :  0.007 0.368 0.412 0.039 0.043 0.111 0.021 
316 TMA-ZAIN-G-    (0)   :  0.011 0.338 0.409 0.030 0.095 0.099 0.018 
317 TMA-ZAIN-G-    (0)   :  0.036 0.008 0.017 0.006 0.917 0.003 0.013 
318 TMA-ZAIN-G-    (9)   :  0.350 0.009 0.443 0.006 0.133 0.010 0.048 
319 TMA-ZAIN-G-    (0)   :  0.017 0.007 0.072 0.209 0.678 0.004 0.013 
320 TMA-ZAIN-G-    (0)   :  0.006 0.467 0.009 0.028 0.458 0.026 0.006 
321 TMA-ZAIN-G-    (0)   :  0.074 0.421 0.115 0.204 0.132 0.041 0.013 
322 TMA-ZAIN-G-    (0)   :  0.068 0.263 0.008 0.064 0.460 0.055 0.083 
323 TMA-ZAIN-G-    (0)   :  0.007 0.008 0.013 0.044 0.898 0.017 0.012 
324 TMA-ZAIN-G-    (0)   :  0.010 0.867 0.004 0.052 0.008 0.028 0.031 
325 TMA-ZAIN-G-    (0)   :  0.005 0.011 0.047 0.010 0.914 0.006 0.008 
326 TMA-ZAIN-G-    (0)   :  0.003 0.014 0.004 0.312 0.625 0.007 0.036 
327 TMA-ZAIN-G-    (0)   :  0.003 0.005 0.003 0.958 0.004 0.012 0.015 
328 TMA-ZAIN-G-    (0)   :  0.302 0.019 0.093 0.129 0.179 0.259 0.019 
329 TMA-ZAIN-G-    (0)   :  0.005 0.469 0.009 0.354 0.015 0.107 0.042 
330 TMA-ZAIN-G-    (0)   :  0.004 0.135 0.003 0.706 0.013 0.094 0.045 
331 TMA-ZAIN-G-    (0)   :  0.028 0.437 0.064 0.244 0.053 0.011 0.163 
332 TMA-ZAIN-G-    (0)   :  0.003 0.017 0.002 0.962 0.005 0.008 0.004 
333 TMA-ZAIN-G-    (0)   :  0.003 0.003 0.002 0.976 0.004 0.004 0.007 
334 TMA-ZAIN-G-    (0)   :  0.013 0.004 0.959 0.003 0.012 0.003 0.007 
335 TMA-ZAIN-G-    (0)   :  0.004 0.005 0.974 0.004 0.004 0.006 0.004 
336 TMA-ZAIN-G-    (0)   :  0.014 0.008 0.932 0.007 0.017 0.007 0.014 
337 TMA-ZAIN-G-    (9)   :  0.085 0.007 0.853 0.004 0.040 0.004 0.007 
338 TMA-ZAIN-G-    (0)   :  0.030 0.004 0.944 0.003 0.008 0.003 0.007 
339 TMA-ZAIN-G-    (0)   :  0.013 0.002 0.972 0.002 0.005 0.002 0.004 
340 TMA-ZAIN-G-    (0)   :  0.006 0.003 0.977 0.003 0.005 0.003 0.003 
341 TMA-ZAIN-G-    (0)   :  0.009 0.004 0.970 0.004 0.005 0.004 0.003 
342 TMA-ZAIN-G-    (0)   :  0.007 0.004 0.971 0.003 0.006 0.004 0.005 
343 TMA-ZAIN-G-    (0)   :  0.027 0.003 0.954 0.004 0.006 0.002 0.003 
344 TMA-ZAIN-G-    (0)   :  0.008 0.004 0.962 0.006 0.012 0.003 0.005 
345 TMA-ZAIN-G-    (0)   :  0.005 0.003 0.978 0.003 0.004 0.003 0.005 
346 TMA-ZAIN-G-    (0)   :  0.029 0.007 0.931 0.011 0.014 0.003 0.004 
347 TMA-ZAIN-G-    (9)   :  0.008 0.003 0.974 0.003 0.006 0.003 0.003 
348 TMA-ZAIN-G-    (0)   :  0.019 0.005 0.942 0.004 0.016 0.004 0.009 
349 TMA-ZAIN-G-    (0)   :  0.015 0.004 0.962 0.003 0.007 0.003 0.004 
350 TMA-ZAIN-G-    (0)   :  0.031 0.007 0.874 0.009 0.070 0.005 0.005 
351 TMA-ZAIN-G-    (0)   :  0.008 0.003 0.971 0.004 0.006 0.003 0.005 
352 TMA-ZAIN-G-    (0)   :  0.008 0.008 0.958 0.005 0.007 0.007 0.007 
353 TMA-ZAIN-G-    (0)   :  0.047 0.007 0.898 0.013 0.027 0.003 0.005 
354 TMA-ZAIN-G-    (0)   :  0.007 0.005 0.964 0.007 0.012 0.002 0.003 
355 TMA-ZAIN-G-    (0)   :  0.014 0.010 0.950 0.010 0.009 0.004 0.003 
356 TMA-ZAIN-G-    (0)   :  0.003 0.806 0.002 0.003 0.014 0.155 0.017 
357 TMA-ZAIN-G-    (0)   :  0.015 0.419 0.004 0.457 0.012 0.081 0.014 
358 TMA-ZAIN-G-    (0)   :  0.075 0.280 0.027 0.289 0.044 0.254 0.031 
359 TMA-ZAIN-G-    (0)   :  0.012 0.383 0.023 0.007 0.046 0.410 0.119 
360 TMA-ZAIN-G-    (0)   :  0.003 0.959 0.003 0.005 0.005 0.020 0.005 
361 TMA-ZAIN-G-    (0)   :  0.013 0.254 0.004 0.676 0.013 0.032 0.009 
362 TMA-ZAIN-G-    (0)   :  0.005 0.956 0.013 0.004 0.009 0.008 0.005 
363 TMA-ZAIN-G-    (0)   :  0.005 0.384 0.013 0.507 0.045 0.024 0.022 
364 TMA-ZAIN-G-    (0)   :  0.183 0.019 0.014 0.015 0.736 0.014 0.019 
365 TMA-ZAIN-G-    (0)   :  0.011 0.691 0.151 0.019 0.083 0.041 0.005 
366 TMA-ZAIN-G-    (0)   :  0.005 0.803 0.006 0.008 0.006 0.153 0.020 
367 TMA-ZAIN-G-    (0)   :  0.141 0.088 0.006 0.641 0.025 0.009 0.090 
368 TMA-ZAIN-G-    (0)   :  0.006 0.791 0.005 0.025 0.006 0.152 0.015 
369 TMA-ZAIN-G-    (0)   :  0.002 0.027 0.003 0.923 0.005 0.036 0.005 
370 TMA-ZAIN-G-    (0)   :  0.009 0.194 0.003 0.765 0.008 0.016 0.005 
371 TMA-ZAIN-G-    (0)   :  0.005 0.953 0.003 0.008 0.004 0.021 0.006 
372 TMA-ZAIN-G-    (0)   :  0.004 0.943 0.003 0.019 0.004 0.020 0.006 
373 TMA-ZAIN-G-    (0)   :  0.003 0.004 0.003 0.976 0.005 0.004 0.004 
374 TMA-ZAIN-G-    (0)   :  0.321 0.048 0.007 0.366 0.055 0.007 0.195 
375 TMA-ZAIN-G-    (0)   :  0.041 0.025 0.009 0.199 0.710 0.009 0.008 
376 TMA-ZAIN-G-    (9)   :  0.005 0.974 0.003 0.007 0.004 0.005 0.003 
377 TMA-ZAIN-G-    (0)   :  0.003 0.963 0.002 0.009 0.003 0.015 0.005 
378 TMA-ZAIN-G-    (0)   :  0.004 0.965 0.002 0.009 0.003 0.014 0.004 
379 TMA-ZAIN-G-    (0)   :  0.004 0.957 0.002 0.009 0.003 0.016 0.008 
380 TMA-ZAIN-G-    (0)   :  0.003 0.918 0.003 0.011 0.004 0.055 0.007 
381 TMA-ZAIN-G-    (9)   :  0.010 0.111 0.011 0.037 0.591 0.142 0.099 
382 TMA-ZAIN-G-    (9)   :  0.672 0.008 0.054 0.010 0.243 0.004 0.009 
383    ZFB01    (0)   :  0.971 0.005 0.010 0.003 0.004 0.003 0.004 
384    ZFB02    (0)   :  0.946 0.004 0.030 0.003 0.006 0.003 0.008 
385    ZFB03    (0)   :  0.968 0.005 0.005 0.007 0.009 0.003 0.004 
386    ZFB04    (0)   :  0.943 0.005 0.035 0.003 0.004 0.003 0.007 
387    ZFB05    (0)   :  0.801 0.003 0.120 0.008 0.045 0.011 0.012 
388    ZFB06    (0)   :  0.883 0.003 0.055 0.008 0.032 0.012 0.007 
389    ZFB07    (9)   :  0.954 0.009 0.011 0.006 0.010 0.004 0.005 
390    ZFB08    (0)   :  0.961 0.007 0.006 0.006 0.008 0.006 0.006 
391    ZFB09    (0)   :  0.979 0.003 0.005 0.003 0.004 0.003 0.004 
392    ZFB10    (0)   :  0.946 0.022 0.010 0.005 0.005 0.007 0.007 
393    ZFB11    (0)   :  0.952 0.011 0.018 0.003 0.004 0.003 0.008 
394    ZFB12    (0)   :  0.922 0.008 0.035 0.009 0.018 0.004 0.005 
395    ZFB13    (0)   :  0.958 0.009 0.006 0.006 0.010 0.006 0.005 
396    ZFB14    (0)   :  0.974 0.005 0.005 0.003 0.004 0.003 0.005 
397    ZFB15    (0)   :  0.970 0.003 0.015 0.003 0.004 0.002 0.003 
398    ZFB16    (0)   :  0.957 0.007 0.017 0.004 0.007 0.004 0.004 
399    ZFB17    (0)   :  0.886 0.013 0.030 0.009 0.021 0.014 0.026 
400    ZFB18    (0)   :  0.978 0.004 0.004 0.003 0.005 0.003 0.004 
401    ZFB19    (0)   :  0.912 0.031 0.007 0.013 0.024 0.009 0.005 
402    ZFB20    (0)   :  0.934 0.006 0.040 0.004 0.007 0.004 0.004 
403    ZFB21    (0)   :  0.971 0.003 0.011 0.003 0.006 0.002 0.003 
404    ZFB22    (0)   :  0.856 0.013 0.090 0.008 0.012 0.012 0.009 
405    ZFB23    (0)   :  0.941 0.009 0.028 0.005 0.006 0.004 0.007 
406    ZFB24    (0)   :  0.937 0.009 0.035 0.003 0.005 0.004 0.007 
407    ZFB25    (0)   :  0.948 0.026 0.006 0.006 0.004 0.005 0.004 
408    ZFB26    (0)   :  0.888 0.026 0.058 0.007 0.007 0.005 0.010 
409    ZFB27    (0)   :  0.895 0.010 0.078 0.004 0.005 0.003 0.006 
410    ZFB28    (0)   :  0.831 0.009 0.104 0.007 0.034 0.003 0.011 
411    ZFB29    (0)   :  0.958 0.004 0.019 0.003 0.005 0.003 0.008 
412    ZFB30    (0)   :  0.769 0.008 0.151 0.011 0.041 0.015 0.005 
413    ZFB31    (0)   :  0.960 0.014 0.007 0.005 0.005 0.005 0.004 
414    ZFB32    (0)   :  0.827 0.019 0.054 0.015 0.044 0.005 0.037 
415    ZFB33    (0)   :  0.972 0.004 0.012 0.003 0.004 0.003 0.003 
416    ZFB34    (0)   :  0.976 0.004 0.004 0.003 0.005 0.003 0.005 
417    ZFB35    (0)   :  0.963 0.007 0.011 0.005 0.005 0.004 0.005 
418  ZFBP101    (0)   :  0.012 0.529 0.008 0.209 0.013 0.075 0.154 
419  ZFBP102    (0)   :  0.012 0.862 0.010 0.063 0.015 0.018 0.019 
420  ZFBP103    (0)   :  0.009 0.278 0.007 0.475 0.011 0.014 0.206 
421  ZFBP104    (0)   :  0.044 0.641 0.016 0.245 0.040 0.010 0.004 
422  ZFBP105    (0)   :  0.006 0.914 0.005 0.057 0.006 0.007 0.005 
423  ZFBP106    (0)   :  0.003 0.922 0.003 0.047 0.004 0.013 0.008 
424  ZFBP107    (0)   :  0.005 0.800 0.011 0.162 0.010 0.005 0.007 
425  ZFBP108    (0)   :  0.003 0.975 0.003 0.008 0.003 0.004 0.003 
426  ZFBP109    (0)   :  0.004 0.972 0.002 0.008 0.003 0.007 0.003 
427  ZFBP110    (0)   :  0.045 0.550 0.007 0.312 0.038 0.007 0.041 
428  ZFBP111    (0)   :  0.003 0.747 0.003 0.053 0.005 0.184 0.005 
429  ZFBP112    (0)   :  0.004 0.873 0.006 0.020 0.006 0.074 0.018 
430  ZFBP113    (0)   :  0.004 0.974 0.004 0.007 0.004 0.004 0.003 
431  ZFBP114    (0)   :  0.004 0.947 0.005 0.027 0.005 0.008 0.005 
432  ZFBP115    (0)   :  0.003 0.236 0.004 0.724 0.006 0.019 0.010 
433  ZFBP116    (0)   :  0.003 0.965 0.004 0.011 0.006 0.007 0.004 
434  ZFBP117    (0)   :  0.003 0.968 0.002 0.009 0.004 0.008 0.007 
435  ZFBP118    (0)   :  0.003 0.949 0.005 0.022 0.005 0.011 0.005 
436  ZFBP119    (0)   :  0.004 0.785 0.003 0.151 0.008 0.022 0.027 
437  ZFBP120    (0)   :  0.006 0.918 0.005 0.055 0.006 0.006 0.004 
438  ZFBP121    (0)   :  0.006 0.963 0.003 0.010 0.005 0.005 0.008 
439  ZFBP122    (9)   :  0.004 0.948 0.003 0.017 0.005 0.018 0.005 
440  ZFBP123    (0)   :  0.004 0.940 0.007 0.009 0.006 0.018 0.016 
441  ZFBP124    (0)   :  0.008 0.965 0.004 0.008 0.004 0.006 0.006 
442  ZFBP125    (0)   :  0.002 0.951 0.002 0.016 0.004 0.017 0.007 
443  ZFBP126    (0)   :  0.010 0.924 0.009 0.009 0.018 0.007 0.024 
444  ZFBP127    (0)   :  0.003 0.929 0.003 0.045 0.004 0.005 0.010 
445  ZFBP128    (0)   :  0.004 0.916 0.002 0.024 0.003 0.035 0.015 
446  ZFBP129    (0)   :  0.004 0.942 0.003 0.006 0.004 0.032 0.008 
447  ZFBP130    (0)   :  0.002 0.865 0.003 0.025 0.005 0.081 0.020 
448  ZFBP131    (0)   :  0.004 0.974 0.004 0.005 0.004 0.006 0.004 
449  ZFBP132    (0)   :  0.004 0.970 0.003 0.012 0.004 0.005 0.004 
450  ZFBP133    (0)   :  0.003 0.708 0.002 0.005 0.003 0.272 0.007 
451  ZFBP134    (0)   :  0.004 0.736 0.004 0.199 0.005 0.020 0.032 
452  ZFBP135    (0)   :  0.015 0.636 0.005 0.072 0.008 0.017 0.248 
453  ZFBP136    (0)   :  0.005 0.624 0.008 0.114 0.006 0.091 0.152 
454  ZFBP201    (0)   :  0.005 0.959 0.006 0.011 0.007 0.007 0.005 
455  ZFBP202    (0)   :  0.006 0.957 0.003 0.018 0.005 0.008 0.004 
456  ZFBP203    (0)   :  0.005 0.902 0.028 0.010 0.020 0.028 0.007 
457  ZFBP204    (0)   :  0.005 0.821 0.006 0.119 0.007 0.027 0.015 
458  ZFBP205    (0)   :  0.003 0.958 0.004 0.005 0.004 0.015 0.010 
459  ZFBP206    (0)   :  0.006 0.811 0.007 0.007 0.006 0.144 0.018 
460  ZFBP207    (0)   :  0.005 0.701 0.004 0.261 0.005 0.011 0.013 
461  ZFBP208    (0)   :  0.004 0.949 0.011 0.005 0.008 0.013 0.010 
462  ZFBP209    (0)   :  0.003 0.902 0.002 0.005 0.003 0.079 0.006 
463  ZFBP210    (0)   :  0.005 0.948 0.007 0.011 0.008 0.014 0.006 
464  ZFBP211    (0)   :  0.006 0.968 0.003 0.008 0.005 0.005 0.005 
465  ZFBP212    (0)   :  0.006 0.921 0.003 0.059 0.004 0.005 0.003 
466  ZFBP213    (0)   :  0.009 0.932 0.005 0.010 0.006 0.021 0.016 
467  ZFBP214    (0)   :  0.016 0.741 0.005 0.044 0.016 0.123 0.055 
468  ZFBP215    (0)   :  0.004 0.969 0.003 0.007 0.003 0.007 0.006 
469  ZFBP216    (0)   :  0.004 0.951 0.007 0.014 0.012 0.007 0.005 
470  ZFBP217    (0)   :  0.007 0.779 0.003 0.040 0.007 0.158 0.006 
471  ZFBP218    (0)   :  0.003 0.966 0.003 0.006 0.003 0.015 0.004 
472  ZFBP219    (0)   :  0.003 0.976 0.004 0.006 0.004 0.004 0.003 
473  ZFBP220    (0)   :  0.003 0.850 0.004 0.051 0.005 0.067 0.020 
474  ZFBP221    (0)   :  0.005 0.924 0.003 0.052 0.004 0.009 0.003 
475  ZFBP222    (0)   :  0.005 0.962 0.005 0.004 0.005 0.010 0.008 
476  ZFBP223    (0)   :  0.010 0.758 0.005 0.200 0.008 0.010 0.009 
477  ZFBP224    (0)   :  0.005 0.964 0.005 0.008 0.006 0.006 0.006 
478  ZFBP225    (0)   :  0.004 0.421 0.008 0.153 0.011 0.390 0.013 
479  ZFBP226    (0)   :  0.003 0.969 0.004 0.009 0.004 0.006 0.004 
480  ZFBP227    (0)   :  0.026 0.742 0.019 0.063 0.134 0.009 0.007 
481  ZFBP228    (0)   :  0.005 0.844 0.003 0.124 0.004 0.008 0.012 
482  ZFBP229    (0)   :  0.003 0.944 0.003 0.012 0.005 0.028 0.006 
483  ZFBP230    (0)   :  0.004 0.860 0.003 0.051 0.006 0.050 0.025 
484  ZFBP231    (0)   :  0.005 0.964 0.004 0.010 0.006 0.006 0.005 
485  ZFBP232    (0)   :  0.004 0.971 0.003 0.005 0.003 0.009 0.005 
486  ZFBP233    (0)   :  0.006 0.951 0.004 0.012 0.006 0.016 0.006 
487   ZFCC01    (0)   :  0.008 0.004 0.005 0.004 0.004 0.005 0.970 
488   ZFCC03    (0)   :  0.005 0.004 0.003 0.005 0.003 0.005 0.974 
489   ZFCC04    (0)   :  0.005 0.003 0.004 0.004 0.004 0.006 0.974 
490   ZFCC05    (0)   :  0.007 0.005 0.004 0.006 0.006 0.006 0.967 
491   ZFCC08    (0)   :  0.005 0.008 0.003 0.007 0.004 0.013 0.960 
492   ZFCC09    (0)   :  0.007 0.004 0.003 0.005 0.003 0.004 0.973 
493   ZFCC10    (0)   :  0.013 0.004 0.004 0.004 0.004 0.004 0.967 
494   ZFCC11    (0)   :  0.006 0.005 0.003 0.005 0.004 0.005 0.972 
495   ZFCC12    (0)   :  0.016 0.006 0.030 0.008 0.010 0.005 0.926 
496   ZFCC13    (0)   :  0.004 0.007 0.006 0.012 0.008 0.009 0.955 
497   ZFCC14    (0)   :  0.010 0.009 0.005 0.004 0.006 0.008 0.958 
498   ZFCC15    (0)   :  0.005 0.005 0.005 0.005 0.007 0.005 0.969 
499   ZFCC16    (0)   :  0.006 0.004 0.004 0.004 0.004 0.005 0.974 
500   ZFCC17    (0)   :  0.005 0.003 0.007 0.004 0.004 0.003 0.974 
501   ZFCC18    (0)   :  0.005 0.004 0.003 0.005 0.004 0.006 0.972 
502   ZFCC19    (0)   :  0.005 0.003 0.007 0.004 0.006 0.004 0.971 
503   ZFCC20    (0)   :  0.004 0.004 0.003 0.006 0.005 0.006 0.972 
504   ZFCC21    (0)   :  0.008 0.021 0.006 0.007 0.011 0.034 0.913 
505   ZFCC22    (0)   :  0.007 0.106 0.004 0.018 0.004 0.053 0.808 
506   ZFCC26    (0)   :  0.005 0.004 0.003 0.004 0.004 0.004 0.976 
507   ZFCC27    (0)   :  0.004 0.003 0.003 0.005 0.004 0.004 0.977 
508   ZFCC29    (0)   :  0.007 0.004 0.004 0.005 0.006 0.005 0.969 
509   ZFCC30    (0)   :  0.003 0.003 0.003 0.006 0.003 0.005 0.975 
510   ZFCC32    (0)   :  0.005 0.004 0.007 0.006 0.006 0.006 0.966 
511   ZFCC33    (0)   :  0.006 0.003 0.005 0.005 0.006 0.004 0.971 
512   ZFCC34    (0)   :  0.018 0.045 0.012 0.029 0.006 0.019 0.871 
513   ZFCC35    (0)   :  0.004 0.004 0.003 0.004 0.003 0.005 0.978 
514   ZFCC36    (0)   :  0.004 0.007 0.010 0.007 0.007 0.011 0.954 
515   ZFCC37    (0)   :  0.018 0.009 0.028 0.008 0.011 0.005 0.921 
516   ZFCC40    (0)   :  0.006 0.005 0.005 0.004 0.003 0.004 0.972 
517   ZFCC42    (0)   :  0.017 0.006 0.516 0.050 0.013 0.012 0.385 
518   ZFCC44    (0)   :  0.003 0.003 0.003 0.005 0.003 0.003 0.978 
519   ZFCC45    (9)   :  0.011 0.005 0.013 0.006 0.012 0.004 0.950 
520   ZFCC46    (0)   :  0.003 0.008 0.003 0.013 0.004 0.027 0.942 
521   ZFCC47    (0)   :  0.013 0.005 0.018 0.005 0.004 0.007 0.948 
522   ZFCC48    (0)   :  0.006 0.016 0.003 0.006 0.005 0.033 0.931 
523   ZFCC50    (0)   :  0.004 0.003 0.004 0.004 0.004 0.004 0.978 
524   ZFCC51    (0)   :  0.005 0.003 0.003 0.005 0.003 0.004 0.977 
525   ZFCC52    (0)   :  0.004 0.009 0.006 0.006 0.004 0.011 0.960 
526   ZFCC53    (0)   :  0.005 0.003 0.003 0.004 0.003 0.004 0.978 
527  ZFCNS01    (0)   :  0.003 0.004 0.005 0.971 0.008 0.003 0.005 
528  ZFCNS02    (0)   :  0.004 0.005 0.003 0.967 0.004 0.006 0.011 
529  ZFCNS05    (0)   :  0.005 0.009 0.003 0.960 0.004 0.007 0.011 
530  ZFCNS06    (0)   :  0.004 0.006 0.003 0.962 0.004 0.007 0.013 
531  ZFCNS07    (0)   :  0.004 0.011 0.003 0.956 0.004 0.016 0.006 
532  ZFCNS10    (0)   :  0.003 0.005 0.003 0.976 0.003 0.005 0.005 
533  ZFCNS11    (0)   :  0.003 0.004 0.004 0.974 0.005 0.004 0.006 
534  ZFCNS15    (0)   :  0.005 0.009 0.003 0.970 0.004 0.005 0.004 
