

----------------------------------------------------
STRUCTURE by Pritchard, Stephens and Donnelly (2000)
     and Falush, Stephens and Pritchard (2003)
       Code by Pritchard, Falush and Hubisz
             Version 2.3.4 (Jul 2012)
----------------------------------------------------



Command line arguments:   bin\structure -m C:\Users\eschumacher\Documents\GitHub\GCC_QUAC_ZAIN\Data_Files\Structure_Files\ZAIN\ZAIN_rebinned_garden_wild_nopopinfo\50-50\mainparams -e C:\Users\eschumacher\Documents\GitHub\GCC_QUAC_ZAIN\Data_Files\Structure_Files\ZAIN\ZAIN_rebinned_garden_wild_nopopinfo\50-50\extraparams 
Input File:    C:\Users\eschumacher\Documents\GitHub\GCC_QUAC_ZAIN\Data_Files\Structure_Files\ZAIN\ZAIN_rebinned_garden_wild_nopopinfo\project_data

Run parameters:
   1133 individuals
   11 loci
   14 populations assumed
   50000 Burn-in period
   50000 Reps


--------------------------------------------
Overall proportion of membership of the
sample in each of the 14 clusters

Inferred Clusters
  1      2      3      4      5      6      7      8      9     10     11     12     13     14    
0.071  0.090  0.089  0.053  0.066  0.068  0.053  0.078  0.068  0.035  0.118  0.087  0.060  0.065  

--------------------------------------------

Allele-freq. divergence among pops (Net nucleotide distance),
computed using point estimates of P.

      1       2       3       4       5       6       7       8       9      10      11      12      13      14      
 1      -    0.1833  0.2584  0.1328  0.0221  0.2732  0.0583  0.2415  0.0561  0.1755  0.2919  0.0574  0.1499  0.2031  
 2   0.1833     -    0.1280  0.2857  0.1953  0.1131  0.1991  0.1707  0.2499  0.1501  0.1170  0.1596  0.0969  0.1907  
 3   0.2584  0.1280     -    0.3710  0.2466  0.0887  0.2752  0.2159  0.2778  0.2472  0.1704  0.2694  0.1993  0.3059  
 4   0.1328  0.2857  0.3710     -    0.1173  0.3834  0.1195  0.2254  0.1587  0.2846  0.3811  0.1416  0.1772  0.2795  
 5   0.0221  0.1953  0.2466  0.1173     -    0.2509  0.0666  0.2238  0.0340  0.1937  0.3056  0.0780  0.1353  0.2430  
 6   0.2732  0.1131  0.0887  0.3834  0.2509     -    0.2978  0.1890  0.2966  0.2506  0.1983  0.2677  0.1761  0.2990  
 7   0.0583  0.1991  0.2752  0.1195  0.0666  0.2978     -    0.2404  0.1030  0.2127  0.3071  0.1268  0.1942  0.2410  
 8   0.2415  0.1707  0.2159  0.2254  0.2238  0.1890  0.2404     -    0.2802  0.2096  0.2855  0.1948  0.1843  0.2010  
 9   0.0561  0.2499  0.2778  0.1587  0.0340  0.2966  0.1030  0.2802     -    0.2725  0.3761  0.0899  0.2022  0.2877  
10   0.1755  0.1501  0.2472  0.2846  0.1937  0.2506  0.2127  0.2096  0.2725     -    0.2430  0.1891  0.1734  0.2411  
11   0.2919  0.1170  0.1704  0.3811  0.3056  0.1983  0.3071  0.2855  0.3761  0.2430     -    0.3091  0.2271  0.3700  
12   0.0574  0.1596  0.2694  0.1416  0.0780  0.2677  0.1268  0.1948  0.0899  0.1891  0.3091     -    0.1172  0.1319  
13   0.1499  0.0969  0.1993  0.1772  0.1353  0.1761  0.1942  0.1843  0.2022  0.1734  0.2271  0.1172     -    0.2271  
14   0.2031  0.1907  0.3059  0.2795  0.2430  0.2990  0.2410  0.2010  0.2877  0.2411  0.3700  0.1319  0.2271     -    

Average distances (expected heterozygosity) between individuals in same cluster:
cluster  1  : 0.3810 
cluster  2  : 0.5292 
cluster  3  : 0.4938 
cluster  4  : 0.3508 
cluster  5  : 0.3926 
cluster  6  : 0.3403 
cluster  7  : 0.3951 
cluster  8  : 0.3720 
cluster  9  : 0.3327 
cluster 10  : 0.2499 
cluster 11  : 0.4049 
cluster 12  : 0.4285 
cluster 13  : 0.4574 
cluster 14  : 0.2506 

--------------------------------------------
Estimated Ln Prob of Data   = -20676.2
Mean value of ln likelihood = -19754.2
Variance of ln likelihood   = 1844.0
Mean value of alpha         = 0.0347

Mean value of Fst_1         = 0.3192
Mean value of Fst_2         = 0.1680
Mean value of Fst_3         = 0.3923
Mean value of Fst_4         = 0.4412
Mean value of Fst_5         = 0.3711
Mean value of Fst_6         = 0.5092
Mean value of Fst_7         = 0.3937
Mean value of Fst_8         = 0.4530
Mean value of Fst_9         = 0.4253
Mean value of Fst_10         = 0.6252
Mean value of Fst_11         = 0.4396
Mean value of Fst_12         = 0.3563
Mean value of Fst_13         = 0.3010
Mean value of Fst_14         = 0.5852


Inferred ancestry of individuals:
        Label (%Miss) :  Inferred clusters
  1 TMA-ZAIN-G-    (9)   :  0.015 0.042 0.677 0.010 0.048 0.032 0.009 0.014 0.010 0.009 0.007 0.035 0.021 0.073 
  2 TMA-ZAIN-G-    (0)   :  0.021 0.010 0.686 0.004 0.024 0.024 0.162 0.018 0.012 0.014 0.005 0.007 0.006 0.007 
  3 TMA-ZAIN-G-    (0)   :  0.094 0.005 0.006 0.082 0.421 0.006 0.020 0.011 0.160 0.008 0.003 0.131 0.022 0.030 
  4 TMA-ZAIN-G-    (0)   :  0.022 0.005 0.005 0.051 0.132 0.009 0.016 0.020 0.113 0.591 0.004 0.011 0.005 0.016 
  5 TMA-ZAIN-G-    (0)   :  0.003 0.003 0.949 0.002 0.003 0.009 0.002 0.006 0.003 0.004 0.005 0.002 0.005 0.002 
  6 TMA-ZAIN-G-    (0)   :  0.063 0.030 0.033 0.062 0.263 0.025 0.019 0.016 0.028 0.038 0.026 0.078 0.303 0.016 
  7 TMA-ZAIN-G-    (0)   :  0.489 0.008 0.010 0.006 0.195 0.013 0.021 0.010 0.039 0.084 0.004 0.070 0.014 0.037 
  8 TMA-ZAIN-G-    (0)   :  0.034 0.003 0.006 0.020 0.039 0.006 0.018 0.021 0.033 0.007 0.002 0.796 0.008 0.007 
  9 TMA-ZAIN-G-    (9)   :  0.478 0.005 0.008 0.020 0.236 0.006 0.087 0.005 0.049 0.007 0.005 0.064 0.023 0.007 
 10 TMA-ZAIN-G-    (0)   :  0.414 0.005 0.003 0.029 0.272 0.003 0.035 0.009 0.037 0.011 0.004 0.136 0.027 0.014 
 11 TMA-ZAIN-G-    (0)   :  0.756 0.005 0.004 0.005 0.079 0.006 0.013 0.005 0.006 0.014 0.004 0.089 0.006 0.008 
 12 TMA-ZAIN-G-    (0)   :  0.031 0.006 0.005 0.005 0.260 0.006 0.007 0.006 0.600 0.006 0.003 0.032 0.008 0.026 
 13 TMA-ZAIN-G-    (9)   :  0.362 0.027 0.035 0.014 0.032 0.039 0.155 0.014 0.039 0.013 0.055 0.099 0.012 0.104 
 14 TMA-ZAIN-G-    (9)   :  0.027 0.010 0.003 0.006 0.018 0.004 0.018 0.007 0.010 0.005 0.012 0.042 0.011 0.827 
 15 TMA-ZAIN-G-    (0)   :  0.016 0.007 0.003 0.009 0.035 0.003 0.007 0.006 0.005 0.004 0.003 0.099 0.007 0.797 
 16 TMA-ZAIN-G-    (0)   :  0.121 0.005 0.003 0.005 0.385 0.005 0.013 0.003 0.424 0.006 0.005 0.014 0.006 0.006 
 17 TMA-ZAIN-G-    (9)   :  0.011 0.021 0.010 0.005 0.013 0.007 0.006 0.014 0.021 0.084 0.010 0.756 0.020 0.022 
 18 TMA-ZAIN-G-    (0)   :  0.005 0.108 0.031 0.006 0.006 0.710 0.004 0.047 0.014 0.019 0.007 0.010 0.022 0.010 
 19 TMA-ZAIN-G-    (0)   :  0.030 0.579 0.011 0.006 0.021 0.026 0.009 0.005 0.029 0.052 0.024 0.046 0.150 0.013 
 20 TMA-ZAIN-G-    (0)   :  0.004 0.798 0.032 0.005 0.004 0.043 0.005 0.028 0.003 0.006 0.060 0.003 0.007 0.004 
 21 TMA-ZAIN-G-    (0)   :  0.005 0.004 0.003 0.005 0.005 0.003 0.003 0.005 0.004 0.004 0.949 0.004 0.005 0.002 
 22 TMA-ZAIN-G-    (0)   :  0.003 0.012 0.037 0.002 0.004 0.075 0.003 0.006 0.003 0.009 0.830 0.003 0.008 0.003 
 23 TMA-ZAIN-G-    (0)   :  0.009 0.029 0.010 0.004 0.007 0.045 0.005 0.004 0.006 0.011 0.822 0.010 0.031 0.007 
 24 TMA-ZAIN-G-    (9)   :  0.013 0.004 0.007 0.098 0.006 0.007 0.175 0.006 0.009 0.003 0.642 0.008 0.003 0.019 
 25 TMA-ZAIN-G-    (9)   :  0.010 0.592 0.161 0.005 0.056 0.009 0.127 0.004 0.007 0.003 0.010 0.005 0.007 0.004 
 26 TMA-ZAIN-G-    (9)   :  0.084 0.010 0.007 0.008 0.174 0.006 0.129 0.478 0.013 0.009 0.023 0.043 0.005 0.012 
 27 TMA-ZAIN-G-    (0)   :  0.013 0.062 0.085 0.010 0.011 0.013 0.005 0.015 0.004 0.021 0.019 0.015 0.649 0.079 
 28 TMA-ZAIN-G-    (0)   :  0.006 0.011 0.006 0.004 0.006 0.014 0.004 0.005 0.005 0.006 0.003 0.006 0.915 0.009 
 29 TMA-ZAIN-G-    (0)   :  0.005 0.225 0.003 0.710 0.004 0.004 0.005 0.016 0.004 0.003 0.004 0.005 0.005 0.005 
 30 TMA-ZAIN-G-    (0)   :  0.069 0.028 0.004 0.030 0.036 0.004 0.112 0.005 0.055 0.008 0.004 0.103 0.471 0.071 
 31 TMA-ZAIN-G-    (0)   :  0.006 0.011 0.846 0.005 0.006 0.021 0.008 0.055 0.004 0.015 0.009 0.004 0.005 0.005 
 32 TMA-ZAIN-G-    (9)   :  0.034 0.040 0.043 0.004 0.262 0.465 0.028 0.005 0.036 0.005 0.035 0.017 0.005 0.021 
 33 TMA-ZAIN-G-   (18)   :  0.134 0.004 0.004 0.010 0.610 0.005 0.021 0.004 0.101 0.004 0.002 0.089 0.006 0.006 
 34 TMA-ZAIN-G-    (0)   :  0.059 0.010 0.039 0.005 0.606 0.080 0.031 0.005 0.121 0.005 0.018 0.009 0.008 0.005 
 35 TMA-ZAIN-G-    (9)   :  0.102 0.008 0.005 0.027 0.659 0.012 0.054 0.008 0.050 0.006 0.003 0.033 0.011 0.023 
 36 TMA-ZAIN-G-    (0)   :  0.125 0.005 0.004 0.009 0.131 0.004 0.335 0.016 0.015 0.008 0.003 0.188 0.007 0.150 
 37 TMA-ZAIN-G-    (9)   :  0.161 0.005 0.005 0.008 0.670 0.005 0.050 0.005 0.023 0.016 0.005 0.031 0.012 0.005 
 38 TMA-ZAIN-G-   (18)   :  0.030 0.046 0.605 0.006 0.171 0.013 0.030 0.006 0.015 0.008 0.009 0.015 0.005 0.040 
 39 TMA-ZAIN-G-    (0)   :  0.054 0.004 0.004 0.013 0.059 0.003 0.681 0.007 0.116 0.008 0.005 0.034 0.008 0.004 
 40 TMA-ZAIN-G-    (0)   :  0.089 0.005 0.004 0.007 0.098 0.003 0.186 0.005 0.273 0.014 0.005 0.301 0.004 0.006 
 41 TMA-ZAIN-G-    (0)   :  0.019 0.004 0.003 0.006 0.021 0.003 0.246 0.005 0.019 0.003 0.003 0.627 0.005 0.036 
 42 TMA-ZAIN-G-    (9)   :  0.007 0.003 0.003 0.006 0.007 0.003 0.012 0.008 0.007 0.004 0.002 0.843 0.003 0.091 
 43 TMA-ZAIN-G-    (0)   :  0.005 0.003 0.003 0.008 0.004 0.003 0.004 0.005 0.003 0.004 0.002 0.008 0.003 0.944 
 44 TMA-ZAIN-G-    (0)   :  0.080 0.015 0.006 0.008 0.037 0.004 0.045 0.004 0.010 0.008 0.770 0.007 0.003 0.004 
 45 TMA-ZAIN-G-    (0)   :  0.337 0.007 0.005 0.005 0.405 0.004 0.011 0.008 0.092 0.011 0.006 0.085 0.009 0.013 
 46 TMA-ZAIN-G-    (0)   :  0.005 0.007 0.004 0.003 0.003 0.003 0.005 0.005 0.003 0.009 0.945 0.003 0.003 0.004 
 47 TMA-ZAIN-G-    (0)   :  0.003 0.004 0.003 0.004 0.005 0.005 0.003 0.938 0.005 0.014 0.003 0.004 0.004 0.004 
 48 TMA-ZAIN-G-    (0)   :  0.198 0.011 0.005 0.017 0.055 0.007 0.012 0.189 0.014 0.140 0.021 0.227 0.051 0.053 
 49 TMA-ZAIN-G-    (9)   :  0.011 0.788 0.006 0.043 0.032 0.029 0.005 0.006 0.031 0.019 0.005 0.008 0.013 0.004 
 50 TMA-ZAIN-G-    (0)   :  0.007 0.818 0.015 0.003 0.006 0.005 0.024 0.003 0.013 0.006 0.005 0.064 0.024 0.008 
 51 TMA-ZAIN-G-    (0)   :  0.015 0.806 0.007 0.007 0.010 0.007 0.007 0.015 0.004 0.016 0.007 0.017 0.023 0.060 
 52 TMA-ZAIN-G-    (0)   :  0.011 0.740 0.006 0.003 0.007 0.007 0.006 0.034 0.012 0.119 0.008 0.008 0.025 0.015 
 53 TMA-ZAIN-G-    (0)   :  0.021 0.557 0.194 0.005 0.009 0.013 0.015 0.065 0.004 0.052 0.006 0.010 0.008 0.042 
 54 TMA-ZAIN-G-    (0)   :  0.007 0.007 0.003 0.003 0.007 0.006 0.005 0.916 0.006 0.004 0.004 0.011 0.010 0.010 
 55 TMA-ZAIN-G-    (0)   :  0.010 0.023 0.003 0.003 0.007 0.007 0.003 0.847 0.009 0.003 0.007 0.034 0.026 0.018 
 56 TMA-ZAIN-G-    (0)   :  0.099 0.027 0.009 0.022 0.034 0.004 0.027 0.054 0.014 0.387 0.006 0.208 0.074 0.035 
 57 TMA-ZAIN-G-    (0)   :  0.009 0.028 0.010 0.008 0.012 0.006 0.010 0.850 0.037 0.010 0.003 0.005 0.005 0.006 
 58 TMA-ZAIN-G-    (0)   :  0.010 0.328 0.020 0.007 0.010 0.146 0.004 0.041 0.017 0.015 0.131 0.030 0.229 0.011 
 59 TMA-ZAIN-G-    (0)   :  0.145 0.015 0.520 0.013 0.074 0.031 0.017 0.018 0.020 0.040 0.024 0.040 0.031 0.012 
 60 TMA-ZAIN-G-    (0)   :  0.025 0.160 0.307 0.007 0.014 0.122 0.006 0.019 0.007 0.041 0.009 0.018 0.114 0.152 
 61 TMA-ZAIN-G-    (0)   :  0.004 0.009 0.881 0.003 0.005 0.016 0.003 0.013 0.003 0.031 0.018 0.003 0.006 0.004 
 62 TMA-ZAIN-G-    (9)   :  0.014 0.018 0.796 0.006 0.031 0.008 0.016 0.010 0.022 0.003 0.016 0.016 0.039 0.005 
 63 TMA-ZAIN-G-    (0)   :  0.008 0.022 0.649 0.003 0.011 0.205 0.004 0.019 0.012 0.016 0.010 0.011 0.015 0.016 
 64 TMA-ZAIN-G-    (0)   :  0.006 0.003 0.002 0.946 0.006 0.002 0.008 0.003 0.005 0.003 0.002 0.005 0.003 0.005 
 65 TMA-ZAIN-G-    (9)   :  0.007 0.003 0.003 0.904 0.020 0.004 0.006 0.007 0.019 0.006 0.002 0.008 0.005 0.006 
 66 TMA-ZAIN-G-    (0)   :  0.025 0.003 0.003 0.888 0.021 0.003 0.015 0.004 0.012 0.005 0.003 0.008 0.004 0.006 
 67 TMA-ZAIN-G-    (0)   :  0.038 0.010 0.004 0.715 0.052 0.004 0.105 0.005 0.022 0.004 0.014 0.010 0.014 0.003 
 68 TMA-ZAIN-G-    (0)   :  0.005 0.002 0.002 0.946 0.005 0.003 0.004 0.005 0.005 0.004 0.003 0.006 0.004 0.006 
 69 TMA-ZAIN-G-    (0)   :  0.021 0.024 0.010 0.716 0.055 0.030 0.030 0.008 0.029 0.022 0.024 0.006 0.006 0.016 
 70 TMA-ZAIN-G-    (0)   :  0.038 0.004 0.003 0.013 0.012 0.003 0.892 0.003 0.010 0.004 0.004 0.005 0.004 0.005 
 71 TMA-ZAIN-G-    (0)   :  0.011 0.003 0.003 0.004 0.019 0.003 0.925 0.003 0.011 0.004 0.003 0.005 0.003 0.003 
 72 TMA-ZAIN-G-    (0)   :  0.011 0.004 0.003 0.011 0.012 0.004 0.916 0.006 0.006 0.004 0.003 0.007 0.007 0.006 
 73 TMA-ZAIN-G-    (0)   :  0.006 0.016 0.018 0.005 0.012 0.016 0.856 0.013 0.007 0.004 0.020 0.006 0.017 0.003 
 74 TMA-ZAIN-G-    (0)   :  0.007 0.006 0.006 0.005 0.012 0.004 0.923 0.005 0.011 0.003 0.005 0.005 0.005 0.003 
 75 TMA-ZAIN-G-    (0)   :  0.007 0.005 0.004 0.005 0.013 0.004 0.925 0.007 0.008 0.004 0.003 0.005 0.006 0.004 
 76 TMA-ZAIN-G-    (0)   :  0.009 0.008 0.004 0.005 0.014 0.003 0.918 0.003 0.007 0.003 0.013 0.005 0.004 0.003 
 77 TMA-ZAIN-G-    (0)   :  0.009 0.005 0.003 0.006 0.007 0.003 0.928 0.004 0.004 0.008 0.005 0.006 0.005 0.006 
 78 TMA-ZAIN-G-    (0)   :  0.011 0.011 0.005 0.004 0.013 0.006 0.902 0.006 0.006 0.010 0.009 0.005 0.007 0.005 
 79 TMA-ZAIN-G-    (0)   :  0.023 0.008 0.003 0.004 0.009 0.004 0.890 0.004 0.006 0.025 0.008 0.006 0.005 0.006 
 80 TMA-ZAIN-G-    (0)   :  0.045 0.004 0.003 0.021 0.045 0.003 0.720 0.011 0.113 0.007 0.004 0.014 0.006 0.004 
 81 TMA-ZAIN-G-    (0)   :  0.045 0.007 0.004 0.005 0.032 0.004 0.824 0.005 0.014 0.028 0.006 0.012 0.007 0.008 
 82 TMA-ZAIN-G-    (0)   :  0.055 0.005 0.004 0.153 0.645 0.006 0.053 0.014 0.034 0.007 0.003 0.008 0.006 0.006 
 83 TMA-ZAIN-G-    (9)   :  0.035 0.012 0.025 0.035 0.485 0.042 0.013 0.014 0.265 0.005 0.024 0.012 0.027 0.005 
 84 TMA-ZAIN-G-    (0)   :  0.048 0.009 0.004 0.005 0.025 0.003 0.845 0.004 0.014 0.010 0.013 0.009 0.006 0.005 
 85 TMA-ZAIN-G-    (0)   :  0.004 0.004 0.004 0.003 0.003 0.004 0.003 0.004 0.003 0.954 0.004 0.003 0.004 0.004 
 86 TMA-ZAIN-G-    (0)   :  0.011 0.004 0.004 0.006 0.010 0.003 0.006 0.005 0.010 0.919 0.006 0.008 0.005 0.003 
 87 TMA-ZAIN-G-    (0)   :  0.003 0.004 0.005 0.003 0.003 0.005 0.003 0.003 0.003 0.953 0.005 0.003 0.004 0.003 
 88 TMA-ZAIN-G-    (0)   :  0.031 0.010 0.183 0.041 0.108 0.020 0.025 0.083 0.117 0.332 0.010 0.010 0.009 0.019 
 89 TMA-ZAIN-G-    (0)   :  0.041 0.010 0.054 0.024 0.032 0.011 0.039 0.414 0.036 0.251 0.031 0.011 0.004 0.041 
 90 TMA-ZAIN-G-    (0)   :  0.005 0.007 0.004 0.013 0.020 0.038 0.004 0.040 0.020 0.831 0.005 0.005 0.006 0.004 
 91 TMA-ZAIN-G-    (0)   :  0.014 0.007 0.091 0.012 0.012 0.006 0.008 0.041 0.008 0.753 0.006 0.009 0.019 0.014 
 92 TMA-ZAIN-G-    (0)   :  0.012 0.033 0.008 0.006 0.011 0.014 0.011 0.323 0.005 0.489 0.036 0.009 0.030 0.012 
 93 TMA-ZAIN-G-    (0)   :  0.009 0.025 0.054 0.008 0.007 0.008 0.007 0.540 0.004 0.184 0.014 0.007 0.110 0.023 
 94 TMA-ZAIN-G-    (0)   :  0.005 0.010 0.146 0.004 0.005 0.018 0.005 0.062 0.003 0.710 0.008 0.004 0.013 0.006 
 95 TMA-ZAIN-G-    (0)   :  0.006 0.020 0.004 0.007 0.004 0.016 0.009 0.004 0.005 0.005 0.005 0.012 0.886 0.015 
 96 TMA-ZAIN-G-    (0)   :  0.006 0.073 0.006 0.004 0.006 0.005 0.004 0.005 0.015 0.010 0.007 0.052 0.785 0.023 
 97 TMA-ZAIN-G-    (0)   :  0.008 0.024 0.713 0.006 0.005 0.168 0.027 0.015 0.004 0.007 0.006 0.005 0.006 0.006 
 98 TMA-ZAIN-G-    (0)   :  0.007 0.004 0.711 0.004 0.005 0.203 0.030 0.012 0.003 0.005 0.004 0.004 0.003 0.004 
 99 TMA-ZAIN-G-    (0)   :  0.185 0.006 0.624 0.009 0.055 0.031 0.013 0.004 0.016 0.004 0.009 0.031 0.007 0.006 
100 TMA-ZAIN-G-    (0)   :  0.005 0.027 0.877 0.005 0.004 0.010 0.005 0.016 0.003 0.023 0.011 0.003 0.007 0.006 
101 TMA-ZAIN-G-    (0)   :  0.061 0.022 0.787 0.005 0.011 0.064 0.006 0.009 0.007 0.003 0.005 0.006 0.008 0.006 
102 TMA-ZAIN-G-    (0)   :  0.013 0.033 0.009 0.008 0.009 0.740 0.013 0.006 0.012 0.043 0.073 0.016 0.014 0.012 
103 TMA-ZAIN-G-    (0)   :  0.009 0.021 0.009 0.005 0.009 0.865 0.007 0.004 0.009 0.026 0.012 0.007 0.011 0.005 
104 TMA-ZAIN-G-    (0)   :  0.003 0.005 0.006 0.002 0.003 0.954 0.003 0.004 0.003 0.003 0.005 0.003 0.004 0.003 
105 TMA-ZAIN-G-    (0)   :  0.011 0.009 0.008 0.005 0.009 0.868 0.007 0.004 0.010 0.037 0.006 0.008 0.011 0.005 
106 TMA-ZAIN-G-    (0)   :  0.247 0.004 0.004 0.060 0.035 0.004 0.105 0.006 0.078 0.007 0.003 0.314 0.007 0.127 
107 TMA-ZAIN-G-    (0)   :  0.336 0.005 0.004 0.014 0.078 0.006 0.109 0.007 0.383 0.007 0.003 0.026 0.006 0.015 
108 TMA-ZAIN-G-    (9)   :  0.102 0.047 0.237 0.007 0.385 0.024 0.038 0.009 0.017 0.036 0.027 0.036 0.008 0.027 
109 TMA-ZAIN-G-    (0)   :  0.037 0.008 0.277 0.120 0.068 0.033 0.008 0.049 0.160 0.012 0.005 0.164 0.031 0.029 
110 TMA-ZAIN-G-    (0)   :  0.283 0.099 0.051 0.007 0.136 0.040 0.021 0.015 0.100 0.019 0.114 0.071 0.025 0.017 
111 TMA-ZAIN-G-    (9)   :  0.015 0.076 0.190 0.012 0.135 0.194 0.048 0.023 0.154 0.006 0.114 0.010 0.021 0.004 
112 TMA-ZAIN-G-    (0)   :  0.109 0.064 0.096 0.024 0.086 0.228 0.016 0.019 0.090 0.013 0.028 0.153 0.028 0.045 
113 TMA-ZAIN-G-    (0)   :  0.011 0.004 0.884 0.007 0.010 0.012 0.015 0.019 0.010 0.006 0.008 0.004 0.003 0.005 
114 TMA-ZAIN-G-    (0)   :  0.003 0.004 0.949 0.002 0.003 0.006 0.003 0.004 0.003 0.006 0.008 0.002 0.004 0.002 
115 TMA-ZAIN-G-    (0)   :  0.003 0.004 0.948 0.003 0.004 0.007 0.003 0.004 0.005 0.003 0.005 0.003 0.004 0.003 
116 TMA-ZAIN-G-    (0)   :  0.009 0.004 0.005 0.011 0.425 0.009 0.013 0.012 0.478 0.007 0.003 0.010 0.008 0.006 
117 TMA-ZAIN-G-    (0)   :  0.086 0.008 0.005 0.203 0.274 0.008 0.098 0.035 0.039 0.036 0.003 0.106 0.039 0.058 
118 TMA-ZAIN-G-    (0)   :  0.016 0.007 0.005 0.027 0.361 0.008 0.011 0.010 0.484 0.007 0.003 0.018 0.016 0.026 
119 TMA-ZAIN-G-    (0)   :  0.011 0.018 0.017 0.021 0.372 0.021 0.045 0.010 0.434 0.004 0.017 0.008 0.017 0.006 
120 TMA-ZAIN-G-    (0)   :  0.022 0.010 0.006 0.021 0.421 0.015 0.022 0.013 0.331 0.013 0.004 0.024 0.029 0.069 
121 TMA-ZAIN-G-    (0)   :  0.048 0.005 0.005 0.095 0.572 0.011 0.023 0.011 0.125 0.009 0.003 0.046 0.031 0.015 
122 TMA-ZAIN-G-    (0)   :  0.189 0.005 0.004 0.018 0.542 0.005 0.024 0.008 0.041 0.055 0.005 0.052 0.041 0.010 
123 TMA-ZAIN-G-    (0)   :  0.006 0.014 0.892 0.004 0.006 0.019 0.006 0.006 0.005 0.011 0.007 0.005 0.007 0.011 
124 TMA-ZAIN-G-    (0)   :  0.014 0.004 0.004 0.004 0.010 0.006 0.005 0.004 0.009 0.009 0.003 0.913 0.007 0.008 
125 TMA-ZAIN-G-    (0)   :  0.008 0.004 0.002 0.031 0.007 0.003 0.007 0.077 0.007 0.008 0.002 0.822 0.005 0.018 
126 TMA-ZAIN-G-    (0)   :  0.015 0.004 0.004 0.004 0.007 0.005 0.005 0.009 0.018 0.007 0.003 0.886 0.004 0.029 
127 TMA-ZAIN-G-    (0)   :  0.028 0.003 0.003 0.006 0.006 0.003 0.004 0.004 0.011 0.005 0.003 0.912 0.004 0.010 
128 TMA-ZAIN-G-    (0)   :  0.024 0.004 0.004 0.019 0.018 0.005 0.006 0.006 0.010 0.006 0.003 0.876 0.012 0.008 
129 TMA-ZAIN-G-    (0)   :  0.023 0.004 0.006 0.007 0.010 0.007 0.005 0.006 0.008 0.007 0.003 0.897 0.006 0.012 
130 TMA-ZAIN-G-    (0)   :  0.011 0.005 0.006 0.009 0.010 0.008 0.006 0.036 0.028 0.007 0.003 0.801 0.008 0.063 
131 TMA-ZAIN-G-    (0)   :  0.010 0.005 0.004 0.004 0.007 0.005 0.004 0.004 0.008 0.008 0.003 0.921 0.008 0.009 
132 TMA-ZAIN-G-    (0)   :  0.031 0.003 0.004 0.042 0.024 0.005 0.010 0.030 0.014 0.007 0.003 0.802 0.012 0.013 
133 TMA-ZAIN-G-    (0)   :  0.141 0.017 0.003 0.089 0.015 0.003 0.091 0.026 0.053 0.047 0.011 0.342 0.016 0.147 
134 TMA-ZAIN-G-    (0)   :  0.117 0.007 0.004 0.062 0.009 0.003 0.064 0.025 0.120 0.033 0.008 0.215 0.005 0.327 
135 TMA-ZAIN-G-    (0)   :  0.327 0.004 0.004 0.023 0.032 0.003 0.035 0.011 0.454 0.027 0.005 0.053 0.004 0.017 
136 TMA-ZAIN-G-    (0)   :  0.131 0.004 0.007 0.522 0.150 0.004 0.032 0.017 0.063 0.006 0.005 0.046 0.008 0.007 
137 TMA-ZAIN-G-    (0)   :  0.043 0.006 0.005 0.004 0.009 0.004 0.017 0.005 0.864 0.018 0.008 0.010 0.003 0.005 
138 TMA-ZAIN-G-    (0)   :  0.241 0.003 0.004 0.013 0.069 0.004 0.010 0.021 0.289 0.004 0.003 0.302 0.004 0.034 
139 TMA-ZAIN-G-    (0)   :  0.174 0.004 0.005 0.012 0.054 0.003 0.027 0.079 0.493 0.010 0.004 0.110 0.003 0.022 
140 TMA-ZAIN-G-    (0)   :  0.451 0.004 0.003 0.009 0.296 0.003 0.016 0.004 0.162 0.005 0.004 0.027 0.009 0.006 
141 TMA-ZAIN-G-    (0)   :  0.651 0.005 0.005 0.006 0.188 0.006 0.034 0.005 0.042 0.010 0.003 0.021 0.006 0.017 
142 TMA-ZAIN-G-    (9)   :  0.459 0.003 0.003 0.012 0.303 0.004 0.018 0.004 0.158 0.006 0.003 0.014 0.006 0.006 
143 TMA-ZAIN-G-    (0)   :  0.376 0.004 0.004 0.012 0.328 0.005 0.014 0.005 0.143 0.007 0.003 0.079 0.010 0.010 
144 TMA-ZAIN-G-    (0)   :  0.217 0.011 0.003 0.007 0.205 0.004 0.009 0.031 0.297 0.012 0.007 0.152 0.031 0.012 
145 TMA-ZAIN-G-    (0)   :  0.068 0.003 0.003 0.292 0.074 0.003 0.042 0.016 0.454 0.006 0.002 0.024 0.007 0.006 
146 TMA-ZAIN-G-    (0)   :  0.820 0.003 0.003 0.005 0.113 0.003 0.023 0.003 0.009 0.004 0.003 0.005 0.003 0.004 
147 TMA-ZAIN-G-    (9)   :  0.916 0.003 0.003 0.009 0.024 0.003 0.010 0.004 0.008 0.004 0.003 0.006 0.004 0.005 
148 TMA-ZAIN-G-    (0)   :  0.883 0.003 0.003 0.004 0.023 0.003 0.010 0.012 0.007 0.004 0.003 0.015 0.003 0.026 
149 TMA-ZAIN-G-    (0)   :  0.782 0.008 0.014 0.006 0.032 0.022 0.009 0.033 0.011 0.023 0.011 0.021 0.013 0.015 
150 TMA-ZAIN-G-    (0)   :  0.535 0.007 0.010 0.108 0.128 0.046 0.016 0.053 0.038 0.012 0.008 0.014 0.013 0.012 
151 TMA-ZAIN-G-    (0)   :  0.007 0.003 0.004 0.008 0.067 0.003 0.006 0.004 0.820 0.003 0.002 0.048 0.005 0.021 
152 TMA-ZAIN-G-    (0)   :  0.008 0.003 0.005 0.006 0.126 0.004 0.004 0.004 0.804 0.003 0.002 0.010 0.005 0.015 
153 TMA-ZAIN-G-    (0)   :  0.055 0.003 0.003 0.013 0.069 0.004 0.014 0.012 0.711 0.003 0.002 0.074 0.004 0.032 
154 TMA-ZAIN-G-    (0)   :  0.007 0.003 0.003 0.004 0.036 0.004 0.005 0.004 0.914 0.004 0.002 0.007 0.003 0.005 
155 TMA-ZAIN-G-    (0)   :  0.023 0.004 0.004 0.006 0.011 0.004 0.007 0.003 0.911 0.005 0.003 0.009 0.004 0.006 
156 TMA-ZAIN-G-    (9)   :  0.018 0.004 0.006 0.003 0.046 0.006 0.004 0.011 0.767 0.003 0.003 0.058 0.004 0.068 
157 TMA-ZAIN-G-    (0)   :  0.105 0.004 0.003 0.006 0.037 0.005 0.008 0.005 0.628 0.005 0.003 0.054 0.004 0.132 
158 TMA-ZAIN-G-    (0)   :  0.038 0.006 0.003 0.006 0.361 0.003 0.023 0.005 0.530 0.003 0.003 0.009 0.006 0.004 
159 TMA-ZAIN-G-    (0)   :  0.142 0.004 0.004 0.017 0.110 0.005 0.167 0.005 0.523 0.004 0.002 0.008 0.004 0.005 
160 TMA-ZAIN-G-    (0)   :  0.028 0.003 0.004 0.022 0.111 0.006 0.121 0.008 0.676 0.005 0.002 0.006 0.004 0.005 
161 TMA-ZAIN-G-    (0)   :  0.266 0.006 0.003 0.008 0.069 0.004 0.015 0.025 0.457 0.008 0.003 0.106 0.007 0.023 
162 TMA-ZAIN-G-    (0)   :  0.006 0.006 0.014 0.005 0.010 0.018 0.006 0.009 0.887 0.010 0.010 0.007 0.008 0.003 
163 TMA-ZAIN-G-    (0)   :  0.009 0.003 0.003 0.004 0.023 0.003 0.005 0.003 0.932 0.003 0.002 0.006 0.003 0.003 
164 TMA-ZAIN-G-    (0)   :  0.022 0.004 0.004 0.008 0.311 0.006 0.008 0.008 0.590 0.014 0.005 0.008 0.007 0.004 
165 TMA-ZAIN-G-    (0)   :  0.029 0.003 0.003 0.006 0.224 0.005 0.010 0.004 0.695 0.003 0.002 0.008 0.004 0.003 
166 TMA-ZAIN-G-    (0)   :  0.153 0.003 0.003 0.011 0.183 0.003 0.028 0.010 0.560 0.006 0.002 0.028 0.004 0.006 
167 TMA-ZAIN-G-    (0)   :  0.598 0.006 0.004 0.004 0.244 0.005 0.076 0.004 0.018 0.007 0.004 0.014 0.007 0.007 
168 TMA-ZAIN-G-    (0)   :  0.420 0.005 0.005 0.011 0.442 0.004 0.066 0.005 0.006 0.006 0.003 0.006 0.004 0.016 
169 TMA-ZAIN-G-    (0)   :  0.379 0.003 0.003 0.060 0.439 0.003 0.074 0.005 0.015 0.005 0.002 0.005 0.003 0.005 
170 TMA-ZAIN-G-    (0)   :  0.424 0.035 0.025 0.015 0.291 0.010 0.027 0.004 0.041 0.006 0.014 0.050 0.008 0.049 
171 TMA-ZAIN-G-    (0)   :  0.415 0.003 0.003 0.016 0.430 0.003 0.096 0.004 0.011 0.004 0.003 0.005 0.003 0.004 
172 TMA-ZAIN-G-    (0)   :  0.516 0.006 0.003 0.005 0.198 0.003 0.011 0.003 0.017 0.005 0.004 0.202 0.005 0.020 
173 TMA-ZAIN-G-    (0)   :  0.371 0.008 0.003 0.006 0.149 0.004 0.014 0.005 0.015 0.006 0.004 0.380 0.009 0.026 
174 TMA-ZAIN-G-    (0)   :  0.311 0.003 0.003 0.057 0.143 0.003 0.024 0.008 0.082 0.005 0.002 0.345 0.006 0.006 
175 TMA-ZAIN-G-    (0)   :  0.436 0.003 0.003 0.007 0.294 0.004 0.217 0.004 0.011 0.005 0.003 0.005 0.003 0.005 
176 TMA-ZAIN-G-    (0)   :  0.567 0.003 0.003 0.006 0.324 0.003 0.056 0.003 0.013 0.005 0.003 0.005 0.003 0.005 
177 TMA-ZAIN-G-    (0)   :  0.569 0.004 0.003 0.004 0.364 0.003 0.013 0.003 0.011 0.004 0.003 0.006 0.003 0.011 
178 TMA-ZAIN-G-    (0)   :  0.483 0.006 0.005 0.003 0.350 0.004 0.012 0.004 0.022 0.004 0.004 0.049 0.008 0.045 
179 TMA-ZAIN-G-    (0)   :  0.603 0.003 0.003 0.006 0.313 0.003 0.011 0.004 0.015 0.005 0.003 0.014 0.004 0.014 
180 TMA-ZAIN-G-    (0)   :  0.065 0.005 0.004 0.059 0.041 0.005 0.005 0.012 0.016 0.030 0.007 0.717 0.015 0.019 
181 TMA-ZAIN-G-    (0)   :  0.016 0.004 0.005 0.006 0.017 0.004 0.014 0.004 0.087 0.003 0.002 0.638 0.003 0.197 
182 TMA-ZAIN-G-    (0)   :  0.053 0.005 0.006 0.003 0.020 0.006 0.005 0.005 0.036 0.006 0.003 0.705 0.004 0.142 
183 TMA-ZAIN-G-    (0)   :  0.033 0.004 0.005 0.005 0.045 0.004 0.010 0.003 0.028 0.004 0.003 0.615 0.004 0.236 
184 TMA-ZAIN-G-    (0)   :  0.057 0.009 0.024 0.009 0.026 0.023 0.012 0.017 0.047 0.018 0.013 0.693 0.013 0.038 
185 TMA-ZAIN-G-    (0)   :  0.011 0.010 0.010 0.005 0.010 0.014 0.007 0.018 0.011 0.012 0.017 0.827 0.043 0.004 
186 TMA-ZAIN-G-    (9)   :  0.018 0.006 0.003 0.005 0.015 0.004 0.011 0.005 0.013 0.005 0.005 0.894 0.012 0.005 
187 TMA-ZAIN-G-    (0)   :  0.026 0.005 0.004 0.019 0.012 0.004 0.064 0.003 0.057 0.004 0.003 0.769 0.005 0.024 
188 TMA-ZAIN-G-    (0)   :  0.013 0.004 0.003 0.019 0.013 0.003 0.090 0.004 0.022 0.003 0.002 0.809 0.005 0.012 
189 TMA-ZAIN-G-    (0)   :  0.009 0.003 0.002 0.009 0.006 0.002 0.005 0.002 0.008 0.004 0.003 0.935 0.003 0.009 
190 TMA-ZAIN-G-    (0)   :  0.119 0.007 0.003 0.026 0.151 0.003 0.049 0.005 0.008 0.004 0.003 0.507 0.008 0.107 
191 TMA-ZAIN-G-    (0)   :  0.025 0.009 0.011 0.005 0.011 0.012 0.011 0.009 0.009 0.014 0.018 0.852 0.010 0.005 
192 TMA-ZAIN-G-    (0)   :  0.019 0.010 0.005 0.005 0.006 0.003 0.020 0.005 0.013 0.022 0.014 0.852 0.003 0.026 
193 TMA-ZAIN-G-    (0)   :  0.004 0.003 0.002 0.004 0.003 0.003 0.003 0.004 0.003 0.004 0.002 0.005 0.003 0.957 
194 TMA-ZAIN-G-    (0)   :  0.010 0.011 0.002 0.010 0.008 0.002 0.007 0.013 0.004 0.004 0.007 0.074 0.020 0.826 
195 TMA-ZAIN-G-    (0)   :  0.039 0.011 0.003 0.031 0.026 0.003 0.028 0.006 0.005 0.004 0.003 0.047 0.005 0.791 
196 TMA-ZAIN-G-    (0)   :  0.006 0.004 0.003 0.012 0.006 0.003 0.005 0.005 0.006 0.004 0.003 0.014 0.006 0.924 
197 TMA-ZAIN-G-    (0)   :  0.010 0.004 0.003 0.011 0.008 0.003 0.008 0.005 0.007 0.007 0.003 0.010 0.004 0.917 
198 TMA-ZAIN-G-    (0)   :  0.011 0.003 0.003 0.007 0.009 0.003 0.008 0.004 0.009 0.004 0.003 0.012 0.003 0.920 
199 TMA-ZAIN-G-    (0)   :  0.012 0.005 0.003 0.004 0.009 0.004 0.007 0.006 0.010 0.004 0.004 0.915 0.010 0.006 
200 TMA-ZAIN-G-    (0)   :  0.004 0.125 0.016 0.004 0.004 0.013 0.003 0.004 0.002 0.006 0.750 0.005 0.015 0.049 
201 TMA-ZAIN-G-    (0)   :  0.004 0.032 0.005 0.007 0.004 0.013 0.004 0.004 0.003 0.006 0.902 0.003 0.011 0.003 
202 TMA-ZAIN-G-    (0)   :  0.007 0.044 0.025 0.003 0.006 0.010 0.003 0.002 0.005 0.004 0.831 0.010 0.008 0.040 
203 TMA-ZAIN-G-    (0)   :  0.029 0.004 0.023 0.004 0.023 0.013 0.010 0.005 0.030 0.005 0.003 0.055 0.005 0.791 
204 TMA-ZAIN-G-    (9)   :  0.019 0.049 0.007 0.009 0.008 0.004 0.018 0.028 0.004 0.075 0.757 0.007 0.006 0.007 
205 TMA-ZAIN-G-    (0)   :  0.025 0.078 0.006 0.007 0.023 0.006 0.012 0.014 0.086 0.020 0.703 0.009 0.005 0.007 
206 TMA-ZAIN-G-    (9)   :  0.017 0.068 0.017 0.009 0.020 0.010 0.008 0.013 0.006 0.159 0.585 0.018 0.012 0.057 
207 TMA-ZAIN-G-    (9)   :  0.078 0.026 0.009 0.065 0.362 0.008 0.017 0.059 0.200 0.062 0.008 0.023 0.075 0.008 
208 TMA-ZAIN-G-    (0)   :  0.338 0.004 0.003 0.039 0.499 0.003 0.016 0.005 0.059 0.003 0.003 0.018 0.008 0.004 
209 TMA-ZAIN-G-    (0)   :  0.258 0.004 0.003 0.018 0.077 0.003 0.057 0.066 0.074 0.010 0.003 0.182 0.004 0.243 
210 TMA-ZAIN-G-    (0)   :  0.220 0.005 0.004 0.096 0.032 0.005 0.064 0.016 0.077 0.014 0.003 0.099 0.010 0.356 
211 TMA-ZAIN-G-    (0)   :  0.332 0.023 0.011 0.025 0.041 0.008 0.058 0.013 0.044 0.010 0.018 0.299 0.021 0.096 
212 TMA-ZAIN-G-    (0)   :  0.490 0.004 0.004 0.013 0.212 0.003 0.006 0.006 0.038 0.014 0.004 0.178 0.010 0.021 
213 TMA-ZAIN-G-    (0)   :  0.532 0.005 0.003 0.007 0.031 0.003 0.023 0.007 0.176 0.004 0.004 0.175 0.005 0.024 
214 TMA-ZAIN-G-    (0)   :  0.277 0.004 0.003 0.055 0.042 0.004 0.051 0.008 0.163 0.005 0.003 0.357 0.004 0.024 
215 TMA-ZAIN-G-    (0)   :  0.261 0.287 0.003 0.005 0.222 0.003 0.052 0.002 0.037 0.003 0.007 0.108 0.005 0.005 
216 TMA-ZAIN-G-    (0)   :  0.131 0.005 0.003 0.005 0.027 0.003 0.011 0.008 0.025 0.005 0.004 0.757 0.005 0.011 
217 TMA-ZAIN-G-    (0)   :  0.434 0.004 0.003 0.132 0.048 0.003 0.081 0.008 0.052 0.006 0.003 0.148 0.003 0.075 
218 TMA-ZAIN-G-    (0)   :  0.006 0.915 0.005 0.009 0.009 0.008 0.004 0.006 0.006 0.004 0.003 0.008 0.013 0.004 
219 TMA-ZAIN-G-    (0)   :  0.004 0.928 0.005 0.003 0.005 0.005 0.004 0.008 0.005 0.012 0.006 0.005 0.006 0.003 
220 TMA-ZAIN-G-    (0)   :  0.008 0.626 0.010 0.014 0.080 0.118 0.010 0.005 0.015 0.012 0.004 0.008 0.085 0.006 
221 TMA-ZAIN-G-    (0)   :  0.011 0.895 0.004 0.005 0.010 0.003 0.007 0.004 0.008 0.010 0.012 0.016 0.010 0.006 
222 TMA-ZAIN-G-    (0)   :  0.007 0.848 0.006 0.012 0.015 0.041 0.007 0.008 0.013 0.019 0.006 0.008 0.006 0.005 
223 TMA-ZAIN-G-    (0)   :  0.005 0.916 0.006 0.005 0.005 0.005 0.004 0.005 0.004 0.014 0.007 0.005 0.015 0.003 
224 TMA-ZAIN-G-    (0)   :  0.008 0.782 0.007 0.005 0.006 0.018 0.005 0.007 0.006 0.108 0.009 0.019 0.012 0.007 
225 TMA-ZAIN-G-    (0)   :  0.004 0.926 0.007 0.002 0.004 0.010 0.003 0.004 0.004 0.005 0.006 0.005 0.009 0.011 
226 TMA-ZAIN-G-    (0)   :  0.010 0.880 0.015 0.005 0.008 0.007 0.008 0.005 0.007 0.011 0.007 0.007 0.011 0.019 
227 TMA-ZAIN-G-    (0)   :  0.010 0.891 0.010 0.004 0.010 0.007 0.007 0.003 0.008 0.006 0.012 0.007 0.006 0.018 
228 TMA-ZAIN-G-    (0)   :  0.021 0.825 0.020 0.009 0.018 0.006 0.026 0.005 0.012 0.018 0.010 0.008 0.016 0.007 
229 TMA-ZAIN-G-    (0)   :  0.004 0.894 0.015 0.008 0.005 0.015 0.003 0.006 0.003 0.007 0.026 0.003 0.009 0.003 
230 TMA-ZAIN-G-    (0)   :  0.066 0.446 0.023 0.014 0.020 0.027 0.026 0.011 0.005 0.303 0.006 0.029 0.010 0.013 
231 TMA-ZAIN-G-    (0)   :  0.020 0.159 0.010 0.009 0.022 0.304 0.030 0.010 0.019 0.075 0.313 0.010 0.013 0.008 
232 TMA-ZAIN-G-    (9)   :  0.012 0.208 0.050 0.036 0.015 0.143 0.007 0.011 0.011 0.020 0.450 0.026 0.004 0.008 
233 TMA-ZAIN-G-    (0)   :  0.018 0.792 0.005 0.049 0.010 0.006 0.027 0.010 0.012 0.019 0.014 0.013 0.018 0.007 
234 TMA-ZAIN-G-    (0)   :  0.005 0.620 0.025 0.007 0.010 0.225 0.005 0.029 0.007 0.005 0.036 0.005 0.008 0.012 
235 TMA-ZAIN-G-    (0)   :  0.007 0.537 0.212 0.005 0.013 0.009 0.065 0.008 0.014 0.035 0.016 0.029 0.029 0.021 
236 TMA-ZAIN-G-    (0)   :  0.015 0.805 0.028 0.007 0.014 0.006 0.012 0.003 0.012 0.042 0.016 0.011 0.008 0.023 
237 TMA-ZAIN-G-    (0)   :  0.102 0.380 0.080 0.011 0.036 0.050 0.150 0.005 0.019 0.116 0.010 0.019 0.013 0.008 
238 TMA-ZAIN-G-    (0)   :  0.027 0.781 0.045 0.005 0.019 0.015 0.027 0.003 0.030 0.006 0.016 0.015 0.006 0.006 
239 TMA-ZAIN-G-    (0)   :  0.008 0.009 0.006 0.017 0.014 0.003 0.004 0.028 0.003 0.023 0.735 0.036 0.003 0.112 
240 TMA-ZAIN-G-    (0)   :  0.005 0.007 0.003 0.003 0.003 0.004 0.005 0.006 0.002 0.009 0.943 0.003 0.003 0.005 
241 TMA-ZAIN-G-    (0)   :  0.010 0.005 0.005 0.004 0.007 0.003 0.011 0.005 0.006 0.005 0.928 0.004 0.002 0.004 
242 TMA-ZAIN-G-    (0)   :  0.006 0.004 0.004 0.005 0.007 0.003 0.006 0.004 0.006 0.003 0.942 0.004 0.003 0.002 
243 TMA-ZAIN-G-    (0)   :  0.014 0.005 0.004 0.008 0.010 0.002 0.013 0.005 0.008 0.005 0.915 0.005 0.003 0.004 
244 TMA-ZAIN-G-    (0)   :  0.012 0.005 0.005 0.008 0.013 0.003 0.013 0.003 0.015 0.003 0.909 0.005 0.003 0.003 
245 TMA-ZAIN-G-    (9)   :  0.004 0.005 0.004 0.002 0.003 0.004 0.003 0.003 0.003 0.003 0.958 0.003 0.003 0.003 
246 TMA-ZAIN-G-    (0)   :  0.003 0.005 0.002 0.003 0.003 0.002 0.003 0.003 0.003 0.004 0.959 0.003 0.004 0.002 
247 TMA-ZAIN-G-    (0)   :  0.005 0.004 0.002 0.005 0.005 0.002 0.003 0.004 0.004 0.004 0.950 0.004 0.005 0.002 
248 TMA-ZAIN-G-    (0)   :  0.007 0.008 0.006 0.005 0.008 0.003 0.006 0.004 0.005 0.004 0.923 0.006 0.004 0.010 
249 TMA-ZAIN-G-    (0)   :  0.004 0.007 0.004 0.003 0.004 0.002 0.003 0.003 0.003 0.004 0.946 0.005 0.005 0.008 
250 TMA-ZAIN-G-    (0)   :  0.003 0.006 0.003 0.005 0.004 0.002 0.003 0.003 0.003 0.004 0.949 0.005 0.004 0.004 
251 TMA-ZAIN-G-    (0)   :  0.003 0.004 0.005 0.004 0.004 0.006 0.003 0.939 0.004 0.009 0.003 0.005 0.006 0.005 
252 TMA-ZAIN-G-    (0)   :  0.020 0.006 0.003 0.018 0.041 0.004 0.026 0.856 0.008 0.004 0.003 0.005 0.003 0.004 
253 TMA-ZAIN-G-    (0)   :  0.004 0.003 0.003 0.005 0.007 0.008 0.003 0.936 0.010 0.004 0.004 0.004 0.003 0.004 
254 TMA-ZAIN-G-    (9)   :  0.009 0.004 0.005 0.009 0.022 0.010 0.007 0.882 0.023 0.006 0.003 0.008 0.006 0.005 
255 TMA-ZAIN-G-    (0)   :  0.005 0.004 0.006 0.006 0.007 0.014 0.004 0.915 0.006 0.004 0.017 0.004 0.003 0.004 
256 TMA-ZAIN-G-    (0)   :  0.010 0.006 0.005 0.005 0.010 0.010 0.007 0.869 0.008 0.024 0.010 0.007 0.004 0.024 
257 TMA-ZAIN-G-    (0)   :  0.004 0.004 0.004 0.003 0.003 0.004 0.004 0.932 0.003 0.013 0.005 0.004 0.003 0.014 
258 TMA-ZAIN-G-    (0)   :  0.003 0.003 0.003 0.004 0.003 0.004 0.003 0.954 0.004 0.006 0.003 0.003 0.003 0.005 
259 TMA-ZAIN-G-    (0)   :  0.004 0.005 0.004 0.005 0.004 0.004 0.003 0.928 0.003 0.020 0.006 0.004 0.005 0.005 
260 TMA-ZAIN-G-    (0)   :  0.005 0.004 0.003 0.010 0.004 0.005 0.004 0.927 0.003 0.015 0.005 0.004 0.006 0.006 
261 TMA-ZAIN-G-   (18)   :  0.006 0.005 0.005 0.010 0.007 0.005 0.005 0.899 0.005 0.020 0.004 0.007 0.014 0.008 
262 TMA-ZAIN-G-    (0)   :  0.003 0.004 0.004 0.003 0.003 0.005 0.003 0.949 0.003 0.008 0.003 0.004 0.003 0.006 
263 TMA-ZAIN-G-    (0)   :  0.003 0.004 0.004 0.003 0.004 0.008 0.003 0.944 0.004 0.008 0.004 0.003 0.004 0.004 
264 TMA-ZAIN-G-    (0)   :  0.004 0.004 0.005 0.004 0.005 0.013 0.003 0.935 0.004 0.007 0.003 0.004 0.004 0.005 
265 TMA-ZAIN-G-    (0)   :  0.065 0.240 0.005 0.023 0.026 0.024 0.010 0.135 0.024 0.385 0.011 0.022 0.019 0.011 
266 TMA-ZAIN-G-    (0)   :  0.037 0.012 0.008 0.018 0.037 0.009 0.010 0.610 0.024 0.020 0.009 0.087 0.070 0.049 
267 TMA-ZAIN-G-    (0)   :  0.029 0.020 0.020 0.018 0.025 0.050 0.019 0.130 0.007 0.230 0.328 0.010 0.105 0.008 
268 TMA-ZAIN-G-    (0)   :  0.005 0.006 0.041 0.004 0.005 0.110 0.005 0.005 0.004 0.009 0.792 0.003 0.009 0.003 
269 TMA-ZAIN-G-    (0)   :  0.008 0.025 0.192 0.005 0.007 0.150 0.008 0.005 0.005 0.099 0.464 0.006 0.023 0.004 
270 TMA-ZAIN-G-    (0)   :  0.006 0.021 0.083 0.004 0.006 0.066 0.005 0.006 0.005 0.175 0.599 0.004 0.016 0.004 
271 TMA-ZAIN-G-    (0)   :  0.007 0.007 0.027 0.003 0.007 0.035 0.004 0.005 0.005 0.026 0.857 0.004 0.010 0.003 
272 TMA-ZAIN-G-    (0)   :  0.005 0.059 0.033 0.003 0.006 0.029 0.006 0.004 0.005 0.034 0.779 0.005 0.030 0.003 
273 TMA-ZAIN-G-    (0)   :  0.003 0.033 0.017 0.002 0.003 0.017 0.003 0.003 0.003 0.009 0.894 0.003 0.007 0.003 
274 TMA-ZAIN-G-    (0)   :  0.009 0.018 0.010 0.008 0.006 0.125 0.015 0.008 0.008 0.009 0.702 0.023 0.015 0.045 
275 TMA-ZAIN-G-    (0)   :  0.004 0.008 0.005 0.002 0.003 0.008 0.003 0.002 0.004 0.003 0.943 0.004 0.006 0.003 
276 TMA-ZAIN-G-    (0)   :  0.004 0.005 0.012 0.004 0.004 0.005 0.004 0.003 0.004 0.006 0.941 0.003 0.003 0.002 
277 TMA-ZAIN-G-    (0)   :  0.005 0.006 0.010 0.004 0.005 0.009 0.006 0.007 0.004 0.004 0.927 0.003 0.005 0.005 
278 TMA-ZAIN-G-    (0)   :  0.003 0.007 0.005 0.003 0.003 0.006 0.003 0.004 0.003 0.010 0.941 0.003 0.005 0.004 
279 TMA-ZAIN-G-    (0)   :  0.005 0.016 0.006 0.003 0.005 0.028 0.004 0.004 0.004 0.004 0.896 0.006 0.014 0.006 
280 TMA-ZAIN-G-    (0)   :  0.007 0.099 0.039 0.003 0.005 0.164 0.004 0.003 0.006 0.007 0.632 0.009 0.015 0.008 
281 TMA-ZAIN-G-    (0)   :  0.005 0.016 0.043 0.003 0.005 0.041 0.004 0.004 0.004 0.009 0.845 0.005 0.008 0.007 
282 TMA-ZAIN-G-    (9)   :  0.004 0.006 0.013 0.003 0.004 0.017 0.003 0.005 0.003 0.006 0.923 0.003 0.007 0.003 
283 TMA-ZAIN-G-    (0)   :  0.006 0.039 0.028 0.005 0.012 0.150 0.008 0.083 0.012 0.027 0.562 0.009 0.056 0.004 
284 TMA-ZAIN-G-    (0)   :  0.008 0.055 0.024 0.003 0.012 0.299 0.006 0.074 0.013 0.048 0.393 0.011 0.048 0.005 
285 TMA-ZAIN-G-    (0)   :  0.006 0.016 0.013 0.017 0.006 0.061 0.037 0.026 0.014 0.007 0.749 0.018 0.017 0.012 
286 TMA-ZAIN-G-    (0)   :  0.004 0.009 0.021 0.002 0.005 0.077 0.003 0.009 0.003 0.011 0.837 0.003 0.012 0.003 
287 TMA-ZAIN-G-    (0)   :  0.005 0.007 0.011 0.009 0.004 0.096 0.014 0.006 0.005 0.006 0.800 0.010 0.012 0.013 
288 TMA-ZAIN-G-    (0)   :  0.010 0.031 0.008 0.007 0.007 0.425 0.013 0.008 0.008 0.006 0.341 0.021 0.092 0.023 
289 TMA-ZAIN-G-    (0)   :  0.009 0.009 0.011 0.012 0.006 0.111 0.022 0.009 0.007 0.010 0.732 0.015 0.022 0.023 
290 TMA-ZAIN-G-    (0)   :  0.006 0.012 0.013 0.003 0.005 0.657 0.003 0.004 0.004 0.005 0.248 0.006 0.028 0.005 
291 TMA-ZAIN-G-    (0)   :  0.004 0.872 0.011 0.004 0.005 0.018 0.004 0.009 0.005 0.009 0.011 0.006 0.037 0.005 
292 TMA-ZAIN-G-    (0)   :  0.591 0.025 0.013 0.006 0.119 0.011 0.072 0.004 0.072 0.009 0.016 0.036 0.009 0.017 
293 TMA-ZAIN-G-    (0)   :  0.528 0.013 0.005 0.028 0.187 0.004 0.014 0.019 0.032 0.056 0.010 0.069 0.015 0.020 
294 TMA-ZAIN-G-    (0)   :  0.604 0.003 0.003 0.008 0.326 0.003 0.015 0.004 0.009 0.008 0.003 0.006 0.004 0.004 
295 TMA-ZAIN-G-    (9)   :  0.547 0.006 0.003 0.011 0.341 0.004 0.034 0.005 0.010 0.010 0.006 0.008 0.010 0.004 
296 TMA-ZAIN-G-    (0)   :  0.731 0.008 0.007 0.005 0.116 0.011 0.010 0.007 0.013 0.027 0.005 0.022 0.010 0.028 
297 TMA-ZAIN-G-    (0)   :  0.205 0.009 0.005 0.026 0.231 0.006 0.044 0.022 0.256 0.020 0.007 0.059 0.015 0.096 
298 TMA-ZAIN-G-    (0)   :  0.261 0.009 0.009 0.009 0.139 0.006 0.348 0.013 0.021 0.154 0.010 0.008 0.009 0.005 
299 TMA-ZAIN-G-    (0)   :  0.028 0.007 0.003 0.005 0.016 0.005 0.869 0.003 0.034 0.004 0.004 0.010 0.005 0.007 
300 TMA-ZAIN-G-    (0)   :  0.363 0.007 0.002 0.052 0.161 0.003 0.315 0.006 0.011 0.010 0.007 0.035 0.018 0.010 
301 TMA-ZAIN-G-    (0)   :  0.164 0.008 0.006 0.028 0.048 0.004 0.629 0.004 0.015 0.014 0.007 0.037 0.007 0.028 
302 TMA-ZAIN-G-    (9)   :  0.647 0.004 0.003 0.006 0.220 0.004 0.029 0.004 0.038 0.010 0.003 0.017 0.004 0.010 
303 TMA-ZAIN-G-    (0)   :  0.006 0.823 0.014 0.002 0.006 0.010 0.003 0.022 0.004 0.008 0.005 0.023 0.015 0.060 
304 TMA-ZAIN-G-    (0)   :  0.072 0.006 0.015 0.102 0.123 0.011 0.009 0.488 0.038 0.012 0.008 0.067 0.015 0.034 
305 TMA-ZAIN-G-    (0)   :  0.800 0.004 0.003 0.013 0.101 0.003 0.006 0.006 0.017 0.013 0.004 0.015 0.007 0.008 
306 TMA-ZAIN-G-    (0)   :  0.366 0.008 0.064 0.014 0.063 0.058 0.010 0.319 0.021 0.007 0.020 0.026 0.010 0.014 
307 TMA-ZAIN-G-    (0)   :  0.089 0.005 0.010 0.224 0.147 0.008 0.007 0.348 0.041 0.011 0.011 0.074 0.012 0.013 
308 TMA-ZAIN-G-    (0)   :  0.006 0.080 0.009 0.010 0.005 0.064 0.004 0.695 0.004 0.014 0.014 0.008 0.073 0.014 
309 TMA-ZAIN-G-    (0)   :  0.061 0.004 0.003 0.008 0.014 0.004 0.023 0.003 0.019 0.005 0.003 0.821 0.005 0.028 
310 TMA-ZAIN-G-    (0)   :  0.387 0.013 0.006 0.013 0.117 0.004 0.223 0.010 0.113 0.050 0.022 0.023 0.014 0.004 
311 TMA-ZAIN-G-    (0)   :  0.189 0.018 0.024 0.007 0.248 0.026 0.046 0.025 0.240 0.094 0.006 0.035 0.024 0.018 
312 TMA-ZAIN-G-    (0)   :  0.091 0.012 0.005 0.010 0.162 0.005 0.035 0.009 0.019 0.006 0.005 0.575 0.045 0.022 
313 TMA-ZAIN-G-    (0)   :  0.137 0.005 0.012 0.031 0.078 0.010 0.119 0.454 0.039 0.024 0.005 0.050 0.010 0.027 
314 TMA-ZAIN-G-    (0)   :  0.019 0.026 0.164 0.007 0.009 0.191 0.007 0.012 0.007 0.016 0.241 0.019 0.271 0.011 
315 TMA-ZAIN-G-    (0)   :  0.224 0.013 0.006 0.025 0.118 0.012 0.112 0.012 0.028 0.024 0.370 0.023 0.024 0.007 
