

----------------------------------------------------
STRUCTURE by Pritchard, Stephens and Donnelly (2000)
     and Falush, Stephens and Pritchard (2003)
       Code by Pritchard, Falush and Hubisz
             Version 2.3.4 (Jul 2012)
----------------------------------------------------



Command line arguments:   bin\structure -m C:\Users\eschumacher\Documents\GitHub\GCC_QUAC_ZAIN\Data_Files\Structure_Files\ZAIN\ZAIN_rebinned_garden_wild_nopopinfo\50-50\mainparams -e C:\Users\eschumacher\Documents\GitHub\GCC_QUAC_ZAIN\Data_Files\Structure_Files\ZAIN\ZAIN_rebinned_garden_wild_nopopinfo\50-50\extraparams 
Input File:    C:\Users\eschumacher\Documents\GitHub\GCC_QUAC_ZAIN\Data_Files\Structure_Files\ZAIN\ZAIN_rebinned_garden_wild_nopopinfo\project_data

Run parameters:
   1133 individuals
   11 loci
   11 populations assumed
   50000 Burn-in period
   50000 Reps


--------------------------------------------
Overall proportion of membership of the
sample in each of the 11 clusters

Inferred Clusters
  1      2      3      4      5      6      7      8      9     10     11    
0.067  0.114  0.103  0.114  0.082  0.139  0.143  0.057  0.055  0.038  0.087  

--------------------------------------------

Allele-freq. divergence among pops (Net nucleotide distance),
computed using point estimates of P.

      1       2       3       4       5       6       7       8       9      10      11      
 1      -    0.2467  0.2183  0.1306  0.1907  0.1757  0.2727  0.2689  0.4459  0.2249  0.3534  
 2   0.2467     -    0.0430  0.0563  0.2312  0.1725  0.2307  0.1256  0.4129  0.2185  0.3316  
 3   0.2183  0.0430     -    0.0697  0.2204  0.1584  0.2390  0.1106  0.3691  0.1773  0.2962  
 4   0.1306  0.0563  0.0697     -    0.1842  0.1193  0.2329  0.1261  0.3783  0.1730  0.2960  
 5   0.1907  0.2312  0.2204  0.1842     -    0.1449  0.1743  0.2127  0.3698  0.1890  0.2720  
 6   0.1757  0.1725  0.1584  0.1193  0.1449     -    0.0981  0.2202  0.2458  0.1342  0.1311  
 7   0.2727  0.2307  0.2390  0.2329  0.1743  0.0981     -    0.3429  0.3134  0.2195  0.1249  
 8   0.2689  0.1256  0.1106  0.1261  0.2127  0.2202  0.3429     -    0.4653  0.2649  0.3713  
 9   0.4459  0.4129  0.3691  0.3783  0.3698  0.2458  0.3134  0.4653     -    0.3262  0.2061  
10   0.2249  0.2185  0.1773  0.1730  0.1890  0.1342  0.2195  0.2649  0.3262     -    0.2314  
11   0.3534  0.3316  0.2962  0.2960  0.2720  0.1311  0.1249  0.3713  0.2061  0.2314     -    

Average distances (expected heterozygosity) between individuals in same cluster:
cluster  1  : 0.2630 
cluster  2  : 0.3748 
cluster  3  : 0.4022 
cluster  4  : 0.4355 
cluster  5  : 0.3873 
cluster  6  : 0.5489 
cluster  7  : 0.4760 
cluster  8  : 0.3563 
cluster  9  : 0.2453 
cluster 10  : 0.2734 
cluster 11  : 0.3783 

--------------------------------------------
Estimated Ln Prob of Data   = -20672.3
Mean value of ln likelihood = -19991.3
Variance of ln likelihood   = 1362.0
Mean value of alpha         = 0.0342

Mean value of Fst_1         = 0.5537
Mean value of Fst_2         = 0.3604
Mean value of Fst_3         = 0.3019
Mean value of Fst_4         = 0.3323
Mean value of Fst_5         = 0.4304
Mean value of Fst_6         = 0.1473
Mean value of Fst_7         = 0.3593
Mean value of Fst_8         = 0.4381
Mean value of Fst_9         = 0.6427
Mean value of Fst_10         = 0.5742
Mean value of Fst_11         = 0.5624


Inferred ancestry of individuals:
        Label (%Miss) :  Inferred clusters
  1 TMA-ZAIN-G-    (9)   :  0.087 0.016 0.009 0.032 0.015 0.042 0.762 0.010 0.004 0.012 0.012 
  2 TMA-ZAIN-G-    (0)   :  0.008 0.020 0.178 0.011 0.017 0.012 0.721 0.005 0.003 0.016 0.009 
  3 TMA-ZAIN-G-    (0)   :  0.028 0.538 0.040 0.269 0.010 0.007 0.007 0.086 0.003 0.009 0.003 
  4 TMA-ZAIN-G-    (0)   :  0.015 0.183 0.035 0.016 0.021 0.005 0.010 0.066 0.004 0.640 0.005 
  5 TMA-ZAIN-G-    (0)   :  0.002 0.003 0.002 0.003 0.006 0.004 0.962 0.002 0.004 0.005 0.007 
  6 TMA-ZAIN-G-    (0)   :  0.024 0.174 0.066 0.216 0.034 0.112 0.068 0.155 0.043 0.078 0.030 
  7 TMA-ZAIN-G-    (0)   :  0.044 0.222 0.296 0.244 0.013 0.013 0.015 0.008 0.005 0.132 0.006 
  8 TMA-ZAIN-G-    (0)   :  0.006 0.034 0.024 0.869 0.023 0.005 0.007 0.021 0.002 0.006 0.003 
  9 TMA-ZAIN-G-    (9)   :  0.008 0.239 0.267 0.409 0.005 0.009 0.010 0.035 0.004 0.009 0.006 
 10 TMA-ZAIN-G-    (0)   :  0.013 0.183 0.267 0.457 0.009 0.010 0.003 0.037 0.004 0.012 0.004 
 11 TMA-ZAIN-G-    (0)   :  0.009 0.201 0.556 0.178 0.005 0.007 0.005 0.006 0.005 0.022 0.005 
 12 TMA-ZAIN-G-    (0)   :  0.013 0.934 0.008 0.017 0.004 0.005 0.004 0.005 0.003 0.004 0.002 
 13 TMA-ZAIN-G-    (9)   :  0.122 0.063 0.329 0.258 0.025 0.020 0.035 0.022 0.019 0.014 0.092 
 14 TMA-ZAIN-G-    (9)   :  0.881 0.012 0.020 0.031 0.008 0.009 0.003 0.006 0.017 0.005 0.007 
 15 TMA-ZAIN-G-    (0)   :  0.907 0.007 0.007 0.044 0.007 0.007 0.003 0.009 0.003 0.004 0.002 
 16 TMA-ZAIN-G-    (0)   :  0.006 0.877 0.068 0.019 0.003 0.006 0.003 0.004 0.005 0.006 0.004 
 17 TMA-ZAIN-G-    (9)   :  0.019 0.013 0.008 0.812 0.016 0.022 0.010 0.005 0.003 0.073 0.017 
 18 TMA-ZAIN-G-    (0)   :  0.015 0.015 0.006 0.012 0.049 0.117 0.755 0.007 0.004 0.013 0.007 
 19 TMA-ZAIN-G-    (0)   :  0.013 0.017 0.012 0.031 0.004 0.857 0.012 0.005 0.006 0.033 0.010 
 20 TMA-ZAIN-G-    (0)   :  0.004 0.003 0.004 0.003 0.027 0.795 0.038 0.004 0.038 0.008 0.077 
 21 TMA-ZAIN-G-    (0)   :  0.002 0.003 0.002 0.003 0.003 0.003 0.003 0.003 0.971 0.003 0.005 
 22 TMA-ZAIN-G-    (0)   :  0.003 0.002 0.003 0.003 0.005 0.006 0.010 0.002 0.004 0.005 0.958 
 23 TMA-ZAIN-G-    (0)   :  0.005 0.004 0.004 0.005 0.003 0.010 0.007 0.003 0.004 0.006 0.949 
 24 TMA-ZAIN-G-    (9)   :  0.024 0.009 0.128 0.014 0.007 0.004 0.006 0.137 0.008 0.003 0.659 
 25 TMA-ZAIN-G-    (9)   :  0.007 0.016 0.096 0.012 0.004 0.721 0.111 0.005 0.010 0.004 0.014 
 26 TMA-ZAIN-G-    (9)   :  0.026 0.043 0.262 0.136 0.409 0.009 0.006 0.009 0.080 0.011 0.008 
 27 TMA-ZAIN-G-    (0)   :  0.060 0.007 0.006 0.014 0.016 0.770 0.071 0.010 0.015 0.023 0.010 
 28 TMA-ZAIN-G-    (0)   :  0.011 0.008 0.006 0.010 0.007 0.925 0.010 0.007 0.003 0.006 0.006 
 29 TMA-ZAIN-G-    (0)   :  0.006 0.004 0.005 0.005 0.016 0.242 0.003 0.707 0.005 0.004 0.004 
 30 TMA-ZAIN-G-    (0)   :  0.085 0.062 0.153 0.237 0.007 0.373 0.004 0.061 0.004 0.009 0.005 
 31 TMA-ZAIN-G-    (0)   :  0.005 0.004 0.008 0.004 0.057 0.011 0.864 0.006 0.009 0.020 0.011 
 32 TMA-ZAIN-G-    (9)   :  0.027 0.129 0.024 0.030 0.005 0.020 0.699 0.004 0.007 0.006 0.049 
 33 TMA-ZAIN-G-   (18)   :  0.008 0.397 0.090 0.465 0.004 0.005 0.006 0.015 0.003 0.004 0.003 
 34 TMA-ZAIN-G-    (0)   :  0.007 0.572 0.135 0.025 0.007 0.012 0.196 0.007 0.013 0.006 0.020 
 35 TMA-ZAIN-G-    (9)   :  0.069 0.450 0.160 0.183 0.014 0.014 0.020 0.068 0.003 0.015 0.004 
 36 TMA-ZAIN-G-    (0)   :  0.163 0.038 0.459 0.292 0.016 0.006 0.004 0.010 0.003 0.007 0.003 
 37 TMA-ZAIN-G-    (9)   :  0.008 0.344 0.307 0.230 0.010 0.014 0.008 0.016 0.009 0.049 0.005 
 38 TMA-ZAIN-G-   (18)   :  0.056 0.056 0.032 0.031 0.005 0.022 0.750 0.007 0.006 0.015 0.020 
 39 TMA-ZAIN-G-    (0)   :  0.004 0.074 0.824 0.049 0.009 0.005 0.003 0.014 0.007 0.008 0.003 
 40 TMA-ZAIN-G-    (0)   :  0.005 0.159 0.255 0.534 0.005 0.004 0.003 0.007 0.010 0.015 0.003 
 41 TMA-ZAIN-G-    (0)   :  0.056 0.029 0.235 0.651 0.005 0.005 0.003 0.007 0.003 0.003 0.003 
 42 TMA-ZAIN-G-    (9)   :  0.115 0.008 0.014 0.832 0.009 0.004 0.003 0.006 0.002 0.004 0.002 
 43 TMA-ZAIN-G-    (0)   :  0.957 0.004 0.004 0.008 0.005 0.003 0.003 0.008 0.002 0.004 0.003 
 44 TMA-ZAIN-G-    (0)   :  0.004 0.039 0.097 0.016 0.003 0.008 0.005 0.015 0.799 0.008 0.007 
 45 TMA-ZAIN-G-    (0)   :  0.020 0.585 0.102 0.230 0.009 0.009 0.005 0.006 0.012 0.016 0.005 
 46 TMA-ZAIN-G-    (0)   :  0.003 0.002 0.003 0.003 0.004 0.003 0.004 0.002 0.963 0.005 0.007 
 47 TMA-ZAIN-G-    (0)   :  0.004 0.004 0.004 0.004 0.950 0.004 0.004 0.004 0.005 0.014 0.003 
 48 TMA-ZAIN-G-    (0)   :  0.053 0.041 0.056 0.373 0.220 0.016 0.007 0.018 0.012 0.178 0.026 
 49 TMA-ZAIN-G-    (9)   :  0.005 0.030 0.007 0.007 0.007 0.850 0.021 0.041 0.004 0.021 0.009 
 50 TMA-ZAIN-G-    (0)   :  0.008 0.007 0.017 0.032 0.003 0.906 0.006 0.003 0.008 0.005 0.005 
 51 TMA-ZAIN-G-    (0)   :  0.089 0.006 0.010 0.018 0.021 0.805 0.007 0.005 0.014 0.019 0.006 
 52 TMA-ZAIN-G-    (0)   :  0.025 0.017 0.009 0.009 0.047 0.676 0.006 0.003 0.012 0.188 0.008 
 53 TMA-ZAIN-G-    (0)   :  0.056 0.007 0.021 0.016 0.095 0.483 0.210 0.006 0.005 0.087 0.014 
 54 TMA-ZAIN-G-    (0)   :  0.010 0.006 0.005 0.009 0.939 0.008 0.005 0.004 0.003 0.004 0.005 
 55 TMA-ZAIN-G-    (0)   :  0.020 0.008 0.005 0.026 0.892 0.022 0.004 0.003 0.005 0.004 0.010 
 56 TMA-ZAIN-G-    (0)   :  0.036 0.029 0.033 0.298 0.064 0.058 0.006 0.024 0.005 0.436 0.011 
 57 TMA-ZAIN-G-    (0)   :  0.005 0.019 0.009 0.005 0.903 0.023 0.008 0.008 0.003 0.013 0.004 
 58 TMA-ZAIN-G-    (0)   :  0.010 0.012 0.005 0.017 0.034 0.709 0.038 0.007 0.005 0.012 0.151 
 59 TMA-ZAIN-G-    (0)   :  0.013 0.051 0.075 0.058 0.024 0.027 0.609 0.029 0.022 0.069 0.023 
 60 TMA-ZAIN-G-    (0)   :  0.131 0.008 0.012 0.021 0.019 0.292 0.442 0.008 0.010 0.050 0.008 
 61 TMA-ZAIN-G-    (0)   :  0.003 0.004 0.003 0.003 0.011 0.007 0.895 0.003 0.015 0.029 0.026 
 62 TMA-ZAIN-G-    (9)   :  0.007 0.053 0.027 0.035 0.013 0.037 0.766 0.009 0.039 0.003 0.011 
 63 TMA-ZAIN-G-    (0)   :  0.007 0.006 0.003 0.006 0.013 0.011 0.924 0.003 0.005 0.012 0.010 
 64 TMA-ZAIN-G-    (0)   :  0.005 0.005 0.008 0.005 0.003 0.003 0.002 0.961 0.002 0.004 0.002 
 65 TMA-ZAIN-G-    (9)   :  0.006 0.018 0.007 0.008 0.006 0.003 0.003 0.938 0.002 0.005 0.003 
 66 TMA-ZAIN-G-    (0)   :  0.005 0.015 0.021 0.009 0.004 0.003 0.002 0.929 0.003 0.005 0.003 
 67 TMA-ZAIN-G-    (0)   :  0.003 0.031 0.086 0.012 0.005 0.011 0.004 0.816 0.017 0.004 0.010 
 68 TMA-ZAIN-G-    (0)   :  0.007 0.005 0.005 0.007 0.005 0.003 0.002 0.958 0.002 0.004 0.002 
 69 TMA-ZAIN-G-    (0)   :  0.018 0.060 0.037 0.007 0.009 0.019 0.021 0.755 0.028 0.024 0.023 
 70 TMA-ZAIN-G-    (0)   :  0.005 0.013 0.941 0.007 0.003 0.004 0.003 0.012 0.004 0.004 0.004 
 71 TMA-ZAIN-G-    (0)   :  0.003 0.010 0.956 0.006 0.003 0.003 0.003 0.005 0.003 0.004 0.003 
 72 TMA-ZAIN-G-    (0)   :  0.010 0.014 0.914 0.014 0.008 0.006 0.004 0.018 0.003 0.005 0.004 
 73 TMA-ZAIN-G-    (0)   :  0.004 0.013 0.856 0.007 0.020 0.023 0.018 0.007 0.024 0.004 0.024 
 74 TMA-ZAIN-G-    (0)   :  0.004 0.015 0.927 0.007 0.006 0.009 0.007 0.007 0.008 0.003 0.007 
 75 TMA-ZAIN-G-    (0)   :  0.006 0.017 0.931 0.007 0.011 0.007 0.005 0.005 0.003 0.005 0.004 
 76 TMA-ZAIN-G-    (0)   :  0.003 0.012 0.909 0.005 0.004 0.009 0.005 0.006 0.031 0.003 0.014 
 77 TMA-ZAIN-G-    (0)   :  0.007 0.006 0.934 0.010 0.005 0.006 0.003 0.005 0.008 0.011 0.004 
 78 TMA-ZAIN-G-    (0)   :  0.006 0.013 0.898 0.008 0.009 0.014 0.006 0.005 0.020 0.011 0.011 
 79 TMA-ZAIN-G-    (0)   :  0.007 0.007 0.893 0.007 0.005 0.007 0.004 0.004 0.020 0.040 0.006 
 80 TMA-ZAIN-G-    (0)   :  0.004 0.124 0.781 0.026 0.013 0.005 0.003 0.025 0.008 0.007 0.003 
 81 TMA-ZAIN-G-    (0)   :  0.007 0.013 0.913 0.010 0.005 0.007 0.003 0.005 0.009 0.023 0.004 
 82 TMA-ZAIN-G-    (0)   :  0.007 0.230 0.475 0.013 0.018 0.006 0.007 0.228 0.003 0.010 0.003 
 83 TMA-ZAIN-G-    (9)   :  0.005 0.766 0.030 0.016 0.019 0.020 0.042 0.042 0.024 0.005 0.031 
 84 TMA-ZAIN-G-    (0)   :  0.005 0.014 0.898 0.009 0.004 0.008 0.004 0.005 0.034 0.012 0.007 
 85 TMA-ZAIN-G-    (0)   :  0.004 0.003 0.004 0.003 0.004 0.004 0.004 0.003 0.002 0.965 0.005 
 86 TMA-ZAIN-G-    (0)   :  0.003 0.008 0.007 0.007 0.005 0.004 0.004 0.005 0.006 0.947 0.004 
 87 TMA-ZAIN-G-    (0)   :  0.003 0.004 0.003 0.003 0.003 0.004 0.005 0.003 0.003 0.963 0.007 
 88 TMA-ZAIN-G-    (0)   :  0.014 0.146 0.047 0.015 0.059 0.007 0.159 0.046 0.008 0.491 0.008 
 89 TMA-ZAIN-G-    (0)   :  0.042 0.038 0.046 0.018 0.430 0.006 0.030 0.031 0.021 0.317 0.019 
 90 TMA-ZAIN-G-    (0)   :  0.004 0.027 0.006 0.004 0.040 0.006 0.018 0.014 0.004 0.872 0.004 
 91 TMA-ZAIN-G-    (0)   :  0.011 0.009 0.009 0.008 0.039 0.009 0.036 0.010 0.005 0.858 0.005 
 92 TMA-ZAIN-G-    (0)   :  0.014 0.006 0.010 0.010 0.264 0.040 0.008 0.007 0.033 0.583 0.026 
 93 TMA-ZAIN-G-    (0)   :  0.023 0.005 0.008 0.008 0.466 0.060 0.035 0.008 0.012 0.357 0.018 
 94 TMA-ZAIN-G-    (0)   :  0.006 0.004 0.005 0.004 0.047 0.013 0.084 0.004 0.006 0.816 0.011 
 95 TMA-ZAIN-G-    (0)   :  0.025 0.009 0.017 0.024 0.004 0.873 0.008 0.016 0.004 0.005 0.014 
 96 TMA-ZAIN-G-    (0)   :  0.023 0.014 0.005 0.063 0.005 0.862 0.004 0.005 0.004 0.009 0.006 
 97 TMA-ZAIN-G-    (0)   :  0.008 0.004 0.012 0.005 0.012 0.012 0.920 0.006 0.006 0.009 0.006 
 98 TMA-ZAIN-G-    (0)   :  0.005 0.004 0.011 0.004 0.010 0.004 0.942 0.005 0.004 0.007 0.004 
 99 TMA-ZAIN-G-    (0)   :  0.007 0.113 0.035 0.042 0.003 0.007 0.736 0.020 0.026 0.005 0.006 
100 TMA-ZAIN-G-    (0)   :  0.007 0.004 0.006 0.003 0.019 0.012 0.873 0.005 0.032 0.032 0.007 
101 TMA-ZAIN-G-    (0)   :  0.006 0.009 0.015 0.005 0.012 0.009 0.923 0.006 0.007 0.004 0.004 
102 TMA-ZAIN-G-    (0)   :  0.028 0.069 0.024 0.026 0.012 0.037 0.211 0.015 0.008 0.022 0.547 
103 TMA-ZAIN-G-    (0)   :  0.008 0.025 0.011 0.012 0.006 0.030 0.812 0.007 0.004 0.027 0.058 
104 TMA-ZAIN-G-    (0)   :  0.004 0.004 0.003 0.004 0.005 0.006 0.957 0.002 0.004 0.003 0.009 
105 TMA-ZAIN-G-    (0)   :  0.009 0.029 0.010 0.013 0.007 0.021 0.838 0.005 0.003 0.037 0.026 
106 TMA-ZAIN-G-    (0)   :  0.109 0.085 0.199 0.535 0.005 0.004 0.004 0.046 0.003 0.007 0.003 
107 TMA-ZAIN-G-    (0)   :  0.010 0.360 0.576 0.019 0.006 0.005 0.004 0.010 0.003 0.005 0.003 
108 TMA-ZAIN-G-    (9)   :  0.060 0.117 0.143 0.174 0.015 0.039 0.315 0.010 0.021 0.065 0.040 
109 TMA-ZAIN-G-    (0)   :  0.020 0.164 0.013 0.209 0.046 0.030 0.324 0.171 0.004 0.014 0.005 
110 TMA-ZAIN-G-    (0)   :  0.023 0.258 0.114 0.228 0.016 0.079 0.057 0.008 0.121 0.025 0.071 
111 TMA-ZAIN-G-    (9)   :  0.004 0.197 0.051 0.019 0.024 0.051 0.478 0.014 0.025 0.007 0.129 
112 TMA-ZAIN-G-    (0)   :  0.036 0.137 0.044 0.286 0.025 0.103 0.250 0.019 0.012 0.015 0.073 
113 TMA-ZAIN-G-    (0)   :  0.006 0.014 0.018 0.006 0.022 0.005 0.898 0.010 0.005 0.006 0.009 
114 TMA-ZAIN-G-    (0)   :  0.002 0.004 0.003 0.003 0.004 0.005 0.950 0.003 0.010 0.006 0.011 
115 TMA-ZAIN-G-    (0)   :  0.003 0.004 0.003 0.003 0.004 0.004 0.961 0.003 0.004 0.003 0.007 
116 TMA-ZAIN-G-    (0)   :  0.005 0.929 0.012 0.008 0.012 0.005 0.006 0.011 0.002 0.006 0.003 
117 TMA-ZAIN-G-    (0)   :  0.074 0.167 0.138 0.209 0.055 0.016 0.010 0.276 0.003 0.048 0.004 
118 TMA-ZAIN-G-    (0)   :  0.016 0.906 0.012 0.013 0.010 0.007 0.005 0.019 0.003 0.006 0.003 
119 TMA-ZAIN-G-    (0)   :  0.006 0.801 0.052 0.010 0.013 0.021 0.024 0.034 0.018 0.005 0.017 
120 TMA-ZAIN-G-    (0)   :  0.051 0.819 0.022 0.028 0.014 0.013 0.009 0.020 0.003 0.016 0.005 
121 TMA-ZAIN-G-    (0)   :  0.023 0.658 0.040 0.071 0.023 0.012 0.013 0.140 0.003 0.013 0.004 
122 TMA-ZAIN-G-    (0)   :  0.013 0.398 0.211 0.166 0.015 0.015 0.006 0.039 0.008 0.122 0.005 
123 TMA-ZAIN-G-    (0)   :  0.012 0.005 0.005 0.005 0.005 0.012 0.921 0.004 0.004 0.008 0.019 
124 TMA-ZAIN-G-    (0)   :  0.010 0.008 0.005 0.946 0.004 0.005 0.005 0.004 0.002 0.007 0.003 
125 TMA-ZAIN-G-    (0)   :  0.024 0.007 0.008 0.803 0.099 0.004 0.002 0.038 0.002 0.009 0.002 
126 TMA-ZAIN-G-    (0)   :  0.036 0.012 0.005 0.910 0.010 0.004 0.004 0.005 0.003 0.007 0.003 
127 TMA-ZAIN-G-    (0)   :  0.010 0.009 0.005 0.950 0.004 0.003 0.003 0.006 0.003 0.005 0.003 
128 TMA-ZAIN-G-    (0)   :  0.009 0.012 0.008 0.925 0.006 0.005 0.004 0.019 0.003 0.006 0.004 
129 TMA-ZAIN-G-    (0)   :  0.014 0.009 0.007 0.935 0.006 0.005 0.006 0.006 0.002 0.007 0.004 
130 TMA-ZAIN-G-    (0)   :  0.069 0.022 0.007 0.818 0.050 0.005 0.007 0.009 0.002 0.007 0.003 
131 TMA-ZAIN-G-    (0)   :  0.012 0.007 0.006 0.941 0.004 0.006 0.004 0.004 0.002 0.010 0.003 
132 TMA-ZAIN-G-    (0)   :  0.016 0.021 0.015 0.852 0.028 0.004 0.004 0.048 0.002 0.007 0.003 
133 TMA-ZAIN-G-    (0)   :  0.149 0.056 0.080 0.506 0.022 0.017 0.003 0.095 0.021 0.046 0.006 
134 TMA-ZAIN-G-    (0)   :  0.355 0.071 0.071 0.322 0.018 0.007 0.004 0.090 0.014 0.043 0.004 
135 TMA-ZAIN-G-    (0)   :  0.019 0.502 0.189 0.197 0.012 0.004 0.004 0.026 0.011 0.032 0.003 
136 TMA-ZAIN-G-    (0)   :  0.008 0.184 0.071 0.092 0.017 0.005 0.007 0.599 0.006 0.006 0.004 
137 TMA-ZAIN-G-    (0)   :  0.006 0.790 0.090 0.048 0.006 0.006 0.006 0.006 0.015 0.022 0.004 
138 TMA-ZAIN-G-    (0)   :  0.026 0.313 0.025 0.592 0.018 0.003 0.004 0.011 0.002 0.004 0.002 
139 TMA-ZAIN-G-    (0)   :  0.019 0.470 0.059 0.324 0.079 0.004 0.004 0.014 0.009 0.014 0.003 
140 TMA-ZAIN-G-    (0)   :  0.006 0.694 0.157 0.108 0.004 0.006 0.003 0.008 0.005 0.005 0.004 
141 TMA-ZAIN-G-    (0)   :  0.027 0.333 0.518 0.075 0.006 0.006 0.006 0.008 0.003 0.013 0.004 
142 TMA-ZAIN-G-    (9)   :  0.007 0.668 0.217 0.069 0.005 0.005 0.003 0.013 0.003 0.006 0.003 
143 TMA-ZAIN-G-    (0)   :  0.011 0.592 0.073 0.282 0.005 0.006 0.004 0.015 0.003 0.006 0.003 
144 TMA-ZAIN-G-    (0)   :  0.014 0.773 0.019 0.131 0.020 0.011 0.003 0.005 0.007 0.011 0.005 
145 TMA-ZAIN-G-    (0)   :  0.007 0.467 0.145 0.041 0.018 0.005 0.003 0.304 0.002 0.006 0.002 
146 TMA-ZAIN-G-    (0)   :  0.004 0.153 0.810 0.007 0.003 0.003 0.003 0.005 0.003 0.005 0.003 
147 TMA-ZAIN-G-    (9)   :  0.007 0.291 0.658 0.011 0.004 0.004 0.003 0.010 0.004 0.005 0.003 
148 TMA-ZAIN-G-    (0)   :  0.119 0.200 0.541 0.081 0.035 0.003 0.003 0.005 0.003 0.006 0.003 
149 TMA-ZAIN-G-    (0)   :  0.042 0.366 0.312 0.113 0.070 0.011 0.021 0.007 0.006 0.032 0.020 
150 TMA-ZAIN-G-    (0)   :  0.020 0.536 0.222 0.023 0.081 0.010 0.021 0.047 0.005 0.016 0.019 
151 TMA-ZAIN-G-    (0)   :  0.014 0.888 0.009 0.059 0.005 0.004 0.004 0.010 0.002 0.003 0.002 
152 TMA-ZAIN-G-    (0)   :  0.007 0.954 0.006 0.008 0.004 0.003 0.004 0.006 0.003 0.003 0.002 
153 TMA-ZAIN-G-    (0)   :  0.024 0.841 0.017 0.080 0.011 0.003 0.003 0.011 0.003 0.004 0.002 
154 TMA-ZAIN-G-    (0)   :  0.005 0.956 0.007 0.008 0.004 0.003 0.003 0.004 0.002 0.004 0.002 
155 TMA-ZAIN-G-    (0)   :  0.007 0.933 0.016 0.015 0.003 0.004 0.005 0.008 0.002 0.005 0.003 
156 TMA-ZAIN-G-    (9)   :  0.041 0.859 0.008 0.057 0.012 0.004 0.006 0.004 0.003 0.003 0.002 
157 TMA-ZAIN-G-    (0)   :  0.099 0.783 0.019 0.068 0.006 0.004 0.005 0.006 0.003 0.005 0.003 
158 TMA-ZAIN-G-    (0)   :  0.004 0.933 0.026 0.010 0.004 0.005 0.003 0.004 0.003 0.003 0.003 
159 TMA-ZAIN-G-    (0)   :  0.005 0.661 0.295 0.009 0.005 0.003 0.004 0.010 0.002 0.004 0.003 
160 TMA-ZAIN-G-    (0)   :  0.004 0.850 0.102 0.006 0.007 0.003 0.004 0.015 0.002 0.004 0.003 
161 TMA-ZAIN-G-    (0)   :  0.021 0.767 0.032 0.132 0.021 0.005 0.003 0.006 0.003 0.006 0.002 
162 TMA-ZAIN-G-    (0)   :  0.004 0.899 0.010 0.009 0.013 0.007 0.019 0.006 0.005 0.011 0.016 
163 TMA-ZAIN-G-    (0)   :  0.003 0.964 0.007 0.007 0.003 0.003 0.003 0.004 0.002 0.003 0.002 
164 TMA-ZAIN-G-    (0)   :  0.004 0.942 0.012 0.008 0.006 0.004 0.004 0.006 0.003 0.007 0.003 
165 TMA-ZAIN-G-    (0)   :  0.003 0.945 0.018 0.009 0.003 0.003 0.004 0.006 0.002 0.003 0.002 
166 TMA-ZAIN-G-    (0)   :  0.006 0.706 0.160 0.090 0.010 0.004 0.003 0.011 0.003 0.006 0.002 
167 TMA-ZAIN-G-    (0)   :  0.008 0.109 0.812 0.036 0.004 0.006 0.005 0.004 0.004 0.007 0.005 
168 TMA-ZAIN-G-    (0)   :  0.035 0.030 0.883 0.011 0.004 0.005 0.006 0.012 0.004 0.006 0.003 
169 TMA-ZAIN-G-    (0)   :  0.006 0.032 0.858 0.008 0.004 0.004 0.003 0.074 0.002 0.006 0.003 
170 TMA-ZAIN-G-    (0)   :  0.110 0.089 0.564 0.148 0.004 0.019 0.015 0.026 0.012 0.006 0.007 
171 TMA-ZAIN-G-    (0)   :  0.004 0.021 0.934 0.006 0.004 0.003 0.003 0.015 0.003 0.004 0.003 
172 TMA-ZAIN-G-    (0)   :  0.020 0.042 0.090 0.817 0.004 0.005 0.003 0.005 0.005 0.006 0.004 
173 TMA-ZAIN-G-    (0)   :  0.017 0.022 0.043 0.885 0.004 0.006 0.003 0.006 0.004 0.006 0.003 
174 TMA-ZAIN-G-    (0)   :  0.005 0.083 0.144 0.688 0.009 0.004 0.003 0.053 0.003 0.005 0.002 
175 TMA-ZAIN-G-    (0)   :  0.005 0.022 0.939 0.006 0.004 0.003 0.003 0.006 0.003 0.005 0.003 
176 TMA-ZAIN-G-    (0)   :  0.005 0.076 0.882 0.010 0.004 0.003 0.003 0.005 0.003 0.005 0.003 
177 TMA-ZAIN-G-    (0)   :  0.031 0.144 0.762 0.033 0.003 0.005 0.005 0.004 0.004 0.005 0.003 
178 TMA-ZAIN-G-    (0)   :  0.068 0.183 0.198 0.516 0.004 0.007 0.005 0.005 0.006 0.005 0.004 
179 TMA-ZAIN-G-    (0)   :  0.041 0.284 0.498 0.142 0.005 0.005 0.004 0.009 0.004 0.007 0.002 
180 TMA-ZAIN-G-    (0)   :  0.019 0.028 0.012 0.812 0.011 0.007 0.004 0.060 0.008 0.034 0.006 
181 TMA-ZAIN-G-    (0)   :  0.185 0.065 0.017 0.702 0.005 0.004 0.006 0.007 0.003 0.003 0.002 
182 TMA-ZAIN-G-    (0)   :  0.139 0.034 0.010 0.785 0.005 0.005 0.007 0.003 0.003 0.006 0.003 
183 TMA-ZAIN-G-    (0)   :  0.240 0.035 0.016 0.682 0.004 0.004 0.004 0.006 0.003 0.004 0.003 
184 TMA-ZAIN-G-    (0)   :  0.032 0.053 0.015 0.791 0.018 0.011 0.027 0.008 0.006 0.019 0.020 
185 TMA-ZAIN-G-    (0)   :  0.005 0.012 0.009 0.870 0.023 0.017 0.012 0.005 0.009 0.012 0.025 
186 TMA-ZAIN-G-    (9)   :  0.006 0.014 0.010 0.933 0.005 0.009 0.003 0.005 0.004 0.005 0.005 
187 TMA-ZAIN-G-    (0)   :  0.024 0.028 0.058 0.851 0.003 0.005 0.004 0.016 0.003 0.004 0.003 
188 TMA-ZAIN-G-    (0)   :  0.008 0.017 0.042 0.897 0.004 0.004 0.003 0.018 0.002 0.003 0.003 
189 TMA-ZAIN-G-    (0)   :  0.011 0.007 0.006 0.950 0.002 0.003 0.002 0.010 0.003 0.004 0.002 
190 TMA-ZAIN-G-    (0)   :  0.065 0.018 0.069 0.798 0.005 0.007 0.003 0.025 0.004 0.004 0.003 
191 TMA-ZAIN-G-    (0)   :  0.006 0.008 0.011 0.896 0.009 0.009 0.012 0.005 0.009 0.015 0.020 
192 TMA-ZAIN-G-    (0)   :  0.031 0.007 0.014 0.886 0.004 0.005 0.004 0.005 0.026 0.014 0.004 
193 TMA-ZAIN-G-    (0)   :  0.967 0.003 0.003 0.005 0.004 0.003 0.003 0.003 0.002 0.004 0.003 
194 TMA-ZAIN-G-    (0)   :  0.883 0.005 0.007 0.048 0.014 0.011 0.002 0.010 0.008 0.005 0.006 
195 TMA-ZAIN-G-    (0)   :  0.815 0.015 0.041 0.067 0.006 0.010 0.003 0.035 0.003 0.004 0.002 
196 TMA-ZAIN-G-    (0)   :  0.945 0.006 0.005 0.012 0.005 0.004 0.003 0.010 0.003 0.004 0.002 
197 TMA-ZAIN-G-    (0)   :  0.941 0.006 0.008 0.010 0.005 0.004 0.003 0.009 0.002 0.008 0.003 
198 TMA-ZAIN-G-    (0)   :  0.943 0.010 0.009 0.010 0.005 0.003 0.003 0.007 0.005 0.004 0.002 
199 TMA-ZAIN-G-    (0)   :  0.006 0.010 0.009 0.943 0.006 0.005 0.003 0.005 0.004 0.004 0.004 
200 TMA-ZAIN-G-    (0)   :  0.052 0.005 0.006 0.005 0.011 0.032 0.028 0.007 0.800 0.008 0.046 
201 TMA-ZAIN-G-    (0)   :  0.008 0.014 0.019 0.012 0.009 0.026 0.011 0.023 0.806 0.014 0.057 
202 TMA-ZAIN-G-    (0)   :  0.012 0.004 0.003 0.005 0.002 0.005 0.007 0.002 0.953 0.003 0.004 
203 TMA-ZAIN-G-    (0)   :  0.849 0.030 0.015 0.059 0.006 0.005 0.022 0.004 0.002 0.005 0.003 
204 TMA-ZAIN-G-    (9)   :  0.005 0.004 0.006 0.004 0.021 0.023 0.014 0.004 0.769 0.134 0.018 
205 TMA-ZAIN-G-    (0)   :  0.009 0.077 0.017 0.008 0.008 0.014 0.007 0.005 0.838 0.011 0.005 
206 TMA-ZAIN-G-    (9)   :  0.020 0.019 0.018 0.018 0.018 0.020 0.032 0.008 0.618 0.216 0.012 
207 TMA-ZAIN-G-    (9)   :  0.011 0.644 0.026 0.026 0.082 0.039 0.011 0.059 0.004 0.085 0.013 
208 TMA-ZAIN-G-    (0)   :  0.004 0.733 0.180 0.022 0.004 0.005 0.002 0.040 0.004 0.002 0.003 
209 TMA-ZAIN-G-    (0)   :  0.243 0.100 0.164 0.395 0.063 0.004 0.003 0.015 0.003 0.009 0.003 
210 TMA-ZAIN-G-    (0)   :  0.421 0.103 0.134 0.179 0.015 0.006 0.005 0.115 0.003 0.015 0.003 
211 TMA-ZAIN-G-    (0)   :  0.111 0.070 0.126 0.562 0.014 0.027 0.012 0.029 0.023 0.011 0.016 
212 TMA-ZAIN-G-    (0)   :  0.025 0.300 0.042 0.563 0.008 0.006 0.003 0.018 0.008 0.023 0.004 
213 TMA-ZAIN-G-    (0)   :  0.031 0.329 0.081 0.524 0.008 0.005 0.003 0.007 0.004 0.005 0.004 
214 TMA-ZAIN-G-    (0)   :  0.027 0.160 0.090 0.644 0.007 0.004 0.003 0.054 0.003 0.004 0.003 
215 TMA-ZAIN-G-    (0)   :  0.006 0.073 0.311 0.379 0.003 0.192 0.004 0.005 0.017 0.003 0.009 
216 TMA-ZAIN-G-    (0)   :  0.010 0.023 0.014 0.919 0.008 0.005 0.003 0.005 0.004 0.005 0.004 
217 TMA-ZAIN-G-    (0)   :  0.106 0.098 0.269 0.368 0.008 0.004 0.004 0.131 0.003 0.007 0.003 
218 TMA-ZAIN-G-    (0)   :  0.004 0.004 0.007 0.008 0.004 0.943 0.005 0.013 0.004 0.005 0.003 
219 TMA-ZAIN-G-    (0)   :  0.004 0.004 0.004 0.006 0.006 0.921 0.005 0.003 0.023 0.019 0.005 
220 TMA-ZAIN-G-    (0)   :  0.007 0.030 0.010 0.008 0.008 0.847 0.056 0.014 0.003 0.011 0.006 
221 TMA-ZAIN-G-    (0)   :  0.006 0.010 0.012 0.023 0.005 0.862 0.005 0.006 0.051 0.015 0.006 
222 TMA-ZAIN-G-    (0)   :  0.006 0.016 0.010 0.010 0.013 0.855 0.034 0.014 0.009 0.028 0.006 
223 TMA-ZAIN-G-    (0)   :  0.003 0.004 0.004 0.003 0.005 0.945 0.007 0.003 0.007 0.011 0.008 
224 TMA-ZAIN-G-    (0)   :  0.009 0.005 0.006 0.019 0.007 0.786 0.017 0.005 0.009 0.115 0.022 
225 TMA-ZAIN-G-    (0)   :  0.012 0.004 0.004 0.005 0.004 0.935 0.011 0.002 0.011 0.006 0.007 
226 TMA-ZAIN-G-    (0)   :  0.018 0.007 0.008 0.008 0.005 0.906 0.017 0.005 0.007 0.009 0.010 
227 TMA-ZAIN-G-    (0)   :  0.021 0.009 0.009 0.009 0.004 0.869 0.013 0.004 0.048 0.007 0.007 
228 TMA-ZAIN-G-    (0)   :  0.007 0.014 0.027 0.008 0.006 0.863 0.018 0.008 0.005 0.016 0.029 
229 TMA-ZAIN-G-    (0)   :  0.003 0.003 0.004 0.003 0.006 0.858 0.045 0.012 0.025 0.009 0.033 
230 TMA-ZAIN-G-    (0)   :  0.017 0.008 0.063 0.052 0.014 0.416 0.041 0.016 0.003 0.354 0.017 
231 TMA-ZAIN-G-    (0)   :  0.013 0.047 0.042 0.012 0.030 0.097 0.094 0.015 0.024 0.091 0.535 
232 TMA-ZAIN-G-    (9)   :  0.014 0.013 0.022 0.037 0.015 0.044 0.170 0.070 0.018 0.021 0.573 
233 TMA-ZAIN-G-    (0)   :  0.008 0.009 0.023 0.012 0.012 0.821 0.005 0.040 0.035 0.026 0.008 
234 TMA-ZAIN-G-    (0)   :  0.011 0.010 0.006 0.005 0.032 0.562 0.277 0.006 0.049 0.007 0.035 
235 TMA-ZAIN-G-    (0)   :  0.029 0.015 0.043 0.031 0.009 0.631 0.165 0.005 0.015 0.037 0.021 
236 TMA-ZAIN-G-    (0)   :  0.028 0.012 0.014 0.011 0.004 0.634 0.099 0.007 0.074 0.095 0.020 
237 TMA-ZAIN-G-    (0)   :  0.011 0.022 0.204 0.024 0.006 0.247 0.260 0.012 0.006 0.193 0.014 
238 TMA-ZAIN-G-    (0)   :  0.007 0.030 0.030 0.022 0.004 0.778 0.053 0.005 0.047 0.008 0.016 
239 TMA-ZAIN-G-    (0)   :  0.071 0.004 0.004 0.018 0.059 0.012 0.022 0.009 0.682 0.100 0.020 
240 TMA-ZAIN-G-    (0)   :  0.003 0.002 0.003 0.003 0.004 0.003 0.003 0.002 0.967 0.005 0.004 
241 TMA-ZAIN-G-    (0)   :  0.003 0.003 0.004 0.003 0.003 0.003 0.003 0.003 0.968 0.003 0.003 
242 TMA-ZAIN-G-    (0)   :  0.002 0.003 0.003 0.003 0.002 0.003 0.003 0.003 0.971 0.003 0.003 
243 TMA-ZAIN-G-    (0)   :  0.003 0.003 0.005 0.003 0.003 0.003 0.003 0.004 0.968 0.003 0.003 
244 TMA-ZAIN-G-    (0)   :  0.003 0.005 0.006 0.003 0.003 0.003 0.003 0.004 0.965 0.002 0.003 
245 TMA-ZAIN-G-    (9)   :  0.003 0.003 0.003 0.002 0.003 0.003 0.003 0.002 0.971 0.003 0.004 
246 TMA-ZAIN-G-    (0)   :  0.003 0.002 0.002 0.003 0.003 0.003 0.002 0.002 0.973 0.003 0.003 
247 TMA-ZAIN-G-    (0)   :  0.002 0.003 0.002 0.002 0.003 0.003 0.002 0.003 0.975 0.003 0.003 
248 TMA-ZAIN-G-    (0)   :  0.005 0.003 0.003 0.003 0.003 0.004 0.003 0.003 0.966 0.003 0.004 
249 TMA-ZAIN-G-    (0)   :  0.004 0.002 0.003 0.003 0.003 0.003 0.003 0.002 0.971 0.003 0.003 
250 TMA-ZAIN-G-    (0)   :  0.003 0.002 0.002 0.003 0.003 0.003 0.002 0.003 0.972 0.003 0.003 
251 TMA-ZAIN-G-    (0)   :  0.006 0.004 0.003 0.004 0.955 0.004 0.005 0.004 0.002 0.009 0.004 
252 TMA-ZAIN-G-    (0)   :  0.005 0.028 0.035 0.008 0.877 0.007 0.004 0.027 0.004 0.004 0.002 
253 TMA-ZAIN-G-    (0)   :  0.005 0.008 0.004 0.004 0.955 0.003 0.004 0.005 0.005 0.005 0.003 
254 TMA-ZAIN-G-    (9)   :  0.005 0.024 0.010 0.008 0.918 0.004 0.007 0.010 0.004 0.006 0.003 
255 TMA-ZAIN-G-    (0)   :  0.005 0.006 0.004 0.004 0.932 0.004 0.009 0.006 0.004 0.004 0.023 
256 TMA-ZAIN-G-    (0)   :  0.025 0.008 0.008 0.008 0.888 0.005 0.007 0.005 0.017 0.022 0.006 
257 TMA-ZAIN-G-    (0)   :  0.014 0.003 0.004 0.004 0.941 0.004 0.004 0.003 0.005 0.014 0.004 
258 TMA-ZAIN-G-    (0)   :  0.004 0.003 0.003 0.003 0.965 0.003 0.003 0.004 0.004 0.005 0.003 
259 TMA-ZAIN-G-    (0)   :  0.005 0.003 0.003 0.004 0.939 0.005 0.004 0.005 0.006 0.020 0.005 
260 TMA-ZAIN-G-    (0)   :  0.007 0.004 0.004 0.004 0.940 0.004 0.004 0.009 0.005 0.016 0.004 
261 TMA-ZAIN-G-   (18)   :  0.009 0.005 0.005 0.007 0.922 0.006 0.005 0.010 0.003 0.022 0.005 
262 TMA-ZAIN-G-    (0)   :  0.006 0.003 0.004 0.003 0.958 0.004 0.004 0.003 0.004 0.009 0.003 
263 TMA-ZAIN-G-    (0)   :  0.004 0.004 0.003 0.003 0.959 0.004 0.005 0.003 0.003 0.008 0.003 
264 TMA-ZAIN-G-    (0)   :  0.006 0.005 0.004 0.003 0.953 0.004 0.007 0.004 0.003 0.007 0.004 
265 TMA-ZAIN-G-    (0)   :  0.012 0.026 0.023 0.028 0.163 0.240 0.013 0.024 0.021 0.444 0.006 
266 TMA-ZAIN-G-    (0)   :  0.065 0.041 0.020 0.120 0.648 0.026 0.013 0.026 0.007 0.022 0.013 
267 TMA-ZAIN-G-    (0)   :  0.009 0.010 0.024 0.013 0.153 0.054 0.017 0.021 0.026 0.285 0.390 
268 TMA-ZAIN-G-    (0)   :  0.003 0.003 0.003 0.003 0.003 0.004 0.008 0.003 0.003 0.005 0.962 
269 TMA-ZAIN-G-    (0)   :  0.004 0.004 0.004 0.004 0.004 0.007 0.012 0.003 0.003 0.014 0.942 
270 TMA-ZAIN-G-    (0)   :  0.004 0.004 0.004 0.003 0.004 0.006 0.010 0.003 0.004 0.030 0.928 
271 TMA-ZAIN-G-    (0)   :  0.003 0.004 0.003 0.003 0.004 0.004 0.008 0.003 0.004 0.010 0.954 
272 TMA-ZAIN-G-    (0)   :  0.003 0.003 0.004 0.004 0.003 0.009 0.009 0.003 0.005 0.010 0.948 
273 TMA-ZAIN-G-    (0)   :  0.003 0.002 0.003 0.003 0.003 0.007 0.007 0.002 0.006 0.006 0.958 
274 TMA-ZAIN-G-    (0)   :  0.022 0.005 0.009 0.012 0.007 0.009 0.010 0.007 0.005 0.007 0.907 
275 TMA-ZAIN-G-    (0)   :  0.003 0.003 0.003 0.003 0.002 0.005 0.004 0.002 0.005 0.003 0.967 
276 TMA-ZAIN-G-    (0)   :  0.003 0.005 0.005 0.003 0.003 0.004 0.006 0.004 0.006 0.004 0.958 
277 TMA-ZAIN-G-    (0)   :  0.005 0.005 0.006 0.003 0.005 0.006 0.009 0.005 0.019 0.004 0.932 
278 TMA-ZAIN-G-    (0)   :  0.003 0.002 0.003 0.003 0.004 0.005 0.004 0.002 0.012 0.008 0.954 
279 TMA-ZAIN-G-    (0)   :  0.004 0.003 0.003 0.004 0.003 0.008 0.006 0.002 0.005 0.003 0.957 
280 TMA-ZAIN-G-    (0)   :  0.007 0.005 0.004 0.006 0.003 0.012 0.019 0.002 0.006 0.005 0.932 
281 TMA-ZAIN-G-    (0)   :  0.005 0.003 0.004 0.004 0.003 0.006 0.016 0.003 0.009 0.006 0.941 
282 TMA-ZAIN-G-    (9)   :  0.003 0.003 0.003 0.003 0.004 0.005 0.007 0.003 0.008 0.005 0.958 
283 TMA-ZAIN-G-    (0)   :  0.004 0.017 0.011 0.010 0.122 0.051 0.035 0.007 0.010 0.034 0.699 
284 TMA-ZAIN-G-    (0)   :  0.005 0.022 0.012 0.017 0.136 0.076 0.071 0.005 0.009 0.050 0.598 
285 TMA-ZAIN-G-    (0)   :  0.008 0.013 0.018 0.017 0.046 0.017 0.020 0.019 0.019 0.009 0.813 
286 TMA-ZAIN-G-    (0)   :  0.003 0.003 0.003 0.003 0.006 0.006 0.009 0.002 0.007 0.009 0.950 
287 TMA-ZAIN-G-    (0)   :  0.008 0.003 0.006 0.006 0.005 0.005 0.008 0.006 0.007 0.006 0.940 
288 TMA-ZAIN-G-    (0)   :  0.038 0.011 0.017 0.026 0.010 0.028 0.018 0.009 0.003 0.008 0.832 
289 TMA-ZAIN-G-    (0)   :  0.013 0.005 0.009 0.010 0.007 0.007 0.010 0.009 0.005 0.008 0.916 
290 TMA-ZAIN-G-    (0)   :  0.011 0.010 0.006 0.012 0.007 0.023 0.095 0.003 0.003 0.006 0.824 
291 TMA-ZAIN-G-    (0)   :  0.006 0.004 0.004 0.004 0.007 0.928 0.009 0.003 0.010 0.011 0.014 
292 TMA-ZAIN-G-    (0)   :  0.027 0.145 0.642 0.116 0.004 0.017 0.010 0.007 0.013 0.010 0.011 
293 TMA-ZAIN-G-    (0)   :  0.026 0.528 0.217 0.076 0.013 0.013 0.004 0.028 0.028 0.064 0.004 
294 TMA-ZAIN-G-    (0)   :  0.004 0.091 0.849 0.011 0.005 0.004 0.003 0.010 0.005 0.012 0.004 
295 TMA-ZAIN-G-    (9)   :  0.005 0.100 0.813 0.016 0.005 0.010 0.004 0.014 0.008 0.016 0.007 
296 TMA-ZAIN-G-    (0)   :  0.048 0.505 0.302 0.053 0.007 0.011 0.012 0.006 0.005 0.044 0.007 
297 TMA-ZAIN-G-    (0)   :  0.110 0.590 0.114 0.088 0.023 0.009 0.005 0.027 0.005 0.021 0.007 
298 TMA-ZAIN-G-    (0)   :  0.005 0.050 0.740 0.010 0.014 0.010 0.009 0.012 0.005 0.134 0.012 
299 TMA-ZAIN-G-    (0)   :  0.004 0.012 0.946 0.006 0.003 0.004 0.004 0.008 0.006 0.003 0.004 
300 TMA-ZAIN-G-    (0)   :  0.007 0.032 0.845 0.040 0.006 0.008 0.003 0.038 0.007 0.009 0.005 
301 TMA-ZAIN-G-    (0)   :  0.037 0.055 0.755 0.075 0.005 0.007 0.004 0.031 0.015 0.013 0.004 
302 TMA-ZAIN-G-    (9)   :  0.019 0.167 0.725 0.050 0.005 0.006 0.004 0.007 0.003 0.012 0.003 
303 TMA-ZAIN-G-    (0)   :  0.117 0.004 0.004 0.028 0.029 0.772 0.020 0.002 0.004 0.010 0.010 
304 TMA-ZAIN-G-    (0)   :  0.035 0.114 0.017 0.117 0.524 0.007 0.013 0.142 0.009 0.013 0.008 
305 TMA-ZAIN-G-    (0)   :  0.013 0.569 0.299 0.054 0.008 0.005 0.003 0.020 0.005 0.021 0.003 
306 TMA-ZAIN-G-    (0)   :  0.020 0.241 0.136 0.047 0.394 0.011 0.082 0.019 0.015 0.008 0.026 
307 TMA-ZAIN-G-    (0)   :  0.015 0.096 0.018 0.146 0.365 0.005 0.009 0.308 0.015 0.013 0.009 
308 TMA-ZAIN-G-    (0)   :  0.014 0.004 0.005 0.007 0.726 0.141 0.037 0.016 0.018 0.016 0.016 
309 TMA-ZAIN-G-    (0)   :  0.029 0.018 0.019 0.905 0.003 0.004 0.004 0.008 0.003 0.004 0.003 
310 TMA-ZAIN-G-    (0)   :  0.004 0.121 0.698 0.060 0.009 0.015 0.006 0.010 0.010 0.050 0.017 
311 TMA-ZAIN-G-    (0)   :  0.019 0.532 0.167 0.071 0.029 0.022 0.034 0.007 0.003 0.100 0.016 
312 TMA-ZAIN-G-    (0)   :  0.020 0.039 0.044 0.839 0.009 0.020 0.005 0.008 0.004 0.006 0.006 
313 TMA-ZAIN-G-    (0)   :  0.024 0.084 0.168 0.096 0.531 0.007 0.012 0.038 0.003 0.030 0.008 
314 TMA-ZAIN-G-    (0)   :  0.019 0.010 0.009 0.034 0.015 0.172 0.314 0.009 0.003 0.023 0.391 
315 TMA-ZAIN-G-    (0)   :  0.007 0.067 0.391 0.069 0.017 0.019 0.006 0.033 0.012 0.036 0.342 
316 TMA-ZAIN-G-    (0)   :  0.006 0.088 0.336 0.058 0.018 0.036 0.008 0.034 0.011 0.031 0.374 
317 TMA-ZAIN-G-    (0)   :  0.007 0.006 0.015 0.006 0.014 0.857 0.036 0.004 0.009 0.010 0.038 
318 TMA-ZAIN-G-    (9)   :  0.012 0.005 0.016 0.007 0.036 0.148 0.282 0.010 0.067 0.052 0.364 
319 TMA-ZAIN-G-    (0)   :  0.488 0.004 0.005 0.012 0.007 0.252 0.017 0.003 0.014 0.024 0.173 
320 TMA-ZAIN-G-    (0)   :  0.010 0.072 0.424 0.040 0.004 0.389 0.006 0.019 0.017 0.013 0.005 
321 TMA-ZAIN-G-    (0)   :  0.007 0.111 0.072 0.484 0.008 0.071 0.053 0.019 0.009 0.022 0.144 
322 TMA-ZAIN-G-    (0)   :  0.007 0.211 0.066 0.140 0.049 0.385 0.072 0.033 0.005 0.023 0.008 
323 TMA-ZAIN-G-    (0)   :  0.064 0.008 0.006 0.027 0.010 0.821 0.007 0.018 0.024 0.008 0.007 
324 TMA-ZAIN-G-    (0)   :  0.034 0.864 0.010 0.024 0.016 0.007 0.006 0.011 0.005 0.019 0.003 
325 TMA-ZAIN-G-    (0)   :  0.006 0.009 0.009 0.010 0.005 0.802 0.004 0.005 0.133 0.012 0.005 
326 TMA-ZAIN-G-    (0)   :  0.355 0.013 0.005 0.020 0.017 0.568 0.002 0.005 0.005 0.005 0.003 
327 TMA-ZAIN-G-    (0)   :  0.877 0.007 0.009 0.041 0.012 0.005 0.003 0.033 0.003 0.008 0.003 
328 TMA-ZAIN-G-    (0)   :  0.079 0.022 0.010 0.071 0.014 0.130 0.279 0.253 0.015 0.020 0.107 
329 TMA-ZAIN-G-    (0)   :  0.048 0.054 0.356 0.266 0.021 0.011 0.004 0.141 0.009 0.085 0.004 
330 TMA-ZAIN-G-    (0)   :  0.020 0.032 0.073 0.757 0.031 0.008 0.004 0.053 0.002 0.016 0.003 
331 TMA-ZAIN-G-    (0)   :  0.007 0.012 0.070 0.553 0.014 0.011 0.009 0.005 0.012 0.297 0.009 
332 TMA-ZAIN-G-    (0)   :  0.261 0.031 0.012 0.664 0.005 0.004 0.002 0.011 0.003 0.004 0.002 
333 TMA-ZAIN-G-    (0)   :  0.964 0.003 0.004 0.008 0.004 0.003 0.003 0.004 0.002 0.003 0.002 
334 TMA-ZAIN-G-    (0)   :  0.003 0.003 0.003 0.003 0.004 0.007 0.007 0.003 0.007 0.009 0.952 
335 TMA-ZAIN-G-    (0)   :  0.003 0.004 0.004 0.004 0.003 0.004 0.003 0.004 0.005 0.007 0.961 
336 TMA-ZAIN-G-    (0)   :  0.004 0.005 0.006 0.005 0.005 0.010 0.006 0.004 0.008 0.044 0.903 
337 TMA-ZAIN-G-    (9)   :  0.003 0.005 0.005 0.004 0.004 0.008 0.015 0.003 0.005 0.007 0.943 
338 TMA-ZAIN-G-    (0)   :  0.003 0.003 0.003 0.003 0.004 0.006 0.008 0.003 0.003 0.005 0.960 
339 TMA-ZAIN-G-    (0)   :  0.002 0.002 0.002 0.002 0.003 0.004 0.007 0.002 0.006 0.003 0.966 
340 TMA-ZAIN-G-    (0)   :  0.002 0.003 0.003 0.003 0.002 0.004 0.004 0.002 0.005 0.007 0.965 
341 TMA-ZAIN-G-    (0)   :  0.003 0.004 0.003 0.003 0.002 0.004 0.006 0.003 0.005 0.004 0.962 
342 TMA-ZAIN-G-    (0)   :  0.003 0.004 0.004 0.003 0.003 0.005 0.005 0.003 0.008 0.032 0.930 
343 TMA-ZAIN-G-    (0)   :  0.003 0.003 0.003 0.003 0.002 0.005 0.012 0.002 0.005 0.004 0.959 
344 TMA-ZAIN-G-    (0)   :  0.005 0.003 0.003 0.004 0.004 0.008 0.004 0.002 0.007 0.005 0.954 
345 TMA-ZAIN-G-    (0)   :  0.002 0.003 0.003 0.003 0.004 0.004 0.004 0.003 0.007 0.005 0.963 
346 TMA-ZAIN-G-    (0)   :  0.011 0.006 0.007 0.012 0.005 0.015 0.019 0.003 0.007 0.006 0.909 
347 TMA-ZAIN-G-    (9)   :  0.003 0.003 0.003 0.003 0.003 0.004 0.004 0.002 0.006 0.003 0.967 
348 TMA-ZAIN-G-    (0)   :  0.004 0.003 0.004 0.004 0.006 0.007 0.008 0.003 0.007 0.007 0.947 
349 TMA-ZAIN-G-    (0)   :  0.004 0.004 0.005 0.003 0.004 0.006 0.010 0.004 0.011 0.004 0.943 
350 TMA-ZAIN-G-    (0)   :  0.006 0.005 0.005 0.006 0.003 0.020 0.014 0.004 0.009 0.009 0.918 
351 TMA-ZAIN-G-    (0)   :  0.003 0.003 0.003 0.003 0.004 0.005 0.005 0.003 0.008 0.004 0.960 
352 TMA-ZAIN-G-    (0)   :  0.003 0.005 0.005 0.004 0.004 0.005 0.004 0.005 0.004 0.020 0.941 
353 TMA-ZAIN-G-    (0)   :  0.008 0.005 0.004 0.007 0.004 0.010 0.015 0.003 0.008 0.005 0.930 
354 TMA-ZAIN-G-    (0)   :  0.004 0.004 0.003 0.005 0.002 0.006 0.004 0.002 0.005 0.003 0.964 
355 TMA-ZAIN-G-    (0)   :  0.005 0.006 0.004 0.007 0.003 0.005 0.006 0.003 0.006 0.004 0.951 
356 TMA-ZAIN-G-    (0)   :  0.002 0.911 0.007 0.004 0.011 0.012 0.003 0.042 0.002 0.004 0.002 
357 TMA-ZAIN-G-    (0)   :  0.317 0.380 0.079 0.115 0.009 0.009 0.008 0.060 0.003 0.016 0.004 
358 TMA-ZAIN-G-    (0)   :  0.015 0.085 0.101 0.516 0.014 0.025 0.038 0.128 0.006 0.042 0.030 
359 TMA-ZAIN-G-    (0)   :  0.004 0.318 0.042 0.009 0.021 0.035 0.008 0.376 0.055 0.129 0.003 
360 TMA-ZAIN-G-    (0)   :  0.003 0.767 0.155 0.019 0.006 0.006 0.003 0.017 0.008 0.013 0.003 
361 TMA-ZAIN-G-    (0)   :  0.020 0.099 0.038 0.779 0.010 0.008 0.011 0.020 0.003 0.008 0.004 
362 TMA-ZAIN-G-    (0)   :  0.003 0.833 0.019 0.006 0.004 0.011 0.005 0.008 0.096 0.006 0.009 
363 TMA-ZAIN-G-    (0)   :  0.081 0.059 0.298 0.402 0.009 0.030 0.004 0.015 0.008 0.084 0.009 
364 TMA-ZAIN-G-    (0)   :  0.011 0.013 0.035 0.019 0.011 0.537 0.260 0.013 0.009 0.070 0.022 
365 TMA-ZAIN-G-    (0)   :  0.004 0.480 0.104 0.128 0.004 0.072 0.017 0.051 0.020 0.009 0.113 
366 TMA-ZAIN-G-    (0)   :  0.004 0.136 0.692 0.018 0.010 0.004 0.004 0.081 0.008 0.039 0.005 
367 TMA-ZAIN-G-    (0)   :  0.035 0.077 0.017 0.651 0.048 0.025 0.094 0.007 0.002 0.035 0.009 
368 TMA-ZAIN-G-    (0)   :  0.006 0.028 0.860 0.019 0.008 0.005 0.004 0.047 0.005 0.014 0.004 
369 TMA-ZAIN-G-    (0)   :  0.011 0.012 0.011 0.920 0.004 0.004 0.003 0.022 0.003 0.006 0.002 
370 TMA-ZAIN-G-    (0)   :  0.017 0.014 0.034 0.900 0.004 0.004 0.005 0.008 0.003 0.008 0.003 
371 TMA-ZAIN-G-    (0)   :  0.009 0.748 0.177 0.011 0.006 0.004 0.005 0.027 0.003 0.006 0.004 
372 TMA-ZAIN-G-    (0)   :  0.005 0.597 0.172 0.167 0.007 0.004 0.004 0.028 0.005 0.008 0.003 
373 TMA-ZAIN-G-    (0)   :  0.433 0.005 0.006 0.520 0.006 0.008 0.004 0.006 0.004 0.004 0.003 
374 TMA-ZAIN-G-    (0)   :  0.124 0.050 0.024 0.266 0.135 0.053 0.302 0.007 0.003 0.018 0.016 
375 TMA-ZAIN-G-    (0)   :  0.048 0.027 0.020 0.204 0.007 0.610 0.044 0.010 0.013 0.010 0.008 
376 TMA-ZAIN-G-    (9)   :  0.004 0.863 0.049 0.058 0.003 0.005 0.004 0.004 0.003 0.005 0.003 
377 TMA-ZAIN-G-    (0)   :  0.007 0.697 0.216 0.039 0.005 0.003 0.003 0.021 0.003 0.004 0.002 
378 TMA-ZAIN-G-    (0)   :  0.006 0.930 0.018 0.014 0.003 0.003 0.003 0.015 0.002 0.003 0.002 
379 TMA-ZAIN-G-    (0)   :  0.013 0.933 0.007 0.010 0.012 0.003 0.003 0.012 0.002 0.003 0.002 
380 TMA-ZAIN-G-    (0)   :  0.008 0.048 0.805 0.052 0.007 0.006 0.003 0.054 0.004 0.011 0.003 
381 TMA-ZAIN-G-    (9)   :  0.013 0.040 0.145 0.033 0.040 0.526 0.009 0.082 0.009 0.094 0.006 
382 TMA-ZAIN-G-    (9)   :  0.009 0.006 0.010 0.013 0.007 0.144 0.668 0.004 0.066 0.044 0.030 
383    ZFB01    (0)   :  0.003 0.006 0.005 0.004 0.004 0.003 0.952 0.003 0.008 0.003 0.009 
384    ZFB02    (0)   :  0.002 0.005 0.003 0.003 0.008 0.005 0.914 0.003 0.014 0.007 0.036 
