

----------------------------------------------------
STRUCTURE by Pritchard, Stephens and Donnelly (2000)
     and Falush, Stephens and Pritchard (2003)
       Code by Pritchard, Falush and Hubisz
             Version 2.3.4 (Jul 2012)
----------------------------------------------------



Command line arguments:   bin\structure -m C:\Users\eschumacher\Documents\GitHub\GCC_QUAC_ZAIN\Data_Files\Structure_Files\ZAIN\ZAIN_rebinned_garden_wild_nopopinfo\50-50\mainparams -e C:\Users\eschumacher\Documents\GitHub\GCC_QUAC_ZAIN\Data_Files\Structure_Files\ZAIN\ZAIN_rebinned_garden_wild_nopopinfo\50-50\extraparams 
Input File:    C:\Users\eschumacher\Documents\GitHub\GCC_QUAC_ZAIN\Data_Files\Structure_Files\ZAIN\ZAIN_rebinned_garden_wild_nopopinfo\project_data

Run parameters:
   1133 individuals
   11 loci
   10 populations assumed
   50000 Burn-in period
   50000 Reps


--------------------------------------------
Overall proportion of membership of the
sample in each of the 10 clusters

Inferred Clusters
  1      2      3      4      5      6      7      8      9     10    
0.131  0.091  0.067  0.106  0.085  0.100  0.056  0.145  0.148  0.070  

--------------------------------------------

Allele-freq. divergence among pops (Net nucleotide distance),
computed using point estimates of P.

      1       2       3       4       5       6       7       8       9      10      
 1      -    0.2740  0.3479  0.2182  0.3424  0.2865  0.3612  0.1246  0.1480  0.2847  
 2   0.2740     -    0.2106  0.1775  0.0408  0.0549  0.1214  0.1484  0.2351  0.0440  
 3   0.3479  0.2106     -    0.1659  0.2662  0.1277  0.2701  0.1778  0.2746  0.2272  
 4   0.2182  0.1775  0.1659     -    0.2094  0.1474  0.1905  0.1070  0.1499  0.1809  
 5   0.3424  0.0408  0.2662  0.2094     -    0.0748  0.1378  0.1899  0.2424  0.0721  
 6   0.2865  0.0549  0.1277  0.1474  0.0748     -    0.1315  0.1199  0.2369  0.0992  
 7   0.3612  0.1214  0.2701  0.1905  0.1378  0.1315     -    0.2202  0.3434  0.1138  
 8   0.1246  0.1484  0.1778  0.1070  0.1899  0.1199  0.2202     -    0.0954  0.1650  
 9   0.1480  0.2351  0.2746  0.1499  0.2424  0.2369  0.3434  0.0954     -    0.2458  
10   0.2847  0.0440  0.2272  0.1809  0.0721  0.0992  0.1138  0.1650  0.2458     -    

Average distances (expected heterozygosity) between individuals in same cluster:
cluster  1  : 0.4186 
cluster  2  : 0.3855 
cluster  3  : 0.2604 
cluster  4  : 0.4292 
cluster  5  : 0.3576 
cluster  6  : 0.4328 
cluster  7  : 0.3586 
cluster  8  : 0.5484 
cluster  9  : 0.4742 
cluster 10  : 0.4033 

--------------------------------------------
Estimated Ln Prob of Data   = -21336.0
Mean value of ln likelihood = -20682.1
Variance of ln likelihood   = 1307.8
Mean value of alpha         = 0.0348

Mean value of Fst_1         = 0.4329
Mean value of Fst_2         = 0.3011
Mean value of Fst_3         = 0.5508
Mean value of Fst_4         = 0.4145
Mean value of Fst_5         = 0.3413
Mean value of Fst_6         = 0.3172
Mean value of Fst_7         = 0.4120
Mean value of Fst_8         = 0.1533
Mean value of Fst_9         = 0.3638
Mean value of Fst_10         = 0.3211


Inferred ancestry of individuals:
        Label (%Miss) :  Inferred clusters
  1 TMA-ZAIN-G-    (9)   :  0.007 0.011 0.104 0.012 0.023 0.028 0.011 0.055 0.737 0.012 
  2 TMA-ZAIN-G-    (0)   :  0.006 0.014 0.008 0.020 0.015 0.008 0.003 0.011 0.695 0.218 
  3 TMA-ZAIN-G-    (0)   :  0.004 0.103 0.035 0.012 0.501 0.205 0.094 0.008 0.007 0.033 
  4 TMA-ZAIN-G-    (0)   :  0.013 0.129 0.023 0.584 0.110 0.026 0.042 0.014 0.022 0.037 
  5 TMA-ZAIN-G-    (0)   :  0.005 0.003 0.002 0.006 0.003 0.003 0.002 0.004 0.968 0.002 
  6 TMA-ZAIN-G-    (0)   :  0.051 0.162 0.023 0.058 0.108 0.174 0.163 0.148 0.077 0.035 
  7 TMA-ZAIN-G-    (0)   :  0.006 0.686 0.043 0.022 0.055 0.104 0.008 0.014 0.012 0.051 
  8 TMA-ZAIN-G-    (0)   :  0.003 0.027 0.007 0.018 0.046 0.837 0.025 0.005 0.007 0.024 
  9 TMA-ZAIN-G-    (9)   :  0.005 0.518 0.008 0.006 0.102 0.151 0.023 0.008 0.009 0.171 
 10 TMA-ZAIN-G-    (0)   :  0.004 0.581 0.014 0.011 0.060 0.211 0.032 0.009 0.003 0.076 
 11 TMA-ZAIN-G-    (0)   :  0.005 0.848 0.008 0.005 0.008 0.098 0.005 0.005 0.005 0.014 
 12 TMA-ZAIN-G-    (0)   :  0.003 0.060 0.020 0.004 0.862 0.026 0.005 0.005 0.005 0.008 
 13 TMA-ZAIN-G-    (9)   :  0.081 0.220 0.120 0.026 0.041 0.192 0.017 0.026 0.048 0.229 
 14 TMA-ZAIN-G-    (9)   :  0.011 0.022 0.876 0.007 0.010 0.039 0.007 0.009 0.003 0.017 
 15 TMA-ZAIN-G-    (0)   :  0.002 0.009 0.895 0.005 0.015 0.047 0.010 0.005 0.003 0.009 
 16 TMA-ZAIN-G-    (0)   :  0.004 0.505 0.006 0.004 0.431 0.017 0.005 0.006 0.004 0.020 
 17 TMA-ZAIN-G-    (9)   :  0.015 0.010 0.020 0.036 0.038 0.814 0.006 0.040 0.013 0.009 
 18 TMA-ZAIN-G-    (0)   :  0.006 0.007 0.015 0.040 0.019 0.014 0.009 0.133 0.752 0.005 
 19 TMA-ZAIN-G-    (0)   :  0.013 0.020 0.012 0.005 0.020 0.031 0.005 0.869 0.014 0.010 
 20 TMA-ZAIN-G-    (0)   :  0.097 0.003 0.004 0.024 0.003 0.003 0.004 0.815 0.043 0.004 
 21 TMA-ZAIN-G-    (0)   :  0.962 0.005 0.002 0.006 0.004 0.005 0.005 0.004 0.003 0.003 
 22 TMA-ZAIN-G-    (0)   :  0.916 0.003 0.004 0.008 0.003 0.003 0.002 0.013 0.046 0.003 
 23 TMA-ZAIN-G-    (0)   :  0.890 0.008 0.007 0.005 0.006 0.010 0.004 0.043 0.022 0.006 
 24 TMA-ZAIN-G-    (9)   :  0.664 0.011 0.025 0.006 0.010 0.010 0.116 0.004 0.007 0.146 
 25 TMA-ZAIN-G-    (9)   :  0.013 0.013 0.006 0.004 0.028 0.007 0.005 0.637 0.114 0.172 
 26 TMA-ZAIN-G-    (9)   :  0.024 0.056 0.020 0.526 0.061 0.054 0.008 0.010 0.007 0.233 
 27 TMA-ZAIN-G-    (0)   :  0.014 0.018 0.062 0.019 0.005 0.018 0.011 0.767 0.080 0.005 
 28 TMA-ZAIN-G-    (0)   :  0.004 0.010 0.011 0.007 0.008 0.010 0.008 0.926 0.010 0.006 
 29 TMA-ZAIN-G-    (0)   :  0.004 0.004 0.006 0.012 0.004 0.005 0.713 0.243 0.003 0.006 
 30 TMA-ZAIN-G-    (0)   :  0.005 0.065 0.076 0.008 0.060 0.212 0.049 0.368 0.004 0.152 
 31 TMA-ZAIN-G-    (0)   :  0.013 0.007 0.005 0.053 0.004 0.004 0.006 0.016 0.882 0.009 
 32 TMA-ZAIN-G-    (9)   :  0.050 0.035 0.027 0.006 0.201 0.021 0.004 0.023 0.601 0.032 
 33 TMA-ZAIN-G-   (18)   :  0.003 0.161 0.008 0.004 0.547 0.193 0.013 0.005 0.005 0.062 
 34 TMA-ZAIN-G-    (0)   :  0.026 0.119 0.007 0.009 0.575 0.014 0.007 0.014 0.148 0.082 
 35 TMA-ZAIN-G-    (9)   :  0.004 0.152 0.047 0.011 0.447 0.057 0.050 0.011 0.011 0.210 
 36 TMA-ZAIN-G-    (0)   :  0.003 0.066 0.176 0.020 0.043 0.168 0.009 0.005 0.004 0.506 
 37 TMA-ZAIN-G-    (9)   :  0.009 0.240 0.007 0.023 0.410 0.081 0.019 0.013 0.009 0.189 
 38 TMA-ZAIN-G-   (18)   :  0.023 0.033 0.073 0.009 0.097 0.022 0.007 0.035 0.650 0.052 
 39 TMA-ZAIN-G-    (0)   :  0.004 0.040 0.004 0.009 0.073 0.039 0.012 0.005 0.003 0.811 
 40 TMA-ZAIN-G-    (0)   :  0.005 0.035 0.006 0.007 0.418 0.258 0.007 0.005 0.003 0.257 
 41 TMA-ZAIN-G-    (0)   :  0.003 0.011 0.051 0.005 0.023 0.615 0.007 0.004 0.003 0.278 
 42 TMA-ZAIN-G-    (9)   :  0.002 0.006 0.116 0.007 0.009 0.831 0.006 0.004 0.003 0.016 
 43 TMA-ZAIN-G-    (0)   :  0.003 0.004 0.956 0.005 0.004 0.009 0.008 0.003 0.003 0.005 
 44 TMA-ZAIN-G-    (0)   :  0.795 0.097 0.005 0.004 0.012 0.008 0.008 0.007 0.005 0.059 
 45 TMA-ZAIN-G-    (0)   :  0.005 0.749 0.013 0.009 0.107 0.083 0.005 0.008 0.005 0.016 
 46 TMA-ZAIN-G-    (0)   :  0.965 0.004 0.004 0.006 0.003 0.003 0.003 0.005 0.004 0.005 
 47 TMA-ZAIN-G-    (0)   :  0.003 0.004 0.004 0.962 0.006 0.004 0.004 0.004 0.005 0.004 
 48 TMA-ZAIN-G-    (0)   :  0.026 0.155 0.037 0.491 0.024 0.204 0.016 0.019 0.007 0.021 
 49 TMA-ZAIN-G-    (9)   :  0.006 0.018 0.004 0.011 0.029 0.006 0.047 0.852 0.020 0.006 
 50 TMA-ZAIN-G-    (0)   :  0.007 0.006 0.008 0.003 0.008 0.035 0.003 0.903 0.007 0.019 
 51 TMA-ZAIN-G-    (0)   :  0.009 0.014 0.089 0.026 0.004 0.017 0.006 0.818 0.007 0.009 
 52 TMA-ZAIN-G-    (0)   :  0.013 0.010 0.024 0.119 0.015 0.008 0.003 0.793 0.007 0.008 
 53 TMA-ZAIN-G-    (0)   :  0.011 0.023 0.045 0.173 0.004 0.014 0.006 0.501 0.207 0.016 
 54 TMA-ZAIN-G-    (0)   :  0.005 0.007 0.013 0.933 0.007 0.012 0.004 0.010 0.005 0.005 
 55 TMA-ZAIN-G-    (0)   :  0.009 0.011 0.034 0.846 0.011 0.042 0.003 0.034 0.005 0.005 
 56 TMA-ZAIN-G-    (0)   :  0.012 0.084 0.022 0.498 0.029 0.154 0.034 0.112 0.010 0.045 
 57 TMA-ZAIN-G-    (0)   :  0.003 0.008 0.006 0.910 0.027 0.005 0.008 0.015 0.008 0.010 
 58 TMA-ZAIN-G-    (0)   :  0.097 0.008 0.008 0.026 0.015 0.022 0.006 0.784 0.030 0.004 
 59 TMA-ZAIN-G-    (0)   :  0.028 0.157 0.010 0.037 0.029 0.039 0.027 0.026 0.614 0.034 
 60 TMA-ZAIN-G-    (0)   :  0.010 0.023 0.152 0.030 0.007 0.021 0.008 0.282 0.460 0.007 
 61 TMA-ZAIN-G-    (0)   :  0.023 0.004 0.003 0.019 0.004 0.003 0.003 0.010 0.927 0.003 
 62 TMA-ZAIN-G-    (9)   :  0.022 0.048 0.007 0.010 0.050 0.032 0.009 0.035 0.756 0.033 
 63 TMA-ZAIN-G-    (0)   :  0.007 0.005 0.007 0.012 0.006 0.006 0.003 0.011 0.941 0.003 
 64 TMA-ZAIN-G-    (0)   :  0.002 0.007 0.005 0.003 0.004 0.005 0.960 0.003 0.002 0.008 
 65 TMA-ZAIN-G-    (9)   :  0.003 0.010 0.007 0.007 0.025 0.007 0.929 0.004 0.003 0.006 
 66 TMA-ZAIN-G-    (0)   :  0.003 0.026 0.005 0.005 0.011 0.010 0.917 0.003 0.003 0.017 
 67 TMA-ZAIN-G-    (0)   :  0.013 0.043 0.004 0.006 0.020 0.010 0.787 0.011 0.004 0.103 
 68 TMA-ZAIN-G-    (0)   :  0.002 0.005 0.007 0.005 0.005 0.007 0.960 0.003 0.002 0.004 
 69 TMA-ZAIN-G-    (0)   :  0.028 0.053 0.017 0.013 0.037 0.008 0.761 0.017 0.023 0.042 
 70 TMA-ZAIN-G-    (0)   :  0.005 0.065 0.005 0.004 0.010 0.006 0.016 0.004 0.003 0.882 
 71 TMA-ZAIN-G-    (0)   :  0.003 0.015 0.003 0.004 0.009 0.005 0.004 0.003 0.003 0.950 
 72 TMA-ZAIN-G-    (0)   :  0.003 0.016 0.008 0.007 0.008 0.009 0.013 0.005 0.004 0.927 
 73 TMA-ZAIN-G-    (0)   :  0.030 0.006 0.004 0.014 0.010 0.006 0.005 0.025 0.022 0.879 
 74 TMA-ZAIN-G-    (0)   :  0.005 0.010 0.003 0.005 0.012 0.006 0.006 0.005 0.006 0.942 
 75 TMA-ZAIN-G-    (0)   :  0.003 0.008 0.005 0.006 0.009 0.006 0.005 0.005 0.004 0.949 
 76 TMA-ZAIN-G-    (0)   :  0.015 0.014 0.003 0.003 0.008 0.005 0.005 0.007 0.005 0.934 
 77 TMA-ZAIN-G-    (0)   :  0.005 0.007 0.006 0.004 0.005 0.007 0.006 0.005 0.003 0.952 
 78 TMA-ZAIN-G-    (0)   :  0.010 0.010 0.005 0.007 0.008 0.006 0.004 0.009 0.006 0.935 
 79 TMA-ZAIN-G-    (0)   :  0.008 0.010 0.007 0.006 0.005 0.006 0.004 0.007 0.004 0.942 
 80 TMA-ZAIN-G-    (0)   :  0.004 0.030 0.004 0.010 0.091 0.014 0.019 0.004 0.003 0.819 
 81 TMA-ZAIN-G-    (0)   :  0.005 0.026 0.007 0.007 0.011 0.009 0.005 0.007 0.004 0.919 
 82 TMA-ZAIN-G-    (0)   :  0.003 0.284 0.007 0.018 0.114 0.011 0.168 0.006 0.006 0.383 
 83 TMA-ZAIN-G-    (9)   :  0.035 0.097 0.006 0.024 0.675 0.014 0.046 0.027 0.055 0.021 
 84 TMA-ZAIN-G-    (0)   :  0.011 0.020 0.006 0.004 0.010 0.008 0.005 0.007 0.004 0.925 
 85 TMA-ZAIN-G-    (0)   :  0.032 0.016 0.007 0.734 0.010 0.010 0.006 0.151 0.025 0.009 
 86 TMA-ZAIN-G-    (0)   :  0.062 0.036 0.005 0.783 0.021 0.020 0.011 0.035 0.010 0.016 
 87 TMA-ZAIN-G-    (0)   :  0.210 0.017 0.005 0.627 0.010 0.009 0.005 0.066 0.037 0.012 
 88 TMA-ZAIN-G-    (0)   :  0.013 0.058 0.023 0.510 0.112 0.018 0.029 0.010 0.156 0.069 
 89 TMA-ZAIN-G-    (0)   :  0.026 0.034 0.031 0.776 0.033 0.011 0.019 0.005 0.022 0.044 
 90 TMA-ZAIN-G-    (0)   :  0.008 0.010 0.006 0.921 0.011 0.008 0.007 0.015 0.008 0.007 
 91 TMA-ZAIN-G-    (0)   :  0.008 0.017 0.010 0.893 0.009 0.009 0.009 0.015 0.023 0.008 
 92 TMA-ZAIN-G-    (0)   :  0.020 0.011 0.012 0.903 0.004 0.007 0.005 0.024 0.006 0.008 
 93 TMA-ZAIN-G-    (0)   :  0.010 0.007 0.013 0.910 0.004 0.006 0.005 0.023 0.017 0.006 
 94 TMA-ZAIN-G-    (0)   :  0.010 0.006 0.006 0.902 0.003 0.004 0.003 0.015 0.046 0.005 
 95 TMA-ZAIN-G-    (0)   :  0.007 0.010 0.026 0.005 0.009 0.020 0.018 0.880 0.008 0.018 
 96 TMA-ZAIN-G-    (0)   :  0.005 0.007 0.023 0.008 0.021 0.048 0.005 0.873 0.005 0.005 
 97 TMA-ZAIN-G-    (0)   :  0.007 0.007 0.007 0.011 0.004 0.005 0.006 0.012 0.927 0.014 
 98 TMA-ZAIN-G-    (0)   :  0.004 0.007 0.006 0.010 0.003 0.004 0.004 0.004 0.944 0.012 
 99 TMA-ZAIN-G-    (0)   :  0.014 0.140 0.008 0.004 0.036 0.033 0.020 0.006 0.731 0.009 
100 TMA-ZAIN-G-    (0)   :  0.018 0.007 0.007 0.034 0.003 0.004 0.005 0.016 0.901 0.006 
101 TMA-ZAIN-G-    (0)   :  0.006 0.018 0.006 0.010 0.005 0.005 0.006 0.008 0.927 0.009 
102 TMA-ZAIN-G-    (0)   :  0.254 0.033 0.036 0.014 0.050 0.043 0.013 0.055 0.485 0.019 
103 TMA-ZAIN-G-    (0)   :  0.015 0.016 0.008 0.009 0.019 0.013 0.006 0.033 0.871 0.009 
104 TMA-ZAIN-G-    (0)   :  0.006 0.004 0.004 0.004 0.004 0.004 0.002 0.006 0.961 0.003 
105 TMA-ZAIN-G-    (0)   :  0.009 0.020 0.008 0.010 0.026 0.013 0.006 0.020 0.877 0.010 
106 TMA-ZAIN-G-    (0)   :  0.003 0.124 0.108 0.006 0.077 0.480 0.048 0.005 0.004 0.144 
107 TMA-ZAIN-G-    (0)   :  0.003 0.306 0.013 0.006 0.471 0.026 0.015 0.005 0.005 0.150 
108 TMA-ZAIN-G-    (9)   :  0.064 0.160 0.066 0.029 0.155 0.063 0.008 0.051 0.280 0.124 
109 TMA-ZAIN-G-    (0)   :  0.005 0.029 0.026 0.052 0.215 0.164 0.157 0.044 0.299 0.010 
110 TMA-ZAIN-G-    (0)   :  0.152 0.302 0.018 0.022 0.155 0.129 0.009 0.110 0.070 0.033 
111 TMA-ZAIN-G-    (9)   :  0.127 0.036 0.004 0.027 0.167 0.018 0.013 0.067 0.482 0.060 
112 TMA-ZAIN-G-    (0)   :  0.055 0.104 0.038 0.027 0.119 0.215 0.018 0.125 0.273 0.025 
113 TMA-ZAIN-G-    (0)   :  0.009 0.015 0.006 0.015 0.015 0.006 0.011 0.005 0.898 0.021 
114 TMA-ZAIN-G-    (0)   :  0.011 0.004 0.002 0.004 0.003 0.003 0.003 0.005 0.962 0.003 
115 TMA-ZAIN-G-    (0)   :  0.006 0.004 0.003 0.004 0.005 0.003 0.003 0.005 0.964 0.004 
116 TMA-ZAIN-G-    (0)   :  0.003 0.017 0.007 0.010 0.921 0.009 0.011 0.005 0.005 0.013 
117 TMA-ZAIN-G-    (0)   :  0.004 0.120 0.083 0.062 0.131 0.169 0.240 0.018 0.010 0.164 
118 TMA-ZAIN-G-    (0)   :  0.003 0.016 0.020 0.008 0.877 0.017 0.029 0.007 0.006 0.016 
119 TMA-ZAIN-G-    (0)   :  0.020 0.020 0.005 0.010 0.810 0.009 0.024 0.024 0.025 0.054 
120 TMA-ZAIN-G-    (0)   :  0.005 0.037 0.075 0.017 0.753 0.030 0.027 0.016 0.009 0.032 
121 TMA-ZAIN-G-    (0)   :  0.004 0.122 0.024 0.022 0.518 0.081 0.152 0.011 0.012 0.053 
122 TMA-ZAIN-G-    (0)   :  0.008 0.450 0.013 0.038 0.260 0.092 0.039 0.015 0.006 0.078 
123 TMA-ZAIN-G-    (0)   :  0.008 0.006 0.013 0.006 0.005 0.004 0.003 0.012 0.937 0.005 
124 TMA-ZAIN-G-    (0)   :  0.003 0.010 0.009 0.004 0.010 0.944 0.004 0.006 0.005 0.005 
125 TMA-ZAIN-G-    (0)   :  0.002 0.006 0.021 0.063 0.008 0.856 0.029 0.004 0.003 0.008 
126 TMA-ZAIN-G-    (0)   :  0.003 0.008 0.032 0.009 0.017 0.914 0.005 0.004 0.004 0.005 
127 TMA-ZAIN-G-    (0)   :  0.003 0.009 0.008 0.004 0.009 0.950 0.006 0.004 0.003 0.004 
128 TMA-ZAIN-G-    (0)   :  0.003 0.020 0.012 0.007 0.014 0.903 0.025 0.005 0.004 0.007 
129 TMA-ZAIN-G-    (0)   :  0.003 0.011 0.014 0.006 0.009 0.936 0.005 0.005 0.006 0.006 
130 TMA-ZAIN-G-    (0)   :  0.003 0.007 0.057 0.034 0.027 0.843 0.009 0.005 0.007 0.008 
131 TMA-ZAIN-G-    (0)   :  0.003 0.008 0.012 0.005 0.008 0.945 0.004 0.005 0.004 0.005 
132 TMA-ZAIN-G-    (0)   :  0.003 0.035 0.015 0.027 0.022 0.837 0.040 0.005 0.004 0.013 
133 TMA-ZAIN-G-    (0)   :  0.012 0.023 0.111 0.043 0.045 0.577 0.078 0.014 0.003 0.094 
134 TMA-ZAIN-G-    (0)   :  0.009 0.021 0.276 0.037 0.101 0.424 0.059 0.006 0.004 0.063 
135 TMA-ZAIN-G-    (0)   :  0.007 0.180 0.021 0.017 0.501 0.156 0.027 0.004 0.004 0.083 
136 TMA-ZAIN-G-    (0)   :  0.005 0.163 0.007 0.015 0.102 0.068 0.594 0.005 0.006 0.034 
137 TMA-ZAIN-G-    (0)   :  0.007 0.022 0.006 0.008 0.884 0.022 0.005 0.005 0.005 0.037 
138 TMA-ZAIN-G-    (0)   :  0.003 0.148 0.029 0.016 0.296 0.476 0.012 0.003 0.004 0.013 
139 TMA-ZAIN-G-    (0)   :  0.005 0.051 0.025 0.077 0.551 0.229 0.012 0.004 0.004 0.042 
140 TMA-ZAIN-G-    (0)   :  0.005 0.643 0.007 0.004 0.243 0.047 0.010 0.005 0.003 0.033 
141 TMA-ZAIN-G-    (0)   :  0.004 0.670 0.023 0.006 0.113 0.057 0.007 0.006 0.006 0.109 
142 TMA-ZAIN-G-    (9)   :  0.003 0.653 0.006 0.005 0.253 0.028 0.012 0.004 0.004 0.033 
143 TMA-ZAIN-G-    (0)   :  0.003 0.463 0.010 0.006 0.341 0.132 0.012 0.005 0.005 0.022 
144 TMA-ZAIN-G-    (0)   :  0.007 0.244 0.013 0.031 0.508 0.160 0.007 0.014 0.004 0.012 
145 TMA-ZAIN-G-    (0)   :  0.002 0.104 0.007 0.014 0.497 0.035 0.260 0.004 0.003 0.075 
146 TMA-ZAIN-G-    (0)   :  0.003 0.941 0.005 0.003 0.009 0.006 0.005 0.003 0.003 0.021 
147 TMA-ZAIN-G-    (9)   :  0.003 0.946 0.005 0.004 0.009 0.007 0.007 0.003 0.003 0.013 
148 TMA-ZAIN-G-    (0)   :  0.003 0.859 0.056 0.020 0.007 0.033 0.004 0.003 0.003 0.012 
149 TMA-ZAIN-G-    (0)   :  0.017 0.778 0.025 0.068 0.017 0.044 0.005 0.012 0.024 0.010 
150 TMA-ZAIN-G-    (0)   :  0.014 0.747 0.015 0.069 0.029 0.014 0.062 0.011 0.025 0.014 
151 TMA-ZAIN-G-    (0)   :  0.002 0.015 0.020 0.004 0.912 0.026 0.008 0.004 0.003 0.007 
152 TMA-ZAIN-G-    (0)   :  0.002 0.016 0.013 0.004 0.938 0.009 0.006 0.004 0.004 0.005 
153 TMA-ZAIN-G-    (0)   :  0.003 0.127 0.025 0.011 0.706 0.094 0.014 0.003 0.003 0.014 
154 TMA-ZAIN-G-    (0)   :  0.002 0.015 0.005 0.004 0.950 0.008 0.005 0.003 0.003 0.005 
155 TMA-ZAIN-G-    (0)   :  0.003 0.040 0.007 0.003 0.911 0.010 0.008 0.004 0.005 0.010 
156 TMA-ZAIN-G-    (9)   :  0.003 0.038 0.062 0.010 0.814 0.054 0.003 0.004 0.006 0.005 
157 TMA-ZAIN-G-    (0)   :  0.003 0.220 0.123 0.006 0.559 0.061 0.006 0.004 0.005 0.012 
158 TMA-ZAIN-G-    (0)   :  0.003 0.209 0.004 0.004 0.714 0.013 0.006 0.006 0.003 0.036 
159 TMA-ZAIN-G-    (0)   :  0.003 0.188 0.005 0.005 0.533 0.009 0.013 0.004 0.004 0.237 
160 TMA-ZAIN-G-    (0)   :  0.003 0.045 0.004 0.007 0.741 0.006 0.016 0.003 0.005 0.171 
161 TMA-ZAIN-G-    (0)   :  0.003 0.164 0.025 0.021 0.605 0.146 0.008 0.005 0.004 0.018 
162 TMA-ZAIN-G-    (0)   :  0.015 0.012 0.004 0.015 0.906 0.009 0.005 0.008 0.021 0.006 
163 TMA-ZAIN-G-    (0)   :  0.002 0.010 0.003 0.003 0.961 0.006 0.004 0.003 0.003 0.006 
164 TMA-ZAIN-G-    (0)   :  0.004 0.061 0.004 0.008 0.891 0.006 0.007 0.005 0.005 0.009 
165 TMA-ZAIN-G-    (0)   :  0.003 0.093 0.004 0.003 0.865 0.009 0.006 0.003 0.004 0.010 
166 TMA-ZAIN-G-    (0)   :  0.002 0.258 0.006 0.010 0.607 0.043 0.013 0.004 0.003 0.054 
167 TMA-ZAIN-G-    (0)   :  0.005 0.660 0.007 0.006 0.037 0.024 0.005 0.007 0.005 0.245 
168 TMA-ZAIN-G-    (0)   :  0.004 0.407 0.034 0.006 0.011 0.011 0.013 0.005 0.006 0.504 
169 TMA-ZAIN-G-    (0)   :  0.003 0.313 0.005 0.005 0.023 0.006 0.065 0.003 0.003 0.574 
170 TMA-ZAIN-G-    (0)   :  0.013 0.406 0.097 0.005 0.057 0.131 0.024 0.026 0.018 0.224 
171 TMA-ZAIN-G-    (0)   :  0.003 0.352 0.004 0.004 0.013 0.005 0.013 0.003 0.004 0.599 
172 TMA-ZAIN-G-    (0)   :  0.004 0.427 0.026 0.004 0.023 0.475 0.005 0.005 0.003 0.026 
173 TMA-ZAIN-G-    (0)   :  0.004 0.257 0.024 0.005 0.016 0.649 0.007 0.007 0.003 0.027 
174 TMA-ZAIN-G-    (0)   :  0.003 0.334 0.006 0.008 0.083 0.452 0.053 0.004 0.003 0.055 
175 TMA-ZAIN-G-    (0)   :  0.003 0.513 0.005 0.004 0.011 0.006 0.006 0.004 0.004 0.445 
176 TMA-ZAIN-G-    (0)   :  0.003 0.775 0.006 0.004 0.014 0.008 0.005 0.004 0.003 0.178 
177 TMA-ZAIN-G-    (0)   :  0.003 0.929 0.012 0.003 0.010 0.009 0.004 0.003 0.003 0.024 
178 TMA-ZAIN-G-    (0)   :  0.004 0.769 0.047 0.004 0.024 0.117 0.004 0.006 0.005 0.020 
179 TMA-ZAIN-G-    (0)   :  0.002 0.913 0.015 0.004 0.017 0.019 0.006 0.004 0.003 0.018 
180 TMA-ZAIN-G-    (0)   :  0.007 0.073 0.022 0.018 0.026 0.754 0.081 0.008 0.004 0.007 
181 TMA-ZAIN-G-    (0)   :  0.003 0.018 0.182 0.005 0.059 0.704 0.006 0.004 0.005 0.014 
182 TMA-ZAIN-G-    (0)   :  0.003 0.045 0.164 0.005 0.035 0.727 0.003 0.005 0.007 0.006 
183 TMA-ZAIN-G-    (0)   :  0.003 0.029 0.277 0.003 0.049 0.607 0.006 0.004 0.005 0.017 
184 TMA-ZAIN-G-    (0)   :  0.015 0.018 0.031 0.025 0.057 0.787 0.008 0.014 0.034 0.011 
185 TMA-ZAIN-G-    (0)   :  0.024 0.010 0.004 0.024 0.012 0.878 0.005 0.020 0.015 0.007 
186 TMA-ZAIN-G-    (9)   :  0.005 0.012 0.005 0.005 0.011 0.931 0.006 0.008 0.003 0.013 
187 TMA-ZAIN-G-    (0)   :  0.003 0.017 0.022 0.003 0.036 0.850 0.014 0.005 0.004 0.044 
188 TMA-ZAIN-G-    (0)   :  0.003 0.007 0.013 0.004 0.034 0.829 0.015 0.004 0.003 0.089 
189 TMA-ZAIN-G-    (0)   :  0.003 0.006 0.008 0.003 0.007 0.953 0.010 0.003 0.002 0.006 
190 TMA-ZAIN-G-    (0)   :  0.003 0.162 0.121 0.005 0.012 0.583 0.027 0.008 0.003 0.075 
191 TMA-ZAIN-G-    (0)   :  0.022 0.020 0.006 0.012 0.009 0.886 0.005 0.010 0.015 0.015 
192 TMA-ZAIN-G-    (0)   :  0.013 0.008 0.021 0.006 0.010 0.913 0.004 0.006 0.004 0.016 
193 TMA-ZAIN-G-    (0)   :  0.003 0.003 0.969 0.005 0.003 0.005 0.004 0.003 0.003 0.003 
194 TMA-ZAIN-G-    (0)   :  0.007 0.008 0.884 0.011 0.004 0.053 0.011 0.013 0.003 0.007 
195 TMA-ZAIN-G-    (0)   :  0.003 0.043 0.794 0.006 0.007 0.076 0.031 0.010 0.003 0.028 
196 TMA-ZAIN-G-    (0)   :  0.003 0.007 0.945 0.005 0.006 0.012 0.011 0.004 0.003 0.005 
197 TMA-ZAIN-G-    (0)   :  0.003 0.009 0.940 0.006 0.007 0.009 0.010 0.004 0.003 0.009 
198 TMA-ZAIN-G-    (0)   :  0.003 0.012 0.940 0.005 0.009 0.011 0.006 0.003 0.003 0.009 
199 TMA-ZAIN-G-    (0)   :  0.004 0.008 0.006 0.005 0.011 0.945 0.005 0.006 0.003 0.008 
200 TMA-ZAIN-G-    (0)   :  0.878 0.004 0.050 0.004 0.003 0.005 0.003 0.032 0.019 0.003 
201 TMA-ZAIN-G-    (0)   :  0.954 0.004 0.003 0.004 0.004 0.003 0.004 0.013 0.006 0.004 
202 TMA-ZAIN-G-    (0)   :  0.900 0.009 0.040 0.003 0.006 0.009 0.003 0.013 0.015 0.003 
203 TMA-ZAIN-G-    (0)   :  0.003 0.028 0.844 0.005 0.032 0.047 0.004 0.004 0.021 0.011 
204 TMA-ZAIN-G-    (9)   :  0.852 0.016 0.007 0.070 0.004 0.007 0.010 0.011 0.005 0.017 
205 TMA-ZAIN-G-    (0)   :  0.790 0.023 0.008 0.015 0.101 0.010 0.007 0.021 0.007 0.018 
206 TMA-ZAIN-G-    (9)   :  0.787 0.023 0.066 0.024 0.009 0.019 0.011 0.035 0.015 0.012 
207 TMA-ZAIN-G-    (9)   :  0.014 0.060 0.012 0.146 0.528 0.037 0.079 0.074 0.013 0.037 
208 TMA-ZAIN-G-    (0)   :  0.003 0.688 0.004 0.005 0.157 0.030 0.082 0.005 0.003 0.023 
209 TMA-ZAIN-G-    (0)   :  0.003 0.142 0.266 0.055 0.076 0.334 0.016 0.004 0.003 0.101 
210 TMA-ZAIN-G-    (0)   :  0.003 0.184 0.367 0.018 0.072 0.167 0.095 0.007 0.004 0.084 
211 TMA-ZAIN-G-    (0)   :  0.022 0.212 0.101 0.015 0.054 0.444 0.029 0.029 0.012 0.082 
212 TMA-ZAIN-G-    (0)   :  0.003 0.712 0.021 0.007 0.054 0.175 0.013 0.005 0.003 0.007 
213 TMA-ZAIN-G-    (0)   :  0.004 0.353 0.030 0.008 0.159 0.393 0.007 0.005 0.003 0.037 
214 TMA-ZAIN-G-    (0)   :  0.003 0.134 0.028 0.008 0.129 0.565 0.049 0.005 0.003 0.076 
215 TMA-ZAIN-G-    (0)   :  0.012 0.188 0.007 0.002 0.056 0.255 0.005 0.205 0.004 0.266 
216 TMA-ZAIN-G-    (0)   :  0.004 0.036 0.009 0.008 0.017 0.899 0.005 0.006 0.003 0.013 
217 TMA-ZAIN-G-    (0)   :  0.003 0.247 0.091 0.009 0.061 0.308 0.136 0.004 0.004 0.137 
218 TMA-ZAIN-G-    (0)   :  0.004 0.005 0.004 0.005 0.005 0.008 0.012 0.945 0.005 0.008 
219 TMA-ZAIN-G-    (0)   :  0.013 0.004 0.004 0.010 0.004 0.007 0.004 0.946 0.005 0.004 
220 TMA-ZAIN-G-    (0)   :  0.005 0.015 0.007 0.010 0.040 0.007 0.012 0.829 0.059 0.015 
221 TMA-ZAIN-G-    (0)   :  0.023 0.014 0.007 0.007 0.010 0.024 0.006 0.896 0.005 0.008 
222 TMA-ZAIN-G-    (0)   :  0.010 0.015 0.006 0.020 0.014 0.010 0.015 0.867 0.033 0.010 
223 TMA-ZAIN-G-    (0)   :  0.010 0.004 0.003 0.006 0.003 0.004 0.004 0.957 0.007 0.004 
224 TMA-ZAIN-G-    (0)   :  0.021 0.006 0.010 0.016 0.006 0.019 0.004 0.897 0.014 0.007 
225 TMA-ZAIN-G-    (0)   :  0.011 0.004 0.012 0.004 0.004 0.005 0.002 0.944 0.010 0.003 
226 TMA-ZAIN-G-    (0)   :  0.010 0.009 0.019 0.006 0.007 0.007 0.005 0.916 0.015 0.007 
227 TMA-ZAIN-G-    (0)   :  0.026 0.009 0.022 0.005 0.009 0.008 0.004 0.897 0.011 0.008 
228 TMA-ZAIN-G-    (0)   :  0.018 0.019 0.007 0.008 0.011 0.007 0.007 0.875 0.017 0.030 
229 TMA-ZAIN-G-    (0)   :  0.076 0.004 0.003 0.007 0.003 0.003 0.012 0.860 0.027 0.005 
230 TMA-ZAIN-G-    (0)   :  0.010 0.059 0.022 0.055 0.006 0.041 0.017 0.653 0.060 0.076 
231 TMA-ZAIN-G-    (0)   :  0.566 0.049 0.012 0.025 0.048 0.012 0.012 0.120 0.123 0.032 
232 TMA-ZAIN-G-    (9)   :  0.529 0.019 0.010 0.013 0.012 0.042 0.047 0.053 0.258 0.016 
233 TMA-ZAIN-G-    (0)   :  0.026 0.013 0.009 0.015 0.009 0.010 0.042 0.844 0.006 0.027 
234 TMA-ZAIN-G-    (0)   :  0.049 0.009 0.011 0.021 0.009 0.005 0.007 0.570 0.314 0.006 
235 TMA-ZAIN-G-    (0)   :  0.025 0.010 0.025 0.012 0.014 0.033 0.005 0.668 0.161 0.048 
236 TMA-ZAIN-G-    (0)   :  0.071 0.014 0.029 0.007 0.012 0.010 0.007 0.754 0.078 0.017 
237 TMA-ZAIN-G-    (0)   :  0.017 0.088 0.012 0.014 0.016 0.023 0.011 0.311 0.248 0.260 
238 TMA-ZAIN-G-    (0)   :  0.034 0.022 0.007 0.005 0.035 0.018 0.005 0.788 0.055 0.033 
239 TMA-ZAIN-G-    (0)   :  0.755 0.005 0.141 0.032 0.006 0.031 0.017 0.005 0.005 0.004 
240 TMA-ZAIN-G-    (0)   :  0.965 0.004 0.004 0.007 0.003 0.003 0.003 0.004 0.003 0.005 
241 TMA-ZAIN-G-    (0)   :  0.949 0.009 0.004 0.005 0.006 0.004 0.005 0.003 0.004 0.011 
242 TMA-ZAIN-G-    (0)   :  0.954 0.008 0.003 0.004 0.007 0.005 0.005 0.004 0.003 0.007 
243 TMA-ZAIN-G-    (0)   :  0.936 0.014 0.004 0.005 0.007 0.005 0.008 0.004 0.003 0.014 
244 TMA-ZAIN-G-    (0)   :  0.924 0.014 0.003 0.004 0.017 0.006 0.009 0.004 0.004 0.015 
245 TMA-ZAIN-G-    (9)   :  0.971 0.004 0.003 0.003 0.003 0.003 0.002 0.004 0.004 0.003 
246 TMA-ZAIN-G-    (0)   :  0.972 0.004 0.002 0.003 0.003 0.003 0.003 0.004 0.002 0.003 
247 TMA-ZAIN-G-    (0)   :  0.964 0.005 0.002 0.004 0.004 0.005 0.006 0.004 0.002 0.003 
248 TMA-ZAIN-G-    (0)   :  0.944 0.009 0.009 0.004 0.006 0.006 0.005 0.006 0.004 0.006 
249 TMA-ZAIN-G-    (0)   :  0.963 0.005 0.007 0.004 0.003 0.005 0.003 0.005 0.003 0.003 
250 TMA-ZAIN-G-    (0)   :  0.965 0.004 0.004 0.003 0.003 0.004 0.006 0.005 0.002 0.003 
251 TMA-ZAIN-G-    (0)   :  0.003 0.004 0.006 0.961 0.005 0.005 0.005 0.004 0.005 0.004 
252 TMA-ZAIN-G-    (0)   :  0.003 0.042 0.005 0.857 0.014 0.006 0.034 0.006 0.003 0.031 
253 TMA-ZAIN-G-    (0)   :  0.003 0.005 0.005 0.953 0.011 0.005 0.006 0.003 0.005 0.004 
254 TMA-ZAIN-G-    (9)   :  0.003 0.013 0.006 0.900 0.036 0.009 0.012 0.005 0.008 0.008 
255 TMA-ZAIN-G-    (0)   :  0.019 0.006 0.005 0.933 0.008 0.004 0.007 0.003 0.011 0.004 
256 TMA-ZAIN-G-    (0)   :  0.007 0.007 0.018 0.934 0.007 0.006 0.005 0.004 0.007 0.005 
257 TMA-ZAIN-G-    (0)   :  0.004 0.003 0.012 0.961 0.003 0.004 0.003 0.004 0.004 0.003 
258 TMA-ZAIN-G-    (0)   :  0.003 0.003 0.005 0.968 0.004 0.003 0.005 0.003 0.003 0.003 
259 TMA-ZAIN-G-    (0)   :  0.004 0.003 0.005 0.964 0.003 0.004 0.005 0.005 0.004 0.003 
260 TMA-ZAIN-G-    (0)   :  0.004 0.004 0.006 0.959 0.003 0.004 0.009 0.004 0.003 0.004 
261 TMA-ZAIN-G-   (18)   :  0.004 0.006 0.008 0.945 0.006 0.007 0.010 0.006 0.004 0.005 
262 TMA-ZAIN-G-    (0)   :  0.004 0.003 0.007 0.967 0.003 0.003 0.003 0.003 0.004 0.003 
263 TMA-ZAIN-G-    (0)   :  0.004 0.003 0.005 0.963 0.005 0.004 0.004 0.004 0.005 0.003 
264 TMA-ZAIN-G-    (0)   :  0.004 0.004 0.006 0.957 0.006 0.004 0.004 0.004 0.009 0.004 
265 TMA-ZAIN-G-    (0)   :  0.017 0.070 0.012 0.599 0.021 0.022 0.030 0.201 0.017 0.012 
266 TMA-ZAIN-G-    (0)   :  0.009 0.027 0.061 0.726 0.026 0.089 0.020 0.020 0.013 0.010 
267 TMA-ZAIN-G-    (0)   :  0.272 0.032 0.006 0.569 0.007 0.010 0.012 0.053 0.023 0.015 
268 TMA-ZAIN-G-    (0)   :  0.878 0.005 0.003 0.006 0.004 0.003 0.004 0.007 0.086 0.004 
269 TMA-ZAIN-G-    (0)   :  0.675 0.008 0.004 0.009 0.006 0.006 0.005 0.028 0.251 0.008 
270 TMA-ZAIN-G-    (0)   :  0.889 0.007 0.004 0.012 0.005 0.005 0.004 0.018 0.050 0.006 
271 TMA-ZAIN-G-    (0)   :  0.925 0.006 0.003 0.008 0.005 0.004 0.003 0.008 0.032 0.005 
272 TMA-ZAIN-G-    (0)   :  0.890 0.005 0.004 0.005 0.004 0.005 0.003 0.054 0.024 0.005 
273 TMA-ZAIN-G-    (0)   :  0.942 0.003 0.003 0.004 0.003 0.003 0.002 0.020 0.018 0.003 
274 TMA-ZAIN-G-    (0)   :  0.829 0.010 0.050 0.009 0.009 0.025 0.010 0.017 0.027 0.015 
275 TMA-ZAIN-G-    (0)   :  0.964 0.004 0.003 0.003 0.004 0.004 0.002 0.007 0.006 0.003 
276 TMA-ZAIN-G-    (0)   :  0.964 0.004 0.003 0.003 0.004 0.003 0.003 0.005 0.008 0.004 
277 TMA-ZAIN-G-    (0)   :  0.951 0.005 0.005 0.007 0.004 0.004 0.005 0.005 0.009 0.006 
278 TMA-ZAIN-G-    (0)   :  0.964 0.004 0.003 0.005 0.003 0.003 0.003 0.006 0.006 0.003 
279 TMA-ZAIN-G-    (0)   :  0.939 0.005 0.006 0.004 0.004 0.006 0.003 0.017 0.012 0.004 
280 TMA-ZAIN-G-    (0)   :  0.818 0.006 0.009 0.004 0.006 0.009 0.002 0.052 0.089 0.004 
281 TMA-ZAIN-G-    (0)   :  0.910 0.004 0.006 0.005 0.004 0.005 0.003 0.013 0.046 0.004 
282 TMA-ZAIN-G-    (9)   :  0.957 0.003 0.003 0.005 0.003 0.003 0.003 0.007 0.012 0.003 
283 TMA-ZAIN-G-    (0)   :  0.640 0.010 0.005 0.131 0.019 0.012 0.006 0.086 0.079 0.013 
284 TMA-ZAIN-G-    (0)   :  0.465 0.012 0.006 0.166 0.020 0.014 0.004 0.143 0.161 0.008 
285 TMA-ZAIN-G-    (0)   :  0.809 0.007 0.010 0.027 0.018 0.024 0.023 0.018 0.028 0.036 
286 TMA-ZAIN-G-    (0)   :  0.928 0.004 0.003 0.009 0.004 0.003 0.003 0.013 0.028 0.004 
287 TMA-ZAIN-G-    (0)   :  0.901 0.005 0.015 0.005 0.005 0.011 0.010 0.008 0.025 0.014 
288 TMA-ZAIN-G-    (0)   :  0.575 0.016 0.063 0.014 0.013 0.046 0.010 0.154 0.083 0.025 
289 TMA-ZAIN-G-    (0)   :  0.851 0.008 0.027 0.010 0.008 0.018 0.015 0.018 0.021 0.022 
290 TMA-ZAIN-G-    (0)   :  0.448 0.009 0.009 0.008 0.009 0.014 0.003 0.065 0.429 0.005 
291 TMA-ZAIN-G-    (0)   :  0.013 0.004 0.006 0.009 0.005 0.005 0.003 0.942 0.010 0.004 
292 TMA-ZAIN-G-    (0)   :  0.017 0.512 0.030 0.005 0.107 0.075 0.007 0.024 0.013 0.210 
293 TMA-ZAIN-G-    (0)   :  0.017 0.652 0.026 0.037 0.068 0.123 0.029 0.020 0.005 0.022 
294 TMA-ZAIN-G-    (0)   :  0.004 0.925 0.004 0.005 0.008 0.006 0.008 0.004 0.003 0.034 
295 TMA-ZAIN-G-    (9)   :  0.006 0.897 0.004 0.006 0.013 0.009 0.008 0.007 0.003 0.046 
296 TMA-ZAIN-G-    (0)   :  0.005 0.844 0.042 0.011 0.025 0.033 0.005 0.011 0.010 0.014 
297 TMA-ZAIN-G-    (0)   :  0.007 0.137 0.131 0.030 0.500 0.090 0.025 0.011 0.005 0.062 
298 TMA-ZAIN-G-    (0)   :  0.022 0.186 0.005 0.043 0.025 0.010 0.008 0.016 0.015 0.670 
299 TMA-ZAIN-G-    (0)   :  0.004 0.017 0.006 0.003 0.020 0.008 0.006 0.005 0.003 0.926 
300 TMA-ZAIN-G-    (0)   :  0.007 0.536 0.011 0.007 0.014 0.040 0.053 0.008 0.003 0.321 
301 TMA-ZAIN-G-    (0)   :  0.006 0.067 0.033 0.005 0.032 0.054 0.029 0.008 0.005 0.760 
302 TMA-ZAIN-G-    (9)   :  0.003 0.736 0.016 0.006 0.068 0.030 0.007 0.005 0.004 0.126 
303 TMA-ZAIN-G-    (0)   :  0.007 0.004 0.128 0.032 0.005 0.032 0.002 0.770 0.016 0.004 
304 TMA-ZAIN-G-    (0)   :  0.007 0.051 0.038 0.554 0.074 0.094 0.146 0.007 0.017 0.011 
305 TMA-ZAIN-G-    (0)   :  0.003 0.924 0.009 0.006 0.015 0.017 0.011 0.004 0.003 0.008 
306 TMA-ZAIN-G-    (0)   :  0.024 0.362 0.018 0.376 0.030 0.036 0.017 0.011 0.112 0.013 
307 TMA-ZAIN-G-    (0)   :  0.011 0.083 0.016 0.403 0.070 0.105 0.284 0.006 0.012 0.010 
308 TMA-ZAIN-G-    (0)   :  0.020 0.005 0.014 0.782 0.004 0.006 0.015 0.113 0.035 0.004 
309 TMA-ZAIN-G-    (0)   :  0.003 0.018 0.022 0.004 0.014 0.904 0.008 0.004 0.003 0.020 
310 TMA-ZAIN-G-    (0)   :  0.032 0.327 0.004 0.021 0.102 0.041 0.013 0.019 0.007 0.433 
311 TMA-ZAIN-G-    (0)   :  0.009 0.215 0.019 0.068 0.418 0.069 0.007 0.035 0.042 0.117 
312 TMA-ZAIN-G-    (0)   :  0.005 0.085 0.018 0.009 0.028 0.774 0.010 0.022 0.005 0.044 
313 TMA-ZAIN-G-    (0)   :  0.005 0.082 0.018 0.617 0.055 0.064 0.029 0.006 0.010 0.113 
314 TMA-ZAIN-G-    (0)   :  0.254 0.017 0.018 0.017 0.010 0.028 0.012 0.260 0.376 0.009 
315 TMA-ZAIN-G-    (0)   :  0.395 0.234 0.008 0.017 0.044 0.036 0.036 0.028 0.007 0.195 
316 TMA-ZAIN-G-    (0)   :  0.400 0.174 0.006 0.015 0.054 0.038 0.031 0.070 0.009 0.202 
317 TMA-ZAIN-G-    (0)   :  0.022 0.006 0.007 0.013 0.007 0.005 0.004 0.868 0.042 0.026 
318 TMA-ZAIN-G-    (9)   :  0.416 0.013 0.010 0.050 0.004 0.006 0.009 0.131 0.346 0.015 
319 TMA-ZAIN-G-    (0)   :  0.143 0.006 0.476 0.009 0.004 0.010 0.004 0.322 0.021 0.004 
320 TMA-ZAIN-G-    (0)   :  0.009 0.121 0.011 0.005 0.044 0.026 0.013 0.415 0.007 0.349 
321 TMA-ZAIN-G-    (0)   :  0.101 0.222 0.007 0.012 0.054 0.383 0.019 0.112 0.066 0.024 
322 TMA-ZAIN-G-    (0)   :  0.009 0.164 0.007 0.050 0.143 0.090 0.032 0.412 0.062 0.031 
323 TMA-ZAIN-G-    (0)   :  0.016 0.008 0.061 0.012 0.007 0.031 0.017 0.836 0.007 0.005 
324 TMA-ZAIN-G-    (0)   :  0.006 0.222 0.045 0.030 0.634 0.024 0.014 0.010 0.007 0.008 
325 TMA-ZAIN-G-    (0)   :  0.049 0.015 0.005 0.007 0.011 0.014 0.005 0.880 0.004 0.008 
326 TMA-ZAIN-G-    (0)   :  0.004 0.007 0.365 0.014 0.014 0.021 0.004 0.565 0.002 0.004 
327 TMA-ZAIN-G-    (0)   :  0.003 0.011 0.854 0.013 0.007 0.064 0.032 0.005 0.003 0.008 
328 TMA-ZAIN-G-    (0)   :  0.115 0.016 0.067 0.018 0.027 0.080 0.253 0.131 0.283 0.011 
329 TMA-ZAIN-G-    (0)   :  0.007 0.061 0.045 0.031 0.051 0.262 0.078 0.012 0.005 0.448 
330 TMA-ZAIN-G-    (0)   :  0.003 0.078 0.018 0.035 0.024 0.717 0.067 0.008 0.004 0.047 
331 TMA-ZAIN-G-    (0)   :  0.070 0.184 0.011 0.138 0.019 0.382 0.006 0.040 0.023 0.128 
332 TMA-ZAIN-G-    (0)   :  0.003 0.013 0.343 0.005 0.072 0.535 0.012 0.004 0.003 0.011 
333 TMA-ZAIN-G-    (0)   :  0.002 0.004 0.965 0.004 0.003 0.008 0.003 0.003 0.003 0.004 
334 TMA-ZAIN-G-    (0)   :  0.948 0.004 0.003 0.007 0.004 0.003 0.003 0.012 0.012 0.004 
335 TMA-ZAIN-G-    (0)   :  0.960 0.005 0.003 0.004 0.004 0.004 0.006 0.005 0.004 0.005 
336 TMA-ZAIN-G-    (0)   :  0.908 0.010 0.006 0.015 0.007 0.008 0.006 0.018 0.012 0.011 
337 TMA-ZAIN-G-    (9)   :  0.855 0.008 0.003 0.007 0.006 0.005 0.004 0.034 0.072 0.006 
338 TMA-ZAIN-G-    (0)   :  0.928 0.004 0.003 0.007 0.003 0.003 0.003 0.009 0.036 0.003 
339 TMA-ZAIN-G-    (0)   :  0.963 0.002 0.002 0.003 0.002 0.002 0.002 0.005 0.015 0.002 
340 TMA-ZAIN-G-    (0)   :  0.968 0.003 0.002 0.003 0.003 0.003 0.003 0.006 0.006 0.003 
341 TMA-ZAIN-G-    (0)   :  0.955 0.005 0.004 0.003 0.005 0.005 0.004 0.005 0.010 0.004 
342 TMA-ZAIN-G-    (0)   :  0.955 0.005 0.003 0.005 0.005 0.004 0.004 0.006 0.008 0.005 
343 TMA-ZAIN-G-    (0)   :  0.943 0.003 0.003 0.003 0.004 0.004 0.002 0.007 0.028 0.003 
344 TMA-ZAIN-G-    (0)   :  0.947 0.005 0.006 0.004 0.004 0.006 0.003 0.013 0.007 0.004 
345 TMA-ZAIN-G-    (0)   :  0.969 0.003 0.003 0.005 0.003 0.003 0.003 0.004 0.005 0.003 
346 TMA-ZAIN-G-    (0)   :  0.912 0.005 0.011 0.005 0.008 0.010 0.003 0.014 0.023 0.009 
347 TMA-ZAIN-G-    (9)   :  0.964 0.003 0.003 0.004 0.003 0.003 0.003 0.007 0.008 0.003 
348 TMA-ZAIN-G-    (0)   :  0.920 0.006 0.005 0.009 0.004 0.004 0.004 0.017 0.024 0.006 
349 TMA-ZAIN-G-    (0)   :  0.950 0.004 0.004 0.005 0.004 0.003 0.003 0.007 0.015 0.005 
350 TMA-ZAIN-G-    (0)   :  0.870 0.009 0.008 0.006 0.009 0.010 0.005 0.051 0.026 0.008 
351 TMA-ZAIN-G-    (0)   :  0.959 0.004 0.004 0.005 0.003 0.003 0.004 0.007 0.007 0.004 
352 TMA-ZAIN-G-    (0)   :  0.937 0.009 0.004 0.008 0.007 0.006 0.006 0.008 0.008 0.007 
353 TMA-ZAIN-G-    (0)   :  0.885 0.008 0.012 0.005 0.008 0.011 0.003 0.024 0.039 0.004 
354 TMA-ZAIN-G-    (0)   :  0.944 0.007 0.005 0.003 0.007 0.009 0.002 0.012 0.007 0.003 
355 TMA-ZAIN-G-    (0)   :  0.923 0.010 0.007 0.003 0.012 0.013 0.004 0.008 0.014 0.005 
356 TMA-ZAIN-G-    (0)   :  0.002 0.006 0.002 0.009 0.938 0.004 0.022 0.008 0.003 0.007 
357 TMA-ZAIN-G-    (0)   :  0.004 0.108 0.330 0.009 0.313 0.112 0.053 0.009 0.008 0.053 
358 TMA-ZAIN-G-    (0)   :  0.023 0.317 0.020 0.024 0.039 0.332 0.105 0.032 0.047 0.063 
359 TMA-ZAIN-G-    (0)   :  0.023 0.014 0.004 0.062 0.455 0.008 0.238 0.067 0.010 0.120 
360 TMA-ZAIN-G-    (0)   :  0.004 0.006 0.003 0.005 0.864 0.014 0.009 0.005 0.003 0.086 
361 TMA-ZAIN-G-    (0)   :  0.004 0.075 0.024 0.010 0.155 0.664 0.017 0.008 0.009 0.034 
362 TMA-ZAIN-G-    (0)   :  0.052 0.011 0.003 0.005 0.862 0.007 0.009 0.018 0.007 0.027 
363 TMA-ZAIN-G-    (0)   :  0.011 0.374 0.064 0.017 0.044 0.350 0.015 0.029 0.004 0.092 
364 TMA-ZAIN-G-    (0)   :  0.017 0.030 0.011 0.017 0.011 0.018 0.014 0.576 0.266 0.039 
365 TMA-ZAIN-G-    (0)   :  0.138 0.496 0.004 0.005 0.188 0.062 0.028 0.059 0.010 0.010 
366 TMA-ZAIN-G-    (0)   :  0.004 0.923 0.003 0.008 0.008 0.006 0.021 0.004 0.003 0.019 
367 TMA-ZAIN-G-    (0)   :  0.006 0.035 0.043 0.066 0.096 0.601 0.007 0.023 0.107 0.015 
368 TMA-ZAIN-G-    (0)   :  0.005 0.601 0.008 0.010 0.012 0.016 0.053 0.005 0.004 0.287 
369 TMA-ZAIN-G-    (0)   :  0.003 0.017 0.014 0.005 0.011 0.908 0.023 0.004 0.003 0.013 
370 TMA-ZAIN-G-    (0)   :  0.003 0.174 0.020 0.004 0.016 0.737 0.008 0.005 0.006 0.027 
371 TMA-ZAIN-G-    (0)   :  0.003 0.295 0.008 0.006 0.394 0.011 0.032 0.004 0.006 0.239 
372 TMA-ZAIN-G-    (0)   :  0.004 0.526 0.005 0.008 0.297 0.092 0.032 0.004 0.004 0.029 
373 TMA-ZAIN-G-    (0)   :  0.004 0.006 0.371 0.005 0.005 0.589 0.006 0.007 0.003 0.004 
374 TMA-ZAIN-G-    (0)   :  0.009 0.047 0.128 0.124 0.043 0.259 0.007 0.056 0.309 0.018 
375 TMA-ZAIN-G-    (0)   :  0.013 0.028 0.042 0.008 0.030 0.231 0.010 0.567 0.057 0.014 
376 TMA-ZAIN-G-    (9)   :  0.003 0.013 0.005 0.003 0.897 0.028 0.004 0.004 0.004 0.039 
377 TMA-ZAIN-G-    (0)   :  0.003 0.026 0.006 0.006 0.767 0.029 0.021 0.003 0.003 0.137 
378 TMA-ZAIN-G-    (0)   :  0.002 0.006 0.006 0.003 0.945 0.011 0.008 0.003 0.003 0.012 
379 TMA-ZAIN-G-    (0)   :  0.002 0.007 0.017 0.012 0.925 0.014 0.009 0.003 0.003 0.007 
380 TMA-ZAIN-G-    (0)   :  0.004 0.232 0.007 0.010 0.058 0.025 0.075 0.005 0.003 0.580 
381 TMA-ZAIN-G-    (9)   :  0.010 0.224 0.013 0.056 0.018 0.023 0.066 0.514 0.009 0.066 
382 TMA-ZAIN-G-    (9)   :  0.078 0.010 0.013 0.010 0.011 0.016 0.004 0.208 0.636 0.016 
383    ZFB01    (0)   :  0.009 0.006 0.003 0.004 0.006 0.004 0.004 0.003 0.958 0.004 
384    ZFB02    (0)   :  0.032 0.004 0.002 0.009 0.004 0.003 0.003 0.006 0.934 0.003 
385    ZFB03    (0)   :  0.005 0.005 0.010 0.005 0.006 0.005 0.003 0.009 0.948 0.004 
386    ZFB04    (0)   :  0.034 0.007 0.002 0.006 0.006 0.004 0.003 0.004 0.931 0.004 
387    ZFB05    (0)   :  0.112 0.005 0.012 0.012 0.003 0.006 0.013 0.042 0.793 0.003 
388    ZFB06    (0)   :  0.054 0.004 0.013 0.007 0.003 0.006 0.013 0.032 0.864 0.003 
389    ZFB07    (9)   :  0.010 0.010 0.005 0.005 0.010 0.007 0.004 0.010 0.931 0.007 
390    ZFB08    (0)   :  0.006 0.007 0.005 0.007 0.009 0.007 0.007 0.009 0.934 0.008 
391    ZFB09    (0)   :  0.005 0.003 0.003 0.004 0.004 0.003 0.003 0.005 0.967 0.003 
392    ZFB10    (0)   :  0.010 0.018 0.002 0.006 0.038 0.010 0.006 0.005 0.889 0.015 
393    ZFB11    (0)   :  0.019 0.008 0.003 0.008 0.015 0.004 0.004 0.005 0.922 0.013 
394    ZFB12    (0)   :  0.039 0.012 0.008 0.005 0.007 0.009 0.004 0.022 0.884 0.011 
395    ZFB13    (0)   :  0.007 0.011 0.005 0.005 0.011 0.008 0.007 0.010 0.925 0.011 
396    ZFB14    (0)   :  0.004 0.005 0.003 0.005 0.007 0.004 0.003 0.004 0.958 0.005 
397    ZFB15    (0)   :  0.015 0.004 0.003 0.003 0.003 0.003 0.002 0.005 0.960 0.003 
398    ZFB16    (0)   :  0.018 0.009 0.003 0.004 0.008 0.007 0.004 0.008 0.933 0.006 
399    ZFB17    (0)   :  0.025 0.020 0.003 0.024 0.012 0.012 0.012 0.021 0.865 0.006 
400    ZFB18    (0)   :  0.004 0.004 0.003 0.004 0.006 0.003 0.003 0.004 0.966 0.004 
401    ZFB19    (0)   :  0.007 0.038 0.005 0.004 0.041 0.020 0.008 0.023 0.837 0.017 
402    ZFB20    (0)   :  0.045 0.009 0.003 0.004 0.007 0.006 0.004 0.006 0.910 0.005 
403    ZFB21    (0)   :  0.012 0.003 0.004 0.003 0.003 0.003 0.002 0.006 0.961 0.003 
404    ZFB22    (0)   :  0.072 0.015 0.004 0.008 0.013 0.011 0.012 0.010 0.847 0.008 
405    ZFB23    (0)   :  0.026 0.008 0.005 0.006 0.012 0.005 0.004 0.005 0.915 0.014 
406    ZFB24    (0)   :  0.040 0.008 0.003 0.007 0.010 0.004 0.003 0.005 0.907 0.013 
407    ZFB25    (0)   :  0.006 0.022 0.004 0.005 0.044 0.008 0.005 0.004 0.889 0.014 
408    ZFB26    (0)   :  0.061 0.023 0.004 0.009 0.026 0.009 0.005 0.006 0.824 0.034 
409    ZFB27    (0)   :  0.088 0.008 0.003 0.006 0.012 0.005 0.003 0.005 0.860 0.010 
410    ZFB28    (0)   :  0.108 0.008 0.006 0.014 0.007 0.009 0.003 0.039 0.790 0.014 
411    ZFB29    (0)   :  0.021 0.003 0.003 0.010 0.005 0.003 0.003 0.005 0.941 0.007 
412    ZFB30    (0)   :  0.153 0.007 0.012 0.005 0.007 0.011 0.015 0.043 0.736 0.010 
413    ZFB31    (0)   :  0.007 0.014 0.004 0.004 0.028 0.007 0.004 0.004 0.917 0.011 
414    ZFB32    (0)   :  0.060 0.017 0.010 0.031 0.013 0.014 0.005 0.047 0.777 0.025 
