

----------------------------------------------------
STRUCTURE by Pritchard, Stephens and Donnelly (2000)
     and Falush, Stephens and Pritchard (2003)
       Code by Pritchard, Falush and Hubisz
             Version 2.3.4 (Jul 2012)
----------------------------------------------------



Command line arguments:   bin\structure -m C:\Users\eschumacher\Documents\GitHub\GCC_QUAC_ZAIN\Data_Files\Structure_Files\ZAIN\ZAIN_rebinned_garden_wild_nopopinfo\50-50\mainparams -e C:\Users\eschumacher\Documents\GitHub\GCC_QUAC_ZAIN\Data_Files\Structure_Files\ZAIN\ZAIN_rebinned_garden_wild_nopopinfo\50-50\extraparams 
Input File:    C:\Users\eschumacher\Documents\GitHub\GCC_QUAC_ZAIN\Data_Files\Structure_Files\ZAIN\ZAIN_rebinned_garden_wild_nopopinfo\project_data

Run parameters:
   1133 individuals
   11 loci
   14 populations assumed
   50000 Burn-in period
   50000 Reps


--------------------------------------------
Overall proportion of membership of the
sample in each of the 14 clusters

Inferred Clusters
  1      2      3      4      5      6      7      8      9     10     11     12     13     14    
0.052  0.047  0.035  0.062  0.092  0.122  0.065  0.063  0.054  0.070  0.141  0.061  0.077  0.058  

--------------------------------------------

Allele-freq. divergence among pops (Net nucleotide distance),
computed using point estimates of P.

      1       2       3       4       5       6       7       8       9      10      11      12      13      14      
 1      -    0.1542  0.2829  0.2885  0.2881  0.3779  0.1666  0.1492  0.1216  0.1453  0.3588  0.1771  0.2270  0.1107  
 2   0.1542     -    0.1813  0.1730  0.1864  0.3466  0.1027  0.0992  0.1464  0.0571  0.2473  0.1297  0.1846  0.0876  
 3   0.2829  0.1813     -    0.2448  0.1479  0.2363  0.2728  0.1862  0.2136  0.2042  0.2288  0.1709  0.2063  0.2029  
 4   0.2885  0.1730  0.2448     -    0.1976  0.3712  0.2995  0.2369  0.2519  0.1424  0.2914  0.2333  0.2072  0.2634  
 5   0.2881  0.1864  0.1479  0.1976     -    0.1126  0.2518  0.2062  0.2035  0.1644  0.0990  0.0942  0.1702  0.2050  
 6   0.3779  0.3466  0.2363  0.3712  0.1126     -    0.3733  0.3034  0.3050  0.2939  0.1587  0.2156  0.2789  0.3137  
 7   0.1666  0.1027  0.2728  0.2995  0.2518  0.3733     -    0.0668  0.1036  0.0889  0.2726  0.2054  0.2912  0.0404  
 8   0.1492  0.0992  0.1862  0.2369  0.2062  0.3034  0.0668     -    0.0619  0.0749  0.2654  0.1728  0.2685  0.0508  
 9   0.1216  0.1464  0.2136  0.2519  0.2035  0.3050  0.1036  0.0619     -    0.1157  0.2712  0.1952  0.2458  0.0798  
10   0.1453  0.0571  0.2042  0.1424  0.1644  0.2939  0.0889  0.0749  0.1157     -    0.2693  0.1287  0.2241  0.0899  
11   0.3588  0.2473  0.2288  0.2914  0.0990  0.1587  0.2726  0.2654  0.2712  0.2693     -    0.1628  0.1837  0.2285  
12   0.1771  0.1297  0.1709  0.2333  0.0942  0.2156  0.2054  0.1728  0.1952  0.1287  0.1628     -    0.1818  0.1298  
13   0.2270  0.1846  0.2063  0.2072  0.1702  0.2789  0.2912  0.2685  0.2458  0.2241  0.1837  0.1818     -    0.2189  
14   0.1107  0.0876  0.2029  0.2634  0.2050  0.3137  0.0404  0.0508  0.0798  0.0899  0.2285  0.1298  0.2189     -    

Average distances (expected heterozygosity) between individuals in same cluster:
cluster  1  : 0.3542 
cluster  2  : 0.3632 
cluster  3  : 0.2573 
cluster  4  : 0.2353 
cluster  5  : 0.5255 
cluster  6  : 0.4070 
cluster  7  : 0.3277 
cluster  8  : 0.3373 
cluster  9  : 0.3918 
cluster 10  : 0.4365 
cluster 11  : 0.4682 
cluster 12  : 0.4700 
cluster 13  : 0.3719 
cluster 14  : 0.3945 

--------------------------------------------
Estimated Ln Prob of Data   = -20816.8
Mean value of ln likelihood = -19929.6
Variance of ln likelihood   = 1774.3
Mean value of alpha         = 0.0348

Mean value of Fst_1         = 0.4191
Mean value of Fst_2         = 0.4922
Mean value of Fst_3         = 0.6158
Mean value of Fst_4         = 0.6010
Mean value of Fst_5         = 0.1765
Mean value of Fst_6         = 0.4446
Mean value of Fst_7         = 0.4247
Mean value of Fst_8         = 0.3516
Mean value of Fst_9         = 0.3812
Mean value of Fst_10         = 0.3067
Mean value of Fst_11         = 0.3918
Mean value of Fst_12         = 0.2948
Mean value of Fst_13         = 0.4605
Mean value of Fst_14         = 0.3415


Inferred ancestry of individuals:
        Label (%Miss) :  Inferred clusters
  1 TMA-ZAIN-G-    (9)   :  0.008 0.012 0.008 0.054 0.051 0.007 0.007 0.007 0.006 0.048 0.677 0.019 0.010 0.085 
  2 TMA-ZAIN-G-    (0)   :  0.004 0.005 0.020 0.008 0.016 0.009 0.014 0.012 0.184 0.014 0.640 0.009 0.024 0.042 
  3 TMA-ZAIN-G-    (0)   :  0.063 0.080 0.008 0.022 0.004 0.003 0.066 0.025 0.016 0.036 0.005 0.015 0.008 0.649 
  4 TMA-ZAIN-G-    (0)   :  0.047 0.015 0.590 0.017 0.004 0.004 0.091 0.031 0.015 0.008 0.009 0.005 0.018 0.145 
  5 TMA-ZAIN-G-    (0)   :  0.003 0.003 0.005 0.002 0.003 0.006 0.003 0.003 0.002 0.002 0.953 0.005 0.006 0.004 
  6 TMA-ZAIN-G-    (0)   :  0.041 0.077 0.034 0.014 0.031 0.028 0.014 0.018 0.016 0.021 0.021 0.199 0.014 0.472 
  7 TMA-ZAIN-G-    (0)   :  0.008 0.199 0.090 0.033 0.009 0.006 0.034 0.416 0.022 0.032 0.011 0.013 0.011 0.116 
  8 TMA-ZAIN-G-    (0)   :  0.008 0.911 0.004 0.004 0.003 0.002 0.012 0.008 0.008 0.008 0.004 0.005 0.009 0.013 
  9 TMA-ZAIN-G-    (9)   :  0.022 0.022 0.008 0.008 0.006 0.005 0.063 0.300 0.078 0.129 0.006 0.031 0.004 0.317 
 10 TMA-ZAIN-G-    (0)   :  0.033 0.077 0.011 0.012 0.007 0.004 0.039 0.438 0.040 0.173 0.003 0.030 0.010 0.124 
 11 TMA-ZAIN-G-    (0)   :  0.004 0.009 0.012 0.008 0.006 0.004 0.006 0.823 0.010 0.080 0.005 0.005 0.005 0.022 
 12 TMA-ZAIN-G-    (0)   :  0.005 0.014 0.005 0.024 0.005 0.003 0.478 0.021 0.007 0.039 0.005 0.009 0.005 0.379 
 13 TMA-ZAIN-G-    (9)   :  0.020 0.041 0.016 0.113 0.028 0.074 0.055 0.237 0.175 0.151 0.040 0.015 0.018 0.018 
 14 TMA-ZAIN-G-    (9)   :  0.007 0.008 0.005 0.804 0.009 0.012 0.011 0.020 0.018 0.070 0.003 0.012 0.007 0.012 
 15 TMA-ZAIN-G-    (0)   :  0.009 0.009 0.003 0.678 0.006 0.003 0.006 0.006 0.005 0.150 0.003 0.006 0.009 0.108 
 16 TMA-ZAIN-G-    (0)   :  0.005 0.009 0.005 0.006 0.005 0.005 0.600 0.149 0.013 0.029 0.003 0.007 0.003 0.159 
 17 TMA-ZAIN-G-    (9)   :  0.007 0.083 0.106 0.013 0.015 0.009 0.008 0.006 0.005 0.694 0.009 0.012 0.020 0.012 
 18 TMA-ZAIN-G-    (0)   :  0.007 0.011 0.012 0.012 0.192 0.005 0.017 0.005 0.004 0.009 0.650 0.023 0.044 0.009 
 19 TMA-ZAIN-G-    (0)   :  0.006 0.067 0.045 0.011 0.586 0.026 0.026 0.025 0.008 0.025 0.016 0.136 0.004 0.020 
 20 TMA-ZAIN-G-    (0)   :  0.005 0.004 0.006 0.004 0.832 0.054 0.003 0.004 0.005 0.003 0.037 0.008 0.031 0.004 
 21 TMA-ZAIN-G-    (0)   :  0.005 0.004 0.004 0.002 0.005 0.945 0.004 0.005 0.003 0.005 0.003 0.005 0.005 0.005 
 22 TMA-ZAIN-G-    (0)   :  0.002 0.003 0.009 0.003 0.012 0.882 0.003 0.003 0.003 0.003 0.058 0.010 0.006 0.003 
 23 TMA-ZAIN-G-    (0)   :  0.003 0.010 0.010 0.007 0.030 0.859 0.007 0.008 0.005 0.007 0.017 0.026 0.004 0.006 
 24 TMA-ZAIN-G-    (9)   :  0.092 0.003 0.003 0.021 0.003 0.648 0.009 0.010 0.167 0.020 0.007 0.004 0.007 0.005 
 25 TMA-ZAIN-G-    (9)   :  0.004 0.003 0.003 0.003 0.655 0.010 0.007 0.004 0.090 0.007 0.082 0.008 0.004 0.120 
 26 TMA-ZAIN-G-    (9)   :  0.007 0.018 0.009 0.010 0.011 0.024 0.012 0.020 0.102 0.069 0.006 0.005 0.485 0.221 
 27 TMA-ZAIN-G-    (0)   :  0.009 0.010 0.025 0.071 0.073 0.017 0.004 0.013 0.005 0.018 0.071 0.662 0.014 0.008 
 28 TMA-ZAIN-G-    (0)   :  0.004 0.009 0.005 0.009 0.014 0.004 0.005 0.005 0.004 0.005 0.008 0.916 0.004 0.006 
 29 TMA-ZAIN-G-    (0)   :  0.713 0.005 0.003 0.005 0.221 0.004 0.004 0.004 0.005 0.006 0.003 0.006 0.017 0.004 
 30 TMA-ZAIN-G-    (0)   :  0.029 0.015 0.008 0.052 0.028 0.004 0.047 0.042 0.088 0.197 0.004 0.450 0.005 0.032 
 31 TMA-ZAIN-G-    (0)   :  0.007 0.007 0.019 0.006 0.012 0.011 0.004 0.008 0.009 0.004 0.846 0.007 0.056 0.004 
 32 TMA-ZAIN-G-    (9)   :  0.004 0.006 0.007 0.011 0.084 0.084 0.028 0.008 0.006 0.030 0.329 0.008 0.006 0.388 
 33 TMA-ZAIN-G-   (18)   :  0.010 0.021 0.004 0.005 0.003 0.003 0.028 0.014 0.006 0.051 0.004 0.006 0.004 0.842 
 34 TMA-ZAIN-G-    (0)   :  0.004 0.007 0.005 0.004 0.012 0.021 0.022 0.013 0.008 0.006 0.051 0.008 0.007 0.833 
 35 TMA-ZAIN-G-    (9)   :  0.011 0.007 0.005 0.007 0.005 0.003 0.008 0.006 0.010 0.012 0.005 0.007 0.006 0.908 
 36 TMA-ZAIN-G-    (0)   :  0.012 0.047 0.008 0.133 0.005 0.003 0.014 0.024 0.296 0.230 0.004 0.007 0.013 0.205 
 37 TMA-ZAIN-G-    (9)   :  0.006 0.011 0.012 0.004 0.004 0.004 0.009 0.009 0.012 0.015 0.004 0.007 0.005 0.898 
 38 TMA-ZAIN-G-   (18)   :  0.007 0.005 0.011 0.031 0.105 0.027 0.011 0.011 0.012 0.042 0.416 0.006 0.007 0.309 
 39 TMA-ZAIN-G-    (0)   :  0.012 0.018 0.008 0.004 0.004 0.005 0.092 0.037 0.683 0.056 0.003 0.008 0.008 0.062 
 40 TMA-ZAIN-G-    (0)   :  0.006 0.013 0.016 0.004 0.004 0.005 0.078 0.028 0.088 0.675 0.003 0.004 0.005 0.069 
 41 TMA-ZAIN-G-    (0)   :  0.007 0.029 0.003 0.035 0.003 0.003 0.025 0.006 0.217 0.629 0.003 0.005 0.005 0.029 
 42 TMA-ZAIN-G-    (9)   :  0.008 0.046 0.005 0.090 0.003 0.002 0.009 0.005 0.010 0.794 0.003 0.004 0.014 0.007 
 43 TMA-ZAIN-G-    (0)   :  0.011 0.017 0.004 0.923 0.004 0.003 0.003 0.005 0.004 0.010 0.003 0.003 0.005 0.004 
 44 TMA-ZAIN-G-    (0)   :  0.009 0.007 0.008 0.004 0.015 0.761 0.009 0.104 0.041 0.009 0.005 0.003 0.004 0.020 
 45 TMA-ZAIN-G-    (0)   :  0.007 0.023 0.016 0.018 0.009 0.006 0.149 0.384 0.015 0.199 0.006 0.013 0.010 0.147 
 46 TMA-ZAIN-G-    (0)   :  0.003 0.003 0.009 0.004 0.005 0.945 0.003 0.005 0.005 0.003 0.003 0.003 0.005 0.003 
 47 TMA-ZAIN-G-    (0)   :  0.004 0.005 0.012 0.004 0.004 0.004 0.006 0.003 0.004 0.004 0.004 0.004 0.937 0.006 
 48 TMA-ZAIN-G-    (0)   :  0.016 0.155 0.144 0.040 0.013 0.030 0.021 0.119 0.014 0.174 0.006 0.046 0.188 0.033 
 49 TMA-ZAIN-G-    (9)   :  0.043 0.008 0.019 0.004 0.806 0.006 0.029 0.011 0.005 0.007 0.012 0.011 0.007 0.031 
 50 TMA-ZAIN-G-    (0)   :  0.003 0.012 0.006 0.009 0.804 0.006 0.010 0.007 0.023 0.080 0.011 0.021 0.003 0.006 
 51 TMA-ZAIN-G-    (0)   :  0.007 0.010 0.013 0.052 0.808 0.006 0.004 0.015 0.009 0.024 0.007 0.020 0.016 0.008 
 52 TMA-ZAIN-G-    (0)   :  0.003 0.010 0.121 0.016 0.747 0.008 0.011 0.008 0.006 0.008 0.006 0.021 0.028 0.007 
 53 TMA-ZAIN-G-    (0)   :  0.005 0.009 0.067 0.035 0.624 0.006 0.003 0.018 0.011 0.010 0.137 0.009 0.059 0.005 
 54 TMA-ZAIN-G-    (0)   :  0.003 0.011 0.004 0.010 0.008 0.005 0.007 0.006 0.004 0.009 0.005 0.010 0.912 0.005 
 55 TMA-ZAIN-G-    (0)   :  0.003 0.015 0.004 0.020 0.022 0.007 0.011 0.007 0.004 0.040 0.004 0.022 0.835 0.007 
 56 TMA-ZAIN-G-    (0)   :  0.020 0.091 0.378 0.029 0.033 0.009 0.014 0.053 0.023 0.200 0.006 0.066 0.052 0.026 
 57 TMA-ZAIN-G-    (0)   :  0.009 0.007 0.011 0.006 0.027 0.004 0.036 0.010 0.012 0.006 0.008 0.005 0.847 0.014 
 58 TMA-ZAIN-G-    (0)   :  0.006 0.042 0.014 0.009 0.445 0.130 0.015 0.007 0.003 0.016 0.040 0.220 0.041 0.011 
 59 TMA-ZAIN-G-    (0)   :  0.020 0.055 0.037 0.008 0.012 0.027 0.016 0.135 0.019 0.023 0.568 0.022 0.018 0.039 
 60 TMA-ZAIN-G-    (0)   :  0.008 0.021 0.047 0.131 0.113 0.010 0.006 0.026 0.006 0.019 0.501 0.083 0.019 0.009 
 61 TMA-ZAIN-G-    (0)   :  0.004 0.003 0.032 0.003 0.010 0.020 0.003 0.004 0.003 0.003 0.890 0.006 0.013 0.005 
 62 TMA-ZAIN-G-    (9)   :  0.007 0.009 0.003 0.006 0.018 0.018 0.039 0.026 0.024 0.037 0.666 0.066 0.011 0.068 
 63 TMA-ZAIN-G-    (0)   :  0.003 0.006 0.014 0.007 0.012 0.007 0.007 0.004 0.003 0.005 0.902 0.010 0.013 0.006 
 64 TMA-ZAIN-G-    (0)   :  0.943 0.004 0.004 0.005 0.003 0.002 0.004 0.008 0.008 0.006 0.002 0.003 0.003 0.005 
 65 TMA-ZAIN-G-    (9)   :  0.871 0.011 0.005 0.007 0.003 0.003 0.016 0.007 0.007 0.006 0.003 0.006 0.008 0.049 
 66 TMA-ZAIN-G-    (0)   :  0.886 0.008 0.005 0.005 0.003 0.003 0.010 0.026 0.015 0.009 0.003 0.004 0.004 0.020 
 67 TMA-ZAIN-G-    (0)   :  0.707 0.007 0.004 0.003 0.009 0.014 0.021 0.038 0.114 0.014 0.004 0.014 0.005 0.047 
 68 TMA-ZAIN-G-    (0)   :  0.941 0.008 0.004 0.007 0.003 0.002 0.005 0.005 0.005 0.005 0.002 0.003 0.005 0.005 
 69 TMA-ZAIN-G-    (0)   :  0.714 0.008 0.020 0.017 0.024 0.024 0.030 0.028 0.035 0.005 0.017 0.007 0.008 0.062 
 70 TMA-ZAIN-G-    (0)   :  0.014 0.005 0.004 0.005 0.004 0.004 0.009 0.067 0.860 0.008 0.003 0.004 0.003 0.010 
 71 TMA-ZAIN-G-    (0)   :  0.004 0.005 0.004 0.003 0.003 0.003 0.012 0.014 0.926 0.006 0.003 0.004 0.003 0.011 
 72 TMA-ZAIN-G-    (0)   :  0.015 0.006 0.005 0.006 0.004 0.004 0.007 0.011 0.900 0.010 0.003 0.008 0.007 0.015 
 73 TMA-ZAIN-G-    (0)   :  0.005 0.006 0.004 0.003 0.019 0.026 0.007 0.005 0.856 0.006 0.019 0.019 0.013 0.011 
 74 TMA-ZAIN-G-    (0)   :  0.005 0.006 0.003 0.004 0.006 0.005 0.009 0.008 0.924 0.006 0.005 0.004 0.005 0.011 
 75 TMA-ZAIN-G-    (0)   :  0.005 0.006 0.004 0.005 0.004 0.003 0.008 0.007 0.926 0.005 0.004 0.005 0.007 0.011 
 76 TMA-ZAIN-G-    (0)   :  0.006 0.004 0.003 0.003 0.008 0.013 0.008 0.015 0.912 0.005 0.004 0.004 0.003 0.013 
 77 TMA-ZAIN-G-    (0)   :  0.005 0.004 0.008 0.006 0.005 0.004 0.005 0.007 0.931 0.008 0.002 0.005 0.004 0.006 
 78 TMA-ZAIN-G-    (0)   :  0.004 0.006 0.008 0.005 0.011 0.010 0.007 0.012 0.903 0.006 0.005 0.007 0.006 0.010 
 79 TMA-ZAIN-G-    (0)   :  0.004 0.005 0.020 0.006 0.007 0.007 0.006 0.014 0.906 0.007 0.004 0.005 0.004 0.006 
 80 TMA-ZAIN-G-    (0)   :  0.018 0.011 0.006 0.004 0.004 0.004 0.118 0.018 0.746 0.018 0.003 0.007 0.010 0.033 
 81 TMA-ZAIN-G-    (0)   :  0.005 0.010 0.026 0.008 0.006 0.005 0.013 0.044 0.832 0.011 0.004 0.008 0.005 0.022 
 82 TMA-ZAIN-G-    (0)   :  0.208 0.016 0.008 0.006 0.005 0.003 0.048 0.138 0.083 0.009 0.006 0.007 0.016 0.448 
 83 TMA-ZAIN-G-    (9)   :  0.021 0.017 0.004 0.004 0.011 0.023 0.078 0.014 0.010 0.008 0.032 0.026 0.013 0.739 
 84 TMA-ZAIN-G-    (0)   :  0.005 0.007 0.010 0.005 0.008 0.012 0.016 0.037 0.858 0.012 0.004 0.006 0.004 0.014 
 85 TMA-ZAIN-G-    (0)   :  0.003 0.004 0.953 0.003 0.004 0.004 0.003 0.004 0.003 0.003 0.004 0.004 0.004 0.004 
 86 TMA-ZAIN-G-    (0)   :  0.006 0.009 0.919 0.003 0.004 0.005 0.008 0.010 0.006 0.009 0.004 0.005 0.004 0.010 
 87 TMA-ZAIN-G-    (0)   :  0.003 0.004 0.953 0.003 0.004 0.005 0.003 0.004 0.003 0.003 0.005 0.004 0.003 0.004 
 88 TMA-ZAIN-G-    (0)   :  0.038 0.015 0.407 0.018 0.009 0.010 0.097 0.029 0.031 0.010 0.179 0.009 0.059 0.089 
 89 TMA-ZAIN-G-    (0)   :  0.028 0.011 0.299 0.043 0.009 0.032 0.032 0.044 0.043 0.014 0.026 0.004 0.386 0.029 
 90 TMA-ZAIN-G-    (0)   :  0.013 0.006 0.838 0.004 0.007 0.004 0.022 0.005 0.004 0.004 0.016 0.006 0.037 0.032 
 91 TMA-ZAIN-G-    (0)   :  0.011 0.013 0.786 0.013 0.008 0.007 0.007 0.014 0.008 0.007 0.053 0.019 0.044 0.010 
 92 TMA-ZAIN-G-    (0)   :  0.007 0.008 0.496 0.012 0.036 0.037 0.005 0.012 0.011 0.010 0.008 0.023 0.325 0.009 
 93 TMA-ZAIN-G-    (0)   :  0.008 0.006 0.232 0.024 0.022 0.015 0.004 0.008 0.007 0.006 0.042 0.097 0.523 0.006 
 94 TMA-ZAIN-G-    (0)   :  0.005 0.005 0.750 0.007 0.010 0.011 0.003 0.005 0.005 0.004 0.109 0.017 0.063 0.005 
 95 TMA-ZAIN-G-    (0)   :  0.007 0.005 0.006 0.016 0.021 0.005 0.006 0.006 0.010 0.016 0.006 0.889 0.004 0.005 
 96 TMA-ZAIN-G-    (0)   :  0.004 0.007 0.009 0.016 0.071 0.006 0.008 0.005 0.004 0.092 0.005 0.762 0.005 0.005 
 97 TMA-ZAIN-G-    (0)   :  0.007 0.007 0.008 0.008 0.017 0.006 0.004 0.010 0.016 0.004 0.891 0.005 0.012 0.004 
 98 TMA-ZAIN-G-    (0)   :  0.005 0.007 0.007 0.006 0.005 0.004 0.003 0.010 0.014 0.004 0.917 0.003 0.011 0.004 
 99 TMA-ZAIN-G-    (0)   :  0.014 0.009 0.005 0.007 0.006 0.012 0.019 0.110 0.007 0.030 0.675 0.009 0.003 0.095 
100 TMA-ZAIN-G-    (0)   :  0.005 0.005 0.037 0.007 0.026 0.016 0.003 0.006 0.006 0.004 0.853 0.006 0.023 0.004 
101 TMA-ZAIN-G-    (0)   :  0.006 0.006 0.004 0.006 0.009 0.005 0.006 0.029 0.009 0.004 0.893 0.005 0.012 0.005 
102 TMA-ZAIN-G-    (0)   :  0.012 0.009 0.038 0.028 0.147 0.201 0.053 0.015 0.017 0.054 0.381 0.020 0.009 0.017 
103 TMA-ZAIN-G-    (0)   :  0.006 0.014 0.030 0.008 0.068 0.016 0.022 0.014 0.009 0.012 0.759 0.018 0.006 0.019 
104 TMA-ZAIN-G-    (0)   :  0.003 0.005 0.003 0.004 0.008 0.006 0.004 0.004 0.004 0.003 0.942 0.005 0.005 0.004 
105 TMA-ZAIN-G-    (0)   :  0.006 0.018 0.043 0.007 0.025 0.007 0.028 0.018 0.008 0.013 0.776 0.021 0.006 0.025 
106 TMA-ZAIN-G-    (0)   :  0.049 0.051 0.007 0.084 0.004 0.003 0.070 0.102 0.093 0.495 0.004 0.006 0.006 0.025 
107 TMA-ZAIN-G-    (0)   :  0.015 0.036 0.007 0.013 0.006 0.003 0.424 0.259 0.122 0.021 0.005 0.007 0.009 0.072 
108 TMA-ZAIN-G-    (9)   :  0.007 0.011 0.053 0.026 0.069 0.049 0.009 0.043 0.014 0.055 0.126 0.012 0.013 0.513 
109 TMA-ZAIN-G-    (0)   :  0.141 0.057 0.013 0.023 0.009 0.006 0.151 0.017 0.007 0.092 0.272 0.054 0.063 0.093 
110 TMA-ZAIN-G-    (0)   :  0.008 0.071 0.022 0.015 0.115 0.130 0.097 0.217 0.022 0.067 0.058 0.024 0.015 0.140 
111 TMA-ZAIN-G-    (9)   :  0.010 0.009 0.006 0.004 0.083 0.105 0.120 0.016 0.047 0.012 0.412 0.022 0.022 0.130 
112 TMA-ZAIN-G-    (0)   :  0.020 0.059 0.014 0.031 0.115 0.048 0.092 0.070 0.016 0.167 0.238 0.044 0.027 0.058 
113 TMA-ZAIN-G-    (0)   :  0.011 0.008 0.006 0.006 0.005 0.008 0.015 0.017 0.023 0.005 0.863 0.004 0.020 0.011 
114 TMA-ZAIN-G-    (0)   :  0.003 0.003 0.007 0.002 0.005 0.010 0.004 0.003 0.003 0.002 0.946 0.005 0.004 0.004 
115 TMA-ZAIN-G-    (0)   :  0.003 0.003 0.003 0.004 0.004 0.006 0.005 0.003 0.003 0.003 0.949 0.005 0.004 0.004 
116 TMA-ZAIN-G-    (0)   :  0.010 0.013 0.005 0.005 0.003 0.003 0.178 0.008 0.010 0.007 0.004 0.006 0.010 0.737 
117 TMA-ZAIN-G-    (0)   :  0.162 0.136 0.029 0.059 0.007 0.003 0.027 0.038 0.068 0.038 0.006 0.027 0.027 0.372 
118 TMA-ZAIN-G-    (0)   :  0.021 0.011 0.006 0.021 0.006 0.003 0.255 0.008 0.011 0.011 0.005 0.009 0.008 0.625 
119 TMA-ZAIN-G-    (0)   :  0.019 0.012 0.004 0.005 0.016 0.014 0.148 0.008 0.035 0.006 0.017 0.015 0.008 0.693 
120 TMA-ZAIN-G-    (0)   :  0.015 0.016 0.011 0.043 0.008 0.003 0.146 0.011 0.017 0.011 0.007 0.012 0.009 0.691 
121 TMA-ZAIN-G-    (0)   :  0.035 0.024 0.006 0.008 0.004 0.003 0.018 0.009 0.010 0.014 0.005 0.012 0.009 0.843 
122 TMA-ZAIN-G-    (0)   :  0.017 0.072 0.054 0.009 0.005 0.005 0.033 0.071 0.019 0.018 0.004 0.032 0.008 0.652 
123 TMA-ZAIN-G-    (0)   :  0.004 0.005 0.009 0.012 0.014 0.008 0.004 0.006 0.005 0.005 0.910 0.007 0.005 0.006 
124 TMA-ZAIN-G-    (0)   :  0.004 0.894 0.006 0.006 0.004 0.003 0.008 0.008 0.004 0.045 0.004 0.005 0.003 0.006 
125 TMA-ZAIN-G-    (0)   :  0.011 0.914 0.005 0.009 0.003 0.002 0.005 0.005 0.004 0.009 0.002 0.004 0.020 0.005 
126 TMA-ZAIN-G-    (0)   :  0.003 0.913 0.005 0.017 0.004 0.003 0.010 0.006 0.004 0.016 0.004 0.004 0.006 0.006 
127 TMA-ZAIN-G-    (0)   :  0.005 0.866 0.005 0.008 0.003 0.003 0.011 0.012 0.004 0.067 0.003 0.004 0.003 0.006 
128 TMA-ZAIN-G-    (0)   :  0.012 0.895 0.005 0.006 0.003 0.003 0.007 0.011 0.005 0.023 0.003 0.008 0.004 0.014 
129 TMA-ZAIN-G-    (0)   :  0.004 0.928 0.006 0.007 0.004 0.003 0.006 0.007 0.004 0.012 0.004 0.004 0.004 0.006 
130 TMA-ZAIN-G-    (0)   :  0.005 0.915 0.005 0.015 0.004 0.003 0.008 0.005 0.004 0.008 0.004 0.005 0.013 0.006 
131 TMA-ZAIN-G-    (0)   :  0.004 0.910 0.007 0.009 0.004 0.003 0.006 0.007 0.004 0.026 0.004 0.006 0.004 0.006 
132 TMA-ZAIN-G-    (0)   :  0.014 0.888 0.005 0.008 0.003 0.003 0.008 0.011 0.007 0.016 0.003 0.007 0.014 0.015 
133 TMA-ZAIN-G-    (0)   :  0.089 0.039 0.047 0.117 0.016 0.011 0.054 0.017 0.077 0.479 0.003 0.012 0.026 0.014 
134 TMA-ZAIN-G-    (0)   :  0.071 0.271 0.042 0.254 0.007 0.008 0.106 0.017 0.068 0.117 0.003 0.005 0.021 0.010 
135 TMA-ZAIN-G-    (0)   :  0.030 0.071 0.033 0.017 0.005 0.007 0.558 0.099 0.066 0.059 0.004 0.004 0.013 0.036 
136 TMA-ZAIN-G-    (0)   :  0.554 0.031 0.005 0.007 0.004 0.005 0.072 0.058 0.031 0.037 0.005 0.009 0.013 0.170 
137 TMA-ZAIN-G-    (0)   :  0.005 0.015 0.018 0.005 0.006 0.008 0.880 0.016 0.018 0.009 0.005 0.003 0.005 0.009 
138 TMA-ZAIN-G-    (0)   :  0.014 0.375 0.005 0.024 0.003 0.003 0.249 0.087 0.019 0.089 0.004 0.003 0.017 0.108 
139 TMA-ZAIN-G-    (0)   :  0.013 0.205 0.012 0.019 0.004 0.005 0.433 0.024 0.057 0.040 0.004 0.003 0.078 0.104 
140 TMA-ZAIN-G-    (0)   :  0.009 0.015 0.005 0.006 0.004 0.004 0.217 0.481 0.017 0.051 0.003 0.010 0.004 0.175 
141 TMA-ZAIN-G-    (0)   :  0.006 0.049 0.011 0.021 0.005 0.003 0.059 0.709 0.035 0.021 0.006 0.006 0.006 0.063 
142 TMA-ZAIN-G-    (9)   :  0.011 0.016 0.006 0.007 0.004 0.003 0.199 0.538 0.019 0.022 0.003 0.006 0.004 0.162 
143 TMA-ZAIN-G-    (0)   :  0.013 0.094 0.006 0.011 0.004 0.003 0.119 0.263 0.016 0.060 0.004 0.010 0.005 0.392 
144 TMA-ZAIN-G-    (0)   :  0.007 0.071 0.014 0.015 0.011 0.008 0.329 0.052 0.009 0.138 0.004 0.025 0.029 0.289 
145 TMA-ZAIN-G-    (0)   :  0.274 0.070 0.005 0.006 0.003 0.002 0.432 0.062 0.054 0.020 0.003 0.006 0.017 0.046 
146 TMA-ZAIN-G-    (0)   :  0.004 0.005 0.004 0.004 0.003 0.003 0.007 0.935 0.014 0.004 0.003 0.003 0.003 0.009 
147 TMA-ZAIN-G-    (9)   :  0.007 0.006 0.004 0.004 0.003 0.003 0.008 0.926 0.009 0.007 0.003 0.004 0.004 0.012 
148 TMA-ZAIN-G-    (0)   :  0.004 0.027 0.004 0.047 0.004 0.003 0.007 0.838 0.008 0.024 0.003 0.003 0.023 0.006 
149 TMA-ZAIN-G-    (0)   :  0.006 0.042 0.024 0.024 0.009 0.013 0.013 0.717 0.009 0.030 0.020 0.016 0.051 0.027 
150 TMA-ZAIN-G-    (0)   :  0.103 0.017 0.013 0.016 0.009 0.010 0.034 0.448 0.015 0.017 0.026 0.014 0.088 0.191 
151 TMA-ZAIN-G-    (0)   :  0.008 0.006 0.003 0.015 0.003 0.002 0.733 0.006 0.006 0.139 0.004 0.005 0.004 0.066 
152 TMA-ZAIN-G-    (0)   :  0.005 0.007 0.003 0.016 0.003 0.003 0.715 0.009 0.004 0.012 0.005 0.005 0.005 0.208 
153 TMA-ZAIN-G-    (0)   :  0.014 0.036 0.003 0.029 0.003 0.003 0.697 0.022 0.012 0.082 0.003 0.004 0.014 0.078 
154 TMA-ZAIN-G-    (0)   :  0.004 0.008 0.004 0.004 0.003 0.002 0.927 0.006 0.004 0.006 0.003 0.003 0.004 0.020 
155 TMA-ZAIN-G-    (0)   :  0.005 0.010 0.005 0.007 0.004 0.003 0.917 0.012 0.007 0.009 0.004 0.004 0.003 0.012 
156 TMA-ZAIN-G-    (9)   :  0.003 0.033 0.003 0.069 0.004 0.003 0.750 0.014 0.005 0.051 0.006 0.004 0.010 0.045 
157 TMA-ZAIN-G-    (0)   :  0.006 0.018 0.005 0.132 0.004 0.003 0.627 0.069 0.009 0.075 0.005 0.004 0.006 0.038 
158 TMA-ZAIN-G-    (0)   :  0.006 0.007 0.004 0.004 0.005 0.004 0.671 0.040 0.022 0.014 0.003 0.005 0.004 0.211 
159 TMA-ZAIN-G-    (0)   :  0.018 0.015 0.004 0.005 0.004 0.002 0.570 0.141 0.160 0.009 0.004 0.004 0.005 0.059 
160 TMA-ZAIN-G-    (0)   :  0.022 0.009 0.004 0.005 0.003 0.002 0.625 0.045 0.137 0.005 0.005 0.004 0.008 0.126 
161 TMA-ZAIN-G-    (0)   :  0.007 0.180 0.007 0.024 0.005 0.003 0.455 0.065 0.016 0.089 0.003 0.007 0.023 0.116 
162 TMA-ZAIN-G-    (0)   :  0.005 0.005 0.012 0.003 0.006 0.013 0.885 0.006 0.005 0.009 0.018 0.011 0.010 0.013 
163 TMA-ZAIN-G-    (0)   :  0.004 0.006 0.003 0.003 0.003 0.002 0.933 0.008 0.005 0.005 0.003 0.003 0.003 0.020 
164 TMA-ZAIN-G-    (0)   :  0.008 0.012 0.012 0.005 0.004 0.005 0.503 0.027 0.007 0.006 0.005 0.006 0.008 0.392 
165 TMA-ZAIN-G-    (0)   :  0.006 0.011 0.003 0.004 0.003 0.003 0.645 0.025 0.009 0.007 0.004 0.004 0.003 0.273 
166 TMA-ZAIN-G-    (0)   :  0.013 0.108 0.006 0.006 0.003 0.002 0.609 0.112 0.040 0.034 0.003 0.004 0.009 0.051 
167 TMA-ZAIN-G-    (0)   :  0.005 0.014 0.007 0.008 0.006 0.005 0.026 0.705 0.113 0.023 0.005 0.008 0.005 0.071 
168 TMA-ZAIN-G-    (0)   :  0.011 0.007 0.006 0.023 0.005 0.003 0.008 0.767 0.085 0.009 0.005 0.005 0.005 0.061 
169 TMA-ZAIN-G-    (0)   :  0.058 0.007 0.004 0.005 0.003 0.003 0.015 0.769 0.080 0.006 0.003 0.003 0.004 0.041 
170 TMA-ZAIN-G-    (0)   :  0.013 0.026 0.006 0.060 0.039 0.013 0.045 0.610 0.038 0.068 0.019 0.009 0.004 0.051 
171 TMA-ZAIN-G-    (0)   :  0.014 0.005 0.004 0.004 0.003 0.003 0.010 0.805 0.100 0.004 0.003 0.003 0.003 0.039 
172 TMA-ZAIN-G-    (0)   :  0.005 0.028 0.006 0.020 0.006 0.004 0.026 0.359 0.014 0.501 0.003 0.005 0.003 0.018 
173 TMA-ZAIN-G-    (0)   :  0.006 0.040 0.008 0.018 0.006 0.004 0.017 0.164 0.018 0.675 0.004 0.008 0.005 0.027 
174 TMA-ZAIN-G-    (0)   :  0.037 0.585 0.005 0.004 0.003 0.003 0.048 0.132 0.024 0.100 0.003 0.005 0.007 0.045 
175 TMA-ZAIN-G-    (0)   :  0.007 0.005 0.005 0.005 0.003 0.003 0.010 0.806 0.124 0.005 0.003 0.004 0.004 0.016 
176 TMA-ZAIN-G-    (0)   :  0.005 0.006 0.004 0.004 0.003 0.003 0.011 0.908 0.031 0.006 0.003 0.003 0.003 0.011 
177 TMA-ZAIN-G-    (0)   :  0.003 0.005 0.004 0.012 0.004 0.003 0.012 0.905 0.015 0.011 0.003 0.003 0.003 0.017 
178 TMA-ZAIN-G-    (0)   :  0.004 0.009 0.005 0.041 0.007 0.004 0.023 0.452 0.018 0.335 0.005 0.008 0.004 0.086 
179 TMA-ZAIN-G-    (0)   :  0.006 0.009 0.005 0.016 0.003 0.003 0.024 0.856 0.012 0.037 0.003 0.005 0.004 0.018 
180 TMA-ZAIN-G-    (0)   :  0.103 0.383 0.029 0.032 0.006 0.007 0.020 0.058 0.006 0.259 0.004 0.013 0.011 0.069 
181 TMA-ZAIN-G-    (0)   :  0.005 0.020 0.004 0.122 0.004 0.002 0.054 0.008 0.011 0.740 0.005 0.004 0.005 0.013 
182 TMA-ZAIN-G-    (0)   :  0.003 0.374 0.006 0.178 0.004 0.003 0.034 0.033 0.005 0.325 0.007 0.005 0.005 0.018 
183 TMA-ZAIN-G-    (0)   :  0.004 0.010 0.005 0.068 0.004 0.003 0.011 0.010 0.006 0.848 0.004 0.004 0.004 0.020 
184 TMA-ZAIN-G-    (0)   :  0.007 0.018 0.022 0.026 0.010 0.012 0.039 0.016 0.013 0.750 0.028 0.014 0.021 0.024 
185 TMA-ZAIN-G-    (0)   :  0.006 0.027 0.014 0.004 0.008 0.015 0.011 0.006 0.007 0.824 0.012 0.036 0.021 0.009 
186 TMA-ZAIN-G-    (9)   :  0.006 0.048 0.005 0.005 0.007 0.004 0.016 0.009 0.010 0.859 0.004 0.012 0.005 0.009 
187 TMA-ZAIN-G-    (0)   :  0.015 0.018 0.004 0.018 0.004 0.003 0.041 0.013 0.037 0.826 0.004 0.005 0.003 0.008 
188 TMA-ZAIN-G-    (0)   :  0.021 0.015 0.003 0.007 0.003 0.003 0.018 0.007 0.037 0.861 0.003 0.005 0.004 0.012 
189 TMA-ZAIN-G-    (0)   :  0.007 0.013 0.003 0.007 0.003 0.003 0.006 0.006 0.004 0.934 0.002 0.003 0.002 0.006 
190 TMA-ZAIN-G-    (0)   :  0.017 0.010 0.004 0.026 0.005 0.003 0.007 0.032 0.028 0.815 0.003 0.006 0.006 0.040 
191 TMA-ZAIN-G-    (0)   :  0.005 0.007 0.015 0.004 0.007 0.014 0.006 0.009 0.007 0.890 0.012 0.010 0.009 0.006 
192 TMA-ZAIN-G-    (0)   :  0.004 0.015 0.014 0.014 0.007 0.009 0.009 0.008 0.014 0.891 0.004 0.003 0.004 0.005 
193 TMA-ZAIN-G-    (0)   :  0.004 0.004 0.004 0.956 0.003 0.002 0.003 0.003 0.003 0.005 0.002 0.003 0.004 0.003 
194 TMA-ZAIN-G-    (0)   :  0.012 0.030 0.005 0.795 0.011 0.007 0.004 0.008 0.006 0.077 0.003 0.019 0.017 0.006 
195 TMA-ZAIN-G-    (0)   :  0.039 0.030 0.004 0.739 0.009 0.002 0.006 0.035 0.026 0.079 0.003 0.005 0.007 0.017 
196 TMA-ZAIN-G-    (0)   :  0.014 0.010 0.004 0.898 0.004 0.003 0.007 0.007 0.006 0.022 0.003 0.007 0.006 0.009 
197 TMA-ZAIN-G-    (0)   :  0.011 0.012 0.007 0.907 0.003 0.003 0.007 0.011 0.009 0.010 0.003 0.004 0.005 0.008 
198 TMA-ZAIN-G-    (0)   :  0.007 0.008 0.004 0.906 0.003 0.003 0.011 0.013 0.009 0.016 0.003 0.003 0.005 0.008 
199 TMA-ZAIN-G-    (0)   :  0.005 0.034 0.005 0.006 0.005 0.003 0.013 0.009 0.007 0.885 0.003 0.009 0.006 0.010 
200 TMA-ZAIN-G-    (0)   :  0.004 0.003 0.006 0.051 0.121 0.759 0.002 0.004 0.003 0.006 0.019 0.015 0.004 0.004 
201 TMA-ZAIN-G-    (0)   :  0.006 0.003 0.006 0.003 0.034 0.905 0.003 0.004 0.004 0.003 0.008 0.012 0.004 0.004 
202 TMA-ZAIN-G-    (0)   :  0.004 0.004 0.004 0.040 0.049 0.831 0.005 0.009 0.003 0.013 0.019 0.008 0.002 0.007 
203 TMA-ZAIN-G-    (0)   :  0.004 0.055 0.005 0.787 0.004 0.003 0.024 0.024 0.008 0.030 0.019 0.004 0.005 0.029 
204 TMA-ZAIN-G-    (9)   :  0.011 0.010 0.057 0.007 0.037 0.780 0.004 0.026 0.019 0.009 0.005 0.006 0.024 0.006 
205 TMA-ZAIN-G-    (0)   :  0.007 0.012 0.022 0.007 0.093 0.693 0.085 0.013 0.012 0.007 0.006 0.005 0.013 0.026 
206 TMA-ZAIN-G-    (9)   :  0.010 0.007 0.159 0.056 0.077 0.588 0.006 0.021 0.007 0.023 0.012 0.010 0.011 0.014 
207 TMA-ZAIN-G-    (9)   :  0.037 0.015 0.056 0.008 0.021 0.007 0.115 0.010 0.014 0.016 0.010 0.052 0.043 0.596 
208 TMA-ZAIN-G-    (0)   :  0.039 0.007 0.002 0.003 0.003 0.003 0.052 0.192 0.019 0.026 0.003 0.008 0.005 0.638 
209 TMA-ZAIN-G-    (0)   :  0.016 0.243 0.009 0.232 0.004 0.003 0.093 0.142 0.083 0.081 0.003 0.004 0.060 0.029 
210 TMA-ZAIN-G-    (0)   :  0.089 0.074 0.013 0.327 0.004 0.003 0.073 0.184 0.059 0.125 0.004 0.010 0.016 0.020 
211 TMA-ZAIN-G-    (0)   :  0.025 0.414 0.009 0.068 0.023 0.021 0.027 0.164 0.053 0.130 0.010 0.017 0.010 0.030 
212 TMA-ZAIN-G-    (0)   :  0.012 0.051 0.017 0.017 0.004 0.004 0.042 0.475 0.006 0.272 0.003 0.009 0.006 0.083 
213 TMA-ZAIN-G-    (0)   :  0.006 0.046 0.005 0.031 0.005 0.004 0.231 0.309 0.030 0.290 0.003 0.005 0.008 0.026 
214 TMA-ZAIN-G-    (0)   :  0.054 0.210 0.005 0.030 0.006 0.004 0.255 0.083 0.093 0.211 0.003 0.004 0.009 0.032 
215 TMA-ZAIN-G-    (0)   :  0.005 0.012 0.003 0.004 0.249 0.009 0.049 0.144 0.053 0.362 0.003 0.004 0.002 0.100 
216 TMA-ZAIN-G-    (0)   :  0.008 0.095 0.006 0.017 0.005 0.005 0.040 0.028 0.014 0.736 0.003 0.007 0.012 0.024 
217 TMA-ZAIN-G-    (0)   :  0.122 0.232 0.006 0.065 0.003 0.003 0.082 0.273 0.119 0.060 0.003 0.003 0.007 0.021 
218 TMA-ZAIN-G-    (0)   :  0.009 0.012 0.004 0.004 0.912 0.003 0.007 0.007 0.004 0.007 0.006 0.012 0.006 0.007 
219 TMA-ZAIN-G-    (0)   :  0.004 0.007 0.013 0.003 0.926 0.007 0.004 0.003 0.004 0.005 0.005 0.007 0.008 0.004 
220 TMA-ZAIN-G-    (0)   :  0.013 0.006 0.010 0.005 0.689 0.004 0.016 0.008 0.007 0.007 0.029 0.080 0.006 0.119 
221 TMA-ZAIN-G-    (0)   :  0.005 0.014 0.009 0.006 0.884 0.012 0.008 0.011 0.006 0.017 0.004 0.011 0.005 0.008 
222 TMA-ZAIN-G-    (0)   :  0.012 0.011 0.020 0.004 0.868 0.006 0.012 0.008 0.008 0.007 0.016 0.005 0.009 0.015 
223 TMA-ZAIN-G-    (0)   :  0.005 0.005 0.012 0.003 0.915 0.007 0.004 0.005 0.005 0.004 0.006 0.018 0.005 0.006 
224 TMA-ZAIN-G-    (0)   :  0.005 0.027 0.100 0.007 0.783 0.012 0.006 0.008 0.005 0.013 0.010 0.012 0.007 0.006 
225 TMA-ZAIN-G-    (0)   :  0.002 0.004 0.006 0.010 0.927 0.007 0.003 0.004 0.004 0.006 0.009 0.010 0.004 0.004 
226 TMA-ZAIN-G-    (0)   :  0.006 0.005 0.008 0.021 0.880 0.007 0.007 0.010 0.008 0.011 0.011 0.012 0.005 0.009 
227 TMA-ZAIN-G-    (0)   :  0.004 0.005 0.005 0.018 0.888 0.012 0.008 0.011 0.007 0.012 0.010 0.007 0.004 0.009 
228 TMA-ZAIN-G-    (0)   :  0.010 0.007 0.019 0.006 0.825 0.010 0.013 0.022 0.028 0.010 0.011 0.016 0.005 0.018 
229 TMA-ZAIN-G-    (0)   :  0.008 0.003 0.007 0.003 0.916 0.017 0.003 0.005 0.003 0.003 0.015 0.008 0.006 0.004 
230 TMA-ZAIN-G-    (0)   :  0.013 0.059 0.262 0.011 0.479 0.008 0.006 0.052 0.031 0.017 0.030 0.012 0.013 0.009 
231 TMA-ZAIN-G-    (0)   :  0.011 0.014 0.052 0.011 0.273 0.382 0.035 0.020 0.023 0.010 0.110 0.018 0.013 0.029 
232 TMA-ZAIN-G-    (9)   :  0.031 0.038 0.019 0.007 0.205 0.394 0.011 0.010 0.007 0.017 0.235 0.005 0.010 0.010 
233 TMA-ZAIN-G-    (0)   :  0.049 0.024 0.020 0.008 0.779 0.014 0.013 0.015 0.031 0.009 0.005 0.015 0.009 0.008 
234 TMA-ZAIN-G-    (0)   :  0.007 0.005 0.005 0.011 0.686 0.034 0.008 0.005 0.005 0.004 0.181 0.007 0.032 0.011 
235 TMA-ZAIN-G-    (0)   :  0.005 0.005 0.037 0.023 0.595 0.017 0.012 0.007 0.052 0.067 0.122 0.034 0.009 0.015 
236 TMA-ZAIN-G-    (0)   :  0.007 0.009 0.043 0.023 0.799 0.021 0.012 0.014 0.013 0.012 0.022 0.007 0.003 0.014 
237 TMA-ZAIN-G-    (0)   :  0.010 0.026 0.103 0.007 0.368 0.008 0.018 0.129 0.137 0.015 0.140 0.013 0.006 0.020 
238 TMA-ZAIN-G-    (0)   :  0.005 0.021 0.006 0.006 0.783 0.017 0.031 0.022 0.025 0.020 0.031 0.006 0.003 0.024 
239 TMA-ZAIN-G-    (0)   :  0.022 0.007 0.032 0.084 0.014 0.723 0.003 0.004 0.003 0.038 0.004 0.003 0.036 0.028 
240 TMA-ZAIN-G-    (0)   :  0.003 0.003 0.009 0.004 0.007 0.943 0.003 0.005 0.005 0.003 0.003 0.003 0.006 0.003 
241 TMA-ZAIN-G-    (0)   :  0.005 0.003 0.006 0.004 0.005 0.924 0.006 0.013 0.012 0.005 0.004 0.002 0.005 0.005 
242 TMA-ZAIN-G-    (0)   :  0.005 0.003 0.004 0.003 0.004 0.939 0.007 0.007 0.006 0.005 0.003 0.003 0.003 0.007 
243 TMA-ZAIN-G-    (0)   :  0.008 0.004 0.005 0.004 0.005 0.911 0.007 0.017 0.013 0.007 0.003 0.003 0.005 0.007 
244 TMA-ZAIN-G-    (0)   :  0.009 0.004 0.003 0.003 0.005 0.902 0.015 0.014 0.014 0.008 0.004 0.003 0.003 0.013 
245 TMA-ZAIN-G-    (9)   :  0.002 0.003 0.003 0.003 0.007 0.956 0.003 0.004 0.003 0.003 0.004 0.003 0.003 0.003 
246 TMA-ZAIN-G-    (0)   :  0.003 0.003 0.005 0.003 0.005 0.957 0.003 0.003 0.003 0.003 0.002 0.004 0.003 0.003 
247 TMA-ZAIN-G-    (0)   :  0.005 0.003 0.004 0.002 0.004 0.949 0.004 0.005 0.003 0.005 0.002 0.005 0.004 0.005 
248 TMA-ZAIN-G-    (0)   :  0.005 0.004 0.004 0.010 0.008 0.920 0.006 0.007 0.006 0.010 0.004 0.004 0.003 0.008 
249 TMA-ZAIN-G-    (0)   :  0.003 0.003 0.004 0.007 0.007 0.945 0.003 0.004 0.003 0.006 0.003 0.005 0.003 0.004 
250 TMA-ZAIN-G-    (0)   :  0.006 0.003 0.005 0.004 0.006 0.947 0.003 0.003 0.003 0.006 0.003 0.005 0.003 0.005 
251 TMA-ZAIN-G-    (0)   :  0.004 0.007 0.009 0.005 0.004 0.003 0.004 0.004 0.003 0.004 0.005 0.005 0.939 0.005 
252 TMA-ZAIN-G-    (0)   :  0.019 0.005 0.004 0.004 0.006 0.003 0.010 0.026 0.024 0.006 0.003 0.003 0.850 0.037 
253 TMA-ZAIN-G-    (0)   :  0.005 0.005 0.004 0.004 0.003 0.004 0.009 0.004 0.004 0.004 0.005 0.003 0.938 0.008 
254 TMA-ZAIN-G-    (9)   :  0.009 0.014 0.006 0.005 0.004 0.003 0.022 0.011 0.006 0.006 0.007 0.006 0.874 0.026 
255 TMA-ZAIN-G-    (0)   :  0.006 0.005 0.004 0.004 0.003 0.016 0.006 0.005 0.004 0.004 0.009 0.003 0.923 0.007 
256 TMA-ZAIN-G-    (0)   :  0.006 0.009 0.020 0.024 0.006 0.011 0.008 0.010 0.007 0.009 0.007 0.004 0.871 0.008 
257 TMA-ZAIN-G-    (0)   :  0.004 0.005 0.012 0.014 0.005 0.005 0.003 0.004 0.004 0.004 0.004 0.003 0.932 0.003 
258 TMA-ZAIN-G-    (0)   :  0.004 0.004 0.006 0.005 0.003 0.003 0.003 0.003 0.003 0.003 0.003 0.003 0.954 0.004 
259 TMA-ZAIN-G-    (0)   :  0.006 0.005 0.019 0.005 0.004 0.006 0.003 0.003 0.004 0.004 0.004 0.005 0.929 0.004 
260 TMA-ZAIN-G-    (0)   :  0.009 0.005 0.014 0.006 0.004 0.004 0.003 0.004 0.004 0.004 0.003 0.005 0.929 0.004 
261 TMA-ZAIN-G-   (18)   :  0.010 0.011 0.021 0.008 0.005 0.004 0.005 0.006 0.004 0.006 0.005 0.014 0.892 0.007 
262 TMA-ZAIN-G-    (0)   :  0.003 0.004 0.008 0.007 0.003 0.003 0.003 0.003 0.003 0.003 0.004 0.003 0.948 0.003 
263 TMA-ZAIN-G-    (0)   :  0.004 0.004 0.007 0.004 0.004 0.004 0.004 0.003 0.003 0.003 0.006 0.003 0.946 0.005 
264 TMA-ZAIN-G-    (0)   :  0.004 0.004 0.007 0.006 0.004 0.003 0.004 0.004 0.004 0.003 0.007 0.004 0.939 0.006 
265 TMA-ZAIN-G-    (0)   :  0.029 0.031 0.363 0.012 0.260 0.011 0.022 0.071 0.011 0.022 0.010 0.019 0.127 0.013 
266 TMA-ZAIN-G-    (0)   :  0.018 0.124 0.019 0.034 0.013 0.010 0.023 0.021 0.010 0.035 0.008 0.053 0.583 0.048 
267 TMA-ZAIN-G-    (0)   :  0.016 0.015 0.216 0.007 0.021 0.336 0.005 0.030 0.016 0.008 0.027 0.118 0.161 0.024 
268 TMA-ZAIN-G-    (0)   :  0.004 0.004 0.009 0.003 0.005 0.885 0.004 0.005 0.004 0.003 0.056 0.009 0.005 0.005 
269 TMA-ZAIN-G-    (0)   :  0.004 0.008 0.089 0.004 0.024 0.588 0.005 0.008 0.007 0.004 0.220 0.026 0.005 0.007 
270 TMA-ZAIN-G-    (0)   :  0.004 0.006 0.158 0.004 0.019 0.693 0.004 0.006 0.006 0.004 0.070 0.015 0.005 0.006 
271 TMA-ZAIN-G-    (0)   :  0.003 0.005 0.022 0.003 0.008 0.882 0.005 0.007 0.004 0.004 0.035 0.011 0.005 0.007 
272 TMA-ZAIN-G-    (0)   :  0.003 0.005 0.035 0.004 0.062 0.809 0.005 0.005 0.005 0.005 0.030 0.024 0.003 0.005 
273 TMA-ZAIN-G-    (0)   :  0.002 0.003 0.010 0.003 0.035 0.906 0.003 0.003 0.003 0.003 0.015 0.007 0.003 0.003 
274 TMA-ZAIN-G-    (0)   :  0.009 0.005 0.009 0.048 0.024 0.781 0.009 0.007 0.017 0.032 0.024 0.019 0.010 0.005 
275 TMA-ZAIN-G-    (0)   :  0.002 0.004 0.003 0.003 0.008 0.946 0.004 0.004 0.003 0.005 0.006 0.006 0.002 0.003 
276 TMA-ZAIN-G-    (0)   :  0.004 0.003 0.006 0.003 0.005 0.948 0.004 0.004 0.004 0.003 0.008 0.003 0.002 0.004 
277 TMA-ZAIN-G-    (0)   :  0.005 0.003 0.004 0.006 0.006 0.932 0.004 0.005 0.006 0.003 0.010 0.005 0.007 0.006 
278 TMA-ZAIN-G-    (0)   :  0.003 0.003 0.010 0.003 0.006 0.945 0.003 0.003 0.004 0.003 0.006 0.005 0.004 0.003 
279 TMA-ZAIN-G-    (0)   :  0.003 0.007 0.004 0.006 0.017 0.910 0.005 0.005 0.004 0.006 0.012 0.015 0.004 0.004 
280 TMA-ZAIN-G-    (0)   :  0.002 0.010 0.007 0.009 0.125 0.706 0.007 0.006 0.004 0.009 0.094 0.014 0.004 0.004 
281 TMA-ZAIN-G-    (0)   :  0.003 0.007 0.009 0.006 0.016 0.887 0.004 0.005 0.004 0.004 0.038 0.008 0.004 0.005 
282 TMA-ZAIN-G-    (9)   :  0.003 0.003 0.006 0.003 0.007 0.938 0.003 0.004 0.003 0.003 0.013 0.006 0.005 0.004 
283 TMA-ZAIN-G-    (0)   :  0.006 0.015 0.030 0.004 0.045 0.618 0.014 0.006 0.011 0.007 0.056 0.073 0.097 0.018 
284 TMA-ZAIN-G-    (0)   :  0.004 0.018 0.064 0.006 0.106 0.443 0.016 0.008 0.006 0.010 0.126 0.076 0.102 0.015 
285 TMA-ZAIN-G-    (0)   :  0.020 0.006 0.006 0.011 0.016 0.781 0.017 0.004 0.036 0.024 0.022 0.025 0.026 0.007 
286 TMA-ZAIN-G-    (0)   :  0.003 0.004 0.011 0.003 0.009 0.892 0.003 0.004 0.003 0.003 0.038 0.015 0.008 0.005 
287 TMA-ZAIN-G-    (0)   :  0.010 0.003 0.008 0.014 0.008 0.870 0.006 0.005 0.017 0.014 0.021 0.014 0.006 0.004 
288 TMA-ZAIN-G-    (0)   :  0.009 0.007 0.009 0.049 0.057 0.528 0.013 0.011 0.020 0.057 0.073 0.141 0.016 0.009 
289 TMA-ZAIN-G-    (0)   :  0.014 0.005 0.011 0.024 0.014 0.798 0.008 0.008 0.024 0.024 0.022 0.034 0.010 0.006 
290 TMA-ZAIN-G-    (0)   :  0.003 0.016 0.008 0.009 0.042 0.430 0.008 0.011 0.004 0.010 0.368 0.072 0.009 0.009 
291 TMA-ZAIN-G-    (0)   :  0.004 0.004 0.008 0.005 0.886 0.012 0.005 0.003 0.005 0.005 0.011 0.038 0.008 0.005 
292 TMA-ZAIN-G-    (0)   :  0.007 0.040 0.009 0.020 0.029 0.016 0.093 0.598 0.083 0.047 0.013 0.011 0.004 0.030 
293 TMA-ZAIN-G-    (0)   :  0.035 0.034 0.066 0.020 0.017 0.012 0.032 0.356 0.018 0.108 0.004 0.019 0.024 0.256 
294 TMA-ZAIN-G-    (0)   :  0.006 0.006 0.006 0.003 0.003 0.003 0.008 0.920 0.010 0.006 0.003 0.004 0.004 0.017 
295 TMA-ZAIN-G-    (9)   :  0.010 0.006 0.010 0.004 0.006 0.006 0.011 0.805 0.038 0.010 0.003 0.013 0.005 0.073 
296 TMA-ZAIN-G-    (0)   :  0.005 0.053 0.027 0.039 0.010 0.004 0.015 0.626 0.010 0.014 0.009 0.011 0.007 0.171 
297 TMA-ZAIN-G-    (0)   :  0.021 0.073 0.021 0.115 0.009 0.007 0.300 0.068 0.039 0.030 0.005 0.015 0.023 0.275 
298 TMA-ZAIN-G-    (0)   :  0.009 0.008 0.161 0.004 0.009 0.012 0.020 0.263 0.400 0.009 0.009 0.008 0.013 0.076 
299 TMA-ZAIN-G-    (0)   :  0.006 0.008 0.003 0.007 0.007 0.004 0.035 0.022 0.875 0.012 0.004 0.004 0.003 0.010 
300 TMA-ZAIN-G-    (0)   :  0.065 0.010 0.012 0.010 0.008 0.007 0.012 0.333 0.313 0.133 0.003 0.016 0.006 0.073 
301 TMA-ZAIN-G-    (0)   :  0.025 0.009 0.012 0.029 0.008 0.007 0.013 0.056 0.686 0.072 0.005 0.008 0.004 0.066 
302 TMA-ZAIN-G-    (9)   :  0.006 0.014 0.008 0.011 0.004 0.003 0.031 0.856 0.027 0.014 0.003 0.005 0.004 0.013 
303 TMA-ZAIN-G-    (0)   :  0.002 0.016 0.008 0.047 0.840 0.006 0.004 0.004 0.003 0.020 0.011 0.011 0.021 0.008 
304 TMA-ZAIN-G-    (0)   :  0.095 0.039 0.012 0.024 0.007 0.008 0.026 0.022 0.009 0.053 0.011 0.013 0.480 0.201 
305 TMA-ZAIN-G-    (0)   :  0.012 0.027 0.010 0.009 0.003 0.003 0.015 0.847 0.006 0.017 0.003 0.006 0.005 0.036 
306 TMA-ZAIN-G-    (0)   :  0.011 0.053 0.007 0.016 0.007 0.022 0.022 0.289 0.010 0.015 0.078 0.010 0.375 0.086 
307 TMA-ZAIN-G-    (0)   :  0.193 0.025 0.013 0.012 0.005 0.012 0.031 0.053 0.007 0.080 0.010 0.013 0.350 0.197 
308 TMA-ZAIN-G-    (0)   :  0.012 0.007 0.014 0.012 0.110 0.015 0.004 0.006 0.005 0.006 0.025 0.078 0.703 0.005 
309 TMA-ZAIN-G-    (0)   :  0.007 0.061 0.005 0.027 0.004 0.003 0.019 0.021 0.023 0.805 0.004 0.005 0.003 0.011 
310 TMA-ZAIN-G-    (0)   :  0.013 0.010 0.057 0.004 0.014 0.026 0.155 0.197 0.277 0.126 0.006 0.013 0.009 0.093 
311 TMA-ZAIN-G-    (0)   :  0.007 0.095 0.096 0.017 0.018 0.007 0.223 0.076 0.042 0.022 0.028 0.020 0.026 0.324 
312 TMA-ZAIN-G-    (0)   :  0.011 0.060 0.007 0.021 0.012 0.005 0.025 0.041 0.037 0.589 0.006 0.041 0.011 0.134 
313 TMA-ZAIN-G-    (0)   :  0.023 0.231 0.026 0.018 0.005 0.006 0.029 0.081 0.099 0.024 0.014 0.010 0.374 0.059 
314 TMA-ZAIN-G-    (0)   :  0.006 0.013 0.016 0.010 0.029 0.280 0.007 0.010 0.006 0.023 0.237 0.339 0.012 0.012 
315 TMA-ZAIN-G-    (0)   :  0.028 0.018 0.025 0.007 0.016 0.373 0.030 0.237 0.112 0.037 0.006 0.035 0.014 0.063 
