

----------------------------------------------------
STRUCTURE by Pritchard, Stephens and Donnelly (2000)
     and Falush, Stephens and Pritchard (2003)
       Code by Pritchard, Falush and Hubisz
             Version 2.3.4 (Jul 2012)
----------------------------------------------------



Command line arguments:   bin\structure -m C:\Users\eschumacher\Documents\GitHub\GCC_QUAC_ZAIN\Data_Files\Structure_Files\ZAIN\ZAIN_rebinned_garden_wild_nopopinfo\50-50\mainparams -e C:\Users\eschumacher\Documents\GitHub\GCC_QUAC_ZAIN\Data_Files\Structure_Files\ZAIN\ZAIN_rebinned_garden_wild_nopopinfo\50-50\extraparams 
Input File:    C:\Users\eschumacher\Documents\GitHub\GCC_QUAC_ZAIN\Data_Files\Structure_Files\ZAIN\ZAIN_rebinned_garden_wild_nopopinfo\project_data

Run parameters:
   1133 individuals
   11 loci
   5 populations assumed
   50000 Burn-in period
   50000 Reps


--------------------------------------------
Overall proportion of membership of the
sample in each of the 5 clusters

Inferred Clusters
  1      2      3      4      5    
0.139  0.118  0.184  0.267  0.292  

--------------------------------------------

Allele-freq. divergence among pops (Net nucleotide distance),
computed using point estimates of P.

      1       2       3       4       5      
 1      -    0.2046  0.2607  0.2726  0.1061  
 2   0.2046     -    0.1119  0.1468  0.1008  
 3   0.2607  0.1119     -    0.0762  0.1372  
 4   0.2726  0.1468  0.0762     -    0.1628  
 5   0.1061  0.1008  0.1372  0.1628     -    

Average distances (expected heterozygosity) between individuals in same cluster:
cluster  1  : 0.4315 
cluster  2  : 0.4401 
cluster  3  : 0.4339 
cluster  4  : 0.4337 
cluster  5  : 0.5623 

--------------------------------------------
Estimated Ln Prob of Data   = -22935.3
Mean value of ln likelihood = -22570.1
Variance of ln likelihood   = 730.3
Mean value of alpha         = 0.0362

Mean value of Fst_1         = 0.4204
Mean value of Fst_2         = 0.4168
Mean value of Fst_3         = 0.3609
Mean value of Fst_4         = 0.2543
Mean value of Fst_5         = 0.1459


Inferred ancestry of individuals:
        Label (%Miss) :  Inferred clusters
  1 TMA-ZAIN-G-    (9)   :  0.007 0.008 0.021 0.007 0.957 
  2 TMA-ZAIN-G-    (0)   :  0.008 0.032 0.014 0.041 0.905 
  3 TMA-ZAIN-G-    (0)   :  0.003 0.012 0.189 0.790 0.006 
  4 TMA-ZAIN-G-    (0)   :  0.010 0.790 0.038 0.147 0.015 
  5 TMA-ZAIN-G-    (0)   :  0.007 0.007 0.003 0.003 0.979 
  6 TMA-ZAIN-G-    (0)   :  0.048 0.075 0.171 0.574 0.132 
  7 TMA-ZAIN-G-    (0)   :  0.008 0.035 0.535 0.397 0.025 
  8 TMA-ZAIN-G-    (0)   :  0.003 0.021 0.632 0.338 0.007 
  9 TMA-ZAIN-G-    (9)   :  0.005 0.007 0.239 0.734 0.015 
 10 TMA-ZAIN-G-    (0)   :  0.005 0.014 0.213 0.763 0.006 
 11 TMA-ZAIN-G-    (0)   :  0.007 0.008 0.242 0.736 0.008 
 12 TMA-ZAIN-G-    (0)   :  0.003 0.005 0.044 0.942 0.006 
 13 TMA-ZAIN-G-    (9)   :  0.122 0.028 0.556 0.244 0.051 
 14 TMA-ZAIN-G-    (9)   :  0.005 0.008 0.975 0.008 0.005 
 15 TMA-ZAIN-G-    (0)   :  0.003 0.007 0.980 0.006 0.005 
 16 TMA-ZAIN-G-    (0)   :  0.005 0.005 0.022 0.962 0.006 
 17 TMA-ZAIN-G-    (9)   :  0.023 0.043 0.886 0.021 0.027 
 18 TMA-ZAIN-G-    (0)   :  0.006 0.018 0.005 0.005 0.966 
 19 TMA-ZAIN-G-    (0)   :  0.037 0.010 0.076 0.027 0.850 
 20 TMA-ZAIN-G-    (0)   :  0.051 0.016 0.004 0.004 0.926 
 21 TMA-ZAIN-G-    (0)   :  0.982 0.006 0.004 0.005 0.004 
 22 TMA-ZAIN-G-    (0)   :  0.954 0.007 0.003 0.003 0.033 
 23 TMA-ZAIN-G-    (0)   :  0.938 0.005 0.008 0.007 0.042 
 24 TMA-ZAIN-G-    (9)   :  0.787 0.007 0.054 0.146 0.007 
 25 TMA-ZAIN-G-    (9)   :  0.008 0.003 0.006 0.038 0.944 
 26 TMA-ZAIN-G-    (9)   :  0.033 0.529 0.119 0.304 0.015 
 27 TMA-ZAIN-G-    (0)   :  0.014 0.035 0.075 0.013 0.862 
 28 TMA-ZAIN-G-    (0)   :  0.005 0.013 0.017 0.011 0.954 
 29 TMA-ZAIN-G-    (0)   :  0.005 0.059 0.024 0.661 0.251 
 30 TMA-ZAIN-G-    (0)   :  0.007 0.010 0.645 0.164 0.174 
 31 TMA-ZAIN-G-    (0)   :  0.014 0.039 0.004 0.005 0.937 
 32 TMA-ZAIN-G-    (9)   :  0.013 0.006 0.020 0.044 0.917 
 33 TMA-ZAIN-G-   (18)   :  0.003 0.005 0.265 0.720 0.007 
 34 TMA-ZAIN-G-    (0)   :  0.041 0.012 0.013 0.823 0.110 
 35 TMA-ZAIN-G-    (9)   :  0.004 0.013 0.090 0.875 0.018 
 36 TMA-ZAIN-G-    (0)   :  0.003 0.014 0.593 0.385 0.005 
 37 TMA-ZAIN-G-    (9)   :  0.007 0.013 0.060 0.906 0.015 
 38 TMA-ZAIN-G-   (18)   :  0.019 0.008 0.067 0.033 0.873 
 39 TMA-ZAIN-G-    (0)   :  0.006 0.010 0.012 0.967 0.004 
 40 TMA-ZAIN-G-    (0)   :  0.005 0.006 0.085 0.900 0.004 
 41 TMA-ZAIN-G-    (0)   :  0.003 0.005 0.732 0.255 0.004 
 42 TMA-ZAIN-G-    (9)   :  0.002 0.006 0.980 0.008 0.003 
 43 TMA-ZAIN-G-    (0)   :  0.003 0.011 0.974 0.008 0.004 
 44 TMA-ZAIN-G-    (0)   :  0.863 0.006 0.020 0.100 0.011 
 45 TMA-ZAIN-G-    (0)   :  0.009 0.016 0.405 0.559 0.011 
 46 TMA-ZAIN-G-    (0)   :  0.983 0.006 0.003 0.004 0.004 
 47 TMA-ZAIN-G-    (0)   :  0.004 0.984 0.004 0.005 0.004 
 48 TMA-ZAIN-G-    (0)   :  0.029 0.663 0.234 0.062 0.013 
 49 TMA-ZAIN-G-    (9)   :  0.007 0.009 0.009 0.037 0.939 
 50 TMA-ZAIN-G-    (0)   :  0.019 0.004 0.082 0.021 0.874 
 51 TMA-ZAIN-G-    (0)   :  0.017 0.076 0.198 0.019 0.690 
 52 TMA-ZAIN-G-    (0)   :  0.020 0.286 0.030 0.028 0.635 
 53 TMA-ZAIN-G-    (0)   :  0.012 0.256 0.044 0.009 0.679 
 54 TMA-ZAIN-G-    (0)   :  0.005 0.968 0.013 0.007 0.008 
 55 TMA-ZAIN-G-    (0)   :  0.009 0.931 0.040 0.008 0.013 
 56 TMA-ZAIN-G-    (0)   :  0.011 0.803 0.108 0.053 0.025 
 57 TMA-ZAIN-G-    (0)   :  0.004 0.972 0.006 0.010 0.010 
 58 TMA-ZAIN-G-    (0)   :  0.091 0.044 0.021 0.011 0.833 
 59 TMA-ZAIN-G-    (0)   :  0.024 0.029 0.028 0.040 0.879 
 60 TMA-ZAIN-G-    (0)   :  0.009 0.021 0.037 0.009 0.923 
 61 TMA-ZAIN-G-    (0)   :  0.023 0.020 0.004 0.004 0.949 
 62 TMA-ZAIN-G-    (9)   :  0.010 0.012 0.020 0.026 0.932 
 63 TMA-ZAIN-G-    (0)   :  0.010 0.018 0.007 0.004 0.961 
 64 TMA-ZAIN-G-    (0)   :  0.003 0.007 0.013 0.974 0.003 
 65 TMA-ZAIN-G-    (9)   :  0.003 0.018 0.028 0.947 0.004 
 66 TMA-ZAIN-G-    (0)   :  0.003 0.007 0.018 0.968 0.003 
 67 TMA-ZAIN-G-    (0)   :  0.010 0.005 0.007 0.972 0.006 
 68 TMA-ZAIN-G-    (0)   :  0.003 0.022 0.055 0.918 0.003 
 69 TMA-ZAIN-G-    (0)   :  0.015 0.012 0.008 0.957 0.008 
 70 TMA-ZAIN-G-    (0)   :  0.005 0.004 0.010 0.976 0.005 
 71 TMA-ZAIN-G-    (0)   :  0.004 0.004 0.007 0.982 0.004 
 72 TMA-ZAIN-G-    (0)   :  0.005 0.011 0.048 0.930 0.007 
 73 TMA-ZAIN-G-    (0)   :  0.051 0.024 0.009 0.874 0.043 
 74 TMA-ZAIN-G-    (0)   :  0.014 0.007 0.011 0.951 0.016 
 75 TMA-ZAIN-G-    (0)   :  0.005 0.013 0.013 0.960 0.009 
 76 TMA-ZAIN-G-    (0)   :  0.055 0.004 0.005 0.921 0.015 
 77 TMA-ZAIN-G-    (0)   :  0.012 0.011 0.035 0.936 0.007 
 78 TMA-ZAIN-G-    (0)   :  0.066 0.020 0.021 0.868 0.024 
 79 TMA-ZAIN-G-    (0)   :  0.051 0.027 0.069 0.843 0.010 
 80 TMA-ZAIN-G-    (0)   :  0.006 0.011 0.008 0.972 0.004 
 81 TMA-ZAIN-G-    (0)   :  0.014 0.012 0.019 0.948 0.007 
 82 TMA-ZAIN-G-    (0)   :  0.003 0.010 0.008 0.974 0.005 
 83 TMA-ZAIN-G-    (9)   :  0.043 0.026 0.011 0.859 0.061 
 84 TMA-ZAIN-G-    (0)   :  0.046 0.006 0.012 0.927 0.008 
 85 TMA-ZAIN-G-    (0)   :  0.027 0.878 0.009 0.009 0.076 
 86 TMA-ZAIN-G-    (0)   :  0.032 0.930 0.011 0.017 0.010 
 87 TMA-ZAIN-G-    (0)   :  0.205 0.713 0.008 0.012 0.062 
 88 TMA-ZAIN-G-    (0)   :  0.013 0.758 0.027 0.116 0.087 
 89 TMA-ZAIN-G-    (0)   :  0.019 0.917 0.019 0.034 0.011 
 90 TMA-ZAIN-G-    (0)   :  0.009 0.965 0.007 0.008 0.011 
 91 TMA-ZAIN-G-    (0)   :  0.008 0.953 0.010 0.010 0.020 
 92 TMA-ZAIN-G-    (0)   :  0.017 0.956 0.009 0.006 0.011 
 93 TMA-ZAIN-G-    (0)   :  0.010 0.953 0.008 0.005 0.024 
 94 TMA-ZAIN-G-    (0)   :  0.011 0.945 0.005 0.005 0.035 
 95 TMA-ZAIN-G-    (0)   :  0.011 0.006 0.032 0.017 0.934 
 96 TMA-ZAIN-G-    (0)   :  0.011 0.014 0.320 0.026 0.629 
 97 TMA-ZAIN-G-    (0)   :  0.008 0.009 0.005 0.005 0.973 
 98 TMA-ZAIN-G-    (0)   :  0.005 0.008 0.004 0.005 0.978 
 99 TMA-ZAIN-G-    (0)   :  0.018 0.005 0.015 0.123 0.839 
100 TMA-ZAIN-G-    (0)   :  0.013 0.019 0.004 0.004 0.960 
101 TMA-ZAIN-G-    (0)   :  0.006 0.007 0.004 0.010 0.972 
102 TMA-ZAIN-G-    (0)   :  0.186 0.015 0.031 0.037 0.731 
103 TMA-ZAIN-G-    (0)   :  0.013 0.009 0.007 0.010 0.962 
104 TMA-ZAIN-G-    (0)   :  0.008 0.005 0.004 0.004 0.978 
105 TMA-ZAIN-G-    (0)   :  0.009 0.012 0.007 0.011 0.961 
106 TMA-ZAIN-G-    (0)   :  0.003 0.006 0.701 0.285 0.004 
107 TMA-ZAIN-G-    (0)   :  0.003 0.005 0.013 0.974 0.005 
108 TMA-ZAIN-G-    (9)   :  0.083 0.034 0.323 0.147 0.413 
109 TMA-ZAIN-G-    (0)   :  0.006 0.067 0.158 0.375 0.394 
110 TMA-ZAIN-G-    (0)   :  0.169 0.027 0.296 0.228 0.280 
111 TMA-ZAIN-G-    (9)   :  0.047 0.036 0.010 0.076 0.831 
112 TMA-ZAIN-G-    (0)   :  0.060 0.033 0.206 0.191 0.510 
113 TMA-ZAIN-G-    (0)   :  0.016 0.017 0.006 0.021 0.940 
114 TMA-ZAIN-G-    (0)   :  0.018 0.005 0.003 0.004 0.970 
115 TMA-ZAIN-G-    (0)   :  0.009 0.005 0.005 0.005 0.976 
116 TMA-ZAIN-G-    (0)   :  0.003 0.014 0.009 0.969 0.006 
117 TMA-ZAIN-G-    (0)   :  0.004 0.041 0.284 0.663 0.008 
118 TMA-ZAIN-G-    (0)   :  0.003 0.011 0.011 0.968 0.007 
119 TMA-ZAIN-G-    (0)   :  0.007 0.010 0.007 0.963 0.013 
120 TMA-ZAIN-G-    (0)   :  0.004 0.017 0.023 0.944 0.011 
121 TMA-ZAIN-G-    (0)   :  0.003 0.017 0.028 0.943 0.008 
122 TMA-ZAIN-G-    (0)   :  0.008 0.026 0.054 0.905 0.008 
123 TMA-ZAIN-G-    (0)   :  0.016 0.007 0.009 0.005 0.963 
124 TMA-ZAIN-G-    (0)   :  0.003 0.005 0.975 0.010 0.007 
125 TMA-ZAIN-G-    (0)   :  0.002 0.051 0.924 0.019 0.003 
126 TMA-ZAIN-G-    (0)   :  0.003 0.008 0.974 0.010 0.005 
127 TMA-ZAIN-G-    (0)   :  0.003 0.004 0.975 0.015 0.003 
128 TMA-ZAIN-G-    (0)   :  0.003 0.008 0.930 0.054 0.005 
129 TMA-ZAIN-G-    (0)   :  0.003 0.006 0.975 0.010 0.006 
130 TMA-ZAIN-G-    (0)   :  0.003 0.027 0.950 0.015 0.006 
131 TMA-ZAIN-G-    (0)   :  0.003 0.005 0.978 0.009 0.005 
132 TMA-ZAIN-G-    (0)   :  0.003 0.039 0.859 0.093 0.005 
133 TMA-ZAIN-G-    (0)   :  0.012 0.033 0.810 0.140 0.005 
134 TMA-ZAIN-G-    (0)   :  0.008 0.021 0.896 0.071 0.004 
135 TMA-ZAIN-G-    (0)   :  0.006 0.007 0.039 0.944 0.005 
136 TMA-ZAIN-G-    (0)   :  0.005 0.020 0.018 0.953 0.004 
137 TMA-ZAIN-G-    (0)   :  0.005 0.006 0.033 0.948 0.007 
138 TMA-ZAIN-G-    (0)   :  0.003 0.013 0.531 0.450 0.004 
139 TMA-ZAIN-G-    (0)   :  0.004 0.054 0.158 0.779 0.005 
140 TMA-ZAIN-G-    (0)   :  0.005 0.005 0.049 0.936 0.005 
141 TMA-ZAIN-G-    (0)   :  0.004 0.008 0.185 0.795 0.007 
142 TMA-ZAIN-G-    (9)   :  0.004 0.005 0.031 0.955 0.004 
143 TMA-ZAIN-G-    (0)   :  0.003 0.006 0.123 0.862 0.006 
144 TMA-ZAIN-G-    (0)   :  0.006 0.040 0.121 0.826 0.007 
145 TMA-ZAIN-G-    (0)   :  0.002 0.010 0.010 0.975 0.003 
146 TMA-ZAIN-G-    (0)   :  0.004 0.005 0.008 0.979 0.004 
147 TMA-ZAIN-G-    (9)   :  0.004 0.005 0.011 0.976 0.004 
148 TMA-ZAIN-G-    (0)   :  0.004 0.044 0.272 0.676 0.004 
149 TMA-ZAIN-G-    (0)   :  0.020 0.129 0.119 0.705 0.027 
150 TMA-ZAIN-G-    (0)   :  0.017 0.113 0.023 0.824 0.023 
151 TMA-ZAIN-G-    (0)   :  0.003 0.006 0.050 0.937 0.005 
152 TMA-ZAIN-G-    (0)   :  0.003 0.005 0.016 0.971 0.006 
153 TMA-ZAIN-G-    (0)   :  0.003 0.016 0.110 0.866 0.004 
154 TMA-ZAIN-G-    (0)   :  0.003 0.008 0.014 0.970 0.005 
155 TMA-ZAIN-G-    (0)   :  0.003 0.004 0.019 0.968 0.006 
156 TMA-ZAIN-G-    (9)   :  0.003 0.026 0.358 0.599 0.014 
157 TMA-ZAIN-G-    (0)   :  0.003 0.009 0.429 0.553 0.006 
158 TMA-ZAIN-G-    (0)   :  0.004 0.005 0.010 0.975 0.005 
159 TMA-ZAIN-G-    (0)   :  0.003 0.005 0.008 0.980 0.004 
160 TMA-ZAIN-G-    (0)   :  0.003 0.006 0.005 0.981 0.005 
161 TMA-ZAIN-G-    (0)   :  0.003 0.024 0.116 0.852 0.005 
162 TMA-ZAIN-G-    (0)   :  0.021 0.023 0.010 0.914 0.032 
163 TMA-ZAIN-G-    (0)   :  0.003 0.004 0.007 0.982 0.004 
164 TMA-ZAIN-G-    (0)   :  0.004 0.009 0.010 0.972 0.006 
165 TMA-ZAIN-G-    (0)   :  0.003 0.004 0.009 0.979 0.005 
166 TMA-ZAIN-G-    (0)   :  0.003 0.008 0.024 0.962 0.004 
167 TMA-ZAIN-G-    (0)   :  0.007 0.007 0.080 0.897 0.009 
168 TMA-ZAIN-G-    (0)   :  0.004 0.007 0.035 0.948 0.006 
169 TMA-ZAIN-G-    (0)   :  0.003 0.006 0.008 0.980 0.004 
170 TMA-ZAIN-G-    (0)   :  0.014 0.006 0.242 0.708 0.030 
171 TMA-ZAIN-G-    (0)   :  0.003 0.005 0.006 0.982 0.004 
172 TMA-ZAIN-G-    (0)   :  0.005 0.004 0.869 0.117 0.005 
173 TMA-ZAIN-G-    (0)   :  0.004 0.006 0.922 0.063 0.005 
174 TMA-ZAIN-G-    (0)   :  0.003 0.007 0.089 0.898 0.004 
175 TMA-ZAIN-G-    (0)   :  0.004 0.005 0.008 0.979 0.004 
176 TMA-ZAIN-G-    (0)   :  0.004 0.005 0.012 0.975 0.004 
177 TMA-ZAIN-G-    (0)   :  0.004 0.005 0.122 0.865 0.005 
178 TMA-ZAIN-G-    (0)   :  0.004 0.005 0.879 0.105 0.007 
179 TMA-ZAIN-G-    (0)   :  0.003 0.005 0.279 0.708 0.004 
180 TMA-ZAIN-G-    (0)   :  0.008 0.017 0.862 0.108 0.005 
181 TMA-ZAIN-G-    (0)   :  0.003 0.005 0.976 0.012 0.004 
182 TMA-ZAIN-G-    (0)   :  0.003 0.005 0.979 0.007 0.006 
183 TMA-ZAIN-G-    (0)   :  0.003 0.004 0.977 0.011 0.004 
184 TMA-ZAIN-G-    (0)   :  0.024 0.040 0.835 0.055 0.046 
185 TMA-ZAIN-G-    (0)   :  0.043 0.054 0.820 0.046 0.037 
186 TMA-ZAIN-G-    (9)   :  0.006 0.007 0.932 0.048 0.007 
187 TMA-ZAIN-G-    (0)   :  0.003 0.003 0.941 0.047 0.005 
188 TMA-ZAIN-G-    (0)   :  0.003 0.004 0.931 0.057 0.004 
189 TMA-ZAIN-G-    (0)   :  0.003 0.003 0.975 0.017 0.003 
190 TMA-ZAIN-G-    (0)   :  0.004 0.005 0.945 0.042 0.004 
191 TMA-ZAIN-G-    (0)   :  0.039 0.018 0.896 0.023 0.024 
192 TMA-ZAIN-G-    (0)   :  0.010 0.006 0.968 0.011 0.004 
193 TMA-ZAIN-G-    (0)   :  0.003 0.009 0.980 0.005 0.004 
194 TMA-ZAIN-G-    (0)   :  0.004 0.012 0.975 0.005 0.004 
195 TMA-ZAIN-G-    (0)   :  0.003 0.007 0.978 0.008 0.004 
196 TMA-ZAIN-G-    (0)   :  0.003 0.006 0.981 0.007 0.004 
197 TMA-ZAIN-G-    (0)   :  0.003 0.013 0.972 0.008 0.004 
198 TMA-ZAIN-G-    (0)   :  0.003 0.006 0.979 0.008 0.004 
199 TMA-ZAIN-G-    (0)   :  0.005 0.008 0.957 0.024 0.006 
200 TMA-ZAIN-G-    (0)   :  0.953 0.004 0.012 0.003 0.028 
201 TMA-ZAIN-G-    (0)   :  0.979 0.004 0.004 0.004 0.009 
202 TMA-ZAIN-G-    (0)   :  0.958 0.003 0.019 0.005 0.015 
203 TMA-ZAIN-G-    (0)   :  0.003 0.006 0.979 0.006 0.006 
204 TMA-ZAIN-G-    (9)   :  0.931 0.042 0.008 0.010 0.008 
205 TMA-ZAIN-G-    (0)   :  0.811 0.015 0.011 0.143 0.019 
206 TMA-ZAIN-G-    (9)   :  0.880 0.024 0.054 0.018 0.025 
207 TMA-ZAIN-G-    (9)   :  0.013 0.127 0.015 0.822 0.024 
208 TMA-ZAIN-G-    (0)   :  0.003 0.004 0.006 0.983 0.004 
209 TMA-ZAIN-G-    (0)   :  0.003 0.030 0.891 0.073 0.004 
210 TMA-ZAIN-G-    (0)   :  0.003 0.016 0.859 0.117 0.004 
211 TMA-ZAIN-G-    (0)   :  0.030 0.013 0.799 0.138 0.020 
212 TMA-ZAIN-G-    (0)   :  0.007 0.014 0.641 0.332 0.005 
213 TMA-ZAIN-G-    (0)   :  0.004 0.009 0.741 0.241 0.005 
214 TMA-ZAIN-G-    (0)   :  0.004 0.007 0.356 0.629 0.004 
215 TMA-ZAIN-G-    (0)   :  0.025 0.003 0.181 0.672 0.119 
216 TMA-ZAIN-G-    (0)   :  0.006 0.009 0.924 0.058 0.004 
217 TMA-ZAIN-G-    (0)   :  0.003 0.008 0.345 0.641 0.004 
218 TMA-ZAIN-G-    (0)   :  0.009 0.005 0.013 0.018 0.955 
219 TMA-ZAIN-G-    (0)   :  0.036 0.018 0.009 0.005 0.932 
220 TMA-ZAIN-G-    (0)   :  0.005 0.006 0.008 0.012 0.969 
221 TMA-ZAIN-G-    (0)   :  0.036 0.011 0.036 0.012 0.906 
222 TMA-ZAIN-G-    (0)   :  0.017 0.011 0.021 0.012 0.940 
223 TMA-ZAIN-G-    (0)   :  0.028 0.008 0.004 0.006 0.954 
224 TMA-ZAIN-G-    (0)   :  0.047 0.032 0.067 0.012 0.841 
225 TMA-ZAIN-G-    (0)   :  0.022 0.005 0.010 0.004 0.960 
226 TMA-ZAIN-G-    (0)   :  0.011 0.008 0.016 0.006 0.958 
227 TMA-ZAIN-G-    (0)   :  0.086 0.005 0.017 0.007 0.885 
228 TMA-ZAIN-G-    (0)   :  0.022 0.011 0.017 0.031 0.919 
229 TMA-ZAIN-G-    (0)   :  0.136 0.007 0.003 0.010 0.844 
230 TMA-ZAIN-G-    (0)   :  0.013 0.094 0.220 0.071 0.603 
231 TMA-ZAIN-G-    (0)   :  0.472 0.034 0.014 0.059 0.420 
232 TMA-ZAIN-G-    (9)   :  0.369 0.013 0.018 0.031 0.569 
233 TMA-ZAIN-G-    (0)   :  0.093 0.037 0.025 0.156 0.688 
234 TMA-ZAIN-G-    (0)   :  0.035 0.013 0.007 0.005 0.940 
235 TMA-ZAIN-G-    (0)   :  0.019 0.010 0.051 0.019 0.901 
236 TMA-ZAIN-G-    (0)   :  0.117 0.010 0.019 0.012 0.843 
237 TMA-ZAIN-G-    (0)   :  0.014 0.032 0.043 0.107 0.804 
238 TMA-ZAIN-G-    (0)   :  0.060 0.006 0.007 0.010 0.917 
239 TMA-ZAIN-G-    (0)   :  0.765 0.070 0.146 0.013 0.006 
240 TMA-ZAIN-G-    (0)   :  0.983 0.006 0.004 0.003 0.004 
241 TMA-ZAIN-G-    (0)   :  0.978 0.006 0.004 0.008 0.004 
242 TMA-ZAIN-G-    (0)   :  0.981 0.004 0.004 0.007 0.003 
243 TMA-ZAIN-G-    (0)   :  0.972 0.007 0.006 0.011 0.004 
244 TMA-ZAIN-G-    (0)   :  0.969 0.004 0.006 0.016 0.005 
245 TMA-ZAIN-G-    (9)   :  0.986 0.004 0.003 0.003 0.004 
246 TMA-ZAIN-G-    (0)   :  0.987 0.004 0.003 0.003 0.003 
247 TMA-ZAIN-G-    (0)   :  0.984 0.005 0.004 0.005 0.003 
248 TMA-ZAIN-G-    (0)   :  0.976 0.004 0.008 0.006 0.005 
249 TMA-ZAIN-G-    (0)   :  0.983 0.004 0.006 0.003 0.004 
250 TMA-ZAIN-G-    (0)   :  0.984 0.004 0.005 0.004 0.004 
251 TMA-ZAIN-G-    (0)   :  0.003 0.982 0.005 0.004 0.005 
252 TMA-ZAIN-G-    (0)   :  0.003 0.901 0.013 0.075 0.008 
253 TMA-ZAIN-G-    (0)   :  0.004 0.980 0.005 0.007 0.004 
254 TMA-ZAIN-G-    (9)   :  0.004 0.961 0.008 0.020 0.006 
255 TMA-ZAIN-G-    (0)   :  0.019 0.964 0.005 0.006 0.006 
256 TMA-ZAIN-G-    (0)   :  0.007 0.972 0.008 0.007 0.006 
257 TMA-ZAIN-G-    (0)   :  0.004 0.983 0.006 0.003 0.004 
258 TMA-ZAIN-G-    (0)   :  0.003 0.986 0.004 0.004 0.003 
259 TMA-ZAIN-G-    (0)   :  0.005 0.982 0.005 0.004 0.004 
260 TMA-ZAIN-G-    (0)   :  0.004 0.982 0.005 0.005 0.004 
261 TMA-ZAIN-G-   (18)   :  0.004 0.976 0.008 0.007 0.005 
262 TMA-ZAIN-G-    (0)   :  0.003 0.984 0.005 0.003 0.004 
263 TMA-ZAIN-G-    (0)   :  0.004 0.983 0.004 0.004 0.005 
264 TMA-ZAIN-G-    (0)   :  0.004 0.980 0.005 0.005 0.006 
265 TMA-ZAIN-G-    (0)   :  0.024 0.799 0.017 0.061 0.099 
266 TMA-ZAIN-G-    (0)   :  0.012 0.731 0.181 0.044 0.032 
267 TMA-ZAIN-G-    (0)   :  0.277 0.634 0.010 0.018 0.060 
268 TMA-ZAIN-G-    (0)   :  0.968 0.006 0.004 0.005 0.018 
269 TMA-ZAIN-G-    (0)   :  0.818 0.009 0.006 0.005 0.162 
270 TMA-ZAIN-G-    (0)   :  0.930 0.012 0.005 0.005 0.048 
271 TMA-ZAIN-G-    (0)   :  0.966 0.008 0.004 0.005 0.017 
272 TMA-ZAIN-G-    (0)   :  0.923 0.006 0.005 0.005 0.062 
273 TMA-ZAIN-G-    (0)   :  0.967 0.004 0.003 0.003 0.023 
274 TMA-ZAIN-G-    (0)   :  0.915 0.009 0.030 0.013 0.032 
275 TMA-ZAIN-G-    (0)   :  0.981 0.003 0.004 0.003 0.008 
276 TMA-ZAIN-G-    (0)   :  0.984 0.003 0.003 0.004 0.006 
277 TMA-ZAIN-G-    (0)   :  0.976 0.006 0.004 0.005 0.009 
278 TMA-ZAIN-G-    (0)   :  0.982 0.005 0.003 0.003 0.006 
279 TMA-ZAIN-G-    (0)   :  0.971 0.005 0.006 0.004 0.014 
280 TMA-ZAIN-G-    (0)   :  0.790 0.005 0.009 0.005 0.191 
281 TMA-ZAIN-G-    (0)   :  0.946 0.005 0.006 0.004 0.039 
282 TMA-ZAIN-G-    (9)   :  0.978 0.005 0.003 0.003 0.010 
283 TMA-ZAIN-G-    (0)   :  0.644 0.170 0.010 0.016 0.160 
284 TMA-ZAIN-G-    (0)   :  0.422 0.212 0.011 0.012 0.342 
285 TMA-ZAIN-G-    (0)   :  0.841 0.048 0.027 0.030 0.053 
286 TMA-ZAIN-G-    (0)   :  0.963 0.010 0.004 0.004 0.020 
287 TMA-ZAIN-G-    (0)   :  0.962 0.006 0.010 0.007 0.015 
288 TMA-ZAIN-G-    (0)   :  0.564 0.013 0.057 0.021 0.345 
289 TMA-ZAIN-G-    (0)   :  0.935 0.009 0.019 0.011 0.026 
290 TMA-ZAIN-G-    (0)   :  0.378 0.009 0.011 0.007 0.596 
291 TMA-ZAIN-G-    (0)   :  0.016 0.007 0.007 0.005 0.964 
292 TMA-ZAIN-G-    (0)   :  0.016 0.006 0.185 0.777 0.016 
293 TMA-ZAIN-G-    (0)   :  0.008 0.018 0.035 0.933 0.007 
294 TMA-ZAIN-G-    (0)   :  0.004 0.007 0.009 0.976 0.004 
295 TMA-ZAIN-G-    (9)   :  0.009 0.008 0.014 0.963 0.007 
296 TMA-ZAIN-G-    (0)   :  0.008 0.014 0.134 0.826 0.017 
297 TMA-ZAIN-G-    (0)   :  0.007 0.014 0.087 0.884 0.008 
298 TMA-ZAIN-G-    (0)   :  0.028 0.066 0.011 0.877 0.018 
299 TMA-ZAIN-G-    (0)   :  0.008 0.004 0.006 0.977 0.006 
300 TMA-ZAIN-G-    (0)   :  0.007 0.008 0.037 0.943 0.005 
301 TMA-ZAIN-G-    (0)   :  0.008 0.009 0.069 0.907 0.006 
302 TMA-ZAIN-G-    (9)   :  0.004 0.006 0.126 0.859 0.005 
303 TMA-ZAIN-G-    (0)   :  0.007 0.095 0.125 0.004 0.769 
304 TMA-ZAIN-G-    (0)   :  0.010 0.596 0.184 0.190 0.019 
305 TMA-ZAIN-G-    (0)   :  0.005 0.009 0.036 0.946 0.005 
306 TMA-ZAIN-G-    (0)   :  0.040 0.438 0.057 0.381 0.083 
307 TMA-ZAIN-G-    (0)   :  0.012 0.485 0.181 0.312 0.009 
308 TMA-ZAIN-G-    (0)   :  0.026 0.846 0.011 0.008 0.109 
309 TMA-ZAIN-G-    (0)   :  0.003 0.004 0.964 0.025 0.004 
310 TMA-ZAIN-G-    (0)   :  0.036 0.021 0.014 0.918 0.011 
311 TMA-ZAIN-G-    (0)   :  0.011 0.082 0.150 0.697 0.059 
312 TMA-ZAIN-G-    (0)   :  0.006 0.011 0.906 0.068 0.009 
313 TMA-ZAIN-G-    (0)   :  0.005 0.804 0.071 0.108 0.012 
314 TMA-ZAIN-G-    (0)   :  0.156 0.009 0.011 0.007 0.818 
315 TMA-ZAIN-G-    (0)   :  0.429 0.020 0.058 0.480 0.012 
316 TMA-ZAIN-G-    (0)   :  0.460 0.017 0.044 0.451 0.029 
317 TMA-ZAIN-G-    (0)   :  0.016 0.012 0.007 0.010 0.954 
318 TMA-ZAIN-G-    (9)   :  0.244 0.043 0.006 0.007 0.700 
319 TMA-ZAIN-G-    (0)   :  0.235 0.018 0.479 0.006 0.261 
320 TMA-ZAIN-G-    (0)   :  0.023 0.009 0.046 0.624 0.298 
321 TMA-ZAIN-G-    (0)   :  0.148 0.013 0.257 0.400 0.181 
322 TMA-ZAIN-G-    (0)   :  0.015 0.101 0.100 0.364 0.420 
323 TMA-ZAIN-G-    (0)   :  0.047 0.049 0.119 0.027 0.759 
324 TMA-ZAIN-G-    (0)   :  0.005 0.039 0.072 0.873 0.011 
325 TMA-ZAIN-G-    (0)   :  0.128 0.012 0.017 0.012 0.830 
326 TMA-ZAIN-G-    (0)   :  0.005 0.040 0.466 0.029 0.459 
327 TMA-ZAIN-G-    (0)   :  0.003 0.018 0.968 0.006 0.004 
328 TMA-ZAIN-G-    (0)   :  0.084 0.015 0.193 0.084 0.623 
329 TMA-ZAIN-G-    (0)   :  0.008 0.032 0.416 0.538 0.006 
330 TMA-ZAIN-G-    (0)   :  0.003 0.038 0.677 0.278 0.005 
331 TMA-ZAIN-G-    (0)   :  0.084 0.185 0.487 0.178 0.066 
332 TMA-ZAIN-G-    (0)   :  0.003 0.004 0.981 0.009 0.003 
333 TMA-ZAIN-G-    (0)   :  0.003 0.008 0.981 0.004 0.004 
334 TMA-ZAIN-G-    (0)   :  0.972 0.007 0.003 0.004 0.014 
335 TMA-ZAIN-G-    (0)   :  0.981 0.004 0.004 0.005 0.005 
336 TMA-ZAIN-G-    (0)   :  0.954 0.015 0.008 0.010 0.014 
337 TMA-ZAIN-G-    (9)   :  0.833 0.009 0.005 0.007 0.147 
338 TMA-ZAIN-G-    (0)   :  0.969 0.007 0.003 0.004 0.018 
339 TMA-ZAIN-G-    (0)   :  0.983 0.004 0.002 0.002 0.009 
340 TMA-ZAIN-G-    (0)   :  0.985 0.003 0.003 0.003 0.006 
341 TMA-ZAIN-G-    (0)   :  0.980 0.003 0.004 0.005 0.007 
342 TMA-ZAIN-G-    (0)   :  0.978 0.005 0.004 0.005 0.008 
343 TMA-ZAIN-G-    (0)   :  0.976 0.003 0.004 0.003 0.014 
344 TMA-ZAIN-G-    (0)   :  0.974 0.005 0.006 0.005 0.010 
345 TMA-ZAIN-G-    (0)   :  0.985 0.004 0.003 0.003 0.005 
346 TMA-ZAIN-G-    (0)   :  0.945 0.005 0.011 0.007 0.032 
347 TMA-ZAIN-G-    (9)   :  0.982 0.004 0.003 0.003 0.008 
348 TMA-ZAIN-G-    (0)   :  0.955 0.009 0.005 0.005 0.026 
349 TMA-ZAIN-G-    (0)   :  0.975 0.005 0.004 0.004 0.012 
350 TMA-ZAIN-G-    (0)   :  0.914 0.006 0.008 0.008 0.064 
351 TMA-ZAIN-G-    (0)   :  0.979 0.005 0.004 0.003 0.008 
352 TMA-ZAIN-G-    (0)   :  0.968 0.009 0.005 0.009 0.009 
353 TMA-ZAIN-G-    (0)   :  0.912 0.006 0.013 0.006 0.063 
354 TMA-ZAIN-G-    (0)   :  0.974 0.003 0.007 0.005 0.011 
355 TMA-ZAIN-G-    (0)   :  0.965 0.003 0.011 0.008 0.012 
356 TMA-ZAIN-G-    (0)   :  0.002 0.020 0.003 0.966 0.009 
357 TMA-ZAIN-G-    (0)   :  0.004 0.017 0.285 0.680 0.014 
358 TMA-ZAIN-G-    (0)   :  0.034 0.036 0.280 0.596 0.054 
359 TMA-ZAIN-G-    (0)   :  0.010 0.029 0.007 0.942 0.013 
360 TMA-ZAIN-G-    (0)   :  0.003 0.006 0.007 0.980 0.004 
361 TMA-ZAIN-G-    (0)   :  0.004 0.011 0.732 0.244 0.010 
362 TMA-ZAIN-G-    (0)   :  0.013 0.005 0.005 0.971 0.007 
363 TMA-ZAIN-G-    (0)   :  0.015 0.021 0.711 0.243 0.011 
364 TMA-ZAIN-G-    (0)   :  0.010 0.015 0.012 0.016 0.947 
365 TMA-ZAIN-G-    (0)   :  0.148 0.006 0.022 0.802 0.022 
366 TMA-ZAIN-G-    (0)   :  0.007 0.016 0.008 0.965 0.004 
367 TMA-ZAIN-G-    (0)   :  0.008 0.107 0.714 0.061 0.109 
368 TMA-ZAIN-G-    (0)   :  0.005 0.012 0.017 0.962 0.004 
369 TMA-ZAIN-G-    (0)   :  0.003 0.006 0.925 0.063 0.003 
370 TMA-ZAIN-G-    (0)   :  0.003 0.006 0.918 0.062 0.010 
371 TMA-ZAIN-G-    (0)   :  0.004 0.005 0.008 0.978 0.005 
372 TMA-ZAIN-G-    (0)   :  0.003 0.006 0.018 0.968 0.004 
373 TMA-ZAIN-G-    (0)   :  0.003 0.005 0.984 0.004 0.004 
374 TMA-ZAIN-G-    (0)   :  0.015 0.193 0.377 0.027 0.387 
375 TMA-ZAIN-G-    (0)   :  0.018 0.010 0.384 0.029 0.560 
376 TMA-ZAIN-G-    (9)   :  0.003 0.004 0.013 0.975 0.005 
377 TMA-ZAIN-G-    (0)   :  0.003 0.004 0.008 0.982 0.003 
378 TMA-ZAIN-G-    (0)   :  0.002 0.004 0.013 0.976 0.004 
379 TMA-ZAIN-G-    (0)   :  0.002 0.017 0.022 0.955 0.004 
380 TMA-ZAIN-G-    (0)   :  0.004 0.007 0.013 0.974 0.003 
381 TMA-ZAIN-G-    (9)   :  0.012 0.191 0.059 0.243 0.494 
382 TMA-ZAIN-G-    (9)   :  0.040 0.007 0.009 0.005 0.938 
383    ZFB01    (0)   :  0.020 0.006 0.005 0.008 0.961 
384    ZFB02    (0)   :  0.122 0.022 0.003 0.004 0.849 
385    ZFB03    (0)   :  0.006 0.006 0.007 0.005 0.976 
386    ZFB04    (0)   :  0.204 0.011 0.004 0.006 0.776 
387    ZFB05    (0)   :  0.071 0.014 0.004 0.003 0.908 
388    ZFB06    (0)   :  0.029 0.007 0.004 0.003 0.957 
389    ZFB07    (9)   :  0.017 0.006 0.009 0.011 0.956 
390    ZFB08    (0)   :  0.007 0.008 0.006 0.006 0.973 
391    ZFB09    (0)   :  0.008 0.005 0.004 0.004 0.979 
392    ZFB10    (0)   :  0.022 0.011 0.007 0.025 0.935 
393    ZFB11    (0)   :  0.022 0.010 0.006 0.017 0.945 
394    ZFB12    (0)   :  0.013 0.004 0.006 0.006 0.972 
395    ZFB13    (0)   :  0.007 0.006 0.006 0.009 0.972 
396    ZFB14    (0)   :  0.006 0.007 0.005 0.008 0.974 
397    ZFB15    (0)   :  0.044 0.004 0.003 0.004 0.945 
398    ZFB16    (0)   :  0.025 0.005 0.005 0.005 0.960 
399    ZFB17    (0)   :  0.025 0.011 0.004 0.006 0.954 
400    ZFB18    (0)   :  0.005 0.006 0.004 0.006 0.979 
401    ZFB19    (0)   :  0.008 0.005 0.014 0.029 0.944 
402    ZFB20    (0)   :  0.056 0.004 0.005 0.006 0.929 
403    ZFB21    (0)   :  0.020 0.004 0.004 0.004 0.969 
404    ZFB22    (0)   :  0.121 0.005 0.004 0.006 0.864 
405    ZFB23    (0)   :  0.030 0.007 0.007 0.013 0.943 
406    ZFB24    (0)   :  0.070 0.010 0.006 0.013 0.901 
407    ZFB25    (0)   :  0.009 0.008 0.015 0.050 0.918 
408    ZFB26    (0)   :  0.099 0.017 0.011 0.034 0.839 
409    ZFB27    (0)   :  0.128 0.006 0.007 0.016 0.843 
410    ZFB28    (0)   :  0.019 0.008 0.007 0.006 0.960 
411    ZFB29    (0)   :  0.022 0.012 0.003 0.005 0.958 
412    ZFB30    (0)   :  0.100 0.006 0.008 0.008 0.878 
413    ZFB31    (0)   :  0.011 0.006 0.011 0.028 0.944 
414    ZFB32    (0)   :  0.012 0.017 0.012 0.009 0.951 
415    ZFB33    (0)   :  0.042 0.005 0.004 0.005 0.944 
416    ZFB34    (0)   :  0.006 0.007 0.004 0.005 0.978 
417    ZFB35    (0)   :  0.028 0.012 0.007 0.009 0.945 
418  ZFBP101    (0)   :  0.010 0.114 0.189 0.674 0.013 
419  ZFBP102    (0)   :  0.012 0.024 0.074 0.872 0.017 
420  ZFBP103    (0)   :  0.008 0.216 0.540 0.227 0.010 
421  ZFBP104    (0)   :  0.026 0.005 0.435 0.466 0.068 
422  ZFBP105    (0)   :  0.006 0.006 0.297 0.682 0.008 
423  ZFBP106    (0)   :  0.004 0.010 0.114 0.868 0.004 
424  ZFBP107    (0)   :  0.015 0.009 0.505 0.461 0.010 
425  ZFBP108    (0)   :  0.003 0.004 0.011 0.978 0.004 
426  ZFBP109    (0)   :  0.002 0.004 0.012 0.978 0.004 
427  ZFBP110    (0)   :  0.010 0.068 0.689 0.168 0.064 
428  ZFBP111    (0)   :  0.003 0.005 0.030 0.958 0.003 
429  ZFBP112    (0)   :  0.006 0.010 0.012 0.968 0.005 
430  ZFBP113    (0)   :  0.004 0.004 0.011 0.975 0.005 
431  ZFBP114    (0)   :  0.005 0.007 0.034 0.949 0.005 
432  ZFBP115    (0)   :  0.004 0.010 0.720 0.262 0.004 
433  ZFBP116    (0)   :  0.005 0.005 0.022 0.964 0.004 
434  ZFBP117    (0)   :  0.003 0.007 0.013 0.973 0.004 
435  ZFBP118    (0)   :  0.005 0.005 0.016 0.970 0.004 
436  ZFBP119    (0)   :  0.003 0.030 0.236 0.725 0.006 
437  ZFBP120    (0)   :  0.006 0.005 0.230 0.750 0.010 
438  ZFBP121    (0)   :  0.003 0.009 0.025 0.955 0.006 
439  ZFBP122    (9)   :  0.004 0.006 0.023 0.963 0.005 
440  ZFBP123    (0)   :  0.007 0.015 0.009 0.964 0.005 
441  ZFBP124    (0)   :  0.004 0.006 0.012 0.971 0.007 
442  ZFBP125    (0)   :  0.003 0.006 0.023 0.965 0.003 
443  ZFBP126    (0)   :  0.012 0.031 0.014 0.927 0.016 
444  ZFBP127    (0)   :  0.003 0.017 0.196 0.780 0.004 
445  ZFBP128    (0)   :  0.003 0.008 0.014 0.971 0.004 
446  ZFBP129    (0)   :  0.003 0.008 0.008 0.975 0.005 
447  ZFBP130    (0)   :  0.003 0.011 0.016 0.967 0.003 
448  ZFBP131    (0)   :  0.005 0.005 0.006 0.980 0.005 
449  ZFBP132    (0)   :  0.003 0.005 0.031 0.956 0.005 
450  ZFBP133    (0)   :  0.002 0.006 0.005 0.983 0.003 
451  ZFBP134    (0)   :  0.004 0.040 0.494 0.458 0.005 
452  ZFBP135    (0)   :  0.006 0.222 0.091 0.664 0.016 
453  ZFBP136    (0)   :  0.008 0.083 0.091 0.814 0.005 
454  ZFBP201    (0)   :  0.008 0.007 0.024 0.953 0.008 
455  ZFBP202    (0)   :  0.003 0.005 0.024 0.961 0.007 
456  ZFBP203    (0)   :  0.030 0.007 0.011 0.943 0.010 
457  ZFBP204    (0)   :  0.006 0.018 0.176 0.794 0.006 
458  ZFBP205    (0)   :  0.004 0.008 0.006 0.978 0.004 
459  ZFBP206    (0)   :  0.007 0.016 0.006 0.966 0.005 
460  ZFBP207    (0)   :  0.004 0.016 0.551 0.421 0.007 
461  ZFBP208    (0)   :  0.011 0.010 0.007 0.966 0.006 
462  ZFBP209    (0)   :  0.002 0.006 0.005 0.984 0.003 
463  ZFBP210    (0)   :  0.009 0.007 0.017 0.960 0.007 
464  ZFBP211    (0)   :  0.004 0.006 0.017 0.967 0.006 
465  ZFBP212    (0)   :  0.004 0.003 0.263 0.724 0.006 
466  ZFBP213    (0)   :  0.006 0.018 0.011 0.957 0.008 
467  ZFBP214    (0)   :  0.005 0.046 0.037 0.897 0.014 
468  ZFBP215    (0)   :  0.003 0.007 0.010 0.977 0.004 
469  ZFBP216    (0)   :  0.010 0.007 0.060 0.914 0.010 
470  ZFBP217    (0)   :  0.003 0.006 0.026 0.959 0.006 
471  ZFBP218    (0)   :  0.003 0.004 0.008 0.982 0.004 
472  ZFBP219    (0)   :  0.004 0.004 0.010 0.977 0.004 
473  ZFBP220    (0)   :  0.004 0.010 0.037 0.946 0.004 
474  ZFBP221    (0)   :  0.004 0.004 0.143 0.844 0.006 
475  ZFBP222    (0)   :  0.006 0.007 0.005 0.976 0.006 
476  ZFBP223    (0)   :  0.006 0.013 0.571 0.399 0.010 
477  ZFBP224    (0)   :  0.005 0.008 0.012 0.968 0.007 
478  ZFBP225    (0)   :  0.005 0.012 0.092 0.887 0.004 
479  ZFBP226    (0)   :  0.006 0.005 0.013 0.972 0.004 
480  ZFBP227    (0)   :  0.039 0.008 0.236 0.618 0.100 
481  ZFBP228    (0)   :  0.003 0.017 0.422 0.552 0.006 
482  ZFBP229    (0)   :  0.003 0.006 0.011 0.976 0.004 
483  ZFBP230    (0)   :  0.004 0.014 0.044 0.934 0.005 
484  ZFBP231    (0)   :  0.005 0.007 0.018 0.964 0.007 
485  ZFBP232    (0)   :  0.003 0.004 0.006 0.982 0.004 
486  ZFBP233    (0)   :  0.004 0.006 0.018 0.965 0.007 
487   ZFCC01    (0)   :  0.005 0.981 0.004 0.004 0.005 
488   ZFCC03    (0)   :  0.003 0.982 0.005 0.005 0.005 
489   ZFCC04    (0)   :  0.004 0.982 0.005 0.004 0.005 
490   ZFCC05    (0)   :  0.005 0.976 0.008 0.005 0.006 
491   ZFCC08    (0)   :  0.003 0.972 0.008 0.012 0.005 
492   ZFCC09    (0)   :  0.004 0.981 0.005 0.004 0.005 
493   ZFCC10    (0)   :  0.004 0.980 0.004 0.005 0.008 
494   ZFCC11    (0)   :  0.004 0.981 0.006 0.005 0.005 
495   ZFCC12    (0)   :  0.034 0.938 0.008 0.006 0.014 
496   ZFCC13    (0)   :  0.007 0.968 0.010 0.009 0.006 
497   ZFCC14    (0)   :  0.005 0.974 0.005 0.009 0.007 
498   ZFCC15    (0)   :  0.005 0.978 0.006 0.005 0.006 
499   ZFCC16    (0)   :  0.004 0.982 0.004 0.004 0.005 
500   ZFCC17    (0)   :  0.007 0.979 0.005 0.003 0.005 
501   ZFCC18    (0)   :  0.005 0.981 0.005 0.005 0.005 
502   ZFCC19    (0)   :  0.007 0.980 0.004 0.004 0.006 
503   ZFCC20    (0)   :  0.003 0.982 0.007 0.004 0.004 
504   ZFCC21    (0)   :  0.006 0.947 0.007 0.031 0.009 
505   ZFCC22    (0)   :  0.004 0.827 0.020 0.142 0.007 
506   ZFCC26    (0)   :  0.004 0.983 0.004 0.004 0.005 
507   ZFCC27    (0)   :  0.003 0.984 0.005 0.004 0.004 
508   ZFCC29    (0)   :  0.005 0.978 0.005 0.005 0.007 
509   ZFCC30    (0)   :  0.003 0.984 0.005 0.004 0.003 
510   ZFCC32    (0)   :  0.007 0.975 0.006 0.005 0.007 
511   ZFCC33    (0)   :  0.005 0.978 0.005 0.004 0.008 
512   ZFCC34    (0)   :  0.014 0.907 0.026 0.042 0.011 
513   ZFCC35    (0)   :  0.003 0.985 0.005 0.004 0.004 
514   ZFCC36    (0)   :  0.010 0.970 0.007 0.008 0.006 
515   ZFCC37    (0)   :  0.032 0.934 0.009 0.008 0.017 
516   ZFCC40    (0)   :  0.006 0.980 0.004 0.006 0.005 
517   ZFCC42    (0)   :  0.524 0.399 0.050 0.009 0.019 
518   ZFCC44    (0)   :  0.004 0.984 0.005 0.004 0.004 
519   ZFCC45    (9)   :  0.014 0.960 0.006 0.005 0.015 
520   ZFCC46    (0)   :  0.004 0.970 0.013 0.010 0.004 
521   ZFCC47    (0)   :  0.019 0.962 0.005 0.005 0.009 
522   ZFCC48    (0)   :  0.003 0.960 0.007 0.023 0.006 
523   ZFCC50    (0)   :  0.004 0.984 0.004 0.003 0.004 
524   ZFCC51    (0)   :  0.003 0.983 0.005 0.004 0.004 
525   ZFCC52    (0)   :  0.006 0.972 0.007 0.011 0.004 
526   ZFCC53    (0)   :  0.004 0.985 0.004 0.003 0.004 
527  ZFCNS01    (0)   :  0.006 0.007 0.979 0.004 0.005 
528  ZFCNS02    (0)   :  0.003 0.011 0.976 0.006 0.004 
529  ZFCNS05    (0)   :  0.003 0.013 0.970 0.008 0.005 
530  ZFCNS06    (0)   :  0.003 0.016 0.969 0.007 0.004 
531  ZFCNS07    (0)   :  0.003 0.006 0.972 0.014 0.004 
532  ZFCNS10    (0)   :  0.003 0.006 0.982 0.006 0.003 
533  ZFCNS11    (0)   :  0.004 0.007 0.980 0.004 0.004 
534  ZFCNS15    (0)   :  0.003 0.004 0.979 0.010 0.004 
535  ZFCNS17    (0)   :  0.003 0.016 0.971 0.006 0.004 
536  ZFCNS18    (0)   :  0.003 0.007 0.981 0.005 0.004 
537  ZFCNS19    (0)   :  0.003 0.011 0.977 0.004 0.004 
538  ZFCNS20    (0)   :  0.003 0.009 0.971 0.013 0.004 
539  ZFCNS21    (0)   :  0.003 0.010 0.980 0.004 0.004 
540  ZFCNS22    (0)   :  0.003 0.007 0.974 0.011 0.005 
541  ZFCNS23    (0)   :  0.008 0.028 0.950 0.007 0.007 
542  ZFCNS24    (0)   :  0.003 0.039 0.948 0.006 0.004 
543  ZFCNS25    (0)   :  0.003 0.012 0.972 0.009 0.004 
544  ZFCNS26    (0)   :  0.003 0.005 0.982 0.006 0.005 
545  ZFCNS27    (0)   :  0.003 0.004 0.974 0.014 0.004 
546  ZFCNS28    (0)   :  0.003 0.010 0.976 0.006 0.005 
547  ZFCNS29    (0)   :  0.003 0.013 0.971 0.009 0.005 
548  ZFCNS30    (0)   :  0.003 0.012 0.975 0.005 0.005 
549  ZFCNS31    (0)   :  0.003 0.006 0.981 0.006 0.004 
550  ZFCNS32    (0)   :  0.003 0.010 0.977 0.005 0.004 
551  ZFCNS33    (0)   :  0.003 0.007 0.981 0.005 0.004 
552  ZFCNS34    (0)   :  0.003 0.036 0.950 0.006 0.005 
553  ZFCNS35    (0)   :  0.003 0.007 0.980 0.005 0.005 
554  ZFCNS36    (0)   :  0.003 0.086 0.900 0.007 0.004 
555  ZFCNS37    (0)   :  0.003 0.006 0.982 0.004 0.005 
556  ZFCNS39    (0)   :  0.003 0.009 0.981 0.004 0.003 
557  ZFCNS40    (0)   :  0.003 0.037 0.948 0.008 0.004 
558  ZFCNS41    (0)   :  0.005 0.009 0.973 0.007 0.006 
559  ZFCNS42    (0)   :  0.003 0.006 0.982 0.005 0.004 
560  ZFCNS43    (0)   :  0.003 0.013 0.976 0.004 0.004 
561  ZFCNS44    (0)   :  0.003 0.008 0.981 0.004 0.003 
562  ZFCNS46    (0)   :  0.003 0.008 0.979 0.006 0.004 
563  ZFCNS47    (0)   :  0.003 0.010 0.979 0.004 0.004 
564  ZFCNS48    (0)   :  0.003 0.006 0.981 0.006 0.004 
565  ZFCNS49    (0)   :  0.003 0.004 0.984 0.006 0.004 
566   ZFCR01    (0)   :  0.016 0.010 0.004 0.016 0.954 
567   ZFCR02    (0)   :  0.012 0.032 0.019 0.083 0.855 
568   ZFCR03    (0)   :  0.050 0.029 0.007 0.039 0.875 
569   ZFCR04    (0)   :  0.028 0.011 0.017 0.018 0.925 
570   ZFCR05    (0)   :  0.009 0.014 0.005 0.006 0.966 
571   ZFCR06    (0)   :  0.008 0.019 0.136 0.134 0.704 
572   ZFCR07    (0)   :  0.016 0.029 0.109 0.014 0.831 
573   ZFCR08    (0)   :  0.063 0.098 0.012 0.077 0.751 
574   ZFCR09    (0)   :  0.396 0.040 0.102 0.162 0.299 
575   ZFCR11    (0)   :  0.008 0.009 0.043 0.014 0.927 
576   ZFCR12    (0)   :  0.005 0.021 0.244 0.034 0.695 
577   ZFCR13    (0)   :  0.004 0.010 0.017 0.039 0.929 
578   ZFCR14    (0)   :  0.006 0.023 0.012 0.018 0.941 
579   ZFCR15    (0)   :  0.009 0.020 0.010 0.030 0.930 
580   ZFCR16    (0)   :  0.004 0.011 0.008 0.036 0.941 
581   ZFCR18    (0)   :  0.006 0.012 0.006 0.008 0.968 
582   ZFCR19    (0)   :  0.071 0.022 0.017 0.081 0.809 
583   ZFCR20    (0)   :  0.020 0.016 0.011 0.044 0.909 
584   ZFCR21    (0)   :  0.005 0.029 0.010 0.016 0.941 
585   ZFCR22    (0)   :  0.008 0.013 0.011 0.034 0.933 
586   ZFCR23    (0)   :  0.031 0.004 0.026 0.067 0.872 
587   ZFCR24    (9)   :  0.012 0.010 0.015 0.407 0.557 
588   ZFCR25    (0)   :  0.005 0.008 0.008 0.007 0.973 
589   ZFCR26    (0)   :  0.085 0.033 0.018 0.060 0.804 
590   ZFCR27    (9)   :  0.017 0.004 0.003 0.003 0.972 
591   ZFCR28    (0)   :  0.009 0.011 0.070 0.314 0.595 
592   ZFCR29    (0)   :  0.008 0.008 0.006 0.015 0.963 
593   ZFCR30    (0)   :  0.009 0.011 0.024 0.017 0.940 
594   ZFCR31    (0)   :  0.049 0.017 0.063 0.080 0.790 
595   ZFCR33    (0)   :  0.050 0.036 0.031 0.022 0.862 
596   ZFCR34    (0)   :  0.013 0.024 0.046 0.039 0.878 
597   ZFCR35    (0)   :  0.013 0.012 0.005 0.006 0.964 
598   ZFCR36    (0)   :  0.010 0.008 0.010 0.008 0.964 
599   ZFCR37    (0)   :  0.020 0.052 0.007 0.007 0.913 
600   ZFCR38    (0)   :  0.036 0.058 0.013 0.012 0.881 
601   ZFCR39    (0)   :  0.634 0.091 0.021 0.215 0.039 
602   ZFCR40    (0)   :  0.030 0.023 0.015 0.013 0.920 
603   ZFCR41    (0)   :  0.003 0.052 0.127 0.027 0.790 
604   ZFCR42    (0)   :  0.024 0.111 0.056 0.062 0.747 
605   ZFCR43    (0)   :  0.006 0.007 0.009 0.038 0.940 
606  ZFENP25    (0)   :  0.008 0.009 0.009 0.006 0.967 
607  ZFENP26    (0)   :  0.023 0.005 0.009 0.004 0.959 
608  ZFENP27    (0)   :  0.098 0.362 0.058 0.015 0.467 
609  ZFENP28    (0)   :  0.038 0.014 0.011 0.006 0.931 
610  ZFENP29    (0)   :  0.012 0.012 0.007 0.005 0.964 
611  ZFENP30    (0)   :  0.041 0.098 0.008 0.008 0.845 
612  ZFENP31    (0)   :  0.866 0.077 0.013 0.014 0.030 
613  ZFENP32    (0)   :  0.235 0.022 0.049 0.017 0.678 
614  ZFENP33    (0)   :  0.030 0.009 0.009 0.007 0.946 
615  ZFENP34    (0)   :  0.017 0.020 0.006 0.005 0.952 
616  ZFENP35    (0)   :  0.069 0.007 0.025 0.010 0.888 
617  ZFENP36    (0)   :  0.044 0.005 0.006 0.003 0.941 
618  ZFENP37    (0)   :  0.040 0.012 0.010 0.006 0.932 
619  ZFENP38    (0)   :  0.027 0.035 0.036 0.010 0.892 
620  ZFENP39    (0)   :  0.033 0.012 0.007 0.004 0.944 
621  ZFENP40    (0)   :  0.058 0.010 0.007 0.006 0.919 
622  ZFENP41    (0)   :  0.159 0.110 0.011 0.009 0.712 
623  ZFENP42    (0)   :  0.485 0.016 0.012 0.009 0.478 
624  ZFENP43    (0)   :  0.138 0.092 0.161 0.009 0.599 
625  ZFENP44    (0)   :  0.432 0.099 0.109 0.020 0.339 
626  ZFENP45    (0)   :  0.193 0.038 0.020 0.438 0.312 
627  ZFENP46    (0)   :  0.099 0.004 0.025 0.014 0.858 
628  ZFENP47    (0)   :  0.467 0.068 0.005 0.212 0.247 
629  ZFENP48    (0)   :  0.029 0.052 0.009 0.017 0.893 
630  ZFENP49    (0)   :  0.022 0.033 0.011 0.021 0.914 
631  ZFENP50    (0)   :  0.092 0.006 0.043 0.089 0.771 
632  ZFENP51    (0)   :  0.627 0.021 0.013 0.044 0.295 
633  ZFENP52    (0)   :  0.047 0.060 0.072 0.009 0.811 
634  ZFENP53    (0)   :  0.073 0.013 0.025 0.040 0.848 
635  ZFENP54    (0)   :  0.018 0.039 0.038 0.159 0.746 
636  ZFENP55    (0)   :  0.033 0.005 0.006 0.008 0.947 
637  ZFENP56    (0)   :  0.018 0.010 0.026 0.005 0.941 
638  ZFENP57    (0)   :  0.230 0.006 0.014 0.005 0.745 
639  ZFENP58    (0)   :  0.015 0.143 0.021 0.031 0.789 
640  ZFENP59    (0)   :  0.227 0.222 0.010 0.007 0.534 
641  ZFENP60    (0)   :  0.020 0.009 0.006 0.008 0.959 
642  ZFENP61    (0)   :  0.017 0.013 0.004 0.004 0.962 
643 ZFFDSP01    (0)   :  0.003 0.005 0.045 0.940 0.006 
644 ZFFDSP02    (0)   :  0.003 0.005 0.009 0.979 0.004 
645 ZFFDSP04    (0)   :  0.003 0.004 0.007 0.981 0.005 
646 ZFFDSP05    (0)   :  0.004 0.005 0.066 0.921 0.005 
647 ZFFDSP06    (0)   :  0.002 0.006 0.008 0.979 0.004 
648 ZFFDSP07    (0)   :  0.005 0.016 0.006 0.969 0.005 
649 ZFFDSP08    (0)   :  0.005 0.014 0.026 0.951 0.004 
650 ZFFDSP10    (0)   :  0.004 0.006 0.024 0.961 0.005 
651 ZFFDSP11    (0)   :  0.004 0.005 0.010 0.976 0.005 
652 ZFFDSP12    (0)   :  0.003 0.004 0.009 0.980 0.004 
653 ZFFDSP13    (0)   :  0.005 0.009 0.913 0.068 0.005 
654 ZFFDSP14    (0)   :  0.003 0.008 0.006 0.978 0.005 
655 ZFFDSP16    (0)   :  0.005 0.008 0.032 0.944 0.011 
