

----------------------------------------------------
STRUCTURE by Pritchard, Stephens and Donnelly (2000)
     and Falush, Stephens and Pritchard (2003)
       Code by Pritchard, Falush and Hubisz
             Version 2.3.4 (Jul 2012)
----------------------------------------------------



Command line arguments:   bin\structure -m C:\Users\eschumacher\Documents\GitHub\GCC_QUAC_ZAIN\Data_Files\Structure_Files\ZAIN\ZAIN_rebinned_garden_wild_nopopinfo\50-50\mainparams -e C:\Users\eschumacher\Documents\GitHub\GCC_QUAC_ZAIN\Data_Files\Structure_Files\ZAIN\ZAIN_rebinned_garden_wild_nopopinfo\50-50\extraparams 
Input File:    C:\Users\eschumacher\Documents\GitHub\GCC_QUAC_ZAIN\Data_Files\Structure_Files\ZAIN\ZAIN_rebinned_garden_wild_nopopinfo\project_data

Run parameters:
   1133 individuals
   11 loci
   16 populations assumed
   50000 Burn-in period
   50000 Reps


--------------------------------------------
Overall proportion of membership of the
sample in each of the 16 clusters

Inferred Clusters
  1      2      3      4      5      6      7      8      9     10     11     12     13     14     15     16    
0.055  0.066  0.088  0.035  0.062  0.058  0.087  0.053  0.058  0.044  0.047  0.051  0.075  0.046  0.060  0.117  

--------------------------------------------

Allele-freq. divergence among pops (Net nucleotide distance),
computed using point estimates of P.

      1       2       3       4       5       6       7       8       9      10      11      12      13      14      15      16      
 1      -    0.2806  0.2680  0.1768  0.0641  0.1434  0.1943  0.0268  0.0682  0.0848  0.0734  0.1179  0.2460  0.0499  0.2334  0.2900  
 2   0.2806     -    0.0907  0.2516  0.2994  0.1803  0.1152  0.2929  0.3069  0.2670  0.3091  0.3910  0.1929  0.2517  0.3085  0.2012  
 3   0.2680  0.0907     -    0.2480  0.2942  0.2036  0.1309  0.2787  0.2884  0.2783  0.2874  0.3790  0.2212  0.2502  0.3170  0.1735  
 4   0.1768  0.2516  0.2480     -    0.2151  0.1777  0.1523  0.2090  0.2844  0.1877  0.2230  0.2912  0.2133  0.2129  0.2492  0.2454  
 5   0.0641  0.2994  0.2942  0.2151     -    0.1354  0.1705  0.0966  0.1031  0.0648  0.1332  0.1520  0.2313  0.1118  0.1440  0.3067  
 6   0.1434  0.1803  0.2036  0.1777  0.1354     -    0.1007  0.1885  0.2162  0.1356  0.2063  0.1820  0.1921  0.1358  0.2420  0.2314  
 7   0.1943  0.1152  0.1309  0.1523  0.1705  0.1007     -    0.2132  0.2619  0.1925  0.2087  0.2931  0.1769  0.2185  0.2025  0.1179  
 8   0.0268  0.2929  0.2787  0.2090  0.0966  0.1885  0.2132     -    0.0626  0.1243  0.0742  0.1782  0.2830  0.0666  0.2546  0.3254  
 9   0.0682  0.3069  0.2884  0.2844  0.1031  0.2162  0.2619  0.0626     -    0.1155  0.1228  0.1740  0.3010  0.0493  0.3100  0.3890  
10   0.0848  0.2670  0.2783  0.1877  0.0648  0.1356  0.1925  0.1243  0.1155     -    0.1667  0.1648  0.1902  0.0983  0.1772  0.3606  
11   0.0734  0.3091  0.2874  0.2230  0.1332  0.2063  0.2087  0.0742  0.1228  0.1667     -    0.1251  0.2518  0.0990  0.2568  0.3151  
12   0.1179  0.3910  0.3790  0.2912  0.1520  0.1820  0.2931  0.1782  0.1740  0.1648  0.1251     -    0.2325  0.1132  0.2955  0.3876  
13   0.2460  0.1929  0.2212  0.2133  0.2313  0.1921  0.1769  0.2830  0.3010  0.1902  0.2518  0.2325     -    0.2200  0.2109  0.2911  
14   0.0499  0.2517  0.2502  0.2129  0.1118  0.1358  0.2185  0.0666  0.0493  0.0983  0.0990  0.1132  0.2200     -    0.2726  0.3363  
15   0.2334  0.3085  0.3170  0.2492  0.1440  0.2420  0.2025  0.2546  0.3100  0.1772  0.2568  0.2955  0.2109  0.2726     -    0.3822  
16   0.2900  0.2012  0.1735  0.2454  0.3067  0.2314  0.1179  0.3254  0.3890  0.3606  0.3151  0.3876  0.2911  0.3363  0.3822     -    

Average distances (expected heterozygosity) between individuals in same cluster:
cluster  1  : 0.3946 
cluster  2  : 0.3350 
cluster  3  : 0.4901 
cluster  4  : 0.2494 
cluster  5  : 0.4317 
cluster  6  : 0.4535 
cluster  7  : 0.5263 
cluster  8  : 0.3203 
cluster  9  : 0.3209 
cluster 10  : 0.3537 
cluster 11  : 0.3888 
cluster 12  : 0.3492 
cluster 13  : 0.3644 
cluster 14  : 0.3814 
cluster 15  : 0.2285 
cluster 16  : 0.4005 

--------------------------------------------
Estimated Ln Prob of Data   = -20530.1
Mean value of ln likelihood = -19540.2
Variance of ln likelihood   = 1979.9
Mean value of alpha         = 0.0346

Mean value of Fst_1         = 0.3189
Mean value of Fst_2         = 0.5249
Mean value of Fst_3         = 0.4118
Mean value of Fst_4         = 0.6248
Mean value of Fst_5         = 0.3294
Mean value of Fst_6         = 0.3184
Mean value of Fst_7         = 0.1800
Mean value of Fst_8         = 0.4176
Mean value of Fst_9         = 0.4633
Mean value of Fst_10         = 0.5221
Mean value of Fst_11         = 0.4082
Mean value of Fst_12         = 0.4367
Mean value of Fst_13         = 0.4720
Mean value of Fst_14         = 0.3858
Mean value of Fst_15         = 0.6160
Mean value of Fst_16         = 0.4497


Inferred ancestry of individuals:
        Label (%Miss) :  Inferred clusters
  1 TMA-ZAIN-G-    (9)   :  0.014 0.032 0.625 0.008 0.041 0.016 0.041 0.009 0.007 0.010 0.005 0.008 0.011 0.128 0.039 0.007 
  2 TMA-ZAIN-G-    (0)   :  0.016 0.022 0.664 0.014 0.012 0.006 0.008 0.035 0.008 0.005 0.129 0.004 0.020 0.045 0.007 0.006 
  3 TMA-ZAIN-G-    (0)   :  0.038 0.005 0.004 0.007 0.028 0.010 0.004 0.021 0.053 0.054 0.011 0.047 0.007 0.691 0.017 0.003 
  4 TMA-ZAIN-G-    (0)   :  0.023 0.009 0.005 0.568 0.009 0.005 0.004 0.045 0.093 0.014 0.010 0.037 0.015 0.138 0.018 0.004 
  5 TMA-ZAIN-G-    (0)   :  0.003 0.008 0.945 0.005 0.002 0.005 0.003 0.002 0.004 0.003 0.002 0.002 0.005 0.004 0.002 0.005 
  6 TMA-ZAIN-G-    (0)   :  0.066 0.014 0.021 0.029 0.018 0.143 0.031 0.009 0.013 0.060 0.012 0.042 0.014 0.488 0.011 0.028 
  7 TMA-ZAIN-G-    (0)   :  0.394 0.012 0.008 0.087 0.028 0.013 0.008 0.087 0.036 0.157 0.019 0.008 0.011 0.087 0.039 0.005 
  8 TMA-ZAIN-G-    (0)   :  0.009 0.004 0.004 0.004 0.007 0.005 0.003 0.009 0.013 0.895 0.008 0.009 0.009 0.017 0.004 0.003 
  9 TMA-ZAIN-G-    (9)   :  0.322 0.005 0.008 0.007 0.090 0.026 0.005 0.188 0.050 0.016 0.047 0.021 0.005 0.200 0.007 0.004 
 10 TMA-ZAIN-G-    (0)   :  0.265 0.003 0.003 0.010 0.124 0.032 0.006 0.306 0.026 0.054 0.027 0.032 0.009 0.087 0.012 0.004 
 11 TMA-ZAIN-G-    (0)   :  0.747 0.006 0.004 0.013 0.078 0.005 0.005 0.078 0.007 0.009 0.011 0.004 0.005 0.014 0.009 0.004 
 12 TMA-ZAIN-G-    (0)   :  0.030 0.005 0.005 0.005 0.038 0.009 0.006 0.041 0.517 0.015 0.007 0.005 0.005 0.284 0.025 0.003 
 13 TMA-ZAIN-G-    (9)   :  0.286 0.032 0.032 0.013 0.097 0.012 0.022 0.085 0.036 0.033 0.156 0.015 0.014 0.012 0.098 0.057 
 14 TMA-ZAIN-G-    (9)   :  0.019 0.003 0.003 0.005 0.075 0.010 0.009 0.031 0.009 0.008 0.017 0.006 0.007 0.009 0.777 0.012 
 15 TMA-ZAIN-G-    (0)   :  0.013 0.003 0.003 0.004 0.137 0.006 0.006 0.007 0.005 0.009 0.004 0.008 0.007 0.164 0.622 0.002 
 16 TMA-ZAIN-G-    (0)   :  0.048 0.005 0.003 0.005 0.014 0.006 0.005 0.521 0.278 0.006 0.009 0.005 0.003 0.082 0.005 0.004 
 17 TMA-ZAIN-G-    (9)   :  0.007 0.006 0.009 0.112 0.667 0.014 0.015 0.013 0.009 0.084 0.005 0.007 0.019 0.011 0.014 0.009 
 18 TMA-ZAIN-G-    (0)   :  0.004 0.721 0.024 0.017 0.007 0.017 0.099 0.005 0.014 0.013 0.004 0.006 0.045 0.008 0.009 0.007 
 19 TMA-ZAIN-G-    (0)   :  0.023 0.024 0.009 0.041 0.022 0.126 0.562 0.021 0.026 0.075 0.007 0.005 0.004 0.019 0.013 0.024 
 20 TMA-ZAIN-G-    (0)   :  0.004 0.042 0.030 0.006 0.003 0.009 0.800 0.004 0.003 0.004 0.005 0.005 0.032 0.004 0.004 0.046 
 21 TMA-ZAIN-G-    (0)   :  0.006 0.003 0.003 0.004 0.005 0.005 0.004 0.004 0.003 0.004 0.003 0.005 0.005 0.005 0.002 0.940 
 22 TMA-ZAIN-G-    (0)   :  0.003 0.078 0.041 0.010 0.003 0.009 0.012 0.003 0.002 0.003 0.003 0.002 0.007 0.003 0.003 0.817 
 23 TMA-ZAIN-G-    (0)   :  0.008 0.044 0.012 0.010 0.007 0.027 0.034 0.008 0.006 0.010 0.005 0.003 0.004 0.005 0.007 0.809 
 24 TMA-ZAIN-G-    (9)   :  0.011 0.008 0.007 0.003 0.016 0.004 0.003 0.007 0.008 0.003 0.179 0.087 0.006 0.005 0.020 0.633 
 25 TMA-ZAIN-G-    (9)   :  0.012 0.012 0.128 0.003 0.006 0.007 0.551 0.017 0.005 0.003 0.063 0.004 0.004 0.169 0.003 0.011 
 26 TMA-ZAIN-G-    (9)   :  0.047 0.005 0.006 0.010 0.062 0.005 0.010 0.048 0.008 0.018 0.059 0.008 0.469 0.206 0.011 0.027 
 27 TMA-ZAIN-G-    (0)   :  0.011 0.014 0.087 0.020 0.018 0.642 0.056 0.013 0.003 0.011 0.005 0.008 0.014 0.007 0.071 0.019 
 28 TMA-ZAIN-G-    (0)   :  0.006 0.015 0.006 0.005 0.005 0.900 0.012 0.005 0.005 0.009 0.004 0.004 0.005 0.007 0.009 0.004 
 29 TMA-ZAIN-G-    (0)   :  0.004 0.003 0.003 0.003 0.005 0.005 0.223 0.004 0.004 0.004 0.006 0.707 0.016 0.004 0.005 0.004 
 30 TMA-ZAIN-G-    (0)   :  0.043 0.005 0.004 0.008 0.172 0.441 0.025 0.043 0.043 0.013 0.085 0.027 0.006 0.027 0.054 0.004 
 31 TMA-ZAIN-G-    (0)   :  0.006 0.025 0.822 0.018 0.003 0.007 0.010 0.006 0.004 0.007 0.008 0.005 0.058 0.004 0.006 0.011 
 32 TMA-ZAIN-G-    (9)   :  0.018 0.451 0.026 0.005 0.021 0.007 0.030 0.019 0.017 0.005 0.006 0.003 0.005 0.343 0.008 0.036 
 33 TMA-ZAIN-G-   (18)   :  0.084 0.004 0.004 0.003 0.025 0.006 0.004 0.026 0.036 0.019 0.005 0.008 0.003 0.766 0.005 0.003 
 34 TMA-ZAIN-G-    (0)   :  0.036 0.043 0.029 0.005 0.006 0.006 0.008 0.014 0.031 0.006 0.008 0.004 0.005 0.780 0.004 0.017 
 35 TMA-ZAIN-G-    (9)   :  0.043 0.006 0.004 0.006 0.013 0.006 0.004 0.011 0.009 0.006 0.006 0.009 0.005 0.862 0.008 0.003 
 36 TMA-ZAIN-G-    (0)   :  0.081 0.004 0.004 0.007 0.170 0.007 0.005 0.028 0.013 0.046 0.259 0.013 0.015 0.223 0.122 0.003 
 37 TMA-ZAIN-G-    (9)   :  0.085 0.004 0.004 0.012 0.011 0.009 0.004 0.021 0.010 0.010 0.010 0.006 0.005 0.803 0.004 0.004 
 38 TMA-ZAIN-G-   (18)   :  0.022 0.018 0.479 0.009 0.022 0.005 0.036 0.019 0.009 0.005 0.008 0.005 0.006 0.327 0.017 0.014 
 39 TMA-ZAIN-G-    (0)   :  0.048 0.003 0.003 0.009 0.053 0.008 0.004 0.084 0.078 0.017 0.608 0.012 0.008 0.057 0.004 0.005 
 40 TMA-ZAIN-G-    (0)   :  0.051 0.003 0.004 0.015 0.597 0.004 0.004 0.032 0.085 0.011 0.091 0.006 0.006 0.080 0.004 0.006 
 41 TMA-ZAIN-G-    (0)   :  0.009 0.003 0.003 0.003 0.649 0.005 0.003 0.018 0.018 0.033 0.173 0.006 0.005 0.046 0.024 0.003 
 42 TMA-ZAIN-G-    (9)   :  0.006 0.003 0.003 0.005 0.781 0.003 0.003 0.006 0.008 0.056 0.009 0.009 0.014 0.007 0.083 0.002 
 43 TMA-ZAIN-G-    (0)   :  0.004 0.003 0.003 0.004 0.011 0.003 0.004 0.007 0.004 0.017 0.005 0.012 0.005 0.004 0.912 0.002 
 44 TMA-ZAIN-G-    (0)   :  0.077 0.004 0.006 0.008 0.007 0.003 0.014 0.050 0.009 0.007 0.036 0.007 0.004 0.013 0.004 0.751 
 45 TMA-ZAIN-G-    (0)   :  0.136 0.004 0.006 0.014 0.092 0.010 0.007 0.521 0.058 0.016 0.009 0.005 0.009 0.092 0.015 0.007 
 46 TMA-ZAIN-G-    (0)   :  0.004 0.004 0.003 0.009 0.003 0.002 0.005 0.005 0.002 0.003 0.005 0.003 0.005 0.003 0.004 0.938 
 47 TMA-ZAIN-G-    (0)   :  0.003 0.005 0.003 0.011 0.004 0.004 0.004 0.003 0.005 0.005 0.003 0.004 0.932 0.006 0.004 0.004 
 48 TMA-ZAIN-G-    (0)   :  0.158 0.007 0.005 0.129 0.117 0.049 0.012 0.071 0.015 0.137 0.011 0.015 0.177 0.022 0.046 0.028 
 49 TMA-ZAIN-G-    (9)   :  0.012 0.028 0.005 0.019 0.007 0.012 0.768 0.012 0.030 0.010 0.005 0.045 0.007 0.031 0.004 0.006 
 50 TMA-ZAIN-G-    (0)   :  0.007 0.005 0.015 0.005 0.082 0.022 0.782 0.006 0.010 0.012 0.027 0.003 0.003 0.005 0.009 0.005 
 51 TMA-ZAIN-G-    (0)   :  0.013 0.007 0.007 0.014 0.021 0.021 0.793 0.011 0.004 0.010 0.007 0.007 0.016 0.007 0.056 0.006 
 52 TMA-ZAIN-G-    (0)   :  0.009 0.007 0.006 0.129 0.008 0.028 0.710 0.009 0.012 0.009 0.006 0.003 0.032 0.007 0.017 0.008 
 53 TMA-ZAIN-G-    (0)   :  0.021 0.012 0.253 0.064 0.014 0.010 0.436 0.018 0.003 0.012 0.016 0.005 0.073 0.006 0.049 0.007 
 54 TMA-ZAIN-G-    (0)   :  0.007 0.008 0.004 0.004 0.012 0.012 0.009 0.008 0.006 0.010 0.004 0.003 0.893 0.005 0.011 0.004 
 55 TMA-ZAIN-G-    (0)   :  0.008 0.007 0.003 0.004 0.041 0.024 0.023 0.012 0.010 0.016 0.004 0.003 0.811 0.005 0.023 0.007 
 56 TMA-ZAIN-G-    (0)   :  0.062 0.004 0.009 0.375 0.177 0.064 0.030 0.034 0.012 0.082 0.022 0.020 0.051 0.025 0.027 0.008 
 57 TMA-ZAIN-G-    (0)   :  0.008 0.006 0.010 0.011 0.005 0.006 0.024 0.013 0.038 0.006 0.011 0.008 0.828 0.017 0.006 0.004 
 58 TMA-ZAIN-G-    (0)   :  0.009 0.144 0.018 0.015 0.017 0.211 0.309 0.007 0.016 0.046 0.004 0.008 0.039 0.011 0.008 0.139 
 59 TMA-ZAIN-G-    (0)   :  0.159 0.027 0.499 0.030 0.024 0.029 0.014 0.048 0.015 0.057 0.011 0.010 0.015 0.027 0.009 0.027 
 60 TMA-ZAIN-G-    (0)   :  0.018 0.121 0.279 0.037 0.015 0.105 0.192 0.017 0.007 0.022 0.006 0.007 0.016 0.008 0.143 0.010 
 61 TMA-ZAIN-G-    (0)   :  0.005 0.016 0.875 0.030 0.003 0.006 0.009 0.003 0.003 0.004 0.003 0.003 0.013 0.005 0.004 0.017 
 62 TMA-ZAIN-G-    (9)   :  0.015 0.007 0.770 0.003 0.022 0.038 0.014 0.024 0.020 0.007 0.017 0.006 0.009 0.027 0.005 0.015 
 63 TMA-ZAIN-G-    (0)   :  0.008 0.189 0.649 0.017 0.010 0.016 0.025 0.009 0.012 0.012 0.003 0.003 0.015 0.009 0.014 0.009 
 64 TMA-ZAIN-G-    (0)   :  0.007 0.002 0.002 0.004 0.005 0.003 0.002 0.008 0.004 0.004 0.008 0.936 0.003 0.005 0.005 0.002 
 65 TMA-ZAIN-G-    (9)   :  0.008 0.004 0.003 0.005 0.007 0.006 0.003 0.008 0.016 0.009 0.006 0.844 0.008 0.064 0.007 0.003 
 66 TMA-ZAIN-G-    (0)   :  0.030 0.003 0.002 0.005 0.009 0.004 0.003 0.028 0.010 0.008 0.015 0.854 0.004 0.017 0.005 0.003 
 67 TMA-ZAIN-G-    (0)   :  0.037 0.003 0.004 0.004 0.011 0.013 0.009 0.069 0.017 0.007 0.089 0.688 0.004 0.027 0.003 0.014 
 68 TMA-ZAIN-G-    (0)   :  0.005 0.003 0.002 0.004 0.005 0.003 0.002 0.005 0.004 0.008 0.004 0.937 0.005 0.005 0.006 0.002 
 69 TMA-ZAIN-G-    (0)   :  0.030 0.027 0.009 0.019 0.005 0.006 0.021 0.036 0.027 0.006 0.031 0.685 0.008 0.048 0.017 0.024 
 70 TMA-ZAIN-G-    (0)   :  0.052 0.003 0.003 0.003 0.006 0.004 0.004 0.038 0.008 0.004 0.842 0.014 0.003 0.006 0.005 0.004 
 71 TMA-ZAIN-G-    (0)   :  0.012 0.003 0.003 0.004 0.006 0.003 0.003 0.052 0.013 0.004 0.874 0.004 0.003 0.010 0.003 0.003 
 72 TMA-ZAIN-G-    (0)   :  0.012 0.004 0.003 0.004 0.008 0.007 0.004 0.012 0.006 0.006 0.896 0.011 0.006 0.010 0.007 0.003 
 73 TMA-ZAIN-G-    (0)   :  0.007 0.014 0.018 0.004 0.005 0.015 0.015 0.010 0.008 0.006 0.841 0.005 0.012 0.016 0.003 0.022 
 74 TMA-ZAIN-G-    (0)   :  0.006 0.004 0.005 0.003 0.006 0.004 0.005 0.011 0.009 0.005 0.917 0.004 0.004 0.009 0.003 0.005 
 75 TMA-ZAIN-G-    (0)   :  0.006 0.005 0.004 0.005 0.005 0.005 0.004 0.011 0.007 0.005 0.912 0.005 0.007 0.011 0.004 0.003 
 76 TMA-ZAIN-G-    (0)   :  0.010 0.003 0.005 0.003 0.005 0.004 0.008 0.048 0.008 0.004 0.868 0.005 0.003 0.008 0.003 0.014 
 77 TMA-ZAIN-G-    (0)   :  0.007 0.003 0.003 0.007 0.009 0.005 0.005 0.008 0.004 0.004 0.921 0.006 0.003 0.005 0.005 0.005 
 78 TMA-ZAIN-G-    (0)   :  0.010 0.005 0.005 0.009 0.005 0.007 0.011 0.026 0.007 0.005 0.874 0.004 0.006 0.009 0.005 0.010 
 79 TMA-ZAIN-G-    (0)   :  0.010 0.004 0.003 0.024 0.006 0.005 0.007 0.022 0.005 0.005 0.882 0.004 0.004 0.006 0.006 0.007 
 80 TMA-ZAIN-G-    (0)   :  0.023 0.003 0.003 0.005 0.018 0.007 0.004 0.067 0.091 0.010 0.691 0.020 0.011 0.038 0.004 0.005 
 81 TMA-ZAIN-G-    (0)   :  0.023 0.004 0.003 0.029 0.011 0.008 0.007 0.243 0.013 0.009 0.612 0.005 0.005 0.015 0.007 0.006 
 82 TMA-ZAIN-G-    (0)   :  0.028 0.008 0.004 0.008 0.007 0.006 0.004 0.405 0.032 0.012 0.037 0.154 0.015 0.273 0.006 0.003 
 83 TMA-ZAIN-G-    (9)   :  0.028 0.025 0.022 0.004 0.007 0.018 0.009 0.012 0.061 0.014 0.008 0.020 0.009 0.741 0.004 0.019 
 84 TMA-ZAIN-G-    (0)   :  0.017 0.003 0.004 0.012 0.009 0.005 0.009 0.212 0.013 0.006 0.668 0.005 0.004 0.010 0.005 0.017 
 85 TMA-ZAIN-G-    (0)   :  0.004 0.004 0.004 0.946 0.003 0.004 0.004 0.003 0.003 0.004 0.003 0.003 0.003 0.004 0.003 0.004 
 86 TMA-ZAIN-G-    (0)   :  0.012 0.003 0.004 0.901 0.009 0.005 0.004 0.010 0.009 0.008 0.005 0.005 0.005 0.011 0.003 0.005 
 87 TMA-ZAIN-G-    (0)   :  0.003 0.005 0.004 0.948 0.003 0.003 0.004 0.003 0.003 0.003 0.003 0.002 0.003 0.003 0.003 0.004 
 88 TMA-ZAIN-G-    (0)   :  0.027 0.019 0.165 0.350 0.009 0.009 0.008 0.053 0.097 0.010 0.023 0.034 0.070 0.098 0.018 0.010 
 89 TMA-ZAIN-G-    (0)   :  0.028 0.010 0.048 0.280 0.012 0.004 0.008 0.048 0.033 0.009 0.038 0.023 0.370 0.025 0.036 0.027 
 90 TMA-ZAIN-G-    (0)   :  0.007 0.031 0.004 0.824 0.004 0.005 0.006 0.006 0.018 0.006 0.004 0.011 0.033 0.032 0.004 0.004 
 91 TMA-ZAIN-G-    (0)   :  0.016 0.006 0.084 0.745 0.008 0.016 0.005 0.013 0.007 0.013 0.007 0.011 0.039 0.011 0.013 0.006 
 92 TMA-ZAIN-G-    (0)   :  0.011 0.015 0.008 0.532 0.009 0.032 0.031 0.013 0.004 0.007 0.011 0.006 0.263 0.008 0.011 0.039 
 93 TMA-ZAIN-G-    (0)   :  0.008 0.009 0.054 0.181 0.006 0.104 0.025 0.010 0.004 0.007 0.006 0.007 0.534 0.006 0.027 0.012 
 94 TMA-ZAIN-G-    (0)   :  0.005 0.018 0.133 0.715 0.004 0.014 0.010 0.005 0.003 0.005 0.005 0.004 0.059 0.005 0.006 0.009 
 95 TMA-ZAIN-G-    (0)   :  0.006 0.018 0.004 0.005 0.018 0.866 0.023 0.005 0.006 0.004 0.011 0.007 0.004 0.004 0.015 0.004 
 96 TMA-ZAIN-G-    (0)   :  0.005 0.006 0.007 0.009 0.110 0.734 0.075 0.005 0.008 0.006 0.003 0.004 0.005 0.005 0.014 0.006 
 97 TMA-ZAIN-G-    (0)   :  0.008 0.187 0.683 0.007 0.003 0.005 0.022 0.008 0.004 0.009 0.025 0.006 0.016 0.004 0.006 0.006 
 98 TMA-ZAIN-G-    (0)   :  0.006 0.204 0.691 0.005 0.003 0.003 0.004 0.007 0.003 0.012 0.037 0.004 0.011 0.003 0.004 0.004 
 99 TMA-ZAIN-G-    (0)   :  0.231 0.030 0.591 0.004 0.019 0.006 0.005 0.016 0.011 0.019 0.011 0.009 0.004 0.031 0.006 0.008 
100 TMA-ZAIN-G-    (0)   :  0.005 0.010 0.863 0.025 0.003 0.007 0.029 0.004 0.003 0.004 0.005 0.005 0.018 0.003 0.005 0.011 
101 TMA-ZAIN-G-    (0)   :  0.065 0.063 0.770 0.003 0.005 0.009 0.020 0.016 0.006 0.006 0.005 0.004 0.010 0.005 0.007 0.005 
102 TMA-ZAIN-G-    (0)   :  0.015 0.716 0.009 0.043 0.024 0.013 0.031 0.008 0.016 0.007 0.012 0.008 0.005 0.007 0.012 0.073 
103 TMA-ZAIN-G-    (0)   :  0.008 0.843 0.009 0.030 0.008 0.011 0.019 0.010 0.010 0.009 0.007 0.005 0.004 0.009 0.005 0.013 
104 TMA-ZAIN-G-    (0)   :  0.003 0.948 0.007 0.003 0.003 0.004 0.005 0.003 0.003 0.003 0.003 0.002 0.003 0.003 0.003 0.005 
105 TMA-ZAIN-G-    (0)   :  0.010 0.845 0.008 0.041 0.008 0.011 0.009 0.011 0.009 0.010 0.006 0.005 0.004 0.010 0.004 0.007 
106 TMA-ZAIN-G-    (0)   :  0.148 0.004 0.003 0.007 0.436 0.007 0.004 0.041 0.066 0.039 0.085 0.044 0.006 0.024 0.082 0.003 
107 TMA-ZAIN-G-    (0)   :  0.398 0.005 0.004 0.006 0.016 0.006 0.005 0.046 0.308 0.019 0.097 0.013 0.008 0.054 0.012 0.003 
108 TMA-ZAIN-G-    (9)   :  0.057 0.023 0.168 0.050 0.027 0.008 0.040 0.050 0.008 0.011 0.014 0.006 0.013 0.473 0.024 0.028 
109 TMA-ZAIN-G-    (0)   :  0.032 0.024 0.274 0.015 0.082 0.034 0.007 0.021 0.156 0.070 0.007 0.117 0.049 0.081 0.025 0.005 
110 TMA-ZAIN-G-    (0)   :  0.229 0.042 0.055 0.021 0.060 0.023 0.096 0.090 0.077 0.053 0.018 0.007 0.015 0.086 0.015 0.113 
111 TMA-ZAIN-G-    (9)   :  0.017 0.185 0.173 0.006 0.009 0.021 0.073 0.045 0.134 0.008 0.040 0.010 0.022 0.135 0.004 0.120 
112 TMA-ZAIN-G-    (0)   :  0.045 0.233 0.087 0.013 0.155 0.029 0.055 0.114 0.055 0.045 0.013 0.023 0.018 0.053 0.034 0.030 
113 TMA-ZAIN-G-    (0)   :  0.010 0.014 0.869 0.005 0.004 0.004 0.004 0.013 0.010 0.006 0.015 0.009 0.017 0.008 0.005 0.008 
114 TMA-ZAIN-G-    (0)   :  0.003 0.005 0.945 0.006 0.002 0.003 0.004 0.003 0.003 0.002 0.003 0.002 0.004 0.003 0.002 0.009 
115 TMA-ZAIN-G-    (0)   :  0.003 0.008 0.941 0.003 0.003 0.004 0.004 0.003 0.004 0.003 0.003 0.003 0.004 0.004 0.003 0.006 
116 TMA-ZAIN-G-    (0)   :  0.010 0.005 0.004 0.004 0.005 0.005 0.003 0.010 0.117 0.011 0.007 0.008 0.008 0.795 0.004 0.002 
117 TMA-ZAIN-G-    (0)   :  0.046 0.006 0.005 0.024 0.030 0.025 0.006 0.052 0.026 0.082 0.055 0.127 0.026 0.430 0.055 0.003 
118 TMA-ZAIN-G-    (0)   :  0.011 0.006 0.005 0.005 0.009 0.008 0.005 0.014 0.207 0.011 0.009 0.015 0.008 0.668 0.017 0.003 
119 TMA-ZAIN-G-    (0)   :  0.010 0.012 0.012 0.004 0.006 0.012 0.014 0.011 0.125 0.010 0.028 0.017 0.008 0.716 0.004 0.012 
120 TMA-ZAIN-G-    (0)   :  0.019 0.009 0.004 0.010 0.010 0.013 0.008 0.015 0.107 0.012 0.010 0.011 0.009 0.733 0.027 0.003 
121 TMA-ZAIN-G-    (0)   :  0.019 0.005 0.003 0.006 0.011 0.010 0.003 0.007 0.012 0.014 0.008 0.024 0.006 0.861 0.007 0.003 
122 TMA-ZAIN-G-    (0)   :  0.186 0.004 0.003 0.053 0.015 0.024 0.005 0.018 0.027 0.054 0.014 0.016 0.007 0.560 0.009 0.005 
123 TMA-ZAIN-G-    (0)   :  0.006 0.019 0.880 0.012 0.005 0.007 0.013 0.006 0.005 0.005 0.006 0.004 0.006 0.006 0.012 0.008 
124 TMA-ZAIN-G-    (0)   :  0.013 0.005 0.004 0.006 0.024 0.005 0.004 0.007 0.007 0.899 0.004 0.003 0.003 0.007 0.006 0.003 
125 TMA-ZAIN-G-    (0)   :  0.005 0.002 0.002 0.005 0.009 0.004 0.003 0.005 0.006 0.904 0.005 0.012 0.022 0.004 0.009 0.002 
126 TMA-ZAIN-G-    (0)   :  0.007 0.004 0.003 0.005 0.016 0.004 0.004 0.007 0.012 0.902 0.004 0.003 0.006 0.006 0.014 0.003 
127 TMA-ZAIN-G-    (0)   :  0.011 0.003 0.003 0.005 0.043 0.004 0.003 0.009 0.011 0.882 0.003 0.005 0.003 0.006 0.007 0.003 
128 TMA-ZAIN-G-    (0)   :  0.012 0.003 0.003 0.005 0.010 0.008 0.003 0.007 0.007 0.902 0.004 0.010 0.004 0.014 0.005 0.003 
129 TMA-ZAIN-G-    (0)   :  0.011 0.005 0.004 0.006 0.011 0.005 0.003 0.005 0.006 0.911 0.005 0.004 0.004 0.008 0.009 0.003 
130 TMA-ZAIN-G-    (0)   :  0.004 0.005 0.004 0.005 0.006 0.004 0.004 0.005 0.007 0.910 0.005 0.004 0.013 0.007 0.016 0.002 
131 TMA-ZAIN-G-    (0)   :  0.006 0.004 0.003 0.007 0.020 0.006 0.004 0.007 0.007 0.908 0.003 0.004 0.003 0.006 0.009 0.003 
132 TMA-ZAIN-G-    (0)   :  0.011 0.003 0.003 0.005 0.013 0.008 0.003 0.009 0.007 0.884 0.006 0.015 0.011 0.014 0.006 0.003 
133 TMA-ZAIN-G-    (0)   :  0.070 0.003 0.003 0.053 0.370 0.016 0.015 0.024 0.054 0.040 0.072 0.093 0.025 0.014 0.136 0.011 
134 TMA-ZAIN-G-    (0)   :  0.084 0.003 0.004 0.040 0.079 0.005 0.006 0.010 0.107 0.273 0.061 0.066 0.023 0.009 0.223 0.008 
135 TMA-ZAIN-G-    (0)   :  0.348 0.003 0.004 0.028 0.021 0.003 0.004 0.051 0.381 0.042 0.040 0.024 0.011 0.018 0.014 0.006 
136 TMA-ZAIN-G-    (0)   :  0.236 0.003 0.006 0.005 0.025 0.008 0.004 0.023 0.050 0.026 0.024 0.473 0.017 0.089 0.007 0.005 
137 TMA-ZAIN-G-    (0)   :  0.039 0.004 0.006 0.018 0.010 0.003 0.006 0.015 0.831 0.016 0.018 0.005 0.005 0.013 0.005 0.007 
138 TMA-ZAIN-G-    (0)   :  0.249 0.003 0.004 0.004 0.051 0.004 0.003 0.049 0.246 0.262 0.014 0.011 0.017 0.056 0.024 0.003 
139 TMA-ZAIN-G-    (0)   :  0.143 0.003 0.005 0.011 0.030 0.003 0.004 0.032 0.389 0.159 0.039 0.012 0.076 0.072 0.017 0.005 
140 TMA-ZAIN-G-    (0)   :  0.274 0.004 0.003 0.004 0.039 0.010 0.004 0.362 0.159 0.016 0.014 0.008 0.004 0.088 0.006 0.004 
141 TMA-ZAIN-G-    (0)   :  0.257 0.007 0.005 0.011 0.018 0.007 0.005 0.494 0.047 0.042 0.026 0.006 0.006 0.044 0.023 0.003 
142 TMA-ZAIN-G-    (9)   :  0.170 0.003 0.003 0.006 0.016 0.006 0.003 0.517 0.142 0.014 0.013 0.012 0.004 0.081 0.006 0.003 
143 TMA-ZAIN-G-    (0)   :  0.423 0.005 0.004 0.006 0.038 0.009 0.004 0.085 0.104 0.070 0.013 0.012 0.004 0.211 0.010 0.003 
144 TMA-ZAIN-G-    (0)   :  0.254 0.004 0.003 0.014 0.098 0.030 0.013 0.039 0.271 0.057 0.007 0.006 0.026 0.160 0.010 0.007 
145 TMA-ZAIN-G-    (0)   :  0.056 0.003 0.003 0.006 0.016 0.007 0.003 0.090 0.365 0.040 0.042 0.303 0.014 0.045 0.006 0.002 
146 TMA-ZAIN-G-    (0)   :  0.591 0.003 0.003 0.004 0.005 0.003 0.003 0.332 0.008 0.005 0.021 0.005 0.003 0.007 0.004 0.003 
147 TMA-ZAIN-G-    (9)   :  0.798 0.003 0.003 0.004 0.007 0.003 0.003 0.125 0.008 0.006 0.012 0.008 0.004 0.009 0.005 0.003 
148 TMA-ZAIN-G-    (0)   :  0.711 0.003 0.003 0.004 0.017 0.003 0.003 0.161 0.006 0.021 0.009 0.004 0.014 0.006 0.032 0.003 
149 TMA-ZAIN-G-    (0)   :  0.714 0.019 0.013 0.022 0.019 0.011 0.007 0.069 0.009 0.030 0.009 0.005 0.031 0.015 0.017 0.010 
150 TMA-ZAIN-G-    (0)   :  0.687 0.039 0.009 0.011 0.011 0.010 0.006 0.011 0.023 0.011 0.012 0.057 0.044 0.048 0.011 0.009 
151 TMA-ZAIN-G-    (0)   :  0.007 0.003 0.003 0.003 0.152 0.004 0.003 0.011 0.699 0.006 0.005 0.007 0.004 0.075 0.017 0.002 
152 TMA-ZAIN-G-    (0)   :  0.007 0.004 0.005 0.003 0.012 0.004 0.003 0.022 0.691 0.006 0.004 0.006 0.004 0.212 0.015 0.002 
153 TMA-ZAIN-G-    (0)   :  0.051 0.004 0.003 0.004 0.081 0.004 0.003 0.030 0.647 0.030 0.013 0.013 0.013 0.075 0.028 0.002 
154 TMA-ZAIN-G-    (0)   :  0.006 0.004 0.003 0.004 0.006 0.003 0.003 0.012 0.906 0.007 0.004 0.004 0.004 0.030 0.004 0.002 
155 TMA-ZAIN-G-    (0)   :  0.021 0.004 0.003 0.006 0.008 0.004 0.003 0.013 0.892 0.010 0.007 0.006 0.003 0.011 0.006 0.003 
156 TMA-ZAIN-G-    (9)   :  0.013 0.005 0.005 0.004 0.062 0.004 0.004 0.032 0.703 0.031 0.004 0.003 0.010 0.053 0.064 0.003 
157 TMA-ZAIN-G-    (0)   :  0.061 0.005 0.004 0.005 0.071 0.004 0.004 0.063 0.592 0.020 0.007 0.007 0.005 0.025 0.125 0.003 
158 TMA-ZAIN-G-    (0)   :  0.024 0.004 0.003 0.004 0.011 0.006 0.006 0.317 0.443 0.007 0.018 0.006 0.004 0.142 0.004 0.003 
159 TMA-ZAIN-G-    (0)   :  0.089 0.004 0.004 0.003 0.007 0.004 0.003 0.186 0.470 0.013 0.145 0.016 0.005 0.043 0.004 0.002 
160 TMA-ZAIN-G-    (0)   :  0.034 0.006 0.004 0.004 0.005 0.003 0.003 0.086 0.592 0.008 0.113 0.023 0.009 0.102 0.005 0.003 
161 TMA-ZAIN-G-    (0)   :  0.190 0.004 0.003 0.006 0.067 0.006 0.005 0.062 0.379 0.137 0.016 0.007 0.021 0.074 0.020 0.003 
162 TMA-ZAIN-G-    (0)   :  0.009 0.017 0.013 0.010 0.008 0.008 0.005 0.006 0.876 0.005 0.005 0.005 0.010 0.010 0.003 0.011 
163 TMA-ZAIN-G-    (0)   :  0.008 0.003 0.002 0.002 0.005 0.003 0.002 0.011 0.919 0.006 0.005 0.004 0.003 0.022 0.002 0.002 
164 TMA-ZAIN-G-    (0)   :  0.045 0.005 0.005 0.013 0.007 0.006 0.004 0.062 0.534 0.012 0.007 0.008 0.008 0.275 0.004 0.005 
165 TMA-ZAIN-G-    (0)   :  0.049 0.005 0.004 0.003 0.008 0.004 0.003 0.040 0.627 0.009 0.008 0.006 0.003 0.225 0.004 0.003 
166 TMA-ZAIN-G-    (0)   :  0.070 0.003 0.003 0.006 0.022 0.005 0.003 0.358 0.385 0.053 0.023 0.010 0.009 0.044 0.005 0.002 
167 TMA-ZAIN-G-    (0)   :  0.222 0.006 0.005 0.006 0.014 0.006 0.005 0.607 0.015 0.010 0.053 0.004 0.004 0.031 0.007 0.004 
168 TMA-ZAIN-G-    (0)   :  0.021 0.004 0.005 0.005 0.006 0.004 0.004 0.866 0.006 0.006 0.025 0.009 0.005 0.013 0.018 0.003 
169 TMA-ZAIN-G-    (0)   :  0.013 0.003 0.003 0.004 0.005 0.004 0.003 0.895 0.007 0.006 0.012 0.026 0.004 0.008 0.005 0.002 
170 TMA-ZAIN-G-    (0)   :  0.043 0.011 0.030 0.006 0.044 0.008 0.028 0.640 0.033 0.037 0.018 0.011 0.004 0.023 0.052 0.012 
171 TMA-ZAIN-G-    (0)   :  0.017 0.003 0.003 0.004 0.004 0.003 0.002 0.908 0.006 0.004 0.016 0.011 0.004 0.008 0.004 0.003 
172 TMA-ZAIN-G-    (0)   :  0.023 0.003 0.003 0.005 0.140 0.005 0.005 0.743 0.010 0.025 0.007 0.004 0.003 0.007 0.014 0.003 
173 TMA-ZAIN-G-    (0)   :  0.039 0.004 0.003 0.007 0.334 0.008 0.006 0.489 0.011 0.040 0.011 0.006 0.004 0.014 0.020 0.003 
174 TMA-ZAIN-G-    (0)   :  0.128 0.003 0.003 0.005 0.078 0.005 0.003 0.209 0.044 0.409 0.017 0.038 0.007 0.044 0.004 0.002 
175 TMA-ZAIN-G-    (0)   :  0.116 0.003 0.003 0.004 0.004 0.004 0.003 0.739 0.007 0.005 0.081 0.007 0.003 0.014 0.005 0.003 
176 TMA-ZAIN-G-    (0)   :  0.099 0.003 0.003 0.004 0.005 0.003 0.003 0.819 0.009 0.006 0.021 0.005 0.003 0.010 0.005 0.003 
177 TMA-ZAIN-G-    (0)   :  0.050 0.003 0.003 0.004 0.008 0.003 0.003 0.876 0.007 0.004 0.009 0.003 0.003 0.010 0.010 0.002 
178 TMA-ZAIN-G-    (0)   :  0.078 0.004 0.005 0.004 0.167 0.007 0.006 0.608 0.015 0.009 0.012 0.004 0.004 0.038 0.034 0.004 
179 TMA-ZAIN-G-    (0)   :  0.077 0.003 0.003 0.005 0.020 0.005 0.003 0.816 0.011 0.009 0.008 0.006 0.004 0.017 0.013 0.003 
180 TMA-ZAIN-G-    (0)   :  0.096 0.004 0.004 0.027 0.257 0.014 0.006 0.023 0.017 0.348 0.005 0.096 0.010 0.057 0.030 0.007 
181 TMA-ZAIN-G-    (0)   :  0.013 0.004 0.005 0.004 0.749 0.004 0.004 0.009 0.053 0.016 0.010 0.005 0.005 0.012 0.104 0.003 
182 TMA-ZAIN-G-    (0)   :  0.040 0.007 0.006 0.007 0.278 0.005 0.005 0.019 0.037 0.380 0.005 0.003 0.005 0.019 0.181 0.003 
183 TMA-ZAIN-G-    (0)   :  0.009 0.004 0.004 0.005 0.844 0.004 0.004 0.011 0.011 0.009 0.006 0.004 0.004 0.026 0.052 0.003 
184 TMA-ZAIN-G-    (0)   :  0.022 0.023 0.023 0.021 0.703 0.012 0.008 0.016 0.050 0.021 0.012 0.007 0.018 0.023 0.031 0.011 
185 TMA-ZAIN-G-    (0)   :  0.017 0.012 0.011 0.012 0.796 0.036 0.008 0.008 0.011 0.032 0.007 0.005 0.019 0.008 0.004 0.014 
186 TMA-ZAIN-G-    (9)   :  0.018 0.004 0.003 0.005 0.813 0.013 0.007 0.023 0.013 0.057 0.012 0.007 0.005 0.010 0.005 0.005 
187 TMA-ZAIN-G-    (0)   :  0.020 0.004 0.004 0.005 0.806 0.004 0.005 0.010 0.049 0.015 0.038 0.014 0.003 0.007 0.012 0.003 
188 TMA-ZAIN-G-    (0)   :  0.015 0.003 0.003 0.003 0.831 0.005 0.003 0.006 0.022 0.016 0.038 0.024 0.004 0.019 0.006 0.002 
189 TMA-ZAIN-G-    (0)   :  0.007 0.002 0.003 0.004 0.929 0.003 0.003 0.006 0.007 0.011 0.004 0.006 0.002 0.005 0.005 0.003 
190 TMA-ZAIN-G-    (0)   :  0.034 0.003 0.003 0.004 0.772 0.007 0.005 0.046 0.005 0.010 0.025 0.018 0.005 0.035 0.024 0.003 
191 TMA-ZAIN-G-    (0)   :  0.013 0.011 0.010 0.014 0.874 0.008 0.006 0.008 0.006 0.008 0.007 0.004 0.008 0.006 0.004 0.013 
192 TMA-ZAIN-G-    (0)   :  0.010 0.003 0.005 0.018 0.867 0.003 0.007 0.009 0.010 0.016 0.012 0.004 0.004 0.005 0.016 0.010 
193 TMA-ZAIN-G-    (0)   :  0.003 0.003 0.002 0.004 0.005 0.003 0.003 0.003 0.003 0.004 0.003 0.003 0.004 0.003 0.951 0.002 
194 TMA-ZAIN-G-    (0)   :  0.009 0.003 0.002 0.005 0.087 0.020 0.012 0.011 0.004 0.040 0.006 0.013 0.015 0.006 0.762 0.007 
195 TMA-ZAIN-G-    (0)   :  0.030 0.003 0.003 0.004 0.074 0.005 0.009 0.028 0.005 0.036 0.026 0.032 0.007 0.013 0.723 0.003 
196 TMA-ZAIN-G-    (0)   :  0.010 0.003 0.003 0.004 0.020 0.008 0.004 0.006 0.007 0.011 0.005 0.014 0.007 0.010 0.887 0.003 
197 TMA-ZAIN-G-    (0)   :  0.009 0.003 0.003 0.008 0.014 0.005 0.004 0.011 0.008 0.011 0.010 0.012 0.005 0.008 0.888 0.003 
198 TMA-ZAIN-G-    (0)   :  0.011 0.003 0.003 0.003 0.018 0.003 0.003 0.014 0.009 0.007 0.008 0.007 0.004 0.008 0.896 0.003 
199 TMA-ZAIN-G-    (0)   :  0.011 0.004 0.004 0.005 0.863 0.009 0.005 0.010 0.013 0.039 0.009 0.005 0.007 0.009 0.006 0.004 
200 TMA-ZAIN-G-    (0)   :  0.003 0.014 0.015 0.007 0.007 0.017 0.119 0.004 0.002 0.003 0.003 0.004 0.004 0.004 0.055 0.739 
201 TMA-ZAIN-G-    (0)   :  0.005 0.013 0.005 0.006 0.003 0.011 0.038 0.004 0.003 0.003 0.004 0.006 0.003 0.004 0.003 0.887 
202 TMA-ZAIN-G-    (0)   :  0.007 0.011 0.024 0.004 0.015 0.008 0.050 0.007 0.005 0.005 0.003 0.004 0.002 0.006 0.038 0.811 
203 TMA-ZAIN-G-    (0)   :  0.029 0.011 0.018 0.005 0.025 0.005 0.004 0.015 0.025 0.049 0.008 0.004 0.004 0.031 0.765 0.003 
204 TMA-ZAIN-G-    (9)   :  0.021 0.004 0.006 0.065 0.006 0.005 0.032 0.017 0.004 0.008 0.016 0.009 0.027 0.006 0.007 0.766 
205 TMA-ZAIN-G-    (0)   :  0.026 0.006 0.006 0.022 0.008 0.004 0.086 0.011 0.075 0.011 0.010 0.006 0.013 0.026 0.007 0.680 
206 TMA-ZAIN-G-    (9)   :  0.014 0.011 0.017 0.151 0.022 0.010 0.086 0.024 0.006 0.008 0.007 0.008 0.012 0.014 0.053 0.558 
207 TMA-ZAIN-G-    (9)   :  0.048 0.008 0.010 0.060 0.017 0.054 0.020 0.019 0.131 0.012 0.015 0.043 0.042 0.507 0.008 0.008 
208 TMA-ZAIN-G-    (0)   :  0.374 0.003 0.003 0.003 0.023 0.010 0.003 0.096 0.070 0.007 0.019 0.045 0.006 0.332 0.004 0.003 
209 TMA-ZAIN-G-    (0)   :  0.109 0.003 0.003 0.008 0.046 0.004 0.004 0.222 0.048 0.206 0.049 0.013 0.063 0.018 0.201 0.002 
210 TMA-ZAIN-G-    (0)   :  0.145 0.005 0.004 0.012 0.103 0.008 0.004 0.082 0.061 0.064 0.051 0.093 0.013 0.016 0.335 0.003 
211 TMA-ZAIN-G-    (0)   :  0.135 0.008 0.012 0.009 0.092 0.017 0.021 0.077 0.030 0.421 0.044 0.023 0.009 0.026 0.056 0.021 
212 TMA-ZAIN-G-    (0)   :  0.349 0.003 0.004 0.017 0.299 0.010 0.004 0.135 0.038 0.038 0.005 0.016 0.005 0.050 0.024 0.004 
213 TMA-ZAIN-G-    (0)   :  0.428 0.004 0.003 0.005 0.145 0.005 0.005 0.126 0.164 0.038 0.020 0.006 0.007 0.014 0.028 0.004 
214 TMA-ZAIN-G-    (0)   :  0.188 0.003 0.003 0.005 0.099 0.005 0.005 0.155 0.181 0.179 0.067 0.057 0.009 0.013 0.028 0.004 
215 TMA-ZAIN-G-    (0)   :  0.062 0.003 0.003 0.003 0.195 0.005 0.241 0.362 0.027 0.010 0.028 0.004 0.002 0.044 0.004 0.008 
216 TMA-ZAIN-G-    (0)   :  0.053 0.003 0.003 0.005 0.443 0.007 0.006 0.200 0.030 0.173 0.015 0.007 0.016 0.016 0.018 0.005 
217 TMA-ZAIN-G-    (0)   :  0.246 0.004 0.003 0.006 0.039 0.003 0.004 0.208 0.056 0.151 0.080 0.127 0.007 0.010 0.054 0.003 
218 TMA-ZAIN-G-    (0)   :  0.004 0.007 0.005 0.005 0.006 0.014 0.892 0.017 0.007 0.012 0.004 0.009 0.006 0.006 0.003 0.003 
219 TMA-ZAIN-G-    (0)   :  0.004 0.004 0.005 0.012 0.004 0.007 0.918 0.004 0.005 0.008 0.004 0.004 0.008 0.005 0.003 0.006 
220 TMA-ZAIN-G-    (0)   :  0.008 0.090 0.006 0.010 0.007 0.115 0.549 0.010 0.012 0.007 0.006 0.010 0.006 0.154 0.005 0.004 
221 TMA-ZAIN-G-    (0)   :  0.010 0.003 0.004 0.011 0.017 0.012 0.870 0.012 0.008 0.014 0.006 0.005 0.004 0.008 0.006 0.012 
222 TMA-ZAIN-G-    (0)   :  0.008 0.037 0.006 0.021 0.007 0.006 0.822 0.013 0.013 0.012 0.006 0.011 0.009 0.019 0.005 0.005 
223 TMA-ZAIN-G-    (0)   :  0.006 0.005 0.006 0.013 0.004 0.016 0.906 0.005 0.004 0.005 0.004 0.005 0.005 0.006 0.003 0.007 
224 TMA-ZAIN-G-    (0)   :  0.006 0.020 0.009 0.114 0.013 0.012 0.748 0.008 0.005 0.030 0.005 0.005 0.006 0.006 0.007 0.008 
225 TMA-ZAIN-G-    (0)   :  0.004 0.011 0.007 0.005 0.006 0.008 0.916 0.005 0.004 0.004 0.003 0.002 0.003 0.004 0.011 0.006 
226 TMA-ZAIN-G-    (0)   :  0.006 0.006 0.012 0.011 0.011 0.012 0.863 0.012 0.007 0.005 0.008 0.005 0.005 0.009 0.021 0.007 
227 TMA-ZAIN-G-    (0)   :  0.008 0.007 0.010 0.006 0.011 0.007 0.873 0.015 0.007 0.004 0.008 0.004 0.004 0.009 0.018 0.010 
228 TMA-ZAIN-G-    (0)   :  0.016 0.007 0.024 0.018 0.009 0.017 0.779 0.030 0.013 0.007 0.028 0.008 0.006 0.018 0.006 0.014 
229 TMA-ZAIN-G-    (0)   :  0.003 0.014 0.013 0.008 0.003 0.008 0.902 0.006 0.003 0.003 0.003 0.009 0.006 0.003 0.003 0.015 
230 TMA-ZAIN-G-    (0)   :  0.023 0.033 0.029 0.308 0.018 0.010 0.367 0.077 0.005 0.054 0.028 0.010 0.012 0.007 0.011 0.007 
231 TMA-ZAIN-G-    (0)   :  0.017 0.287 0.010 0.080 0.009 0.012 0.134 0.025 0.018 0.014 0.027 0.008 0.009 0.014 0.009 0.327 
232 TMA-ZAIN-G-    (9)   :  0.008 0.145 0.050 0.019 0.016 0.004 0.171 0.018 0.010 0.034 0.006 0.028 0.009 0.010 0.006 0.466 
233 TMA-ZAIN-G-    (0)   :  0.013 0.006 0.005 0.022 0.009 0.017 0.760 0.022 0.011 0.021 0.026 0.050 0.010 0.007 0.007 0.015 
234 TMA-ZAIN-G-    (0)   :  0.005 0.217 0.022 0.005 0.005 0.007 0.620 0.007 0.007 0.004 0.005 0.007 0.029 0.012 0.013 0.035 
235 TMA-ZAIN-G-    (0)   :  0.006 0.012 0.215 0.039 0.073 0.029 0.481 0.012 0.010 0.004 0.060 0.005 0.008 0.010 0.018 0.017 
236 TMA-ZAIN-G-    (0)   :  0.014 0.007 0.028 0.038 0.012 0.008 0.788 0.013 0.012 0.008 0.012 0.007 0.003 0.013 0.021 0.017 
237 TMA-ZAIN-G-    (0)   :  0.078 0.045 0.074 0.109 0.013 0.018 0.370 0.084 0.013 0.019 0.125 0.010 0.005 0.019 0.008 0.009 
238 TMA-ZAIN-G-    (0)   :  0.028 0.013 0.033 0.006 0.015 0.006 0.765 0.015 0.029 0.015 0.021 0.005 0.003 0.024 0.006 0.017 
239 TMA-ZAIN-G-    (0)   :  0.007 0.003 0.004 0.030 0.048 0.003 0.009 0.004 0.003 0.008 0.003 0.021 0.039 0.030 0.070 0.718 
240 TMA-ZAIN-G-    (0)   :  0.004 0.004 0.003 0.009 0.003 0.003 0.007 0.005 0.002 0.003 0.005 0.003 0.006 0.003 0.004 0.936 
241 TMA-ZAIN-G-    (0)   :  0.008 0.003 0.005 0.005 0.004 0.002 0.005 0.014 0.006 0.003 0.011 0.004 0.005 0.005 0.004 0.914 
242 TMA-ZAIN-G-    (0)   :  0.008 0.003 0.004 0.003 0.005 0.003 0.004 0.008 0.007 0.003 0.006 0.005 0.004 0.006 0.002 0.929 
243 TMA-ZAIN-G-    (0)   :  0.013 0.002 0.003 0.005 0.006 0.003 0.005 0.015 0.007 0.004 0.013 0.008 0.005 0.005 0.004 0.902 
244 TMA-ZAIN-G-    (0)   :  0.011 0.003 0.005 0.003 0.006 0.003 0.005 0.017 0.015 0.003 0.012 0.008 0.003 0.012 0.003 0.891 
245 TMA-ZAIN-G-    (9)   :  0.003 0.003 0.004 0.003 0.003 0.003 0.005 0.004 0.003 0.003 0.003 0.002 0.003 0.003 0.003 0.951 
246 TMA-ZAIN-G-    (0)   :  0.004 0.002 0.002 0.004 0.003 0.004 0.004 0.003 0.003 0.003 0.003 0.003 0.003 0.003 0.002 0.953 
247 TMA-ZAIN-G-    (0)   :  0.006 0.002 0.002 0.003 0.005 0.004 0.004 0.004 0.004 0.003 0.003 0.005 0.004 0.004 0.002 0.943 
248 TMA-ZAIN-G-    (0)   :  0.007 0.003 0.006 0.004 0.009 0.005 0.009 0.008 0.005 0.003 0.006 0.004 0.004 0.007 0.010 0.910 
249 TMA-ZAIN-G-    (0)   :  0.004 0.003 0.004 0.004 0.006 0.005 0.007 0.004 0.003 0.003 0.003 0.003 0.003 0.004 0.007 0.938 
250 TMA-ZAIN-G-    (0)   :  0.004 0.002 0.003 0.004 0.006 0.005 0.006 0.003 0.003 0.003 0.003 0.005 0.003 0.005 0.004 0.941 
251 TMA-ZAIN-G-    (0)   :  0.004 0.006 0.005 0.009 0.003 0.005 0.003 0.004 0.004 0.006 0.003 0.004 0.931 0.005 0.005 0.003 
252 TMA-ZAIN-G-    (0)   :  0.026 0.004 0.003 0.004 0.005 0.003 0.005 0.027 0.007 0.004 0.022 0.017 0.840 0.026 0.004 0.003 
253 TMA-ZAIN-G-    (0)   :  0.005 0.007 0.003 0.004 0.004 0.003 0.003 0.005 0.011 0.005 0.004 0.005 0.926 0.009 0.004 0.004 
254 TMA-ZAIN-G-    (9)   :  0.009 0.011 0.005 0.006 0.006 0.006 0.004 0.014 0.022 0.013 0.007 0.010 0.842 0.037 0.005 0.003 
255 TMA-ZAIN-G-    (0)   :  0.006 0.015 0.006 0.004 0.004 0.003 0.004 0.005 0.007 0.005 0.004 0.006 0.901 0.008 0.004 0.019 
256 TMA-ZAIN-G-    (0)   :  0.010 0.011 0.005 0.023 0.009 0.004 0.006 0.011 0.008 0.007 0.007 0.005 0.846 0.008 0.030 0.010 
257 TMA-ZAIN-G-    (0)   :  0.003 0.005 0.004 0.012 0.004 0.003 0.005 0.004 0.003 0.004 0.004 0.003 0.924 0.003 0.014 0.005 
258 TMA-ZAIN-G-    (0)   :  0.003 0.004 0.002 0.005 0.003 0.003 0.003 0.003 0.003 0.003 0.003 0.004 0.949 0.004 0.005 0.003 
259 TMA-ZAIN-G-    (0)   :  0.004 0.004 0.003 0.019 0.004 0.004 0.004 0.003 0.003 0.004 0.004 0.005 0.924 0.004 0.006 0.006 
260 TMA-ZAIN-G-    (0)   :  0.005 0.004 0.003 0.013 0.004 0.005 0.004 0.004 0.003 0.005 0.004 0.009 0.923 0.004 0.006 0.005 
261 TMA-ZAIN-G-   (18)   :  0.006 0.005 0.006 0.019 0.006 0.014 0.005 0.005 0.005 0.010 0.004 0.010 0.885 0.007 0.008 0.004 
262 TMA-ZAIN-G-    (0)   :  0.003 0.004 0.004 0.009 0.003 0.003 0.004 0.003 0.003 0.004 0.003 0.003 0.941 0.003 0.005 0.003 
263 TMA-ZAIN-G-    (0)   :  0.003 0.008 0.004 0.007 0.003 0.004 0.004 0.003 0.004 0.004 0.003 0.003 0.937 0.005 0.004 0.004 
264 TMA-ZAIN-G-    (0)   :  0.004 0.013 0.004 0.007 0.003 0.004 0.004 0.004 0.005 0.005 0.004 0.004 0.926 0.006 0.006 0.003 
265 TMA-ZAIN-G-    (0)   :  0.076 0.023 0.005 0.352 0.017 0.019 0.228 0.039 0.024 0.025 0.008 0.022 0.127 0.013 0.011 0.009 
266 TMA-ZAIN-G-    (0)   :  0.033 0.009 0.007 0.019 0.032 0.060 0.012 0.012 0.018 0.121 0.008 0.015 0.568 0.038 0.037 0.010 
267 TMA-ZAIN-G-    (0)   :  0.036 0.057 0.016 0.223 0.008 0.103 0.020 0.023 0.005 0.017 0.014 0.015 0.124 0.021 0.007 0.312 
268 TMA-ZAIN-G-    (0)   :  0.005 0.092 0.047 0.010 0.003 0.008 0.005 0.005 0.004 0.004 0.004 0.004 0.005 0.005 0.003 0.796 
269 TMA-ZAIN-G-    (0)   :  0.007 0.125 0.178 0.097 0.005 0.024 0.028 0.008 0.005 0.008 0.008 0.005 0.005 0.008 0.004 0.487 
270 TMA-ZAIN-G-    (0)   :  0.006 0.047 0.071 0.193 0.004 0.014 0.018 0.005 0.004 0.007 0.005 0.004 0.006 0.006 0.004 0.607 
271 TMA-ZAIN-G-    (0)   :  0.006 0.036 0.032 0.027 0.003 0.011 0.007 0.007 0.005 0.005 0.004 0.003 0.005 0.006 0.003 0.838 
272 TMA-ZAIN-G-    (0)   :  0.005 0.025 0.029 0.037 0.004 0.028 0.060 0.006 0.004 0.006 0.005 0.003 0.004 0.005 0.003 0.775 
273 TMA-ZAIN-G-    (0)   :  0.003 0.016 0.017 0.010 0.003 0.007 0.025 0.003 0.002 0.003 0.003 0.002 0.003 0.003 0.003 0.896 
274 TMA-ZAIN-G-    (0)   :  0.009 0.128 0.009 0.009 0.031 0.015 0.017 0.005 0.009 0.005 0.013 0.008 0.008 0.004 0.039 0.691 
275 TMA-ZAIN-G-    (0)   :  0.004 0.009 0.005 0.003 0.005 0.007 0.008 0.004 0.004 0.004 0.003 0.002 0.002 0.003 0.003 0.934 
276 TMA-ZAIN-G-    (0)   :  0.004 0.005 0.012 0.006 0.003 0.003 0.005 0.004 0.004 0.002 0.005 0.003 0.002 0.004 0.002 0.936 
277 TMA-ZAIN-G-    (0)   :  0.005 0.009 0.009 0.004 0.003 0.005 0.006 0.005 0.004 0.003 0.007 0.005 0.006 0.005 0.005 0.920 
278 TMA-ZAIN-G-    (0)   :  0.003 0.006 0.005 0.009 0.003 0.005 0.006 0.003 0.002 0.003 0.004 0.003 0.005 0.004 0.003 0.937 
279 TMA-ZAIN-G-    (0)   :  0.005 0.031 0.006 0.004 0.006 0.016 0.017 0.005 0.004 0.006 0.004 0.003 0.004 0.004 0.006 0.880 
280 TMA-ZAIN-G-    (0)   :  0.007 0.142 0.039 0.007 0.008 0.016 0.108 0.005 0.006 0.009 0.004 0.003 0.003 0.004 0.008 0.630 
