

----------------------------------------------------
STRUCTURE by Pritchard, Stephens and Donnelly (2000)
     and Falush, Stephens and Pritchard (2003)
       Code by Pritchard, Falush and Hubisz
             Version 2.3.4 (Jul 2012)
----------------------------------------------------



Command line arguments:   bin\structure -m C:\Users\eschumacher\Documents\GitHub\GCC_QUAC_ZAIN\Data_Files\Structure_Files\ZAIN\ZAIN_rebinned_garden_wild_nopopinfo\50-50\mainparams -e C:\Users\eschumacher\Documents\GitHub\GCC_QUAC_ZAIN\Data_Files\Structure_Files\ZAIN\ZAIN_rebinned_garden_wild_nopopinfo\50-50\extraparams 
Input File:    C:\Users\eschumacher\Documents\GitHub\GCC_QUAC_ZAIN\Data_Files\Structure_Files\ZAIN\ZAIN_rebinned_garden_wild_nopopinfo\project_data

Run parameters:
   1133 individuals
   11 loci
   15 populations assumed
   50000 Burn-in period
   50000 Reps


--------------------------------------------
Overall proportion of membership of the
sample in each of the 15 clusters

Inferred Clusters
  1      2      3      4      5      6      7      8      9     10     11     12     13     14     15    
0.065  0.059  0.063  0.076  0.061  0.085  0.069  0.047  0.035  0.089  0.052  0.053  0.053  0.059  0.135  

--------------------------------------------

Allele-freq. divergence among pops (Net nucleotide distance),
computed using point estimates of P.

      1       2       3       4       5       6       7       8       9      10      11      12      13      14      15      
 1      -    0.0481  0.0660  0.2679  0.2333  0.3121  0.0722  0.0969  0.1840  0.2019  0.1486  0.3795  0.0621  0.1706  0.2636  
 2   0.0481     -    0.0391  0.2227  0.2656  0.3184  0.0921  0.0905  0.2052  0.2054  0.1160  0.4088  0.0806  0.1348  0.2288  
 3   0.0660  0.0391     -    0.2932  0.2989  0.3819  0.0898  0.1033  0.2736  0.2508  0.1687  0.4599  0.1063  0.2072  0.2722  
 4   0.2679  0.2227  0.2932     -    0.2067  0.2825  0.2247  0.1849  0.2030  0.1701  0.2295  0.3832  0.2464  0.1845  0.1848  
 5   0.2333  0.2656  0.2989  0.2067     -    0.3699  0.1418  0.1716  0.2400  0.1952  0.2884  0.4655  0.2504  0.2324  0.2909  
 6   0.3121  0.3184  0.3819  0.2825  0.3699     -    0.3085  0.3370  0.2372  0.1264  0.3829  0.2076  0.3165  0.1970  0.1288  
 7   0.0722  0.0921  0.0898  0.2247  0.1418  0.3085     -    0.0574  0.2025  0.1635  0.1464  0.3696  0.1166  0.1287  0.2702  
 8   0.0969  0.0905  0.1033  0.1849  0.1716  0.3370  0.0574     -    0.1804  0.1841  0.1554  0.4571  0.1472  0.1295  0.2467  
 9   0.1840  0.2052  0.2736  0.2030  0.2400  0.2372  0.2025  0.1804     -    0.1449  0.2813  0.3344  0.2123  0.1708  0.2299  
10   0.2019  0.2054  0.2508  0.1701  0.1952  0.1264  0.1635  0.1841  0.1449     -    0.2890  0.2119  0.2023  0.0952  0.1002  
11   0.1486  0.1160  0.1687  0.2295  0.2884  0.3829  0.1464  0.1554  0.2813  0.2890     -    0.4789  0.1222  0.1782  0.3618  
12   0.3795  0.4088  0.4599  0.3832  0.4655  0.2076  0.3696  0.4571  0.3344  0.2119  0.4789     -    0.3919  0.3581  0.3223  
13   0.0621  0.0806  0.1063  0.2464  0.2504  0.3165  0.1166  0.1472  0.2123  0.2023  0.1222  0.3919     -    0.1967  0.2721  
14   0.1706  0.1348  0.2072  0.1845  0.2324  0.1970  0.1287  0.1295  0.1708  0.0952  0.1782  0.3581  0.1967     -    0.1672  
15   0.2636  0.2288  0.2722  0.1848  0.2909  0.1288  0.2702  0.2467  0.2299  0.1002  0.3618  0.3223  0.2721  0.1672     -    

Average distances (expected heterozygosity) between individuals in same cluster:
cluster  1  : 0.3429 
cluster  2  : 0.3902 
cluster  3  : 0.3259 
cluster  4  : 0.3690 
cluster  5  : 0.2371 
cluster  6  : 0.3739 
cluster  7  : 0.4372 
cluster  8  : 0.3622 
cluster  9  : 0.2639 
cluster 10  : 0.5254 
cluster 11  : 0.3508 
cluster 12  : 0.2373 
cluster 13  : 0.3914 
cluster 14  : 0.4664 
cluster 15  : 0.4678 

--------------------------------------------
Estimated Ln Prob of Data   = -20243.7
Mean value of ln likelihood = -19316.5
Variance of ln likelihood   = 1854.4
Mean value of alpha         = 0.0339

Mean value of Fst_1         = 0.3524
Mean value of Fst_2         = 0.3670
Mean value of Fst_3         = 0.4421
Mean value of Fst_4         = 0.4611
Mean value of Fst_5         = 0.5962
Mean value of Fst_6         = 0.5745
Mean value of Fst_7         = 0.3178
Mean value of Fst_8         = 0.5121
Mean value of Fst_9         = 0.6033
Mean value of Fst_10         = 0.1728
Mean value of Fst_11         = 0.4388
Mean value of Fst_12         = 0.6626
Mean value of Fst_13         = 0.3927
Mean value of Fst_14         = 0.3041
Mean value of Fst_15         = 0.3950


Inferred ancestry of individuals:
        Label (%Miss) :  Inferred clusters
  1 TMA-ZAIN-G-    (9)   :  0.008 0.076 0.007 0.009 0.062 0.019 0.049 0.014 0.008 0.063 0.007 0.004 0.006 0.020 0.649 
  2 TMA-ZAIN-G-    (0)   :  0.011 0.050 0.013 0.021 0.008 0.015 0.017 0.005 0.016 0.018 0.004 0.004 0.178 0.007 0.632 
  3 TMA-ZAIN-G-    (0)   :  0.028 0.568 0.065 0.009 0.023 0.003 0.050 0.132 0.008 0.004 0.071 0.003 0.015 0.015 0.005 
  4 TMA-ZAIN-G-    (0)   :  0.026 0.167 0.085 0.017 0.014 0.005 0.011 0.014 0.585 0.005 0.039 0.003 0.014 0.005 0.009 
  5 TMA-ZAIN-G-    (0)   :  0.003 0.003 0.003 0.006 0.002 0.006 0.002 0.003 0.005 0.003 0.002 0.004 0.002 0.006 0.950 
  6 TMA-ZAIN-G-    (0)   :  0.022 0.403 0.015 0.014 0.013 0.021 0.020 0.125 0.031 0.029 0.041 0.033 0.013 0.200 0.020 
  7 TMA-ZAIN-G-    (0)   :  0.452 0.089 0.031 0.010 0.033 0.006 0.028 0.207 0.083 0.008 0.007 0.005 0.017 0.014 0.010 
  8 TMA-ZAIN-G-    (0)   :  0.009 0.013 0.012 0.009 0.004 0.002 0.007 0.910 0.004 0.003 0.009 0.002 0.008 0.004 0.004 
  9 TMA-ZAIN-G-    (9)   :  0.298 0.327 0.057 0.004 0.008 0.005 0.123 0.022 0.007 0.006 0.021 0.004 0.084 0.026 0.006 
 10 TMA-ZAIN-G-    (0)   :  0.416 0.123 0.039 0.010 0.013 0.004 0.209 0.066 0.010 0.006 0.030 0.005 0.039 0.029 0.003 
 11 TMA-ZAIN-G-    (0)   :  0.815 0.026 0.005 0.005 0.007 0.004 0.082 0.010 0.012 0.006 0.004 0.004 0.010 0.005 0.005 
 12 TMA-ZAIN-G-    (0)   :  0.020 0.395 0.463 0.005 0.023 0.003 0.038 0.014 0.005 0.005 0.005 0.003 0.007 0.009 0.005 
 13 TMA-ZAIN-G-    (9)   :  0.258 0.018 0.049 0.016 0.109 0.084 0.145 0.042 0.014 0.024 0.016 0.019 0.163 0.012 0.031 
 14 TMA-ZAIN-G-    (9)   :  0.024 0.011 0.008 0.007 0.795 0.007 0.073 0.007 0.005 0.008 0.006 0.018 0.017 0.011 0.003 
 15 TMA-ZAIN-G-    (0)   :  0.005 0.087 0.006 0.006 0.714 0.002 0.136 0.009 0.004 0.006 0.008 0.003 0.005 0.006 0.003 
 16 TMA-ZAIN-G-    (0)   :  0.190 0.166 0.555 0.003 0.006 0.005 0.023 0.008 0.005 0.006 0.005 0.005 0.014 0.006 0.003 
 17 TMA-ZAIN-G-    (9)   :  0.007 0.011 0.009 0.019 0.014 0.015 0.692 0.077 0.100 0.019 0.006 0.003 0.005 0.015 0.008 
 18 TMA-ZAIN-G-    (0)   :  0.005 0.010 0.017 0.042 0.011 0.009 0.008 0.014 0.010 0.171 0.006 0.004 0.004 0.023 0.666 
 19 TMA-ZAIN-G-    (0)   :  0.026 0.020 0.025 0.004 0.012 0.012 0.024 0.061 0.040 0.602 0.006 0.012 0.008 0.136 0.014 
 20 TMA-ZAIN-G-    (0)   :  0.003 0.004 0.003 0.029 0.004 0.066 0.003 0.004 0.006 0.808 0.004 0.021 0.005 0.008 0.033 
 21 TMA-ZAIN-G-    (0)   :  0.003 0.003 0.002 0.003 0.002 0.005 0.003 0.002 0.003 0.003 0.003 0.961 0.002 0.003 0.003 
 22 TMA-ZAIN-G-    (0)   :  0.002 0.003 0.002 0.004 0.003 0.945 0.002 0.003 0.005 0.006 0.002 0.004 0.002 0.004 0.012 
 23 TMA-ZAIN-G-    (0)   :  0.005 0.004 0.004 0.003 0.005 0.928 0.005 0.005 0.005 0.009 0.003 0.005 0.004 0.008 0.007 
 24 TMA-ZAIN-G-    (9)   :  0.013 0.005 0.008 0.006 0.015 0.640 0.016 0.003 0.003 0.004 0.072 0.007 0.199 0.003 0.006 
 25 TMA-ZAIN-G-    (9)   :  0.004 0.086 0.007 0.003 0.004 0.011 0.009 0.003 0.003 0.688 0.004 0.006 0.096 0.007 0.067 
 26 TMA-ZAIN-G-    (9)   :  0.022 0.191 0.010 0.406 0.018 0.008 0.106 0.030 0.010 0.008 0.008 0.077 0.096 0.005 0.006 
 27 TMA-ZAIN-G-    (0)   :  0.013 0.007 0.003 0.015 0.074 0.014 0.014 0.009 0.023 0.058 0.008 0.024 0.005 0.670 0.062 
 28 TMA-ZAIN-G-    (0)   :  0.006 0.006 0.005 0.005 0.009 0.004 0.005 0.009 0.005 0.017 0.004 0.003 0.004 0.911 0.008 
 29 TMA-ZAIN-G-    (0)   :  0.004 0.004 0.004 0.015 0.005 0.004 0.006 0.004 0.003 0.224 0.710 0.004 0.005 0.005 0.003 
 30 TMA-ZAIN-G-    (0)   :  0.046 0.031 0.043 0.006 0.057 0.005 0.173 0.015 0.008 0.032 0.030 0.004 0.103 0.446 0.004 
 31 TMA-ZAIN-G-    (0)   :  0.007 0.005 0.004 0.056 0.007 0.012 0.003 0.007 0.019 0.011 0.006 0.010 0.009 0.006 0.839 
 32 TMA-ZAIN-G-    (9)   :  0.007 0.446 0.022 0.006 0.011 0.144 0.023 0.005 0.006 0.058 0.003 0.012 0.006 0.006 0.244 
 33 TMA-ZAIN-G-   (18)   :  0.016 0.832 0.036 0.003 0.005 0.003 0.050 0.022 0.003 0.004 0.009 0.002 0.006 0.006 0.004 
 34 TMA-ZAIN-G-    (0)   :  0.012 0.819 0.032 0.006 0.005 0.020 0.006 0.006 0.005 0.009 0.004 0.017 0.008 0.007 0.043 
 35 TMA-ZAIN-G-    (9)   :  0.007 0.901 0.007 0.006 0.011 0.003 0.012 0.008 0.006 0.005 0.012 0.003 0.009 0.007 0.005 
 36 TMA-ZAIN-G-    (0)   :  0.026 0.182 0.016 0.014 0.138 0.003 0.209 0.061 0.008 0.006 0.011 0.002 0.313 0.006 0.004 
 37 TMA-ZAIN-G-    (9)   :  0.012 0.882 0.009 0.005 0.004 0.003 0.021 0.013 0.012 0.004 0.006 0.005 0.012 0.008 0.004 
 38 TMA-ZAIN-G-   (18)   :  0.012 0.301 0.012 0.006 0.035 0.050 0.053 0.006 0.011 0.099 0.006 0.007 0.012 0.005 0.385 
 39 TMA-ZAIN-G-    (0)   :  0.044 0.057 0.087 0.008 0.004 0.003 0.059 0.016 0.008 0.004 0.014 0.007 0.678 0.007 0.003 
 40 TMA-ZAIN-G-    (0)   :  0.030 0.055 0.110 0.005 0.004 0.003 0.641 0.013 0.014 0.004 0.007 0.010 0.096 0.004 0.003 
 41 TMA-ZAIN-G-    (0)   :  0.008 0.030 0.021 0.005 0.027 0.002 0.665 0.029 0.003 0.003 0.006 0.003 0.191 0.004 0.003 
 42 TMA-ZAIN-G-    (9)   :  0.005 0.006 0.008 0.014 0.091 0.002 0.800 0.041 0.005 0.004 0.008 0.002 0.009 0.003 0.003 
 43 TMA-ZAIN-G-    (0)   :  0.004 0.004 0.003 0.005 0.929 0.002 0.008 0.014 0.004 0.004 0.010 0.002 0.004 0.003 0.003 
 44 TMA-ZAIN-G-    (0)   :  0.084 0.030 0.012 0.003 0.004 0.006 0.009 0.008 0.006 0.010 0.010 0.769 0.040 0.003 0.005 
 45 TMA-ZAIN-G-    (0)   :  0.391 0.159 0.117 0.010 0.015 0.004 0.210 0.024 0.014 0.007 0.007 0.012 0.014 0.011 0.005 
 46 TMA-ZAIN-G-    (0)   :  0.003 0.002 0.002 0.004 0.003 0.006 0.003 0.003 0.006 0.004 0.002 0.951 0.003 0.003 0.004 
 47 TMA-ZAIN-G-    (0)   :  0.003 0.004 0.006 0.936 0.003 0.003 0.004 0.005 0.012 0.004 0.004 0.005 0.003 0.004 0.004 
 48 TMA-ZAIN-G-    (0)   :  0.128 0.035 0.018 0.173 0.050 0.027 0.163 0.152 0.148 0.011 0.016 0.015 0.014 0.044 0.005 
 49 TMA-ZAIN-G-    (9)   :  0.011 0.030 0.029 0.006 0.004 0.008 0.007 0.008 0.017 0.810 0.039 0.003 0.005 0.012 0.011 
 50 TMA-ZAIN-G-    (0)   :  0.006 0.005 0.010 0.003 0.009 0.005 0.073 0.012 0.006 0.808 0.003 0.005 0.025 0.021 0.009 
 51 TMA-ZAIN-G-    (0)   :  0.012 0.008 0.004 0.015 0.052 0.005 0.023 0.011 0.013 0.804 0.007 0.011 0.008 0.021 0.007 
 52 TMA-ZAIN-G-    (0)   :  0.007 0.006 0.011 0.028 0.015 0.008 0.008 0.009 0.114 0.745 0.003 0.008 0.007 0.024 0.006 
 53 TMA-ZAIN-G-    (0)   :  0.014 0.005 0.004 0.055 0.030 0.009 0.010 0.010 0.063 0.647 0.004 0.004 0.012 0.008 0.126 
 54 TMA-ZAIN-G-    (0)   :  0.007 0.006 0.007 0.907 0.010 0.006 0.011 0.010 0.004 0.007 0.003 0.003 0.004 0.010 0.004 
 55 TMA-ZAIN-G-    (0)   :  0.008 0.006 0.010 0.833 0.019 0.009 0.035 0.015 0.004 0.022 0.003 0.006 0.004 0.024 0.004 
 56 TMA-ZAIN-G-    (0)   :  0.053 0.027 0.015 0.053 0.026 0.010 0.196 0.083 0.405 0.025 0.020 0.005 0.023 0.051 0.007 
 57 TMA-ZAIN-G-    (0)   :  0.009 0.012 0.035 0.849 0.005 0.004 0.005 0.006 0.011 0.028 0.008 0.003 0.011 0.005 0.009 
 58 TMA-ZAIN-G-    (0)   :  0.008 0.012 0.017 0.041 0.009 0.197 0.018 0.042 0.013 0.377 0.008 0.007 0.004 0.202 0.047 
 59 TMA-ZAIN-G-    (0)   :  0.135 0.036 0.019 0.015 0.008 0.023 0.024 0.050 0.045 0.013 0.019 0.018 0.020 0.026 0.549 
 60 TMA-ZAIN-G-    (0)   :  0.028 0.009 0.006 0.020 0.136 0.008 0.015 0.021 0.049 0.115 0.007 0.009 0.005 0.058 0.514 
 61 TMA-ZAIN-G-    (0)   :  0.004 0.005 0.003 0.011 0.003 0.023 0.003 0.004 0.031 0.009 0.003 0.016 0.003 0.006 0.876 
 62 TMA-ZAIN-G-    (9)   :  0.023 0.063 0.032 0.011 0.005 0.010 0.028 0.010 0.003 0.021 0.007 0.029 0.019 0.061 0.677 
 63 TMA-ZAIN-G-    (0)   :  0.004 0.006 0.006 0.014 0.007 0.008 0.005 0.006 0.013 0.011 0.003 0.005 0.003 0.007 0.901 
 64 TMA-ZAIN-G-    (0)   :  0.008 0.005 0.005 0.003 0.005 0.002 0.006 0.004 0.004 0.002 0.939 0.002 0.010 0.003 0.002 
 65 TMA-ZAIN-G-    (9)   :  0.007 0.039 0.017 0.007 0.005 0.003 0.006 0.009 0.005 0.003 0.882 0.002 0.006 0.006 0.003 
 66 TMA-ZAIN-G-    (0)   :  0.030 0.019 0.011 0.004 0.006 0.003 0.009 0.007 0.005 0.003 0.882 0.003 0.014 0.004 0.003 
 67 TMA-ZAIN-G-    (0)   :  0.039 0.039 0.019 0.005 0.003 0.010 0.013 0.007 0.004 0.009 0.706 0.016 0.111 0.014 0.004 
 68 TMA-ZAIN-G-    (0)   :  0.005 0.005 0.004 0.004 0.006 0.002 0.005 0.008 0.004 0.003 0.942 0.002 0.004 0.003 0.002 
 69 TMA-ZAIN-G-    (0)   :  0.027 0.064 0.027 0.009 0.015 0.019 0.005 0.006 0.023 0.024 0.700 0.026 0.030 0.007 0.017 
 70 TMA-ZAIN-G-    (0)   :  0.066 0.009 0.009 0.003 0.005 0.004 0.008 0.005 0.004 0.004 0.011 0.004 0.862 0.005 0.003 
 71 TMA-ZAIN-G-    (0)   :  0.015 0.012 0.010 0.003 0.003 0.003 0.006 0.004 0.004 0.003 0.004 0.004 0.923 0.003 0.003 
 72 TMA-ZAIN-G-    (0)   :  0.009 0.012 0.006 0.006 0.006 0.004 0.009 0.006 0.004 0.004 0.012 0.003 0.910 0.007 0.003 
 73 TMA-ZAIN-G-    (0)   :  0.006 0.014 0.007 0.011 0.003 0.020 0.005 0.006 0.004 0.013 0.005 0.023 0.854 0.016 0.014 
 74 TMA-ZAIN-G-    (0)   :  0.007 0.012 0.007 0.005 0.003 0.004 0.006 0.005 0.003 0.006 0.004 0.005 0.923 0.004 0.005 
 75 TMA-ZAIN-G-    (0)   :  0.007 0.016 0.008 0.007 0.005 0.003 0.004 0.006 0.004 0.005 0.005 0.002 0.918 0.005 0.004 
 76 TMA-ZAIN-G-    (0)   :  0.014 0.014 0.009 0.003 0.003 0.008 0.005 0.004 0.003 0.008 0.005 0.020 0.897 0.004 0.004 
 77 TMA-ZAIN-G-    (0)   :  0.007 0.006 0.005 0.004 0.005 0.003 0.008 0.004 0.007 0.005 0.006 0.005 0.927 0.005 0.003 
 78 TMA-ZAIN-G-    (0)   :  0.011 0.009 0.008 0.006 0.005 0.008 0.005 0.006 0.009 0.011 0.004 0.010 0.894 0.007 0.005 
 79 TMA-ZAIN-G-    (0)   :  0.012 0.007 0.005 0.004 0.006 0.005 0.007 0.005 0.023 0.007 0.004 0.010 0.898 0.005 0.004 
 80 TMA-ZAIN-G-    (0)   :  0.019 0.031 0.103 0.010 0.004 0.003 0.014 0.011 0.006 0.004 0.022 0.006 0.758 0.007 0.003 
 81 TMA-ZAIN-G-    (0)   :  0.045 0.024 0.013 0.005 0.007 0.004 0.011 0.009 0.027 0.007 0.005 0.007 0.824 0.008 0.003 
 82 TMA-ZAIN-G-    (0)   :  0.145 0.496 0.045 0.016 0.007 0.003 0.008 0.018 0.007 0.005 0.174 0.003 0.064 0.006 0.005 
 83 TMA-ZAIN-G-    (9)   :  0.014 0.721 0.092 0.010 0.005 0.020 0.008 0.016 0.005 0.009 0.021 0.020 0.009 0.023 0.027 
 84 TMA-ZAIN-G-    (0)   :  0.040 0.015 0.013 0.004 0.006 0.006 0.010 0.007 0.009 0.007 0.005 0.022 0.846 0.005 0.003 
 85 TMA-ZAIN-G-    (0)   :  0.004 0.003 0.003 0.004 0.003 0.004 0.003 0.004 0.951 0.004 0.003 0.003 0.003 0.004 0.004 
 86 TMA-ZAIN-G-    (0)   :  0.010 0.009 0.008 0.005 0.003 0.004 0.008 0.008 0.917 0.004 0.005 0.006 0.005 0.005 0.003 
 87 TMA-ZAIN-G-    (0)   :  0.003 0.003 0.003 0.003 0.003 0.006 0.003 0.003 0.951 0.004 0.003 0.003 0.003 0.003 0.005 
 88 TMA-ZAIN-G-    (0)   :  0.036 0.106 0.078 0.054 0.014 0.008 0.010 0.012 0.441 0.007 0.031 0.008 0.028 0.009 0.159 
 89 TMA-ZAIN-G-    (0)   :  0.049 0.026 0.032 0.371 0.034 0.017 0.014 0.009 0.319 0.008 0.026 0.020 0.043 0.004 0.029 
 90 TMA-ZAIN-G-    (0)   :  0.006 0.033 0.020 0.034 0.004 0.004 0.004 0.005 0.841 0.007 0.014 0.004 0.004 0.006 0.015 
 91 TMA-ZAIN-G-    (0)   :  0.014 0.010 0.008 0.030 0.012 0.005 0.008 0.013 0.803 0.006 0.011 0.005 0.008 0.015 0.052 
 92 TMA-ZAIN-G-    (0)   :  0.012 0.010 0.005 0.285 0.012 0.027 0.008 0.010 0.514 0.031 0.006 0.034 0.011 0.027 0.009 
 93 TMA-ZAIN-G-    (0)   :  0.009 0.006 0.003 0.506 0.025 0.014 0.006 0.006 0.236 0.026 0.007 0.012 0.007 0.095 0.042 
 94 TMA-ZAIN-G-    (0)   :  0.006 0.004 0.003 0.050 0.006 0.010 0.003 0.005 0.770 0.010 0.005 0.006 0.005 0.014 0.102 
 95 TMA-ZAIN-G-    (0)   :  0.006 0.004 0.006 0.004 0.013 0.009 0.014 0.004 0.005 0.024 0.006 0.004 0.009 0.884 0.007 
 96 TMA-ZAIN-G-    (0)   :  0.004 0.005 0.009 0.005 0.016 0.008 0.085 0.005 0.008 0.064 0.004 0.004 0.003 0.775 0.005 
 97 TMA-ZAIN-G-    (0)   :  0.010 0.004 0.004 0.012 0.008 0.006 0.004 0.006 0.009 0.018 0.006 0.006 0.015 0.004 0.888 
 98 TMA-ZAIN-G-    (0)   :  0.009 0.004 0.003 0.011 0.006 0.004 0.004 0.007 0.007 0.005 0.005 0.004 0.012 0.003 0.916 
 99 TMA-ZAIN-G-    (0)   :  0.109 0.091 0.018 0.003 0.006 0.006 0.032 0.010 0.005 0.006 0.014 0.019 0.006 0.007 0.667 
100 TMA-ZAIN-G-    (0)   :  0.006 0.004 0.003 0.022 0.007 0.007 0.003 0.004 0.034 0.023 0.004 0.031 0.005 0.005 0.842 
101 TMA-ZAIN-G-    (0)   :  0.027 0.006 0.005 0.011 0.006 0.004 0.004 0.006 0.004 0.009 0.006 0.006 0.008 0.005 0.893 
102 TMA-ZAIN-G-    (0)   :  0.012 0.026 0.074 0.011 0.025 0.544 0.035 0.007 0.019 0.071 0.013 0.007 0.011 0.013 0.132 
103 TMA-ZAIN-G-    (0)   :  0.013 0.025 0.028 0.006 0.007 0.072 0.011 0.014 0.030 0.074 0.006 0.004 0.009 0.015 0.687 
104 TMA-ZAIN-G-    (0)   :  0.003 0.004 0.004 0.005 0.004 0.010 0.003 0.005 0.003 0.007 0.002 0.003 0.003 0.004 0.939 
105 TMA-ZAIN-G-    (0)   :  0.016 0.030 0.035 0.007 0.008 0.043 0.013 0.014 0.042 0.035 0.005 0.003 0.008 0.019 0.723 
106 TMA-ZAIN-G-    (0)   :  0.105 0.026 0.074 0.006 0.096 0.003 0.472 0.046 0.008 0.004 0.053 0.003 0.092 0.007 0.004 
107 TMA-ZAIN-G-    (0)   :  0.272 0.061 0.403 0.007 0.013 0.003 0.019 0.043 0.007 0.005 0.014 0.003 0.138 0.007 0.005 
108 TMA-ZAIN-G-    (9)   :  0.040 0.518 0.008 0.013 0.032 0.040 0.045 0.012 0.048 0.063 0.006 0.018 0.014 0.010 0.133 
109 TMA-ZAIN-G-    (0)   :  0.018 0.086 0.140 0.056 0.019 0.006 0.083 0.066 0.018 0.007 0.159 0.004 0.007 0.047 0.283 
110 TMA-ZAIN-G-    (0)   :  0.222 0.122 0.093 0.014 0.015 0.077 0.076 0.093 0.022 0.075 0.007 0.106 0.018 0.018 0.042 
111 TMA-ZAIN-G-    (9)   :  0.015 0.140 0.130 0.021 0.004 0.141 0.013 0.008 0.006 0.070 0.010 0.020 0.042 0.020 0.360 
112 TMA-ZAIN-G-    (0)   :  0.071 0.055 0.083 0.023 0.032 0.063 0.172 0.073 0.015 0.101 0.019 0.014 0.018 0.041 0.221 
113 TMA-ZAIN-G-    (0)   :  0.017 0.009 0.014 0.019 0.006 0.010 0.005 0.007 0.006 0.005 0.010 0.005 0.024 0.004 0.861 
114 TMA-ZAIN-G-    (0)   :  0.003 0.003 0.003 0.004 0.002 0.011 0.002 0.003 0.007 0.005 0.002 0.009 0.003 0.005 0.938 
115 TMA-ZAIN-G-    (0)   :  0.003 0.004 0.005 0.004 0.004 0.006 0.003 0.003 0.003 0.004 0.003 0.004 0.003 0.004 0.947 
116 TMA-ZAIN-G-    (0)   :  0.008 0.761 0.156 0.009 0.005 0.003 0.005 0.015 0.005 0.003 0.008 0.002 0.008 0.006 0.005 
117 TMA-ZAIN-G-    (0)   :  0.043 0.321 0.028 0.029 0.051 0.004 0.040 0.150 0.034 0.007 0.173 0.003 0.081 0.028 0.007 
118 TMA-ZAIN-G-    (0)   :  0.008 0.648 0.238 0.008 0.018 0.003 0.011 0.013 0.005 0.005 0.015 0.003 0.010 0.009 0.005 
119 TMA-ZAIN-G-    (0)   :  0.008 0.647 0.185 0.009 0.005 0.013 0.006 0.013 0.005 0.015 0.017 0.013 0.036 0.013 0.016 
120 TMA-ZAIN-G-    (0)   :  0.011 0.666 0.156 0.010 0.046 0.004 0.009 0.022 0.012 0.008 0.016 0.003 0.015 0.014 0.007 
121 TMA-ZAIN-G-    (0)   :  0.009 0.826 0.022 0.008 0.009 0.003 0.015 0.027 0.007 0.004 0.040 0.003 0.010 0.013 0.005 
122 TMA-ZAIN-G-    (0)   :  0.065 0.586 0.036 0.009 0.010 0.004 0.028 0.095 0.063 0.005 0.018 0.006 0.022 0.048 0.004 
123 TMA-ZAIN-G-    (0)   :  0.005 0.005 0.005 0.005 0.012 0.020 0.005 0.004 0.008 0.013 0.004 0.004 0.005 0.006 0.899 
124 TMA-ZAIN-G-    (0)   :  0.010 0.005 0.007 0.003 0.006 0.003 0.033 0.904 0.006 0.004 0.003 0.002 0.004 0.006 0.004 
125 TMA-ZAIN-G-    (0)   :  0.005 0.004 0.005 0.022 0.009 0.002 0.012 0.909 0.005 0.003 0.012 0.002 0.005 0.004 0.002 
126 TMA-ZAIN-G-    (0)   :  0.007 0.006 0.010 0.006 0.016 0.003 0.014 0.914 0.005 0.004 0.004 0.003 0.003 0.004 0.003 
127 TMA-ZAIN-G-    (0)   :  0.012 0.006 0.011 0.003 0.007 0.002 0.054 0.879 0.004 0.003 0.005 0.003 0.004 0.004 0.003 
128 TMA-ZAIN-G-    (0)   :  0.009 0.013 0.007 0.004 0.006 0.003 0.015 0.906 0.005 0.003 0.010 0.003 0.005 0.008 0.003 
129 TMA-ZAIN-G-    (0)   :  0.007 0.007 0.005 0.004 0.008 0.003 0.018 0.917 0.005 0.004 0.004 0.003 0.004 0.005 0.004 
130 TMA-ZAIN-G-    (0)   :  0.005 0.006 0.007 0.015 0.018 0.003 0.006 0.911 0.005 0.004 0.004 0.002 0.004 0.005 0.005 
131 TMA-ZAIN-G-    (0)   :  0.006 0.005 0.006 0.004 0.009 0.003 0.025 0.912 0.006 0.004 0.004 0.002 0.004 0.006 0.003 
132 TMA-ZAIN-G-    (0)   :  0.010 0.012 0.008 0.012 0.006 0.003 0.016 0.894 0.005 0.003 0.013 0.002 0.006 0.008 0.003 
133 TMA-ZAIN-G-    (0)   :  0.035 0.012 0.052 0.026 0.126 0.006 0.438 0.042 0.049 0.013 0.091 0.019 0.076 0.014 0.003 
134 TMA-ZAIN-G-    (0)   :  0.028 0.008 0.114 0.024 0.245 0.004 0.096 0.280 0.040 0.007 0.069 0.011 0.065 0.004 0.003 
135 TMA-ZAIN-G-    (0)   :  0.165 0.020 0.513 0.012 0.017 0.003 0.062 0.069 0.032 0.005 0.026 0.011 0.058 0.003 0.004 
136 TMA-ZAIN-G-    (0)   :  0.078 0.149 0.057 0.013 0.006 0.004 0.040 0.033 0.005 0.004 0.557 0.007 0.033 0.009 0.005 
137 TMA-ZAIN-G-    (0)   :  0.018 0.013 0.864 0.005 0.005 0.004 0.011 0.014 0.018 0.006 0.004 0.011 0.020 0.003 0.004 
138 TMA-ZAIN-G-    (0)   :  0.127 0.109 0.214 0.019 0.028 0.002 0.068 0.383 0.004 0.003 0.014 0.003 0.019 0.004 0.004 
139 TMA-ZAIN-G-    (0)   :  0.045 0.115 0.359 0.076 0.017 0.003 0.042 0.239 0.011 0.004 0.014 0.009 0.058 0.003 0.004 
140 TMA-ZAIN-G-    (0)   :  0.549 0.165 0.160 0.004 0.006 0.004 0.047 0.015 0.005 0.004 0.009 0.004 0.016 0.009 0.003 
141 TMA-ZAIN-G-    (0)   :  0.721 0.072 0.061 0.005 0.018 0.003 0.016 0.037 0.010 0.005 0.006 0.003 0.031 0.006 0.005 
142 TMA-ZAIN-G-    (9)   :  0.600 0.152 0.153 0.004 0.006 0.003 0.020 0.014 0.006 0.003 0.010 0.003 0.016 0.007 0.003 
143 TMA-ZAIN-G-    (0)   :  0.296 0.357 0.115 0.005 0.010 0.003 0.051 0.107 0.007 0.004 0.013 0.003 0.014 0.011 0.004 
144 TMA-ZAIN-G-    (0)   :  0.093 0.280 0.302 0.031 0.014 0.006 0.131 0.064 0.014 0.012 0.006 0.008 0.008 0.027 0.004 
145 TMA-ZAIN-G-    (0)   :  0.058 0.050 0.431 0.014 0.006 0.002 0.018 0.070 0.006 0.003 0.277 0.002 0.053 0.006 0.002 
146 TMA-ZAIN-G-    (0)   :  0.936 0.008 0.007 0.003 0.004 0.003 0.005 0.004 0.004 0.003 0.004 0.003 0.012 0.003 0.003 
147 TMA-ZAIN-G-    (9)   :  0.925 0.012 0.008 0.003 0.004 0.003 0.007 0.006 0.004 0.003 0.007 0.003 0.008 0.004 0.003 
148 TMA-ZAIN-G-    (0)   :  0.840 0.011 0.006 0.019 0.046 0.003 0.025 0.023 0.004 0.003 0.004 0.003 0.009 0.003 0.003 
149 TMA-ZAIN-G-    (0)   :  0.724 0.034 0.012 0.051 0.021 0.017 0.024 0.038 0.023 0.009 0.005 0.005 0.009 0.012 0.016 
150 TMA-ZAIN-G-    (0)   :  0.487 0.165 0.039 0.083 0.016 0.015 0.015 0.018 0.011 0.008 0.090 0.004 0.014 0.014 0.022 
151 TMA-ZAIN-G-    (0)   :  0.007 0.073 0.730 0.004 0.019 0.002 0.129 0.006 0.003 0.003 0.007 0.003 0.006 0.004 0.003 
152 TMA-ZAIN-G-    (0)   :  0.009 0.278 0.647 0.004 0.015 0.002 0.011 0.006 0.003 0.003 0.005 0.003 0.004 0.005 0.004 
153 TMA-ZAIN-G-    (0)   :  0.037 0.073 0.690 0.013 0.027 0.003 0.082 0.034 0.003 0.003 0.012 0.002 0.013 0.005 0.003 
154 TMA-ZAIN-G-    (0)   :  0.006 0.035 0.911 0.004 0.004 0.002 0.006 0.009 0.004 0.003 0.004 0.002 0.004 0.003 0.003 
155 TMA-ZAIN-G-    (0)   :  0.013 0.008 0.917 0.003 0.006 0.003 0.008 0.010 0.005 0.003 0.006 0.002 0.007 0.004 0.004 
156 TMA-ZAIN-G-    (9)   :  0.020 0.067 0.719 0.010 0.070 0.003 0.051 0.031 0.004 0.004 0.003 0.003 0.004 0.004 0.006 
157 TMA-ZAIN-G-    (0)   :  0.069 0.031 0.635 0.006 0.132 0.003 0.070 0.020 0.004 0.004 0.006 0.003 0.008 0.004 0.004 
158 TMA-ZAIN-G-    (0)   :  0.036 0.320 0.564 0.004 0.004 0.003 0.014 0.008 0.003 0.006 0.005 0.004 0.020 0.006 0.003 
159 TMA-ZAIN-G-    (0)   :  0.140 0.078 0.541 0.005 0.005 0.003 0.007 0.014 0.004 0.004 0.016 0.002 0.174 0.004 0.005 
160 TMA-ZAIN-G-    (0)   :  0.037 0.159 0.601 0.008 0.004 0.003 0.005 0.008 0.005 0.003 0.024 0.002 0.133 0.003 0.006 
161 TMA-ZAIN-G-    (0)   :  0.097 0.073 0.488 0.023 0.024 0.002 0.074 0.167 0.007 0.005 0.008 0.003 0.019 0.006 0.003 
162 TMA-ZAIN-G-    (0)   :  0.006 0.009 0.890 0.010 0.003 0.014 0.008 0.005 0.010 0.006 0.005 0.005 0.006 0.008 0.015 
163 TMA-ZAIN-G-    (0)   :  0.009 0.031 0.922 0.003 0.002 0.002 0.005 0.005 0.003 0.002 0.004 0.002 0.005 0.003 0.003 
164 TMA-ZAIN-G-    (0)   :  0.025 0.432 0.463 0.008 0.005 0.004 0.007 0.012 0.011 0.004 0.008 0.005 0.007 0.006 0.005 
165 TMA-ZAIN-G-    (0)   :  0.028 0.345 0.569 0.003 0.003 0.003 0.008 0.009 0.003 0.003 0.006 0.003 0.009 0.004 0.004 
166 TMA-ZAIN-G-    (0)   :  0.104 0.067 0.624 0.008 0.006 0.002 0.029 0.100 0.006 0.003 0.012 0.003 0.031 0.004 0.003 
167 TMA-ZAIN-G-    (0)   :  0.721 0.055 0.031 0.004 0.007 0.005 0.024 0.012 0.008 0.007 0.004 0.005 0.106 0.007 0.004 
168 TMA-ZAIN-G-    (0)   :  0.735 0.138 0.006 0.005 0.020 0.003 0.007 0.005 0.006 0.004 0.010 0.003 0.048 0.004 0.005 
169 TMA-ZAIN-G-    (0)   :  0.712 0.134 0.012 0.004 0.005 0.002 0.005 0.006 0.005 0.003 0.049 0.002 0.054 0.004 0.003 
170 TMA-ZAIN-G-    (0)   :  0.556 0.106 0.045 0.004 0.049 0.011 0.069 0.032 0.006 0.041 0.015 0.016 0.024 0.010 0.016 
171 TMA-ZAIN-G-    (0)   :  0.770 0.108 0.009 0.003 0.004 0.003 0.004 0.005 0.004 0.003 0.014 0.002 0.065 0.003 0.003 
172 TMA-ZAIN-G-    (0)   :  0.378 0.021 0.024 0.003 0.018 0.003 0.480 0.031 0.005 0.006 0.005 0.004 0.013 0.005 0.003 
173 TMA-ZAIN-G-    (0)   :  0.176 0.025 0.015 0.005 0.019 0.003 0.665 0.042 0.008 0.006 0.006 0.004 0.016 0.007 0.003 
174 TMA-ZAIN-G-    (0)   :  0.128 0.036 0.052 0.008 0.005 0.002 0.101 0.594 0.005 0.003 0.030 0.003 0.026 0.005 0.003 
175 TMA-ZAIN-G-    (0)   :  0.772 0.036 0.011 0.003 0.004 0.003 0.004 0.005 0.004 0.003 0.007 0.003 0.138 0.003 0.003 
176 TMA-ZAIN-G-    (0)   :  0.872 0.038 0.011 0.003 0.004 0.003 0.005 0.005 0.004 0.003 0.005 0.003 0.038 0.003 0.003 
177 TMA-ZAIN-G-    (0)   :  0.877 0.053 0.010 0.003 0.011 0.002 0.011 0.005 0.004 0.003 0.004 0.003 0.009 0.003 0.003 
178 TMA-ZAIN-G-    (0)   :  0.455 0.091 0.018 0.004 0.040 0.003 0.333 0.008 0.005 0.006 0.004 0.005 0.017 0.008 0.004 
179 TMA-ZAIN-G-    (0)   :  0.837 0.050 0.013 0.003 0.016 0.002 0.036 0.009 0.005 0.003 0.005 0.003 0.011 0.004 0.003 
180 TMA-ZAIN-G-    (0)   :  0.042 0.060 0.015 0.011 0.028 0.006 0.322 0.364 0.027 0.006 0.085 0.012 0.006 0.014 0.004 
181 TMA-ZAIN-G-    (0)   :  0.008 0.014 0.050 0.005 0.107 0.003 0.760 0.018 0.004 0.004 0.005 0.003 0.010 0.004 0.005 
182 TMA-ZAIN-G-    (0)   :  0.040 0.018 0.042 0.005 0.172 0.003 0.323 0.366 0.006 0.005 0.003 0.003 0.005 0.004 0.006 
183 TMA-ZAIN-G-    (0)   :  0.011 0.019 0.011 0.004 0.070 0.003 0.844 0.009 0.005 0.004 0.004 0.003 0.007 0.004 0.004 
184 TMA-ZAIN-G-    (0)   :  0.021 0.023 0.038 0.017 0.023 0.016 0.760 0.017 0.018 0.009 0.007 0.006 0.009 0.012 0.025 
185 TMA-ZAIN-G-    (0)   :  0.008 0.010 0.011 0.020 0.004 0.018 0.815 0.031 0.012 0.008 0.005 0.006 0.007 0.035 0.010 
186 TMA-ZAIN-G-    (9)   :  0.010 0.010 0.013 0.005 0.005 0.005 0.869 0.037 0.005 0.007 0.005 0.004 0.011 0.011 0.004 
187 TMA-ZAIN-G-    (0)   :  0.016 0.006 0.042 0.003 0.016 0.003 0.828 0.016 0.004 0.004 0.014 0.003 0.035 0.004 0.004 
188 TMA-ZAIN-G-    (0)   :  0.007 0.012 0.019 0.004 0.007 0.003 0.859 0.014 0.003 0.003 0.021 0.002 0.038 0.005 0.003 
189 TMA-ZAIN-G-    (0)   :  0.006 0.005 0.007 0.002 0.006 0.002 0.934 0.011 0.003 0.003 0.007 0.003 0.005 0.003 0.002 
190 TMA-ZAIN-G-    (0)   :  0.037 0.047 0.006 0.005 0.031 0.003 0.801 0.009 0.004 0.006 0.016 0.003 0.022 0.007 0.003 
191 TMA-ZAIN-G-    (0)   :  0.010 0.007 0.007 0.007 0.004 0.016 0.887 0.007 0.014 0.006 0.004 0.007 0.007 0.007 0.010 
192 TMA-ZAIN-G-    (0)   :  0.008 0.005 0.011 0.004 0.015 0.004 0.879 0.014 0.014 0.007 0.004 0.019 0.010 0.003 0.004 
193 TMA-ZAIN-G-    (0)   :  0.004 0.003 0.003 0.004 0.955 0.002 0.005 0.004 0.004 0.003 0.004 0.002 0.003 0.003 0.002 
194 TMA-ZAIN-G-    (0)   :  0.008 0.006 0.004 0.015 0.802 0.006 0.068 0.027 0.005 0.010 0.013 0.008 0.006 0.019 0.002 
195 TMA-ZAIN-G-    (0)   :  0.035 0.017 0.005 0.006 0.752 0.002 0.070 0.027 0.004 0.009 0.035 0.003 0.027 0.004 0.003 
196 TMA-ZAIN-G-    (0)   :  0.006 0.007 0.007 0.006 0.904 0.002 0.018 0.011 0.004 0.003 0.013 0.003 0.005 0.007 0.003 
197 TMA-ZAIN-G-    (0)   :  0.011 0.008 0.007 0.005 0.908 0.003 0.009 0.011 0.007 0.003 0.011 0.002 0.009 0.005 0.003 
198 TMA-ZAIN-G-    (0)   :  0.013 0.008 0.009 0.005 0.903 0.002 0.020 0.006 0.004 0.003 0.007 0.005 0.009 0.003 0.003 
199 TMA-ZAIN-G-    (0)   :  0.008 0.009 0.014 0.007 0.006 0.003 0.873 0.042 0.004 0.005 0.005 0.003 0.009 0.009 0.003 
200 TMA-ZAIN-G-    (0)   :  0.006 0.006 0.003 0.010 0.050 0.036 0.005 0.005 0.008 0.027 0.006 0.787 0.006 0.020 0.026 
201 TMA-ZAIN-G-    (0)   :  0.015 0.015 0.008 0.007 0.006 0.040 0.007 0.012 0.009 0.017 0.018 0.798 0.016 0.022 0.008 
202 TMA-ZAIN-G-    (0)   :  0.004 0.004 0.005 0.002 0.015 0.004 0.006 0.005 0.003 0.007 0.002 0.929 0.002 0.004 0.008 
203 TMA-ZAIN-G-    (0)   :  0.026 0.027 0.028 0.005 0.780 0.003 0.030 0.054 0.005 0.004 0.004 0.002 0.009 0.005 0.020 
204 TMA-ZAIN-G-    (9)   :  0.008 0.004 0.003 0.016 0.005 0.019 0.004 0.005 0.108 0.056 0.004 0.742 0.007 0.007 0.013 
205 TMA-ZAIN-G-    (0)   :  0.012 0.022 0.081 0.008 0.007 0.005 0.006 0.009 0.010 0.027 0.004 0.787 0.008 0.005 0.007 
206 TMA-ZAIN-G-    (9)   :  0.030 0.017 0.009 0.017 0.021 0.013 0.015 0.013 0.177 0.021 0.007 0.612 0.009 0.015 0.025 
207 TMA-ZAIN-G-    (9)   :  0.015 0.576 0.115 0.048 0.008 0.010 0.017 0.014 0.050 0.018 0.041 0.004 0.013 0.061 0.009 
208 TMA-ZAIN-G-    (0)   :  0.204 0.632 0.050 0.004 0.003 0.003 0.025 0.006 0.002 0.003 0.039 0.003 0.014 0.009 0.003 
209 TMA-ZAIN-G-    (0)   :  0.149 0.031 0.084 0.056 0.219 0.002 0.082 0.263 0.008 0.004 0.016 0.003 0.077 0.003 0.003 
210 TMA-ZAIN-G-    (0)   :  0.198 0.021 0.070 0.017 0.329 0.003 0.110 0.074 0.014 0.004 0.092 0.003 0.052 0.009 0.004 
211 TMA-ZAIN-G-    (0)   :  0.141 0.029 0.027 0.009 0.063 0.016 0.110 0.468 0.008 0.019 0.021 0.020 0.043 0.016 0.010 
212 TMA-ZAIN-G-    (0)   :  0.440 0.088 0.050 0.006 0.021 0.003 0.278 0.054 0.016 0.004 0.012 0.006 0.006 0.011 0.003 
213 TMA-ZAIN-G-    (0)   :  0.371 0.018 0.227 0.009 0.031 0.004 0.250 0.038 0.004 0.005 0.006 0.004 0.025 0.005 0.003 
214 TMA-ZAIN-G-    (0)   :  0.115 0.023 0.234 0.009 0.032 0.004 0.239 0.187 0.005 0.005 0.051 0.004 0.084 0.005 0.003 
215 TMA-ZAIN-G-    (0)   :  0.154 0.117 0.034 0.002 0.004 0.006 0.355 0.012 0.003 0.243 0.005 0.011 0.045 0.005 0.003 
216 TMA-ZAIN-G-    (0)   :  0.054 0.021 0.030 0.011 0.013 0.004 0.707 0.111 0.006 0.005 0.007 0.005 0.015 0.007 0.003 
217 TMA-ZAIN-G-    (0)   :  0.325 0.017 0.067 0.007 0.062 0.003 0.062 0.199 0.007 0.004 0.124 0.003 0.113 0.003 0.003 
218 TMA-ZAIN-G-    (0)   :  0.007 0.007 0.006 0.005 0.003 0.003 0.006 0.011 0.004 0.913 0.008 0.003 0.004 0.011 0.006 
219 TMA-ZAIN-G-    (0)   :  0.003 0.004 0.004 0.008 0.003 0.005 0.004 0.007 0.012 0.920 0.003 0.010 0.004 0.007 0.004 
220 TMA-ZAIN-G-    (0)   :  0.008 0.099 0.015 0.006 0.005 0.008 0.006 0.006 0.010 0.741 0.011 0.003 0.007 0.050 0.026 
221 TMA-ZAIN-G-    (0)   :  0.011 0.007 0.008 0.004 0.006 0.006 0.018 0.014 0.010 0.859 0.005 0.031 0.006 0.011 0.003 
222 TMA-ZAIN-G-    (0)   :  0.009 0.014 0.012 0.007 0.004 0.006 0.007 0.012 0.018 0.870 0.010 0.005 0.007 0.005 0.015 
223 TMA-ZAIN-G-    (0)   :  0.005 0.005 0.004 0.005 0.003 0.007 0.004 0.005 0.012 0.916 0.005 0.006 0.004 0.014 0.006 
224 TMA-ZAIN-G-    (0)   :  0.007 0.006 0.006 0.006 0.007 0.013 0.014 0.024 0.099 0.781 0.005 0.005 0.005 0.013 0.012 
225 TMA-ZAIN-G-    (0)   :  0.005 0.004 0.003 0.003 0.010 0.007 0.006 0.004 0.005 0.923 0.002 0.008 0.004 0.010 0.007 
226 TMA-ZAIN-G-    (0)   :  0.008 0.008 0.007 0.005 0.021 0.006 0.010 0.005 0.009 0.882 0.005 0.007 0.007 0.010 0.011 
227 TMA-ZAIN-G-    (0)   :  0.012 0.008 0.008 0.004 0.018 0.005 0.011 0.005 0.006 0.879 0.004 0.018 0.007 0.007 0.009 
228 TMA-ZAIN-G-    (0)   :  0.020 0.017 0.012 0.005 0.007 0.020 0.008 0.008 0.017 0.823 0.009 0.005 0.026 0.013 0.010 
229 TMA-ZAIN-G-    (0)   :  0.004 0.004 0.003 0.006 0.003 0.017 0.003 0.003 0.007 0.899 0.008 0.014 0.003 0.009 0.019 
230 TMA-ZAIN-G-    (0)   :  0.047 0.010 0.005 0.014 0.013 0.013 0.020 0.049 0.269 0.481 0.012 0.003 0.029 0.010 0.025 
231 TMA-ZAIN-G-    (0)   :  0.021 0.024 0.035 0.018 0.011 0.450 0.010 0.012 0.068 0.211 0.012 0.021 0.026 0.012 0.070 
232 TMA-ZAIN-G-    (9)   :  0.011 0.012 0.012 0.012 0.008 0.507 0.017 0.038 0.019 0.147 0.044 0.016 0.009 0.004 0.144 
233 TMA-ZAIN-G-    (0)   :  0.015 0.007 0.012 0.010 0.007 0.008 0.009 0.023 0.019 0.767 0.045 0.020 0.029 0.024 0.005 
234 TMA-ZAIN-G-    (0)   :  0.005 0.013 0.007 0.030 0.010 0.030 0.004 0.004 0.005 0.686 0.006 0.026 0.005 0.008 0.160 
235 TMA-ZAIN-G-    (0)   :  0.007 0.012 0.011 0.009 0.021 0.021 0.077 0.004 0.036 0.550 0.004 0.011 0.055 0.033 0.147 
236 TMA-ZAIN-G-    (0)   :  0.015 0.012 0.011 0.004 0.025 0.011 0.011 0.008 0.046 0.789 0.007 0.023 0.012 0.008 0.020 
237 TMA-ZAIN-G-    (0)   :  0.123 0.019 0.018 0.005 0.008 0.011 0.015 0.026 0.096 0.402 0.010 0.004 0.143 0.015 0.105 
238 TMA-ZAIN-G-    (0)   :  0.026 0.023 0.031 0.003 0.005 0.012 0.017 0.019 0.005 0.776 0.004 0.021 0.025 0.006 0.027 
239 TMA-ZAIN-G-    (0)   :  0.003 0.020 0.002 0.062 0.054 0.019 0.025 0.005 0.097 0.026 0.008 0.663 0.003 0.003 0.012 
240 TMA-ZAIN-G-    (0)   :  0.003 0.002 0.002 0.004 0.003 0.005 0.002 0.003 0.005 0.004 0.002 0.955 0.003 0.003 0.003 
241 TMA-ZAIN-G-    (0)   :  0.005 0.003 0.004 0.003 0.003 0.004 0.003 0.002 0.003 0.003 0.003 0.955 0.004 0.002 0.003 
242 TMA-ZAIN-G-    (0)   :  0.003 0.003 0.003 0.002 0.002 0.003 0.003 0.002 0.002 0.003 0.003 0.960 0.003 0.003 0.003 
243 TMA-ZAIN-G-    (0)   :  0.005 0.003 0.003 0.003 0.002 0.003 0.003 0.003 0.003 0.003 0.004 0.955 0.005 0.002 0.002 
244 TMA-ZAIN-G-    (0)   :  0.005 0.005 0.005 0.003 0.002 0.003 0.004 0.003 0.002 0.003 0.004 0.950 0.006 0.002 0.003 
245 TMA-ZAIN-G-    (9)   :  0.003 0.002 0.003 0.003 0.002 0.005 0.003 0.002 0.003 0.003 0.002 0.961 0.003 0.002 0.003 
246 TMA-ZAIN-G-    (0)   :  0.002 0.002 0.002 0.003 0.002 0.003 0.003 0.002 0.003 0.003 0.002 0.963 0.002 0.003 0.002 
247 TMA-ZAIN-G-    (0)   :  0.003 0.003 0.002 0.002 0.002 0.003 0.003 0.002 0.002 0.003 0.003 0.966 0.002 0.003 0.002 
248 TMA-ZAIN-G-    (0)   :  0.003 0.004 0.003 0.003 0.005 0.004 0.004 0.003 0.003 0.004 0.003 0.953 0.004 0.003 0.003 
249 TMA-ZAIN-G-    (0)   :  0.003 0.003 0.002 0.002 0.004 0.003 0.003 0.002 0.003 0.004 0.002 0.961 0.002 0.003 0.002 
250 TMA-ZAIN-G-    (0)   :  0.003 0.003 0.002 0.003 0.003 0.003 0.003 0.002 0.003 0.004 0.003 0.961 0.002 0.003 0.002 
251 TMA-ZAIN-G-    (0)   :  0.004 0.005 0.004 0.937 0.005 0.004 0.003 0.006 0.009 0.004 0.004 0.002 0.003 0.005 0.005 
252 TMA-ZAIN-G-    (0)   :  0.025 0.040 0.009 0.849 0.004 0.002 0.006 0.004 0.004 0.005 0.019 0.004 0.023 0.003 0.003 
253 TMA-ZAIN-G-    (0)   :  0.004 0.009 0.009 0.935 0.004 0.003 0.004 0.004 0.005 0.003 0.005 0.005 0.004 0.003 0.004 
254 TMA-ZAIN-G-    (9)   :  0.011 0.028 0.022 0.873 0.005 0.003 0.007 0.011 0.006 0.003 0.009 0.004 0.006 0.006 0.006 
255 TMA-ZAIN-G-    (0)   :  0.005 0.007 0.006 0.910 0.004 0.024 0.004 0.005 0.005 0.004 0.007 0.004 0.004 0.003 0.009 
256 TMA-ZAIN-G-    (0)   :  0.010 0.009 0.008 0.860 0.028 0.006 0.007 0.007 0.021 0.005 0.005 0.017 0.007 0.004 0.007 
257 TMA-ZAIN-G-    (0)   :  0.003 0.003 0.003 0.931 0.013 0.004 0.004 0.005 0.012 0.005 0.003 0.004 0.004 0.003 0.003 
258 TMA-ZAIN-G-    (0)   :  0.003 0.004 0.003 0.953 0.004 0.002 0.003 0.003 0.006 0.003 0.004 0.004 0.003 0.003 0.003 
259 TMA-ZAIN-G-    (0)   :  0.003 0.003 0.003 0.925 0.005 0.005 0.003 0.004 0.021 0.004 0.005 0.006 0.003 0.005 0.004 
260 TMA-ZAIN-G-    (0)   :  0.005 0.004 0.003 0.925 0.006 0.004 0.004 0.005 0.014 0.004 0.009 0.005 0.003 0.006 0.003 
261 TMA-ZAIN-G-   (18)   :  0.005 0.007 0.004 0.894 0.008 0.005 0.005 0.010 0.021 0.005 0.010 0.003 0.004 0.012 0.005 
262 TMA-ZAIN-G-    (0)   :  0.003 0.003 0.003 0.947 0.006 0.003 0.003 0.004 0.008 0.004 0.003 0.003 0.003 0.003 0.004 
263 TMA-ZAIN-G-    (0)   :  0.003 0.005 0.004 0.943 0.004 0.004 0.003 0.004 0.008 0.004 0.003 0.003 0.003 0.003 0.005 
264 TMA-ZAIN-G-    (0)   :  0.004 0.005 0.004 0.938 0.005 0.004 0.003 0.004 0.007 0.004 0.004 0.003 0.003 0.004 0.007 
265 TMA-ZAIN-G-    (0)   :  0.062 0.015 0.023 0.105 0.010 0.006 0.019 0.029 0.409 0.244 0.022 0.017 0.010 0.018 0.010 
266 TMA-ZAIN-G-    (0)   :  0.020 0.036 0.018 0.576 0.037 0.011 0.038 0.126 0.020 0.012 0.020 0.007 0.010 0.061 0.008 
267 TMA-ZAIN-G-    (0)   :  0.032 0.017 0.006 0.123 0.008 0.373 0.008 0.017 0.237 0.016 0.019 0.027 0.016 0.084 0.017 
268 TMA-ZAIN-G-    (0)   :  0.003 0.003 0.003 0.003 0.003 0.951 0.002 0.003 0.004 0.004 0.003 0.003 0.003 0.004 0.008 
269 TMA-ZAIN-G-    (0)   :  0.004 0.004 0.003 0.004 0.003 0.922 0.003 0.004 0.016 0.007 0.003 0.003 0.004 0.006 0.014 
270 TMA-ZAIN-G-    (0)   :  0.005 0.004 0.003 0.004 0.003 0.906 0.003 0.004 0.032 0.008 0.003 0.005 0.004 0.006 0.010 
271 TMA-ZAIN-G-    (0)   :  0.004 0.004 0.003 0.004 0.002 0.940 0.003 0.003 0.009 0.004 0.003 0.004 0.003 0.005 0.008 
272 TMA-ZAIN-G-    (0)   :  0.004 0.004 0.003 0.003 0.003 0.930 0.004 0.004 0.010 0.011 0.002 0.004 0.004 0.007 0.008 
273 TMA-ZAIN-G-    (0)   :  0.003 0.003 0.002 0.003 0.003 0.943 0.003 0.003 0.006 0.009 0.002 0.006 0.003 0.005 0.007 
274 TMA-ZAIN-G-    (0)   :  0.006 0.004 0.006 0.006 0.024 0.870 0.019 0.004 0.008 0.012 0.007 0.005 0.011 0.008 0.010 
275 TMA-ZAIN-G-    (0)   :  0.003 0.002 0.003 0.002 0.003 0.956 0.003 0.003 0.003 0.005 0.002 0.004 0.002 0.004 0.004 
276 TMA-ZAIN-G-    (0)   :  0.005 0.004 0.005 0.002 0.003 0.941 0.003 0.003 0.004 0.004 0.004 0.006 0.006 0.003 0.007 
277 TMA-ZAIN-G-    (0)   :  0.005 0.005 0.005 0.005 0.005 0.915 0.004 0.003 0.004 0.006 0.005 0.019 0.007 0.004 0.008 
278 TMA-ZAIN-G-    (0)   :  0.003 0.003 0.002 0.004 0.003 0.940 0.003 0.003 0.007 0.006 0.003 0.013 0.003 0.005 0.004 
279 TMA-ZAIN-G-    (0)   :  0.003 0.003 0.003 0.003 0.004 0.942 0.004 0.004 0.003 0.008 0.002 0.005 0.003 0.007 0.004 
280 TMA-ZAIN-G-    (0)   :  0.004 0.004 0.005 0.003 0.007 0.899 0.006 0.008 0.004 0.021 0.002 0.006 0.003 0.007 0.021 
281 TMA-ZAIN-G-    (0)   :  0.004 0.004 0.004 0.004 0.005 0.914 0.003 0.005 0.007 0.012 0.002 0.010 0.004 0.005 0.017 
282 TMA-ZAIN-G-    (9)   :  0.003 0.003 0.002 0.004 0.002 0.946 0.003 0.003 0.005 0.005 0.003 0.008 0.003 0.005 0.007 
283 TMA-ZAIN-G-    (0)   :  0.005 0.014 0.013 0.107 0.004 0.684 0.007 0.012 0.030 0.036 0.004 0.009 0.013 0.030 0.032 
284 TMA-ZAIN-G-    (0)   :  0.008 0.016 0.019 0.114 0.006 0.579 0.010 0.016 0.058 0.071 0.005 0.008 0.008 0.032 0.050 
285 TMA-ZAIN-G-    (0)   :  0.004 0.007 0.014 0.034 0.008 0.785 0.019 0.006 0.007 0.019 0.014 0.020 0.035 0.012 0.018 
286 TMA-ZAIN-G-    (0)   :  0.003 0.003 0.002 0.006 0.003 0.935 0.002 0.003 0.009 0.006 0.002 0.007 0.003 0.006 0.010 
287 TMA-ZAIN-G-    (0)   :  0.004 0.003 0.004 0.005 0.009 0.915 0.009 0.002 0.006 0.006 0.006 0.006 0.011 0.006 0.007 
288 TMA-ZAIN-G-    (0)   :  0.009 0.006 0.011 0.010 0.038 0.770 0.039 0.007 0.008 0.023 0.008 0.004 0.018 0.030 0.020 
289 TMA-ZAIN-G-    (0)   :  0.005 0.004 0.005 0.007 0.013 0.882 0.015 0.004 0.008 0.008 0.009 0.005 0.015 0.010 0.009 
290 TMA-ZAIN-G-    (0)   :  0.009 0.009 0.009 0.007 0.010 0.801 0.008 0.015 0.007 0.017 0.003 0.004 0.004 0.023 0.076 
291 TMA-ZAIN-G-    (0)   :  0.004 0.005 0.005 0.008 0.004 0.011 0.005 0.005 0.010 0.886 0.004 0.006 0.004 0.031 0.011 
292 TMA-ZAIN-G-    (0)   :  0.586 0.035 0.093 0.004 0.019 0.014 0.050 0.042 0.009 0.028 0.006 0.018 0.078 0.009 0.010 
293 TMA-ZAIN-G-    (0)   :  0.357 0.271 0.033 0.020 0.019 0.004 0.082 0.046 0.060 0.014 0.030 0.030 0.013 0.015 0.004 
294 TMA-ZAIN-G-    (0)   :  0.889 0.040 0.007 0.004 0.004 0.003 0.006 0.005 0.007 0.003 0.007 0.004 0.015 0.004 0.003 
295 TMA-ZAIN-G-    (9)   :  0.817 0.074 0.008 0.004 0.004 0.005 0.009 0.006 0.011 0.006 0.010 0.006 0.025 0.011 0.003 
296 TMA-ZAIN-G-    (0)   :  0.640 0.155 0.014 0.007 0.039 0.005 0.013 0.057 0.025 0.009 0.005 0.004 0.009 0.011 0.008 
297 TMA-ZAIN-G-    (0)   :  0.099 0.285 0.262 0.023 0.109 0.008 0.031 0.069 0.019 0.008 0.020 0.006 0.043 0.012 0.005 
