

----------------------------------------------------
STRUCTURE by Pritchard, Stephens and Donnelly (2000)
     and Falush, Stephens and Pritchard (2003)
       Code by Pritchard, Falush and Hubisz
             Version 2.3.4 (Jul 2012)
----------------------------------------------------



Command line arguments:   bin\structure -m C:\Users\eschumacher\Documents\GitHub\GCC_QUAC_ZAIN\Data_Files\Structure_Files\ZAIN\ZAIN_rebinned_garden_wild_nopopinfo\50-50\mainparams -e C:\Users\eschumacher\Documents\GitHub\GCC_QUAC_ZAIN\Data_Files\Structure_Files\ZAIN\ZAIN_rebinned_garden_wild_nopopinfo\50-50\extraparams 
Input File:    C:\Users\eschumacher\Documents\GitHub\GCC_QUAC_ZAIN\Data_Files\Structure_Files\ZAIN\ZAIN_rebinned_garden_wild_nopopinfo\project_data

Run parameters:
   1133 individuals
   11 loci
   11 populations assumed
   50000 Burn-in period
   50000 Reps


--------------------------------------------
Overall proportion of membership of the
sample in each of the 11 clusters

Inferred Clusters
  1      2      3      4      5      6      7      8      9     10     11    
0.083  0.140  0.101  0.067  0.056  0.116  0.143  0.087  0.115  0.055  0.037  

--------------------------------------------

Allele-freq. divergence among pops (Net nucleotide distance),
computed using point estimates of P.

      1       2       3       4       5       6       7       8       9      10      11      
 1      -    0.1431  0.2185  0.1898  0.2113  0.2291  0.1734  0.2707  0.1827  0.3683  0.1900  
 2   0.1431     -    0.1587  0.1755  0.2192  0.1710  0.0976  0.1308  0.1189  0.2454  0.1354  
 3   0.2185  0.1587     -    0.2198  0.1101  0.0425  0.2390  0.2971  0.0704  0.3697  0.1791  
 4   0.1898  0.1755  0.2198     -    0.2683  0.2448  0.2726  0.3537  0.1304  0.4458  0.2267  
 5   0.2113  0.2192  0.1101  0.2683     -    0.1245  0.3419  0.3706  0.1255  0.4641  0.2662  
 6   0.2291  0.1710  0.0425  0.2448  0.1245     -    0.2302  0.3300  0.0552  0.4103  0.2185  
 7   0.1734  0.0976  0.2390  0.2726  0.3419  0.2302     -    0.1250  0.2323  0.3133  0.2217  
 8   0.2707  0.1308  0.2971  0.3537  0.3706  0.3300  0.1250     -    0.2959  0.2058  0.2330  
 9   0.1827  0.1189  0.0704  0.1304  0.1255  0.0552  0.2323  0.2959     -    0.3777  0.1737  
10   0.3683  0.2454  0.3697  0.4458  0.4641  0.4103  0.3133  0.2058  0.3777     -    0.3278  
11   0.1900  0.1354  0.1791  0.2267  0.2662  0.2185  0.2217  0.2330  0.1737  0.3278     -    

Average distances (expected heterozygosity) between individuals in same cluster:
cluster  1  : 0.3893 
cluster  2  : 0.5496 
cluster  3  : 0.4019 
cluster  4  : 0.2629 
cluster  5  : 0.3568 
cluster  6  : 0.3761 
cluster  7  : 0.4758 
cluster  8  : 0.3783 
cluster  9  : 0.4357 
cluster 10  : 0.2457 
cluster 11  : 0.2685 

--------------------------------------------
Estimated Ln Prob of Data   = -20673.6
Mean value of ln likelihood = -19992.5
Variance of ln likelihood   = 1362.4
Mean value of alpha         = 0.0338

Mean value of Fst_1         = 0.4172
Mean value of Fst_2         = 0.1398
Mean value of Fst_3         = 0.3011
Mean value of Fst_4         = 0.5590
Mean value of Fst_5         = 0.4329
Mean value of Fst_6         = 0.3604
Mean value of Fst_7         = 0.3566
Mean value of Fst_8         = 0.5611
Mean value of Fst_9         = 0.3273
Mean value of Fst_10         = 0.6393
Mean value of Fst_11         = 0.5750


Inferred ancestry of individuals:
        Label (%Miss) :  Inferred clusters
  1 TMA-ZAIN-G-    (9)   :  0.015 0.042 0.009 0.082 0.010 0.015 0.768 0.010 0.033 0.004 0.012 
  2 TMA-ZAIN-G-    (0)   :  0.020 0.013 0.174 0.008 0.004 0.022 0.717 0.009 0.016 0.004 0.015 
  3 TMA-ZAIN-G-    (0)   :  0.010 0.008 0.041 0.028 0.110 0.483 0.007 0.004 0.297 0.003 0.010 
  4 TMA-ZAIN-G-    (0)   :  0.019 0.005 0.034 0.019 0.075 0.185 0.010 0.005 0.013 0.003 0.630 
  5 TMA-ZAIN-G-    (0)   :  0.006 0.004 0.002 0.002 0.002 0.003 0.963 0.006 0.003 0.004 0.004 
  6 TMA-ZAIN-G-    (0)   :  0.036 0.120 0.067 0.021 0.165 0.160 0.067 0.031 0.222 0.037 0.072 
  7 TMA-ZAIN-G-    (0)   :  0.013 0.012 0.269 0.047 0.010 0.249 0.014 0.007 0.246 0.005 0.127 
  8 TMA-ZAIN-G-    (0)   :  0.023 0.005 0.032 0.006 0.023 0.045 0.007 0.003 0.849 0.002 0.005 
  9 TMA-ZAIN-G-    (9)   :  0.005 0.009 0.264 0.009 0.034 0.244 0.008 0.005 0.409 0.004 0.009 
 10 TMA-ZAIN-G-    (0)   :  0.012 0.010 0.235 0.013 0.046 0.198 0.003 0.004 0.463 0.004 0.012 
 11 TMA-ZAIN-G-    (0)   :  0.006 0.007 0.458 0.009 0.006 0.273 0.006 0.005 0.203 0.006 0.021 
 12 TMA-ZAIN-G-    (0)   :  0.004 0.005 0.009 0.012 0.005 0.935 0.004 0.003 0.017 0.003 0.004 
 13 TMA-ZAIN-G-    (9)   :  0.025 0.023 0.324 0.126 0.016 0.096 0.032 0.092 0.232 0.019 0.014 
 14 TMA-ZAIN-G-    (9)   :  0.008 0.009 0.019 0.875 0.007 0.012 0.003 0.007 0.038 0.016 0.005 
 15 TMA-ZAIN-G-    (0)   :  0.006 0.006 0.008 0.903 0.009 0.006 0.003 0.002 0.050 0.003 0.004 
 16 TMA-ZAIN-G-    (0)   :  0.003 0.005 0.058 0.006 0.005 0.883 0.003 0.004 0.022 0.005 0.005 
 17 TMA-ZAIN-G-    (9)   :  0.017 0.024 0.009 0.028 0.006 0.013 0.010 0.016 0.793 0.003 0.080 
 18 TMA-ZAIN-G-    (0)   :  0.053 0.112 0.005 0.015 0.007 0.012 0.758 0.008 0.012 0.004 0.013 
 19 TMA-ZAIN-G-    (0)   :  0.004 0.861 0.011 0.011 0.005 0.018 0.013 0.010 0.027 0.006 0.035 
 20 TMA-ZAIN-G-    (0)   :  0.024 0.794 0.004 0.004 0.004 0.003 0.038 0.081 0.003 0.038 0.008 
 21 TMA-ZAIN-G-    (0)   :  0.003 0.003 0.002 0.002 0.003 0.002 0.003 0.005 0.002 0.971 0.003 
 22 TMA-ZAIN-G-    (0)   :  0.004 0.005 0.003 0.003 0.002 0.002 0.011 0.958 0.003 0.004 0.005 
 23 TMA-ZAIN-G-    (0)   :  0.003 0.009 0.004 0.005 0.003 0.004 0.007 0.950 0.005 0.004 0.006 
 24 TMA-ZAIN-G-    (9)   :  0.006 0.004 0.126 0.027 0.137 0.009 0.006 0.660 0.013 0.009 0.003 
 25 TMA-ZAIN-G-    (9)   :  0.004 0.697 0.110 0.006 0.005 0.010 0.129 0.015 0.012 0.009 0.003 
 26 TMA-ZAIN-G-    (9)   :  0.387 0.008 0.276 0.025 0.009 0.028 0.007 0.008 0.160 0.082 0.010 
 27 TMA-ZAIN-G-    (0)   :  0.016 0.768 0.007 0.061 0.010 0.007 0.072 0.010 0.016 0.014 0.021 
 28 TMA-ZAIN-G-    (0)   :  0.007 0.927 0.006 0.011 0.007 0.008 0.011 0.006 0.010 0.003 0.006 
 29 TMA-ZAIN-G-    (0)   :  0.017 0.247 0.005 0.006 0.702 0.004 0.003 0.004 0.005 0.005 0.004 
 30 TMA-ZAIN-G-    (0)   :  0.007 0.369 0.137 0.086 0.060 0.064 0.004 0.006 0.254 0.004 0.008 
 31 TMA-ZAIN-G-    (0)   :  0.053 0.011 0.008 0.006 0.006 0.004 0.869 0.010 0.004 0.010 0.020 
 32 TMA-ZAIN-G-    (9)   :  0.006 0.018 0.022 0.029 0.004 0.091 0.749 0.036 0.034 0.006 0.005 
 33 TMA-ZAIN-G-   (18)   :  0.004 0.005 0.097 0.007 0.018 0.256 0.005 0.003 0.598 0.003 0.004 
 34 TMA-ZAIN-G-    (0)   :  0.007 0.012 0.125 0.009 0.009 0.561 0.208 0.020 0.029 0.013 0.006 
 35 TMA-ZAIN-G-    (9)   :  0.014 0.015 0.192 0.059 0.098 0.342 0.022 0.004 0.239 0.003 0.012 
 36 TMA-ZAIN-G-    (0)   :  0.016 0.005 0.446 0.148 0.011 0.032 0.004 0.003 0.324 0.002 0.008 
 37 TMA-ZAIN-G-    (9)   :  0.011 0.014 0.357 0.007 0.015 0.229 0.008 0.006 0.297 0.009 0.046 
 38 TMA-ZAIN-G-   (18)   :  0.006 0.027 0.033 0.065 0.007 0.038 0.756 0.020 0.033 0.006 0.010 
 39 TMA-ZAIN-G-    (0)   :  0.008 0.005 0.843 0.004 0.012 0.059 0.003 0.003 0.048 0.007 0.008 
 40 TMA-ZAIN-G-    (0)   :  0.005 0.004 0.282 0.006 0.006 0.158 0.003 0.003 0.507 0.009 0.016 
 41 TMA-ZAIN-G-    (0)   :  0.005 0.004 0.218 0.044 0.007 0.023 0.003 0.003 0.687 0.003 0.003 
 42 TMA-ZAIN-G-    (9)   :  0.009 0.003 0.013 0.105 0.006 0.007 0.003 0.002 0.846 0.002 0.004 
 43 TMA-ZAIN-G-    (0)   :  0.005 0.003 0.004 0.956 0.009 0.004 0.003 0.002 0.007 0.002 0.004 
 44 TMA-ZAIN-G-    (0)   :  0.003 0.008 0.096 0.004 0.016 0.041 0.004 0.006 0.015 0.798 0.008 
 45 TMA-ZAIN-G-    (0)   :  0.010 0.009 0.105 0.017 0.006 0.573 0.006 0.005 0.242 0.012 0.015 
 46 TMA-ZAIN-G-    (0)   :  0.004 0.004 0.003 0.003 0.002 0.002 0.004 0.006 0.002 0.963 0.006 
 47 TMA-ZAIN-G-    (0)   :  0.952 0.004 0.003 0.003 0.004 0.005 0.004 0.003 0.004 0.005 0.013 
 48 TMA-ZAIN-G-    (0)   :  0.211 0.018 0.045 0.058 0.019 0.047 0.006 0.024 0.371 0.012 0.188 
 49 TMA-ZAIN-G-    (9)   :  0.008 0.852 0.008 0.005 0.046 0.026 0.019 0.008 0.006 0.004 0.020 
 50 TMA-ZAIN-G-    (0)   :  0.003 0.909 0.015 0.007 0.003 0.006 0.006 0.005 0.033 0.008 0.005 
 51 TMA-ZAIN-G-    (0)   :  0.019 0.809 0.011 0.085 0.006 0.006 0.007 0.006 0.016 0.016 0.019 
 52 TMA-ZAIN-G-    (0)   :  0.048 0.694 0.009 0.022 0.003 0.014 0.006 0.008 0.009 0.011 0.176 
 53 TMA-ZAIN-G-    (0)   :  0.098 0.517 0.020 0.048 0.006 0.007 0.183 0.014 0.016 0.005 0.086 
 54 TMA-ZAIN-G-    (0)   :  0.942 0.008 0.005 0.010 0.003 0.006 0.004 0.005 0.009 0.004 0.005 
 55 TMA-ZAIN-G-    (0)   :  0.896 0.022 0.005 0.019 0.003 0.008 0.004 0.008 0.025 0.005 0.003 
 56 TMA-ZAIN-G-    (0)   :  0.068 0.062 0.032 0.035 0.026 0.032 0.008 0.009 0.301 0.005 0.424 
 57 TMA-ZAIN-G-    (0)   :  0.906 0.021 0.008 0.005 0.007 0.019 0.008 0.004 0.006 0.003 0.013 
 58 TMA-ZAIN-G-    (0)   :  0.031 0.731 0.005 0.008 0.006 0.011 0.027 0.148 0.017 0.005 0.010 
 59 TMA-ZAIN-G-    (0)   :  0.028 0.031 0.086 0.012 0.027 0.047 0.612 0.021 0.055 0.021 0.059 
 60 TMA-ZAIN-G-    (0)   :  0.021 0.292 0.010 0.127 0.008 0.009 0.449 0.009 0.018 0.009 0.050 
 61 TMA-ZAIN-G-    (0)   :  0.011 0.008 0.003 0.003 0.003 0.004 0.896 0.022 0.003 0.015 0.031 
 62 TMA-ZAIN-G-    (9)   :  0.015 0.038 0.028 0.007 0.008 0.053 0.767 0.012 0.030 0.037 0.004 
 63 TMA-ZAIN-G-    (0)   :  0.014 0.010 0.003 0.006 0.003 0.007 0.923 0.010 0.006 0.005 0.013 
 64 TMA-ZAIN-G-    (0)   :  0.003 0.003 0.008 0.005 0.960 0.006 0.002 0.002 0.005 0.003 0.003 
 65 TMA-ZAIN-G-    (9)   :  0.007 0.004 0.007 0.005 0.938 0.019 0.003 0.003 0.007 0.002 0.005 
 66 TMA-ZAIN-G-    (0)   :  0.004 0.003 0.019 0.005 0.932 0.014 0.003 0.003 0.010 0.003 0.005 
 67 TMA-ZAIN-G-    (0)   :  0.006 0.011 0.079 0.003 0.819 0.036 0.004 0.010 0.013 0.016 0.004 
 68 TMA-ZAIN-G-    (0)   :  0.005 0.003 0.004 0.007 0.959 0.005 0.002 0.002 0.006 0.002 0.004 
 69 TMA-ZAIN-G-    (0)   :  0.009 0.015 0.038 0.016 0.767 0.054 0.019 0.021 0.007 0.028 0.025 
 70 TMA-ZAIN-G-    (0)   :  0.003 0.004 0.926 0.005 0.018 0.022 0.003 0.004 0.006 0.004 0.004 
 71 TMA-ZAIN-G-    (0)   :  0.004 0.003 0.958 0.003 0.005 0.010 0.003 0.003 0.006 0.003 0.003 
 72 TMA-ZAIN-G-    (0)   :  0.009 0.005 0.904 0.009 0.020 0.021 0.003 0.004 0.016 0.003 0.005 
 73 TMA-ZAIN-G-    (0)   :  0.018 0.021 0.861 0.004 0.007 0.012 0.018 0.022 0.007 0.026 0.004 
 74 TMA-ZAIN-G-    (0)   :  0.007 0.009 0.926 0.004 0.005 0.018 0.007 0.007 0.007 0.008 0.003 
 75 TMA-ZAIN-G-    (0)   :  0.011 0.006 0.933 0.006 0.006 0.013 0.005 0.004 0.008 0.003 0.005 
 76 TMA-ZAIN-G-    (0)   :  0.004 0.009 0.912 0.003 0.007 0.011 0.005 0.013 0.005 0.029 0.003 
 77 TMA-ZAIN-G-    (0)   :  0.005 0.006 0.937 0.007 0.006 0.006 0.003 0.004 0.009 0.007 0.010 
 78 TMA-ZAIN-G-    (0)   :  0.008 0.015 0.887 0.005 0.005 0.019 0.007 0.011 0.009 0.022 0.012 
 79 TMA-ZAIN-G-    (0)   :  0.005 0.007 0.888 0.007 0.004 0.008 0.004 0.006 0.010 0.021 0.040 
 80 TMA-ZAIN-G-    (0)   :  0.013 0.005 0.782 0.004 0.032 0.118 0.003 0.003 0.025 0.009 0.007 
 81 TMA-ZAIN-G-    (0)   :  0.005 0.006 0.911 0.007 0.004 0.014 0.003 0.004 0.010 0.008 0.027 
 82 TMA-ZAIN-G-    (0)   :  0.019 0.006 0.489 0.007 0.226 0.220 0.007 0.003 0.010 0.002 0.010 
 83 TMA-ZAIN-G-    (9)   :  0.021 0.018 0.034 0.006 0.055 0.747 0.043 0.030 0.014 0.025 0.005 
 84 TMA-ZAIN-G-    (0)   :  0.004 0.007 0.905 0.005 0.005 0.012 0.003 0.007 0.009 0.032 0.010 
 85 TMA-ZAIN-G-    (0)   :  0.004 0.004 0.003 0.004 0.003 0.003 0.004 0.004 0.003 0.002 0.965 
 86 TMA-ZAIN-G-    (0)   :  0.005 0.004 0.007 0.003 0.005 0.009 0.003 0.004 0.008 0.006 0.946 
 87 TMA-ZAIN-G-    (0)   :  0.004 0.004 0.003 0.003 0.003 0.003 0.005 0.007 0.003 0.003 0.962 
 88 TMA-ZAIN-G-    (0)   :  0.065 0.007 0.044 0.021 0.047 0.130 0.203 0.008 0.018 0.010 0.447 
 89 TMA-ZAIN-G-    (0)   :  0.490 0.006 0.048 0.041 0.025 0.038 0.029 0.020 0.017 0.023 0.264 
 90 TMA-ZAIN-G-    (0)   :  0.040 0.007 0.006 0.004 0.014 0.026 0.019 0.004 0.005 0.005 0.870 
 91 TMA-ZAIN-G-    (0)   :  0.057 0.012 0.009 0.013 0.011 0.008 0.044 0.006 0.009 0.005 0.825 
 92 TMA-ZAIN-G-    (0)   :  0.298 0.035 0.010 0.014 0.006 0.007 0.009 0.030 0.010 0.035 0.545 
 93 TMA-ZAIN-G-    (0)   :  0.521 0.055 0.009 0.020 0.007 0.005 0.044 0.019 0.008 0.013 0.299 
 94 TMA-ZAIN-G-    (0)   :  0.068 0.012 0.005 0.006 0.004 0.004 0.097 0.011 0.004 0.006 0.783 
 95 TMA-ZAIN-G-    (0)   :  0.005 0.872 0.017 0.025 0.017 0.009 0.008 0.014 0.023 0.003 0.006 
 96 TMA-ZAIN-G-    (0)   :  0.006 0.870 0.004 0.026 0.006 0.013 0.005 0.006 0.051 0.004 0.010 
 97 TMA-ZAIN-G-    (0)   :  0.012 0.010 0.012 0.007 0.006 0.004 0.922 0.006 0.005 0.007 0.009 
 98 TMA-ZAIN-G-    (0)   :  0.010 0.004 0.011 0.005 0.005 0.004 0.943 0.004 0.004 0.004 0.007 
 99 TMA-ZAIN-G-    (0)   :  0.003 0.007 0.026 0.007 0.021 0.127 0.733 0.006 0.043 0.022 0.005 
100 TMA-ZAIN-G-    (0)   :  0.020 0.012 0.005 0.007 0.004 0.003 0.873 0.007 0.004 0.030 0.034 
101 TMA-ZAIN-G-    (0)   :  0.012 0.009 0.013 0.006 0.006 0.010 0.925 0.004 0.005 0.006 0.004 
102 TMA-ZAIN-G-    (0)   :  0.013 0.032 0.021 0.028 0.015 0.074 0.196 0.568 0.024 0.008 0.022 
103 TMA-ZAIN-G-    (0)   :  0.006 0.033 0.010 0.008 0.006 0.024 0.819 0.053 0.011 0.004 0.024 
104 TMA-ZAIN-G-    (0)   :  0.005 0.007 0.003 0.004 0.002 0.004 0.956 0.008 0.004 0.004 0.003 
105 TMA-ZAIN-G-    (0)   :  0.006 0.021 0.011 0.008 0.006 0.029 0.834 0.026 0.014 0.003 0.042 
106 TMA-ZAIN-G-    (0)   :  0.005 0.004 0.237 0.107 0.051 0.070 0.003 0.003 0.509 0.003 0.007 
107 TMA-ZAIN-G-    (0)   :  0.006 0.005 0.536 0.009 0.009 0.402 0.004 0.003 0.018 0.003 0.005 
108 TMA-ZAIN-G-    (9)   :  0.012 0.039 0.160 0.067 0.010 0.094 0.321 0.041 0.172 0.018 0.066 
109 TMA-ZAIN-G-    (0)   :  0.049 0.041 0.014 0.018 0.188 0.168 0.318 0.005 0.183 0.004 0.013 
110 TMA-ZAIN-G-    (0)   :  0.017 0.067 0.107 0.018 0.009 0.246 0.050 0.084 0.255 0.122 0.024 
111 TMA-ZAIN-G-    (9)   :  0.027 0.064 0.050 0.004 0.015 0.194 0.464 0.128 0.018 0.027 0.008 
112 TMA-ZAIN-G-    (0)   :  0.026 0.131 0.041 0.041 0.016 0.139 0.229 0.075 0.276 0.011 0.015 
113 TMA-ZAIN-G-    (0)   :  0.021 0.004 0.021 0.005 0.009 0.013 0.901 0.009 0.006 0.005 0.006 
114 TMA-ZAIN-G-    (0)   :  0.004 0.005 0.003 0.002 0.003 0.004 0.951 0.011 0.002 0.009 0.006 
115 TMA-ZAIN-G-    (0)   :  0.004 0.004 0.003 0.003 0.003 0.005 0.962 0.005 0.003 0.004 0.003 
116 TMA-ZAIN-G-    (0)   :  0.012 0.005 0.012 0.005 0.011 0.929 0.007 0.003 0.009 0.002 0.005 
117 TMA-ZAIN-G-    (0)   :  0.048 0.016 0.144 0.071 0.278 0.158 0.009 0.004 0.218 0.003 0.048 
118 TMA-ZAIN-G-    (0)   :  0.010 0.007 0.012 0.015 0.023 0.900 0.006 0.003 0.015 0.003 0.007 
119 TMA-ZAIN-G-    (0)   :  0.012 0.021 0.049 0.005 0.031 0.810 0.025 0.017 0.009 0.017 0.005 
120 TMA-ZAIN-G-    (0)   :  0.015 0.013 0.022 0.052 0.023 0.822 0.009 0.005 0.020 0.003 0.014 
121 TMA-ZAIN-G-    (0)   :  0.023 0.011 0.051 0.020 0.138 0.647 0.014 0.004 0.078 0.003 0.012 
122 TMA-ZAIN-G-    (0)   :  0.013 0.016 0.203 0.013 0.034 0.384 0.005 0.005 0.201 0.008 0.117 
123 TMA-ZAIN-G-    (0)   :  0.004 0.012 0.005 0.011 0.004 0.005 0.926 0.016 0.005 0.004 0.008 
124 TMA-ZAIN-G-    (0)   :  0.004 0.005 0.006 0.008 0.004 0.010 0.004 0.003 0.945 0.002 0.008 
125 TMA-ZAIN-G-    (0)   :  0.105 0.005 0.007 0.026 0.035 0.008 0.003 0.002 0.799 0.002 0.009 
126 TMA-ZAIN-G-    (0)   :  0.009 0.004 0.006 0.042 0.005 0.018 0.004 0.003 0.900 0.002 0.007 
127 TMA-ZAIN-G-    (0)   :  0.004 0.003 0.005 0.010 0.006 0.009 0.003 0.002 0.950 0.003 0.005 
128 TMA-ZAIN-G-    (0)   :  0.005 0.005 0.010 0.009 0.025 0.013 0.004 0.003 0.918 0.002 0.006 
129 TMA-ZAIN-G-    (0)   :  0.006 0.004 0.006 0.015 0.006 0.009 0.006 0.003 0.934 0.003 0.007 
130 TMA-ZAIN-G-    (0)   :  0.054 0.006 0.007 0.081 0.009 0.028 0.008 0.003 0.793 0.002 0.008 
131 TMA-ZAIN-G-    (0)   :  0.005 0.006 0.005 0.013 0.004 0.008 0.004 0.003 0.939 0.002 0.010 
132 TMA-ZAIN-G-    (0)   :  0.032 0.006 0.015 0.015 0.041 0.023 0.004 0.003 0.852 0.002 0.007 
133 TMA-ZAIN-G-    (0)   :  0.025 0.015 0.081 0.139 0.095 0.046 0.003 0.006 0.523 0.020 0.048 
134 TMA-ZAIN-G-    (0)   :  0.020 0.006 0.066 0.300 0.077 0.070 0.003 0.004 0.400 0.013 0.040 
135 TMA-ZAIN-G-    (0)   :  0.012 0.005 0.203 0.019 0.029 0.451 0.004 0.004 0.234 0.012 0.028 
136 TMA-ZAIN-G-    (0)   :  0.019 0.005 0.062 0.008 0.590 0.216 0.006 0.004 0.077 0.006 0.005 
137 TMA-ZAIN-G-    (0)   :  0.006 0.006 0.097 0.006 0.006 0.788 0.006 0.004 0.044 0.016 0.021 
138 TMA-ZAIN-G-    (0)   :  0.016 0.003 0.022 0.027 0.012 0.345 0.004 0.002 0.562 0.002 0.004 
139 TMA-ZAIN-G-    (0)   :  0.083 0.004 0.066 0.018 0.013 0.463 0.005 0.003 0.323 0.009 0.014 
140 TMA-ZAIN-G-    (0)   :  0.004 0.005 0.126 0.006 0.009 0.719 0.003 0.004 0.114 0.004 0.005 
141 TMA-ZAIN-G-    (0)   :  0.006 0.006 0.482 0.025 0.008 0.358 0.006 0.004 0.091 0.003 0.011 
142 TMA-ZAIN-G-    (9)   :  0.005 0.004 0.193 0.007 0.013 0.699 0.003 0.004 0.062 0.003 0.007 
143 TMA-ZAIN-G-    (0)   :  0.005 0.005 0.048 0.010 0.012 0.639 0.004 0.003 0.263 0.003 0.007 
144 TMA-ZAIN-G-    (0)   :  0.021 0.012 0.014 0.013 0.006 0.793 0.003 0.005 0.115 0.007 0.011 
145 TMA-ZAIN-G-    (0)   :  0.016 0.005 0.145 0.007 0.283 0.485 0.003 0.002 0.047 0.002 0.005 
146 TMA-ZAIN-G-    (0)   :  0.003 0.003 0.710 0.006 0.006 0.250 0.003 0.003 0.008 0.003 0.005 
147 TMA-ZAIN-G-    (9)   :  0.005 0.003 0.542 0.006 0.011 0.406 0.003 0.003 0.010 0.004 0.006 
148 TMA-ZAIN-G-    (0)   :  0.032 0.003 0.423 0.107 0.005 0.326 0.003 0.003 0.088 0.003 0.006 
149 TMA-ZAIN-G-    (0)   :  0.069 0.011 0.237 0.037 0.007 0.451 0.021 0.019 0.111 0.006 0.031 
150 TMA-ZAIN-G-    (0)   :  0.077 0.012 0.117 0.017 0.041 0.660 0.019 0.020 0.018 0.005 0.015 
151 TMA-ZAIN-G-    (0)   :  0.005 0.004 0.009 0.017 0.009 0.900 0.003 0.002 0.045 0.002 0.003 
152 TMA-ZAIN-G-    (0)   :  0.005 0.003 0.005 0.007 0.006 0.955 0.003 0.002 0.007 0.002 0.003 
153 TMA-ZAIN-G-    (0)   :  0.010 0.003 0.016 0.021 0.013 0.847 0.003 0.003 0.078 0.002 0.004 
154 TMA-ZAIN-G-    (0)   :  0.005 0.003 0.007 0.004 0.004 0.956 0.003 0.002 0.008 0.002 0.004 
155 TMA-ZAIN-G-    (0)   :  0.003 0.004 0.011 0.007 0.008 0.942 0.004 0.003 0.011 0.003 0.005 
156 TMA-ZAIN-G-    (9)   :  0.012 0.004 0.007 0.034 0.003 0.880 0.006 0.002 0.046 0.003 0.003 
157 TMA-ZAIN-G-    (0)   :  0.006 0.004 0.019 0.094 0.007 0.789 0.005 0.003 0.067 0.003 0.004 
158 TMA-ZAIN-G-    (0)   :  0.004 0.005 0.021 0.004 0.004 0.938 0.003 0.003 0.011 0.003 0.004 
159 TMA-ZAIN-G-    (0)   :  0.005 0.003 0.279 0.004 0.010 0.677 0.004 0.002 0.009 0.002 0.004 
160 TMA-ZAIN-G-    (0)   :  0.007 0.003 0.123 0.004 0.016 0.827 0.005 0.003 0.006 0.002 0.004 
161 TMA-ZAIN-G-    (0)   :  0.019 0.005 0.034 0.021 0.007 0.771 0.003 0.003 0.128 0.003 0.007 
162 TMA-ZAIN-G-    (0)   :  0.012 0.007 0.008 0.004 0.006 0.904 0.017 0.016 0.010 0.005 0.011 
163 TMA-ZAIN-G-    (0)   :  0.003 0.003 0.006 0.003 0.004 0.965 0.003 0.002 0.006 0.002 0.003 
164 TMA-ZAIN-G-    (0)   :  0.006 0.003 0.011 0.004 0.006 0.944 0.004 0.003 0.007 0.003 0.007 
165 TMA-ZAIN-G-    (0)   :  0.003 0.003 0.015 0.003 0.005 0.949 0.004 0.003 0.009 0.002 0.003 
166 TMA-ZAIN-G-    (0)   :  0.010 0.004 0.177 0.006 0.011 0.697 0.003 0.002 0.083 0.003 0.006 
167 TMA-ZAIN-G-    (0)   :  0.004 0.007 0.788 0.007 0.004 0.128 0.005 0.005 0.039 0.004 0.009 
168 TMA-ZAIN-G-    (0)   :  0.005 0.005 0.888 0.036 0.013 0.023 0.006 0.003 0.011 0.004 0.006 
169 TMA-ZAIN-G-    (0)   :  0.005 0.003 0.875 0.005 0.065 0.026 0.003 0.003 0.007 0.002 0.005 
170 TMA-ZAIN-G-    (0)   :  0.004 0.021 0.572 0.115 0.023 0.090 0.016 0.008 0.136 0.010 0.005 
171 TMA-ZAIN-G-    (0)   :  0.003 0.003 0.940 0.004 0.015 0.016 0.003 0.003 0.006 0.003 0.005 
172 TMA-ZAIN-G-    (0)   :  0.004 0.005 0.085 0.019 0.005 0.047 0.003 0.004 0.819 0.005 0.006 
173 TMA-ZAIN-G-    (0)   :  0.005 0.007 0.050 0.019 0.006 0.023 0.003 0.004 0.874 0.004 0.007 
174 TMA-ZAIN-G-    (0)   :  0.009 0.004 0.147 0.005 0.045 0.086 0.003 0.002 0.690 0.003 0.005 
175 TMA-ZAIN-G-    (0)   :  0.004 0.003 0.931 0.005 0.007 0.028 0.003 0.003 0.008 0.003 0.006 
176 TMA-ZAIN-G-    (0)   :  0.003 0.004 0.898 0.005 0.005 0.062 0.003 0.003 0.010 0.003 0.005 
177 TMA-ZAIN-G-    (0)   :  0.003 0.004 0.702 0.031 0.004 0.210 0.004 0.003 0.029 0.004 0.005 
178 TMA-ZAIN-G-    (0)   :  0.004 0.007 0.177 0.071 0.005 0.211 0.005 0.004 0.505 0.005 0.005 
179 TMA-ZAIN-G-    (0)   :  0.005 0.005 0.396 0.037 0.009 0.344 0.003 0.003 0.187 0.004 0.008 
180 TMA-ZAIN-G-    (0)   :  0.011 0.007 0.012 0.022 0.064 0.034 0.004 0.006 0.799 0.009 0.033 
181 TMA-ZAIN-G-    (0)   :  0.005 0.004 0.018 0.171 0.006 0.061 0.005 0.003 0.722 0.003 0.004 
182 TMA-ZAIN-G-    (0)   :  0.005 0.004 0.011 0.146 0.003 0.039 0.006 0.003 0.773 0.003 0.007 
183 TMA-ZAIN-G-    (0)   :  0.004 0.004 0.016 0.231 0.006 0.043 0.005 0.003 0.681 0.003 0.004 
184 TMA-ZAIN-G-    (0)   :  0.019 0.013 0.016 0.034 0.008 0.058 0.028 0.018 0.779 0.007 0.020 
185 TMA-ZAIN-G-    (0)   :  0.021 0.017 0.008 0.004 0.005 0.010 0.012 0.025 0.876 0.008 0.012 
186 TMA-ZAIN-G-    (9)   :  0.005 0.008 0.011 0.005 0.005 0.013 0.003 0.004 0.935 0.005 0.005 
187 TMA-ZAIN-G-    (0)   :  0.003 0.005 0.035 0.018 0.013 0.031 0.004 0.003 0.881 0.003 0.004 
188 TMA-ZAIN-G-    (0)   :  0.004 0.004 0.043 0.009 0.017 0.016 0.003 0.003 0.897 0.002 0.003 
189 TMA-ZAIN-G-    (0)   :  0.002 0.003 0.006 0.009 0.009 0.007 0.002 0.002 0.953 0.003 0.003 
190 TMA-ZAIN-G-    (0)   :  0.005 0.007 0.063 0.071 0.020 0.019 0.003 0.003 0.802 0.004 0.004 
191 TMA-ZAIN-G-    (0)   :  0.010 0.008 0.014 0.005 0.005 0.007 0.012 0.020 0.895 0.009 0.015 
192 TMA-ZAIN-G-    (0)   :  0.004 0.005 0.014 0.025 0.004 0.007 0.003 0.004 0.895 0.023 0.014 
193 TMA-ZAIN-G-    (0)   :  0.005 0.003 0.003 0.967 0.004 0.003 0.002 0.002 0.005 0.002 0.004 
194 TMA-ZAIN-G-    (0)   :  0.014 0.012 0.008 0.895 0.011 0.005 0.002 0.005 0.035 0.008 0.005 
195 TMA-ZAIN-G-    (0)   :  0.006 0.010 0.040 0.816 0.036 0.017 0.003 0.003 0.063 0.003 0.004 
196 TMA-ZAIN-G-    (0)   :  0.006 0.004 0.005 0.947 0.009 0.006 0.003 0.002 0.011 0.003 0.004 
197 TMA-ZAIN-G-    (0)   :  0.006 0.004 0.008 0.942 0.009 0.007 0.003 0.003 0.010 0.003 0.007 
198 TMA-ZAIN-G-    (0)   :  0.004 0.003 0.010 0.940 0.007 0.009 0.003 0.002 0.013 0.004 0.004 
199 TMA-ZAIN-G-    (0)   :  0.006 0.006 0.008 0.006 0.004 0.012 0.003 0.004 0.943 0.004 0.004 
200 TMA-ZAIN-G-    (0)   :  0.010 0.031 0.006 0.052 0.007 0.005 0.030 0.047 0.006 0.800 0.007 
201 TMA-ZAIN-G-    (0)   :  0.010 0.025 0.019 0.008 0.024 0.015 0.010 0.057 0.011 0.807 0.013 
202 TMA-ZAIN-G-    (0)   :  0.002 0.005 0.003 0.011 0.002 0.004 0.006 0.003 0.005 0.956 0.003 
203 TMA-ZAIN-G-    (0)   :  0.006 0.004 0.016 0.852 0.004 0.031 0.024 0.003 0.053 0.002 0.004 
204 TMA-ZAIN-G-    (9)   :  0.020 0.026 0.006 0.004 0.004 0.003 0.013 0.020 0.004 0.784 0.114 
205 TMA-ZAIN-G-    (0)   :  0.007 0.015 0.017 0.009 0.005 0.074 0.007 0.005 0.008 0.842 0.010 
206 TMA-ZAIN-G-    (9)   :  0.018 0.023 0.017 0.021 0.007 0.017 0.037 0.013 0.020 0.616 0.210 
207 TMA-ZAIN-G-    (9)   :  0.072 0.053 0.043 0.012 0.068 0.612 0.012 0.013 0.031 0.004 0.080 
208 TMA-ZAIN-G-    (0)   :  0.004 0.005 0.115 0.004 0.035 0.805 0.002 0.003 0.021 0.004 0.002 
209 TMA-ZAIN-G-    (0)   :  0.059 0.004 0.158 0.244 0.015 0.106 0.003 0.003 0.396 0.003 0.009 
210 TMA-ZAIN-G-    (0)   :  0.016 0.006 0.132 0.394 0.118 0.105 0.004 0.003 0.207 0.003 0.012 
211 TMA-ZAIN-G-    (0)   :  0.013 0.024 0.121 0.096 0.025 0.063 0.011 0.018 0.595 0.023 0.011 
212 TMA-ZAIN-G-    (0)   :  0.008 0.006 0.027 0.019 0.018 0.297 0.003 0.003 0.588 0.009 0.021 
213 TMA-ZAIN-G-    (0)   :  0.009 0.005 0.068 0.033 0.006 0.380 0.003 0.004 0.483 0.004 0.005 
214 TMA-ZAIN-G-    (0)   :  0.007 0.004 0.089 0.032 0.047 0.162 0.003 0.003 0.645 0.003 0.005 
215 TMA-ZAIN-G-    (0)   :  0.002 0.200 0.328 0.006 0.005 0.071 0.004 0.008 0.357 0.016 0.003 
216 TMA-ZAIN-G-    (0)   :  0.007 0.006 0.013 0.009 0.005 0.021 0.003 0.004 0.922 0.005 0.004 
217 TMA-ZAIN-G-    (0)   :  0.009 0.003 0.261 0.112 0.119 0.092 0.004 0.003 0.386 0.003 0.007 
218 TMA-ZAIN-G-    (0)   :  0.005 0.944 0.007 0.004 0.011 0.005 0.005 0.003 0.007 0.004 0.005 
219 TMA-ZAIN-G-    (0)   :  0.008 0.925 0.004 0.004 0.003 0.004 0.005 0.005 0.006 0.023 0.016 
220 TMA-ZAIN-G-    (0)   :  0.007 0.845 0.011 0.006 0.014 0.028 0.060 0.007 0.008 0.003 0.012 
221 TMA-ZAIN-G-    (0)   :  0.006 0.861 0.011 0.006 0.006 0.011 0.005 0.006 0.024 0.050 0.015 
222 TMA-ZAIN-G-    (0)   :  0.013 0.853 0.008 0.005 0.014 0.016 0.034 0.007 0.008 0.009 0.032 
223 TMA-ZAIN-G-    (0)   :  0.005 0.946 0.004 0.003 0.003 0.003 0.007 0.008 0.003 0.007 0.011 
224 TMA-ZAIN-G-    (0)   :  0.009 0.798 0.006 0.008 0.004 0.005 0.015 0.017 0.017 0.008 0.114 
225 TMA-ZAIN-G-    (0)   :  0.004 0.936 0.003 0.011 0.002 0.003 0.011 0.007 0.005 0.010 0.006 
226 TMA-ZAIN-G-    (0)   :  0.005 0.905 0.007 0.019 0.005 0.008 0.015 0.011 0.007 0.008 0.010 
227 TMA-ZAIN-G-    (0)   :  0.004 0.869 0.009 0.020 0.004 0.009 0.013 0.007 0.008 0.050 0.007 
228 TMA-ZAIN-G-    (0)   :  0.006 0.859 0.029 0.007 0.007 0.013 0.019 0.030 0.008 0.006 0.016 
229 TMA-ZAIN-G-    (0)   :  0.006 0.885 0.004 0.003 0.009 0.003 0.024 0.033 0.003 0.021 0.009 
230 TMA-ZAIN-G-    (0)   :  0.014 0.414 0.063 0.016 0.017 0.008 0.038 0.017 0.042 0.003 0.368 
231 TMA-ZAIN-G-    (0)   :  0.032 0.096 0.041 0.013 0.018 0.047 0.099 0.535 0.011 0.022 0.087 
232 TMA-ZAIN-G-    (9)   :  0.016 0.039 0.021 0.013 0.080 0.013 0.129 0.623 0.034 0.015 0.019 
233 TMA-ZAIN-G-    (0)   :  0.014 0.813 0.024 0.008 0.043 0.008 0.006 0.009 0.010 0.037 0.028 
234 TMA-ZAIN-G-    (0)   :  0.028 0.597 0.006 0.011 0.007 0.011 0.249 0.033 0.004 0.048 0.006 
235 TMA-ZAIN-G-    (0)   :  0.008 0.658 0.039 0.025 0.004 0.012 0.154 0.020 0.036 0.012 0.031 
236 TMA-ZAIN-G-    (0)   :  0.004 0.628 0.014 0.027 0.007 0.012 0.105 0.017 0.010 0.075 0.101 
237 TMA-ZAIN-G-    (0)   :  0.006 0.247 0.187 0.010 0.017 0.024 0.263 0.012 0.023 0.006 0.205 
238 TMA-ZAIN-G-    (0)   :  0.004 0.782 0.033 0.007 0.004 0.026 0.051 0.015 0.024 0.046 0.008 
239 TMA-ZAIN-G-    (0)   :  0.048 0.011 0.005 0.076 0.008 0.003 0.023 0.021 0.023 0.677 0.103 
240 TMA-ZAIN-G-    (0)   :  0.004 0.003 0.003 0.003 0.002 0.002 0.003 0.004 0.002 0.967 0.005 
241 TMA-ZAIN-G-    (0)   :  0.003 0.003 0.004 0.003 0.003 0.003 0.003 0.004 0.003 0.969 0.003 
242 TMA-ZAIN-G-    (0)   :  0.003 0.003 0.003 0.002 0.003 0.003 0.003 0.003 0.003 0.971 0.002 
243 TMA-ZAIN-G-    (0)   :  0.003 0.002 0.004 0.002 0.004 0.003 0.002 0.003 0.003 0.969 0.003 
244 TMA-ZAIN-G-    (0)   :  0.003 0.003 0.005 0.003 0.004 0.005 0.003 0.003 0.004 0.965 0.002 
245 TMA-ZAIN-G-    (9)   :  0.003 0.003 0.003 0.003 0.002 0.003 0.003 0.004 0.003 0.971 0.003 
246 TMA-ZAIN-G-    (0)   :  0.003 0.003 0.002 0.002 0.002 0.002 0.002 0.003 0.003 0.974 0.003 
247 TMA-ZAIN-G-    (0)   :  0.003 0.003 0.002 0.002 0.003 0.002 0.002 0.003 0.002 0.975 0.003 
248 TMA-ZAIN-G-    (0)   :  0.003 0.004 0.004 0.004 0.003 0.003 0.003 0.004 0.003 0.967 0.003 
249 TMA-ZAIN-G-    (0)   :  0.003 0.003 0.003 0.004 0.002 0.002 0.002 0.003 0.003 0.971 0.003 
250 TMA-ZAIN-G-    (0)   :  0.003 0.003 0.002 0.003 0.003 0.002 0.002 0.003 0.003 0.972 0.003 
251 TMA-ZAIN-G-    (0)   :  0.956 0.004 0.003 0.005 0.004 0.004 0.005 0.003 0.004 0.002 0.008 
252 TMA-ZAIN-G-    (0)   :  0.875 0.006 0.034 0.005 0.029 0.030 0.003 0.003 0.007 0.003 0.004 
253 TMA-ZAIN-G-    (0)   :  0.956 0.003 0.004 0.004 0.005 0.008 0.005 0.003 0.004 0.005 0.005 
254 TMA-ZAIN-G-    (9)   :  0.926 0.004 0.008 0.005 0.010 0.021 0.006 0.003 0.007 0.003 0.005 
255 TMA-ZAIN-G-    (0)   :  0.933 0.003 0.004 0.004 0.007 0.006 0.010 0.022 0.004 0.004 0.004 
256 TMA-ZAIN-G-    (0)   :  0.888 0.005 0.008 0.026 0.005 0.008 0.006 0.007 0.007 0.017 0.023 
257 TMA-ZAIN-G-    (0)   :  0.944 0.004 0.003 0.014 0.003 0.003 0.004 0.004 0.004 0.005 0.013 
258 TMA-ZAIN-G-    (0)   :  0.965 0.003 0.003 0.004 0.004 0.003 0.003 0.002 0.003 0.004 0.006 
259 TMA-ZAIN-G-    (0)   :  0.943 0.004 0.004 0.006 0.005 0.003 0.003 0.004 0.004 0.006 0.019 
260 TMA-ZAIN-G-    (0)   :  0.943 0.004 0.004 0.007 0.009 0.003 0.003 0.005 0.004 0.005 0.014 
261 TMA-ZAIN-G-   (18)   :  0.923 0.008 0.005 0.009 0.010 0.006 0.004 0.005 0.007 0.003 0.020 
262 TMA-ZAIN-G-    (0)   :  0.960 0.003 0.003 0.006 0.003 0.003 0.004 0.003 0.003 0.004 0.007 
263 TMA-ZAIN-G-    (0)   :  0.957 0.004 0.003 0.004 0.004 0.004 0.006 0.004 0.003 0.003 0.008 
264 TMA-ZAIN-G-    (0)   :  0.955 0.004 0.003 0.005 0.004 0.005 0.006 0.004 0.003 0.003 0.008 
265 TMA-ZAIN-G-    (0)   :  0.186 0.229 0.021 0.012 0.031 0.028 0.014 0.007 0.025 0.022 0.426 
266 TMA-ZAIN-G-    (0)   :  0.661 0.029 0.020 0.064 0.025 0.047 0.011 0.011 0.103 0.007 0.023 
267 TMA-ZAIN-G-    (0)   :  0.166 0.042 0.030 0.007 0.024 0.011 0.019 0.394 0.011 0.027 0.270 
268 TMA-ZAIN-G-    (0)   :  0.003 0.004 0.003 0.003 0.003 0.003 0.009 0.962 0.003 0.003 0.004 
269 TMA-ZAIN-G-    (0)   :  0.004 0.007 0.004 0.003 0.003 0.004 0.015 0.938 0.003 0.003 0.016 
270 TMA-ZAIN-G-    (0)   :  0.004 0.007 0.004 0.004 0.003 0.004 0.009 0.928 0.003 0.004 0.030 
271 TMA-ZAIN-G-    (0)   :  0.004 0.004 0.003 0.003 0.003 0.003 0.008 0.956 0.003 0.004 0.009 
272 TMA-ZAIN-G-    (0)   :  0.003 0.009 0.004 0.003 0.003 0.003 0.008 0.948 0.004 0.005 0.011 
273 TMA-ZAIN-G-    (0)   :  0.003 0.009 0.003 0.003 0.002 0.002 0.008 0.953 0.003 0.007 0.005 
274 TMA-ZAIN-G-    (0)   :  0.006 0.010 0.009 0.020 0.006 0.006 0.009 0.910 0.011 0.005 0.007 
275 TMA-ZAIN-G-    (0)   :  0.002 0.005 0.003 0.002 0.002 0.003 0.004 0.969 0.003 0.004 0.003 
276 TMA-ZAIN-G-    (0)   :  0.002 0.004 0.005 0.003 0.004 0.005 0.006 0.959 0.003 0.005 0.004 
277 TMA-ZAIN-G-    (0)   :  0.006 0.005 0.006 0.005 0.005 0.005 0.009 0.935 0.004 0.018 0.004 
278 TMA-ZAIN-G-    (0)   :  0.004 0.005 0.003 0.003 0.003 0.002 0.004 0.954 0.003 0.013 0.007 
279 TMA-ZAIN-G-    (0)   :  0.003 0.008 0.004 0.004 0.002 0.003 0.006 0.958 0.004 0.006 0.003 
280 TMA-ZAIN-G-    (0)   :  0.003 0.013 0.003 0.008 0.002 0.004 0.020 0.930 0.006 0.006 0.004 
281 TMA-ZAIN-G-    (0)   :  0.004 0.007 0.004 0.005 0.002 0.004 0.014 0.942 0.004 0.008 0.006 
282 TMA-ZAIN-G-    (9)   :  0.004 0.005 0.003 0.003 0.002 0.003 0.006 0.959 0.003 0.008 0.004 
283 TMA-ZAIN-G-    (0)   :  0.113 0.054 0.011 0.004 0.007 0.017 0.042 0.700 0.010 0.009 0.033 
284 TMA-ZAIN-G-    (0)   :  0.142 0.085 0.011 0.005 0.005 0.020 0.069 0.591 0.013 0.007 0.052 
285 TMA-ZAIN-G-    (0)   :  0.046 0.017 0.017 0.007 0.016 0.013 0.022 0.820 0.017 0.016 0.008 
286 TMA-ZAIN-G-    (0)   :  0.005 0.006 0.003 0.003 0.002 0.003 0.009 0.952 0.003 0.006 0.008 
287 TMA-ZAIN-G-    (0)   :  0.004 0.005 0.006 0.007 0.005 0.003 0.007 0.943 0.006 0.007 0.005 
288 TMA-ZAIN-G-    (0)   :  0.010 0.029 0.016 0.040 0.008 0.011 0.016 0.834 0.026 0.004 0.007 
289 TMA-ZAIN-G-    (0)   :  0.007 0.008 0.009 0.014 0.009 0.005 0.009 0.918 0.009 0.005 0.008 
290 TMA-ZAIN-G-    (0)   :  0.007 0.021 0.006 0.009 0.003 0.009 0.096 0.825 0.012 0.004 0.008 
291 TMA-ZAIN-G-    (0)   :  0.007 0.929 0.004 0.005 0.003 0.005 0.009 0.013 0.004 0.010 0.010 
292 TMA-ZAIN-G-    (0)   :  0.005 0.018 0.596 0.026 0.007 0.180 0.010 0.012 0.123 0.014 0.009 
293 TMA-ZAIN-G-    (0)   :  0.013 0.013 0.147 0.024 0.025 0.617 0.004 0.004 0.046 0.029 0.077 
294 TMA-ZAIN-G-    (0)   :  0.005 0.005 0.851 0.004 0.010 0.089 0.003 0.004 0.012 0.005 0.013 
295 TMA-ZAIN-G-    (9)   :  0.006 0.009 0.774 0.005 0.012 0.146 0.004 0.007 0.015 0.007 0.016 
296 TMA-ZAIN-G-    (0)   :  0.009 0.012 0.234 0.052 0.006 0.577 0.012 0.006 0.042 0.005 0.045 
297 TMA-ZAIN-G-    (0)   :  0.024 0.010 0.102 0.115 0.026 0.609 0.006 0.006 0.075 0.005 0.022 
298 TMA-ZAIN-G-    (0)   :  0.015 0.009 0.727 0.004 0.010 0.056 0.009 0.011 0.012 0.005 0.141 
299 TMA-ZAIN-G-    (0)   :  0.003 0.004 0.945 0.004 0.006 0.015 0.004 0.004 0.005 0.006 0.003 
300 TMA-ZAIN-G-    (0)   :  0.006 0.007 0.865 0.007 0.035 0.023 0.003 0.004 0.033 0.007 0.010 
301 TMA-ZAIN-G-    (0)   :  0.005 0.008 0.753 0.031 0.032 0.050 0.005 0.004 0.084 0.016 0.014 
302 TMA-ZAIN-G-    (9)   :  0.005 0.006 0.697 0.017 0.007 0.182 0.004 0.003 0.063 0.003 0.013 
303 TMA-ZAIN-G-    (0)   :  0.031 0.780 0.004 0.112 0.002 0.004 0.018 0.009 0.027 0.004 0.010 
304 TMA-ZAIN-G-    (0)   :  0.520 0.008 0.018 0.037 0.146 0.097 0.017 0.008 0.124 0.009 0.015 
305 TMA-ZAIN-G-    (0)   :  0.009 0.005 0.216 0.014 0.020 0.647 0.004 0.004 0.053 0.006 0.023 
306 TMA-ZAIN-G-    (0)   :  0.405 0.009 0.114 0.020 0.016 0.281 0.073 0.030 0.031 0.013 0.008 
307 TMA-ZAIN-G-    (0)   :  0.357 0.006 0.013 0.013 0.323 0.096 0.011 0.009 0.141 0.015 0.015 
308 TMA-ZAIN-G-    (0)   :  0.729 0.140 0.005 0.017 0.014 0.004 0.037 0.016 0.007 0.016 0.015 
309 TMA-ZAIN-G-    (0)   :  0.003 0.004 0.022 0.031 0.008 0.015 0.003 0.003 0.904 0.003 0.005 
310 TMA-ZAIN-G-    (0)   :  0.011 0.015 0.700 0.004 0.010 0.128 0.006 0.016 0.050 0.009 0.050 
311 TMA-ZAIN-G-    (0)   :  0.028 0.023 0.155 0.020 0.007 0.512 0.037 0.013 0.097 0.003 0.104 
312 TMA-ZAIN-G-    (0)   :  0.010 0.018 0.035 0.019 0.008 0.036 0.005 0.005 0.854 0.004 0.006 
313 TMA-ZAIN-G-    (0)   :  0.549 0.006 0.167 0.025 0.042 0.071 0.012 0.007 0.091 0.003 0.027 
314 TMA-ZAIN-G-    (0)   :  0.017 0.169 0.010 0.017 0.009 0.010 0.320 0.385 0.037 0.004 0.022 
315 TMA-ZAIN-G-    (0)   :  0.019 0.020 0.418 0.007 0.030 0.059 0.005 0.337 0.057 0.012 0.036 
316 TMA-ZAIN-G-    (0)   :  0.019 0.040 0.365 0.007 0.035 0.069 0.008 0.372 0.050 0.009 0.026 
317 TMA-ZAIN-G-    (0)   :  0.013 0.856 0.016 0.007 0.004 0.006 0.038 0.036 0.005 0.009 0.010 
318 TMA-ZAIN-G-    (9)   :  0.040 0.100 0.016 0.011 0.011 0.006 0.310 0.376 0.006 0.076 0.049 
319 TMA-ZAIN-G-    (0)   :  0.006 0.250 0.005 0.496 0.003 0.004 0.021 0.169 0.008 0.015 0.022 
320 TMA-ZAIN-G-    (0)   :  0.005 0.387 0.434 0.011 0.018 0.062 0.006 0.005 0.042 0.017 0.012 
321 TMA-ZAIN-G-    (0)   :  0.009 0.083 0.064 0.006 0.019 0.134 0.044 0.143 0.469 0.008 0.020 
322 TMA-ZAIN-G-    (0)   :  0.056 0.402 0.075 0.007 0.034 0.187 0.064 0.007 0.139 0.005 0.023 
323 TMA-ZAIN-G-    (0)   :  0.011 0.829 0.006 0.058 0.018 0.008 0.007 0.007 0.026 0.024 0.007 
324 TMA-ZAIN-G-    (0)   :  0.014 0.009 0.010 0.030 0.010 0.876 0.006 0.003 0.020 0.005 0.018 
325 TMA-ZAIN-G-    (0)   :  0.005 0.800 0.009 0.006 0.005 0.009 0.004 0.006 0.011 0.133 0.011 
326 TMA-ZAIN-G-    (0)   :  0.019 0.576 0.006 0.346 0.005 0.012 0.003 0.003 0.020 0.005 0.005 
327 TMA-ZAIN-G-    (0)   :  0.012 0.005 0.009 0.877 0.030 0.007 0.003 0.003 0.045 0.002 0.008 
328 TMA-ZAIN-G-    (0)   :  0.017 0.129 0.011 0.085 0.245 0.023 0.259 0.123 0.074 0.015 0.019 
329 TMA-ZAIN-G-    (0)   :  0.017 0.011 0.335 0.050 0.126 0.042 0.005 0.004 0.321 0.009 0.081 
330 TMA-ZAIN-G-    (0)   :  0.036 0.008 0.068 0.018 0.062 0.025 0.004 0.003 0.760 0.002 0.013 
331 TMA-ZAIN-G-    (0)   :  0.018 0.012 0.064 0.008 0.005 0.012 0.009 0.009 0.558 0.013 0.293 
332 TMA-ZAIN-G-    (0)   :  0.005 0.004 0.013 0.316 0.011 0.034 0.003 0.002 0.606 0.003 0.004 
333 TMA-ZAIN-G-    (0)   :  0.004 0.003 0.004 0.964 0.003 0.003 0.003 0.002 0.007 0.002 0.003 
334 TMA-ZAIN-G-    (0)   :  0.004 0.007 0.003 0.003 0.003 0.003 0.006 0.953 0.003 0.007 0.009 
335 TMA-ZAIN-G-    (0)   :  0.003 0.004 0.004 0.002 0.004 0.003 0.003 0.962 0.003 0.005 0.006 
336 TMA-ZAIN-G-    (0)   :  0.006 0.009 0.007 0.004 0.004 0.005 0.007 0.899 0.005 0.008 0.046 
337 TMA-ZAIN-G-    (9)   :  0.004 0.009 0.005 0.003 0.003 0.005 0.015 0.939 0.004 0.004 0.007 
338 TMA-ZAIN-G-    (0)   :  0.004 0.005 0.003 0.003 0.003 0.003 0.008 0.960 0.003 0.004 0.005 
339 TMA-ZAIN-G-    (0)   :  0.003 0.004 0.002 0.002 0.002 0.002 0.006 0.968 0.002 0.006 0.003 
340 TMA-ZAIN-G-    (0)   :  0.002 0.004 0.003 0.002 0.002 0.003 0.004 0.966 0.003 0.005 0.007 
341 TMA-ZAIN-G-    (0)   :  0.002 0.004 0.003 0.003 0.003 0.004 0.005 0.964 0.004 0.005 0.004 
342 TMA-ZAIN-G-    (0)   :  0.003 0.005 0.004 0.003 0.003 0.004 0.005 0.931 0.003 0.008 0.030 
343 TMA-ZAIN-G-    (0)   :  0.002 0.005 0.003 0.003 0.002 0.003 0.010 0.960 0.003 0.005 0.003 
344 TMA-ZAIN-G-    (0)   :  0.003 0.008 0.004 0.004 0.002 0.004 0.004 0.955 0.004 0.007 0.004 
345 TMA-ZAIN-G-    (0)   :  0.004 0.004 0.003 0.003 0.003 0.003 0.004 0.963 0.002 0.007 0.005 
346 TMA-ZAIN-G-    (0)   :  0.004 0.014 0.008 0.011 0.003 0.005 0.020 0.909 0.014 0.007 0.005 
347 TMA-ZAIN-G-    (9)   :  0.003 0.004 0.003 0.003 0.003 0.003 0.005 0.966 0.002 0.006 0.003 
348 TMA-ZAIN-G-    (0)   :  0.005 0.007 0.004 0.004 0.003 0.004 0.009 0.948 0.003 0.006 0.007 
349 TMA-ZAIN-G-    (0)   :  0.004 0.005 0.005 0.005 0.004 0.004 0.011 0.945 0.004 0.010 0.004 
350 TMA-ZAIN-G-    (0)   :  0.004 0.035 0.005 0.007 0.004 0.005 0.013 0.902 0.006 0.008 0.011 
351 TMA-ZAIN-G-    (0)   :  0.004 0.005 0.003 0.003 0.003 0.003 0.005 0.961 0.003 0.008 0.004 
352 TMA-ZAIN-G-    (0)   :  0.004 0.005 0.005 0.003 0.005 0.004 0.004 0.943 0.004 0.004 0.019 
353 TMA-ZAIN-G-    (0)   :  0.004 0.011 0.004 0.008 0.003 0.005 0.015 0.930 0.006 0.009 0.005 
354 TMA-ZAIN-G-    (0)   :  0.002 0.006 0.003 0.004 0.002 0.004 0.004 0.963 0.005 0.005 0.003 
355 TMA-ZAIN-G-    (0)   :  0.002 0.005 0.004 0.005 0.003 0.006 0.007 0.950 0.007 0.006 0.004 
356 TMA-ZAIN-G-    (0)   :  0.011 0.011 0.007 0.002 0.036 0.919 0.003 0.002 0.004 0.002 0.004 
357 TMA-ZAIN-G-    (0)   :  0.008 0.008 0.067 0.345 0.068 0.368 0.009 0.004 0.103 0.003 0.017 
358 TMA-ZAIN-G-    (0)   :  0.017 0.023 0.118 0.017 0.108 0.095 0.035 0.030 0.515 0.006 0.035 
359 TMA-ZAIN-G-    (0)   :  0.025 0.031 0.037 0.004 0.390 0.303 0.007 0.004 0.007 0.050 0.142 
360 TMA-ZAIN-G-    (0)   :  0.007 0.006 0.184 0.003 0.020 0.733 0.003 0.003 0.020 0.008 0.013 
361 TMA-ZAIN-G-    (0)   :  0.010 0.008 0.038 0.029 0.024 0.133 0.009 0.004 0.734 0.003 0.008 
362 TMA-ZAIN-G-    (0)   :  0.004 0.011 0.020 0.003 0.007 0.833 0.005 0.009 0.007 0.095 0.007 
363 TMA-ZAIN-G-    (0)   :  0.012 0.030 0.233 0.057 0.013 0.070 0.004 0.008 0.483 0.010 0.079 
364 TMA-ZAIN-G-    (0)   :  0.010 0.526 0.038 0.010 0.015 0.012 0.269 0.023 0.019 0.010 0.069 
365 TMA-ZAIN-G-    (0)   :  0.004 0.073 0.079 0.004 0.052 0.511 0.016 0.110 0.124 0.018 0.008 
366 TMA-ZAIN-G-    (0)   :  0.013 0.006 0.693 0.003 0.082 0.134 0.004 0.004 0.016 0.008 0.037 
367 TMA-ZAIN-G-    (0)   :  0.056 0.020 0.017 0.037 0.006 0.069 0.086 0.010 0.661 0.002 0.034 
368 TMA-ZAIN-G-    (0)   :  0.009 0.005 0.854 0.006 0.057 0.024 0.004 0.004 0.020 0.005 0.013 
369 TMA-ZAIN-G-    (0)   :  0.004 0.004 0.014 0.015 0.024 0.013 0.003 0.002 0.913 0.003 0.006 
370 TMA-ZAIN-G-    (0)   :  0.004 0.004 0.030 0.014 0.008 0.010 0.005 0.003 0.912 0.003 0.006 
371 TMA-ZAIN-G-    (0)   :  0.006 0.004 0.183 0.009 0.033 0.736 0.005 0.004 0.011 0.003 0.006 
372 TMA-ZAIN-G-    (0)   :  0.007 0.004 0.160 0.005 0.029 0.627 0.004 0.003 0.149 0.004 0.007 
373 TMA-ZAIN-G-    (0)   :  0.006 0.008 0.005 0.451 0.005 0.006 0.003 0.003 0.504 0.004 0.004 
374 TMA-ZAIN-G-    (0)   :  0.147 0.056 0.028 0.113 0.007 0.047 0.302 0.015 0.265 0.003 0.017 
375 TMA-ZAIN-G-    (0)   :  0.007 0.630 0.019 0.051 0.011 0.024 0.039 0.007 0.194 0.011 0.008 
376 TMA-ZAIN-G-    (9)   :  0.003 0.004 0.058 0.004 0.004 0.863 0.004 0.003 0.049 0.003 0.005 
377 TMA-ZAIN-G-    (0)   :  0.005 0.003 0.233 0.005 0.022 0.682 0.003 0.002 0.038 0.002 0.004 
378 TMA-ZAIN-G-    (0)   :  0.003 0.003 0.021 0.008 0.015 0.925 0.003 0.002 0.014 0.002 0.003 
379 TMA-ZAIN-G-    (0)   :  0.011 0.003 0.008 0.012 0.010 0.937 0.003 0.002 0.009 0.002 0.003 
380 TMA-ZAIN-G-    (0)   :  0.006 0.005 0.818 0.008 0.051 0.035 0.003 0.003 0.055 0.004 0.012 
381 TMA-ZAIN-G-    (9)   :  0.037 0.524 0.144 0.013 0.098 0.036 0.008 0.008 0.034 0.010 0.090 
382 TMA-ZAIN-G-    (9)   :  0.007 0.145 0.010 0.009 0.003 0.005 0.668 0.030 0.015 0.064 0.043 
383    ZFB01    (0)   :  0.004 0.004 0.005 0.003 0.003 0.006 0.950 0.010 0.003 0.009 0.003 
384    ZFB02    (0)   :  0.009 0.006 0.003 0.002 0.003 0.004 0.909 0.039 0.003 0.015 0.007 
