

----------------------------------------------------
STRUCTURE by Pritchard, Stephens and Donnelly (2000)
     and Falush, Stephens and Pritchard (2003)
       Code by Pritchard, Falush and Hubisz
             Version 2.3.4 (Jul 2012)
----------------------------------------------------



Command line arguments:   bin\structure -m C:\Users\eschumacher\Documents\GitHub\GCC_QUAC_ZAIN\Data_Files\Structure_Files\ZAIN\ZAIN_rebinned_garden_wild_nopopinfo\50-50\mainparams -e C:\Users\eschumacher\Documents\GitHub\GCC_QUAC_ZAIN\Data_Files\Structure_Files\ZAIN\ZAIN_rebinned_garden_wild_nopopinfo\50-50\extraparams 
Input File:    C:\Users\eschumacher\Documents\GitHub\GCC_QUAC_ZAIN\Data_Files\Structure_Files\ZAIN\ZAIN_rebinned_garden_wild_nopopinfo\project_data

Run parameters:
   1133 individuals
   11 loci
   12 populations assumed
   50000 Burn-in period
   50000 Reps


--------------------------------------------
Overall proportion of membership of the
sample in each of the 12 clusters

Inferred Clusters
  1      2      3      4      5      6      7      8      9     10     11     12    
0.124  0.094  0.143  0.036  0.090  0.099  0.065  0.066  0.081  0.082  0.054  0.066  

--------------------------------------------

Allele-freq. divergence among pops (Net nucleotide distance),
computed using point estimates of P.

      1       2       3       4       5       6       7       8       9      10      11      12      
 1      -    0.1113  0.1558  0.2330  0.2866  0.2960  0.2083  0.3583  0.2724  0.3566  0.3711  0.2964  
 2   0.1113     -    0.0967  0.1448  0.1867  0.1549  0.0879  0.1854  0.1631  0.2341  0.2802  0.1911  
 3   0.1558  0.0967     -    0.2260  0.2416  0.2426  0.1549  0.2797  0.1781  0.2492  0.3498  0.2535  
 4   0.2330  0.1448  0.2260     -    0.1785  0.1807  0.1638  0.2348  0.1991  0.2516  0.2753  0.1983  
 5   0.2866  0.1867  0.2416  0.1785     -    0.0577  0.1430  0.2167  0.2328  0.0410  0.1241  0.0460  
 6   0.2960  0.1549  0.2426  0.1807  0.0577     -    0.1125  0.1292  0.1889  0.0783  0.1345  0.1032  
 7   0.2083  0.0879  0.1549  0.1638  0.1430  0.1125     -    0.2157  0.1695  0.1791  0.1719  0.1774  
 8   0.3583  0.1854  0.2797  0.2348  0.2167  0.1292  0.2157     -    0.1952  0.2725  0.2717  0.2310  
 9   0.2724  0.1631  0.1781  0.1991  0.2328  0.1889  0.1695  0.1952     -    0.2536  0.2173  0.2280  
10   0.3566  0.2341  0.2492  0.2516  0.0410  0.0783  0.1791  0.2725  0.2536     -    0.1409  0.0766  
11   0.3711  0.2802  0.3498  0.2753  0.1241  0.1345  0.1719  0.2717  0.2173  0.1409     -    0.1150  
12   0.2964  0.1911  0.2535  0.1983  0.0460  0.1032  0.1774  0.2310  0.2280  0.0766  0.1150     -    

Average distances (expected heterozygosity) between individuals in same cluster:
cluster  1  : 0.4115 
cluster  2  : 0.5293 
cluster  3  : 0.4716 
cluster  4  : 0.2601 
cluster  5  : 0.3817 
cluster  6  : 0.4323 
cluster  7  : 0.4786 
cluster  8  : 0.2590 
cluster  9  : 0.3828 
cluster 10  : 0.3508 
cluster 11  : 0.3561 
cluster 12  : 0.3986 

--------------------------------------------
Estimated Ln Prob of Data   = -20967.2
Mean value of ln likelihood = -20174.2
Variance of ln likelihood   = 1586.0
Mean value of alpha         = 0.0344

Mean value of Fst_1         = 0.4356
Mean value of Fst_2         = 0.1602
Mean value of Fst_3         = 0.3751
Mean value of Fst_4         = 0.5995
Mean value of Fst_5         = 0.3322
Mean value of Fst_6         = 0.3363
Mean value of Fst_7         = 0.2705
Mean value of Fst_8         = 0.5643
Mean value of Fst_9         = 0.4360
Mean value of Fst_10         = 0.3700
Mean value of Fst_11         = 0.4239
Mean value of Fst_12         = 0.3476


Inferred ancestry of individuals:
        Label (%Miss) :  Inferred clusters
  1 TMA-ZAIN-G-    (9)   :  0.007 0.046 0.703 0.008 0.013 0.033 0.019 0.112 0.011 0.030 0.008 0.009 
  2 TMA-ZAIN-G-    (0)   :  0.008 0.018 0.661 0.016 0.015 0.011 0.011 0.009 0.022 0.020 0.004 0.204 
  3 TMA-ZAIN-G-    (0)   :  0.004 0.005 0.006 0.010 0.118 0.193 0.020 0.036 0.010 0.458 0.106 0.033 
  4 TMA-ZAIN-G-    (0)   :  0.005 0.006 0.010 0.612 0.077 0.012 0.005 0.016 0.020 0.154 0.061 0.023 
  5 TMA-ZAIN-G-    (0)   :  0.005 0.004 0.958 0.005 0.003 0.002 0.007 0.002 0.006 0.003 0.003 0.002 
  6 TMA-ZAIN-G-    (0)   :  0.025 0.029 0.039 0.049 0.089 0.121 0.449 0.017 0.021 0.061 0.077 0.023 
  7 TMA-ZAIN-G-    (0)   :  0.005 0.010 0.012 0.108 0.526 0.126 0.016 0.041 0.013 0.091 0.007 0.044 
  8 TMA-ZAIN-G-    (0)   :  0.003 0.003 0.006 0.006 0.025 0.818 0.008 0.007 0.023 0.051 0.024 0.026 
  9 TMA-ZAIN-G-    (9)   :  0.004 0.006 0.008 0.008 0.459 0.188 0.028 0.009 0.004 0.091 0.028 0.167 
 10 TMA-ZAIN-G-    (0)   :  0.004 0.005 0.003 0.011 0.553 0.209 0.026 0.014 0.010 0.062 0.035 0.068 
 11 TMA-ZAIN-G-    (0)   :  0.004 0.006 0.005 0.013 0.830 0.099 0.005 0.009 0.005 0.007 0.005 0.013 
 12 TMA-ZAIN-G-    (0)   :  0.003 0.005 0.005 0.005 0.080 0.026 0.007 0.021 0.005 0.831 0.005 0.007 
 13 TMA-ZAIN-G-    (9)   :  0.072 0.035 0.039 0.015 0.211 0.191 0.017 0.116 0.022 0.043 0.020 0.219 
 14 TMA-ZAIN-G-    (9)   :  0.012 0.010 0.003 0.005 0.022 0.040 0.011 0.856 0.007 0.009 0.007 0.017 
 15 TMA-ZAIN-G-    (0)   :  0.003 0.007 0.003 0.004 0.008 0.056 0.006 0.879 0.006 0.014 0.010 0.005 
 16 TMA-ZAIN-G-    (0)   :  0.005 0.005 0.003 0.005 0.559 0.017 0.006 0.006 0.003 0.367 0.005 0.019 
 17 TMA-ZAIN-G-    (9)   :  0.010 0.027 0.009 0.073 0.008 0.739 0.029 0.036 0.015 0.038 0.007 0.007 
 18 TMA-ZAIN-G-    (0)   :  0.006 0.184 0.668 0.012 0.006 0.010 0.028 0.013 0.046 0.016 0.007 0.005 
 19 TMA-ZAIN-G-    (0)   :  0.022 0.642 0.015 0.044 0.028 0.052 0.138 0.012 0.004 0.026 0.006 0.011 
 20 TMA-ZAIN-G-    (0)   :  0.058 0.830 0.042 0.006 0.004 0.003 0.008 0.004 0.031 0.003 0.004 0.005 
 21 TMA-ZAIN-G-    (0)   :  0.955 0.004 0.003 0.005 0.005 0.004 0.005 0.002 0.005 0.004 0.005 0.003 
 22 TMA-ZAIN-G-    (0)   :  0.896 0.012 0.050 0.009 0.003 0.003 0.009 0.004 0.007 0.003 0.002 0.003 
 23 TMA-ZAIN-G-    (0)   :  0.861 0.040 0.021 0.009 0.008 0.008 0.028 0.007 0.004 0.006 0.003 0.006 
 24 TMA-ZAIN-G-    (9)   :  0.658 0.004 0.007 0.003 0.011 0.011 0.004 0.024 0.006 0.009 0.119 0.145 
 25 TMA-ZAIN-G-    (9)   :  0.009 0.718 0.069 0.004 0.008 0.005 0.008 0.004 0.004 0.033 0.004 0.135 
 26 TMA-ZAIN-G-    (9)   :  0.025 0.013 0.006 0.010 0.073 0.056 0.005 0.017 0.494 0.095 0.008 0.199 
 27 TMA-ZAIN-G-    (0)   :  0.017 0.053 0.057 0.025 0.016 0.013 0.721 0.068 0.013 0.004 0.008 0.005 
 28 TMA-ZAIN-G-    (0)   :  0.004 0.019 0.008 0.005 0.006 0.007 0.922 0.010 0.005 0.005 0.005 0.004 
 29 TMA-ZAIN-G-    (0)   :  0.004 0.224 0.003 0.003 0.005 0.005 0.005 0.005 0.014 0.004 0.723 0.005 
 30 TMA-ZAIN-G-    (0)   :  0.005 0.034 0.004 0.008 0.067 0.128 0.474 0.078 0.006 0.052 0.032 0.113 
 31 TMA-ZAIN-G-    (0)   :  0.012 0.013 0.861 0.019 0.006 0.004 0.006 0.006 0.055 0.004 0.006 0.008 
 32 TMA-ZAIN-G-    (9)   :  0.064 0.096 0.412 0.006 0.052 0.020 0.008 0.023 0.007 0.295 0.004 0.015 
 33 TMA-ZAIN-G-   (18)   :  0.003 0.004 0.004 0.004 0.165 0.110 0.006 0.006 0.004 0.662 0.011 0.021 
 34 TMA-ZAIN-G-    (0)   :  0.026 0.016 0.098 0.005 0.128 0.011 0.011 0.007 0.009 0.640 0.005 0.042 
 35 TMA-ZAIN-G-    (9)   :  0.004 0.012 0.009 0.010 0.175 0.043 0.020 0.048 0.012 0.540 0.041 0.085 
 36 TMA-ZAIN-G-    (0)   :  0.003 0.006 0.004 0.008 0.061 0.195 0.007 0.190 0.015 0.059 0.010 0.442 
 37 TMA-ZAIN-G-    (9)   :  0.009 0.010 0.006 0.055 0.232 0.048 0.026 0.006 0.013 0.500 0.016 0.080 
 38 TMA-ZAIN-G-   (18)   :  0.018 0.126 0.483 0.010 0.056 0.024 0.006 0.087 0.007 0.146 0.007 0.031 
 39 TMA-ZAIN-G-    (0)   :  0.004 0.004 0.003 0.008 0.038 0.040 0.008 0.004 0.007 0.090 0.013 0.782 
 40 TMA-ZAIN-G-    (0)   :  0.005 0.004 0.003 0.015 0.026 0.230 0.005 0.006 0.005 0.514 0.007 0.179 
 41 TMA-ZAIN-G-    (0)   :  0.003 0.003 0.003 0.003 0.009 0.602 0.005 0.055 0.005 0.023 0.007 0.282 
 42 TMA-ZAIN-G-    (9)   :  0.002 0.003 0.003 0.004 0.005 0.818 0.003 0.125 0.008 0.011 0.007 0.012 
 43 TMA-ZAIN-G-    (0)   :  0.002 0.003 0.003 0.004 0.004 0.008 0.003 0.949 0.005 0.004 0.009 0.005 
 44 TMA-ZAIN-G-    (0)   :  0.776 0.017 0.005 0.009 0.098 0.009 0.003 0.005 0.004 0.010 0.009 0.056 
 45 TMA-ZAIN-G-    (0)   :  0.005 0.006 0.005 0.010 0.748 0.074 0.008 0.013 0.007 0.106 0.005 0.013 
 46 TMA-ZAIN-G-    (0)   :  0.950 0.006 0.003 0.011 0.005 0.003 0.003 0.004 0.006 0.002 0.003 0.005 
 47 TMA-ZAIN-G-    (0)   :  0.004 0.004 0.004 0.015 0.003 0.004 0.004 0.004 0.946 0.005 0.004 0.004 
 48 TMA-ZAIN-G-    (0)   :  0.022 0.012 0.006 0.162 0.141 0.305 0.045 0.057 0.196 0.019 0.016 0.020 
 49 TMA-ZAIN-G-    (9)   :  0.005 0.836 0.012 0.020 0.020 0.009 0.012 0.004 0.007 0.029 0.038 0.007 
 50 TMA-ZAIN-G-    (0)   :  0.005 0.846 0.010 0.006 0.006 0.057 0.024 0.009 0.003 0.010 0.003 0.022 
 51 TMA-ZAIN-G-    (0)   :  0.006 0.840 0.007 0.015 0.013 0.014 0.020 0.051 0.014 0.004 0.007 0.007 
 52 TMA-ZAIN-G-    (0)   :  0.009 0.773 0.006 0.115 0.008 0.008 0.018 0.015 0.028 0.009 0.003 0.008 
 53 TMA-ZAIN-G-    (0)   :  0.006 0.685 0.116 0.057 0.012 0.009 0.009 0.031 0.057 0.003 0.004 0.011 
 54 TMA-ZAIN-G-    (0)   :  0.004 0.008 0.004 0.004 0.006 0.009 0.009 0.009 0.932 0.006 0.003 0.004 
 55 TMA-ZAIN-G-    (0)   :  0.007 0.020 0.004 0.004 0.007 0.031 0.021 0.019 0.871 0.008 0.003 0.004 
 56 TMA-ZAIN-G-    (0)   :  0.007 0.032 0.007 0.396 0.065 0.268 0.061 0.037 0.060 0.015 0.023 0.029 
 57 TMA-ZAIN-G-    (0)   :  0.003 0.025 0.008 0.012 0.008 0.005 0.006 0.005 0.881 0.030 0.007 0.010 
 58 TMA-ZAIN-G-    (0)   :  0.126 0.370 0.056 0.012 0.011 0.024 0.326 0.009 0.041 0.015 0.007 0.004 
 59 TMA-ZAIN-G-    (0)   :  0.024 0.015 0.592 0.054 0.144 0.037 0.031 0.010 0.017 0.024 0.024 0.029 
 60 TMA-ZAIN-G-    (0)   :  0.011 0.125 0.488 0.047 0.022 0.019 0.105 0.138 0.023 0.006 0.008 0.008 
 61 TMA-ZAIN-G-    (0)   :  0.019 0.011 0.902 0.031 0.004 0.003 0.007 0.003 0.010 0.003 0.003 0.003 
 62 TMA-ZAIN-G-    (9)   :  0.024 0.021 0.702 0.003 0.045 0.033 0.076 0.006 0.015 0.044 0.009 0.023 
 63 TMA-ZAIN-G-    (0)   :  0.007 0.010 0.916 0.013 0.005 0.006 0.009 0.007 0.013 0.006 0.003 0.003 
 64 TMA-ZAIN-G-    (0)   :  0.002 0.002 0.002 0.003 0.007 0.005 0.003 0.005 0.003 0.005 0.952 0.009 
 65 TMA-ZAIN-G-    (9)   :  0.003 0.003 0.003 0.005 0.011 0.007 0.006 0.005 0.008 0.019 0.923 0.007 
 66 TMA-ZAIN-G-    (0)   :  0.003 0.003 0.003 0.005 0.025 0.009 0.004 0.005 0.004 0.014 0.908 0.018 
 67 TMA-ZAIN-G-    (0)   :  0.013 0.009 0.004 0.004 0.043 0.011 0.015 0.003 0.005 0.020 0.761 0.112 
 68 TMA-ZAIN-G-    (0)   :  0.002 0.003 0.002 0.004 0.005 0.006 0.003 0.007 0.005 0.004 0.953 0.005 
 69 TMA-ZAIN-G-    (0)   :  0.027 0.023 0.020 0.024 0.052 0.007 0.008 0.016 0.008 0.033 0.743 0.039 
 70 TMA-ZAIN-G-    (0)   :  0.004 0.004 0.003 0.004 0.039 0.006 0.005 0.005 0.003 0.009 0.012 0.906 
 71 TMA-ZAIN-G-    (0)   :  0.003 0.003 0.003 0.003 0.012 0.005 0.003 0.003 0.003 0.009 0.005 0.947 
 72 TMA-ZAIN-G-    (0)   :  0.003 0.004 0.003 0.004 0.015 0.009 0.008 0.008 0.006 0.008 0.012 0.920 
 73 TMA-ZAIN-G-    (0)   :  0.028 0.018 0.017 0.003 0.008 0.005 0.020 0.003 0.017 0.009 0.006 0.865 
 74 TMA-ZAIN-G-    (0)   :  0.005 0.006 0.005 0.003 0.007 0.006 0.005 0.004 0.005 0.011 0.005 0.938 
 75 TMA-ZAIN-G-    (0)   :  0.003 0.005 0.004 0.004 0.009 0.005 0.006 0.005 0.007 0.009 0.005 0.937 
 76 TMA-ZAIN-G-    (0)   :  0.016 0.010 0.004 0.003 0.013 0.005 0.005 0.003 0.003 0.008 0.005 0.925 
 77 TMA-ZAIN-G-    (0)   :  0.005 0.005 0.003 0.008 0.007 0.006 0.005 0.006 0.004 0.005 0.006 0.939 
 78 TMA-ZAIN-G-    (0)   :  0.012 0.011 0.005 0.008 0.013 0.006 0.008 0.005 0.007 0.008 0.004 0.911 
 79 TMA-ZAIN-G-    (0)   :  0.008 0.007 0.004 0.026 0.009 0.006 0.005 0.006 0.004 0.005 0.004 0.916 
 80 TMA-ZAIN-G-    (0)   :  0.004 0.004 0.003 0.006 0.028 0.016 0.007 0.004 0.010 0.065 0.020 0.834 
 81 TMA-ZAIN-G-    (0)   :  0.006 0.006 0.004 0.023 0.024 0.010 0.007 0.007 0.005 0.010 0.005 0.895 
 82 TMA-ZAIN-G-    (0)   :  0.003 0.005 0.006 0.009 0.331 0.011 0.006 0.007 0.017 0.096 0.188 0.320 
 83 TMA-ZAIN-G-    (9)   :  0.028 0.016 0.051 0.006 0.112 0.013 0.045 0.006 0.019 0.627 0.051 0.027 
 84 TMA-ZAIN-G-    (0)   :  0.012 0.007 0.004 0.009 0.019 0.008 0.005 0.006 0.004 0.011 0.005 0.909 
 85 TMA-ZAIN-G-    (0)   :  0.004 0.004 0.004 0.960 0.004 0.004 0.004 0.004 0.004 0.003 0.003 0.004 
 86 TMA-ZAIN-G-    (0)   :  0.005 0.004 0.003 0.937 0.010 0.007 0.005 0.004 0.005 0.010 0.005 0.006 
 87 TMA-ZAIN-G-    (0)   :  0.005 0.004 0.004 0.960 0.004 0.003 0.003 0.003 0.004 0.003 0.002 0.003 
 88 TMA-ZAIN-G-    (0)   :  0.012 0.009 0.200 0.394 0.057 0.014 0.009 0.020 0.077 0.113 0.044 0.051 
 89 TMA-ZAIN-G-    (0)   :  0.036 0.010 0.028 0.260 0.037 0.013 0.004 0.047 0.456 0.036 0.028 0.044 
 90 TMA-ZAIN-G-    (0)   :  0.005 0.009 0.018 0.853 0.013 0.005 0.006 0.004 0.040 0.026 0.016 0.005 
 91 TMA-ZAIN-G-    (0)   :  0.006 0.007 0.054 0.812 0.013 0.009 0.019 0.013 0.040 0.008 0.011 0.008 
 92 TMA-ZAIN-G-    (0)   :  0.040 0.038 0.009 0.542 0.011 0.009 0.028 0.012 0.288 0.005 0.007 0.010 
 93 TMA-ZAIN-G-    (0)   :  0.014 0.024 0.041 0.238 0.008 0.007 0.104 0.023 0.523 0.004 0.007 0.007 
 94 TMA-ZAIN-G-    (0)   :  0.010 0.009 0.125 0.757 0.005 0.003 0.014 0.006 0.057 0.004 0.005 0.005 
 95 TMA-ZAIN-G-    (0)   :  0.006 0.029 0.006 0.005 0.006 0.010 0.898 0.014 0.004 0.005 0.007 0.010 
 96 TMA-ZAIN-G-    (0)   :  0.007 0.038 0.005 0.008 0.005 0.029 0.862 0.021 0.005 0.013 0.004 0.004 
 97 TMA-ZAIN-G-    (0)   :  0.007 0.020 0.902 0.008 0.008 0.005 0.004 0.007 0.014 0.004 0.007 0.014 
 98 TMA-ZAIN-G-    (0)   :  0.005 0.005 0.931 0.007 0.007 0.004 0.003 0.006 0.010 0.004 0.005 0.014 
 99 TMA-ZAIN-G-    (0)   :  0.013 0.006 0.716 0.005 0.149 0.033 0.009 0.007 0.003 0.032 0.019 0.009 
100 TMA-ZAIN-G-    (0)   :  0.016 0.027 0.868 0.031 0.006 0.003 0.006 0.007 0.022 0.003 0.005 0.005 
101 TMA-ZAIN-G-    (0)   :  0.005 0.009 0.911 0.004 0.022 0.005 0.006 0.006 0.012 0.005 0.006 0.009 
102 TMA-ZAIN-G-    (0)   :  0.195 0.137 0.416 0.039 0.029 0.040 0.021 0.034 0.009 0.048 0.012 0.019 
103 TMA-ZAIN-G-    (0)   :  0.014 0.052 0.807 0.030 0.017 0.013 0.019 0.007 0.005 0.022 0.005 0.008 
104 TMA-ZAIN-G-    (0)   :  0.006 0.007 0.953 0.003 0.003 0.004 0.005 0.004 0.005 0.004 0.002 0.003 
105 TMA-ZAIN-G-    (0)   :  0.008 0.024 0.818 0.038 0.023 0.014 0.020 0.008 0.006 0.026 0.006 0.010 
106 TMA-ZAIN-G-    (0)   :  0.003 0.004 0.003 0.008 0.123 0.451 0.007 0.123 0.005 0.083 0.052 0.135 
107 TMA-ZAIN-G-    (0)   :  0.003 0.005 0.004 0.006 0.330 0.024 0.007 0.013 0.006 0.412 0.013 0.177 
108 TMA-ZAIN-G-    (9)   :  0.047 0.103 0.181 0.055 0.176 0.059 0.015 0.070 0.014 0.219 0.008 0.052 
109 TMA-ZAIN-G-    (0)   :  0.006 0.008 0.283 0.013 0.032 0.169 0.054 0.022 0.062 0.189 0.150 0.011 
110 TMA-ZAIN-G-    (0)   :  0.140 0.106 0.058 0.020 0.308 0.138 0.032 0.017 0.017 0.126 0.008 0.029 
111 TMA-ZAIN-G-    (9)   :  0.108 0.088 0.441 0.007 0.040 0.014 0.026 0.004 0.023 0.178 0.014 0.058 
112 TMA-ZAIN-G-    (0)   :  0.050 0.095 0.256 0.014 0.092 0.228 0.054 0.033 0.025 0.113 0.017 0.024 
113 TMA-ZAIN-G-    (0)   :  0.007 0.005 0.884 0.006 0.013 0.006 0.004 0.006 0.022 0.013 0.010 0.024 
114 TMA-ZAIN-G-    (0)   :  0.010 0.005 0.953 0.006 0.004 0.003 0.005 0.002 0.004 0.003 0.003 0.003 
115 TMA-ZAIN-G-    (0)   :  0.005 0.004 0.957 0.003 0.003 0.003 0.005 0.004 0.004 0.005 0.003 0.004 
116 TMA-ZAIN-G-    (0)   :  0.003 0.004 0.006 0.006 0.032 0.008 0.007 0.006 0.011 0.894 0.010 0.013 
117 TMA-ZAIN-G-    (0)   :  0.004 0.010 0.008 0.048 0.110 0.144 0.047 0.074 0.042 0.114 0.248 0.152 
118 TMA-ZAIN-G-    (0)   :  0.003 0.006 0.006 0.007 0.016 0.017 0.012 0.023 0.009 0.863 0.028 0.011 
119 TMA-ZAIN-G-    (0)   :  0.018 0.021 0.021 0.004 0.027 0.008 0.020 0.005 0.010 0.785 0.023 0.057 
120 TMA-ZAIN-G-    (0)   :  0.005 0.012 0.008 0.016 0.025 0.026 0.026 0.079 0.013 0.745 0.023 0.022 
121 TMA-ZAIN-G-    (0)   :  0.003 0.007 0.013 0.013 0.135 0.071 0.043 0.025 0.021 0.490 0.136 0.044 
122 TMA-ZAIN-G-    (0)   :  0.006 0.007 0.005 0.136 0.312 0.096 0.075 0.013 0.013 0.237 0.035 0.066 
123 TMA-ZAIN-G-    (0)   :  0.009 0.013 0.923 0.009 0.005 0.005 0.006 0.011 0.005 0.005 0.004 0.005 
124 TMA-ZAIN-G-    (0)   :  0.003 0.005 0.005 0.008 0.009 0.937 0.006 0.008 0.004 0.008 0.004 0.005 
125 TMA-ZAIN-G-    (0)   :  0.002 0.004 0.003 0.007 0.006 0.823 0.006 0.021 0.079 0.007 0.033 0.008 
126 TMA-ZAIN-G-    (0)   :  0.003 0.004 0.004 0.007 0.008 0.907 0.004 0.028 0.010 0.017 0.004 0.005 
127 TMA-ZAIN-G-    (0)   :  0.003 0.003 0.003 0.005 0.008 0.944 0.004 0.008 0.004 0.009 0.005 0.004 
128 TMA-ZAIN-G-    (0)   :  0.003 0.003 0.004 0.007 0.017 0.897 0.010 0.009 0.006 0.013 0.023 0.007 
129 TMA-ZAIN-G-    (0)   :  0.003 0.004 0.006 0.007 0.009 0.928 0.006 0.013 0.006 0.008 0.006 0.005 
130 TMA-ZAIN-G-    (0)   :  0.003 0.005 0.007 0.007 0.009 0.807 0.009 0.069 0.038 0.027 0.011 0.009 
131 TMA-ZAIN-G-    (0)   :  0.003 0.005 0.004 0.010 0.007 0.929 0.008 0.012 0.004 0.009 0.004 0.005 
132 TMA-ZAIN-G-    (0)   :  0.003 0.003 0.004 0.007 0.025 0.820 0.011 0.014 0.032 0.019 0.050 0.012 
133 TMA-ZAIN-G-    (0)   :  0.013 0.016 0.003 0.044 0.024 0.552 0.009 0.118 0.019 0.037 0.080 0.086 
134 TMA-ZAIN-G-    (0)   :  0.008 0.007 0.003 0.043 0.016 0.405 0.005 0.282 0.023 0.073 0.071 0.064 
135 TMA-ZAIN-G-    (0)   :  0.008 0.005 0.004 0.032 0.170 0.148 0.004 0.020 0.014 0.472 0.029 0.093 
136 TMA-ZAIN-G-    (0)   :  0.005 0.004 0.006 0.006 0.145 0.078 0.009 0.007 0.016 0.088 0.598 0.037 
137 TMA-ZAIN-G-    (0)   :  0.008 0.006 0.004 0.020 0.026 0.018 0.004 0.006 0.005 0.869 0.005 0.029 
138 TMA-ZAIN-G-    (0)   :  0.003 0.003 0.004 0.004 0.139 0.470 0.004 0.030 0.020 0.294 0.014 0.015 
139 TMA-ZAIN-G-    (0)   :  0.005 0.004 0.004 0.011 0.050 0.227 0.003 0.025 0.090 0.521 0.014 0.045 
140 TMA-ZAIN-G-    (0)   :  0.004 0.004 0.003 0.005 0.688 0.042 0.008 0.006 0.004 0.200 0.009 0.027 
141 TMA-ZAIN-G-    (0)   :  0.003 0.005 0.006 0.011 0.673 0.045 0.006 0.022 0.006 0.120 0.007 0.096 
142 TMA-ZAIN-G-    (9)   :  0.003 0.004 0.003 0.006 0.597 0.027 0.007 0.006 0.004 0.289 0.011 0.043 
143 TMA-ZAIN-G-    (0)   :  0.003 0.004 0.004 0.007 0.444 0.123 0.011 0.011 0.005 0.357 0.014 0.017 
144 TMA-ZAIN-G-    (0)   :  0.007 0.012 0.004 0.014 0.260 0.173 0.025 0.013 0.030 0.446 0.006 0.011 
145 TMA-ZAIN-G-    (0)   :  0.002 0.003 0.003 0.005 0.112 0.036 0.007 0.007 0.016 0.414 0.323 0.070 
146 TMA-ZAIN-G-    (0)   :  0.003 0.003 0.003 0.004 0.929 0.005 0.003 0.005 0.003 0.009 0.005 0.028 
147 TMA-ZAIN-G-    (9)   :  0.003 0.003 0.003 0.004 0.940 0.006 0.004 0.005 0.004 0.008 0.007 0.013 
148 TMA-ZAIN-G-    (0)   :  0.003 0.003 0.003 0.004 0.851 0.030 0.003 0.056 0.023 0.007 0.004 0.014 
149 TMA-ZAIN-G-    (0)   :  0.014 0.009 0.020 0.028 0.766 0.040 0.015 0.025 0.053 0.014 0.005 0.011 
150 TMA-ZAIN-G-    (0)   :  0.012 0.007 0.021 0.016 0.730 0.016 0.016 0.015 0.067 0.026 0.060 0.014 
151 TMA-ZAIN-G-    (0)   :  0.002 0.003 0.004 0.003 0.012 0.024 0.005 0.021 0.004 0.908 0.008 0.006 
152 TMA-ZAIN-G-    (0)   :  0.002 0.003 0.004 0.003 0.018 0.009 0.005 0.013 0.004 0.928 0.005 0.005 
153 TMA-ZAIN-G-    (0)   :  0.002 0.003 0.004 0.004 0.166 0.092 0.004 0.028 0.012 0.654 0.015 0.017 
154 TMA-ZAIN-G-    (0)   :  0.002 0.003 0.003 0.004 0.014 0.007 0.003 0.004 0.004 0.945 0.005 0.005 
155 TMA-ZAIN-G-    (0)   :  0.003 0.004 0.005 0.006 0.056 0.011 0.004 0.007 0.003 0.884 0.008 0.009 
156 TMA-ZAIN-G-    (9)   :  0.003 0.004 0.006 0.003 0.067 0.064 0.004 0.070 0.012 0.759 0.003 0.006 
157 TMA-ZAIN-G-    (0)   :  0.003 0.004 0.005 0.004 0.270 0.064 0.004 0.115 0.005 0.511 0.007 0.008 
158 TMA-ZAIN-G-    (0)   :  0.004 0.006 0.003 0.004 0.262 0.013 0.006 0.004 0.005 0.646 0.006 0.040 
159 TMA-ZAIN-G-    (0)   :  0.002 0.004 0.004 0.004 0.234 0.011 0.003 0.005 0.006 0.456 0.014 0.257 
160 TMA-ZAIN-G-    (0)   :  0.003 0.003 0.004 0.005 0.065 0.006 0.003 0.005 0.009 0.729 0.018 0.151 
161 TMA-ZAIN-G-    (0)   :  0.003 0.006 0.003 0.007 0.197 0.153 0.006 0.026 0.023 0.552 0.007 0.018 
162 TMA-ZAIN-G-    (0)   :  0.013 0.006 0.016 0.012 0.008 0.010 0.011 0.004 0.011 0.898 0.005 0.007 
163 TMA-ZAIN-G-    (0)   :  0.002 0.002 0.003 0.003 0.010 0.006 0.003 0.003 0.003 0.954 0.004 0.006 
164 TMA-ZAIN-G-    (0)   :  0.005 0.004 0.005 0.011 0.091 0.008 0.006 0.004 0.007 0.843 0.009 0.008 
165 TMA-ZAIN-G-    (0)   :  0.003 0.003 0.004 0.003 0.098 0.010 0.004 0.004 0.003 0.851 0.007 0.011 
166 TMA-ZAIN-G-    (0)   :  0.002 0.003 0.003 0.006 0.296 0.038 0.004 0.006 0.012 0.560 0.012 0.057 
167 TMA-ZAIN-G-    (0)   :  0.005 0.006 0.005 0.008 0.656 0.021 0.006 0.009 0.004 0.030 0.004 0.245 
168 TMA-ZAIN-G-    (0)   :  0.003 0.005 0.006 0.006 0.466 0.011 0.005 0.029 0.005 0.009 0.012 0.442 
169 TMA-ZAIN-G-    (0)   :  0.003 0.003 0.003 0.006 0.394 0.006 0.004 0.005 0.004 0.016 0.056 0.499 
170 TMA-ZAIN-G-    (0)   :  0.012 0.048 0.017 0.006 0.442 0.126 0.009 0.071 0.004 0.068 0.022 0.174 
171 TMA-ZAIN-G-    (0)   :  0.003 0.003 0.003 0.005 0.404 0.005 0.003 0.004 0.004 0.014 0.013 0.540 
172 TMA-ZAIN-G-    (0)   :  0.004 0.007 0.004 0.006 0.351 0.527 0.005 0.028 0.004 0.024 0.005 0.035 
173 TMA-ZAIN-G-    (0)   :  0.004 0.007 0.003 0.006 0.162 0.736 0.008 0.021 0.004 0.014 0.007 0.026 
174 TMA-ZAIN-G-    (0)   :  0.002 0.004 0.003 0.005 0.247 0.524 0.006 0.006 0.009 0.068 0.062 0.065 
175 TMA-ZAIN-G-    (0)   :  0.003 0.003 0.003 0.006 0.532 0.006 0.003 0.005 0.003 0.013 0.007 0.415 
176 TMA-ZAIN-G-    (0)   :  0.003 0.003 0.003 0.005 0.770 0.007 0.003 0.005 0.003 0.014 0.005 0.176 
177 TMA-ZAIN-G-    (0)   :  0.003 0.003 0.003 0.004 0.914 0.011 0.003 0.011 0.003 0.009 0.004 0.031 
178 TMA-ZAIN-G-    (0)   :  0.004 0.006 0.005 0.005 0.753 0.117 0.007 0.046 0.004 0.030 0.004 0.020 
179 TMA-ZAIN-G-    (0)   :  0.003 0.003 0.003 0.005 0.893 0.025 0.004 0.016 0.004 0.019 0.006 0.019 
180 TMA-ZAIN-G-    (0)   :  0.007 0.005 0.004 0.036 0.055 0.755 0.011 0.020 0.011 0.022 0.067 0.006 
181 TMA-ZAIN-G-    (0)   :  0.002 0.003 0.005 0.003 0.014 0.684 0.004 0.183 0.005 0.072 0.007 0.018 
182 TMA-ZAIN-G-    (0)   :  0.003 0.005 0.007 0.007 0.030 0.760 0.005 0.138 0.005 0.032 0.003 0.006 
183 TMA-ZAIN-G-    (0)   :  0.003 0.004 0.004 0.005 0.030 0.588 0.004 0.274 0.004 0.065 0.005 0.013 
184 TMA-ZAIN-G-    (0)   :  0.013 0.012 0.028 0.022 0.024 0.727 0.014 0.042 0.019 0.076 0.009 0.013 
185 TMA-ZAIN-G-    (0)   :  0.021 0.010 0.011 0.013 0.009 0.848 0.041 0.004 0.020 0.009 0.005 0.007 
186 TMA-ZAIN-G-    (9)   :  0.005 0.007 0.003 0.005 0.011 0.921 0.011 0.005 0.005 0.011 0.006 0.010 
187 TMA-ZAIN-G-    (0)   :  0.003 0.005 0.004 0.004 0.017 0.842 0.005 0.023 0.003 0.034 0.014 0.046 
188 TMA-ZAIN-G-    (0)   :  0.003 0.004 0.003 0.003 0.007 0.845 0.004 0.011 0.004 0.043 0.014 0.060 
189 TMA-ZAIN-G-    (0)   :  0.003 0.003 0.003 0.004 0.007 0.946 0.003 0.008 0.003 0.007 0.008 0.005 
190 TMA-ZAIN-G-    (0)   :  0.003 0.008 0.003 0.004 0.144 0.605 0.008 0.121 0.005 0.013 0.026 0.060 
191 TMA-ZAIN-G-    (0)   :  0.020 0.009 0.012 0.015 0.014 0.871 0.011 0.006 0.010 0.013 0.005 0.013 
192 TMA-ZAIN-G-    (0)   :  0.011 0.008 0.004 0.019 0.006 0.892 0.003 0.021 0.004 0.009 0.004 0.018 
193 TMA-ZAIN-G-    (0)   :  0.002 0.003 0.003 0.004 0.003 0.005 0.003 0.962 0.005 0.003 0.004 0.004 
194 TMA-ZAIN-G-    (0)   :  0.007 0.009 0.002 0.005 0.009 0.058 0.017 0.857 0.012 0.004 0.010 0.007 
195 TMA-ZAIN-G-    (0)   :  0.002 0.011 0.003 0.004 0.041 0.049 0.005 0.810 0.006 0.007 0.033 0.030 
196 TMA-ZAIN-G-    (0)   :  0.002 0.003 0.003 0.003 0.006 0.013 0.005 0.939 0.005 0.006 0.009 0.005 
197 TMA-ZAIN-G-    (0)   :  0.003 0.004 0.003 0.007 0.008 0.010 0.004 0.932 0.005 0.006 0.009 0.009 
198 TMA-ZAIN-G-    (0)   :  0.003 0.003 0.003 0.004 0.010 0.011 0.003 0.937 0.004 0.008 0.007 0.008 
199 TMA-ZAIN-G-    (0)   :  0.004 0.005 0.003 0.004 0.009 0.935 0.008 0.006 0.005 0.009 0.004 0.007 
200 TMA-ZAIN-G-    (0)   :  0.770 0.125 0.018 0.006 0.004 0.004 0.016 0.044 0.004 0.003 0.003 0.003 
201 TMA-ZAIN-G-    (0)   :  0.916 0.033 0.007 0.006 0.004 0.003 0.009 0.003 0.004 0.004 0.005 0.004 
202 TMA-ZAIN-G-    (0)   :  0.852 0.050 0.017 0.004 0.009 0.010 0.007 0.036 0.002 0.006 0.004 0.003 
203 TMA-ZAIN-G-    (0)   :  0.003 0.004 0.023 0.005 0.029 0.052 0.006 0.825 0.005 0.034 0.004 0.012 
204 TMA-ZAIN-G-    (9)   :  0.769 0.045 0.005 0.088 0.015 0.007 0.005 0.006 0.029 0.004 0.011 0.015 
205 TMA-ZAIN-G-    (0)   :  0.699 0.100 0.007 0.023 0.023 0.009 0.005 0.007 0.014 0.089 0.006 0.018 
206 TMA-ZAIN-G-    (9)   :  0.599 0.088 0.014 0.160 0.019 0.017 0.010 0.055 0.012 0.006 0.009 0.010 
207 TMA-ZAIN-G-    (9)   :  0.008 0.031 0.009 0.087 0.048 0.026 0.109 0.011 0.068 0.500 0.076 0.028 
208 TMA-ZAIN-G-    (0)   :  0.003 0.004 0.003 0.002 0.708 0.026 0.011 0.004 0.006 0.131 0.077 0.025 
209 TMA-ZAIN-G-    (0)   :  0.003 0.004 0.003 0.010 0.126 0.337 0.004 0.260 0.052 0.083 0.016 0.101 
210 TMA-ZAIN-G-    (0)   :  0.003 0.005 0.004 0.014 0.161 0.176 0.009 0.371 0.016 0.072 0.096 0.074 
211 TMA-ZAIN-G-    (0)   :  0.021 0.027 0.011 0.010 0.180 0.465 0.021 0.095 0.012 0.051 0.028 0.079 
212 TMA-ZAIN-G-    (0)   :  0.004 0.004 0.003 0.013 0.671 0.212 0.008 0.018 0.006 0.042 0.014 0.006 
213 TMA-ZAIN-G-    (0)   :  0.004 0.005 0.003 0.005 0.354 0.423 0.005 0.028 0.008 0.118 0.007 0.041 
214 TMA-ZAIN-G-    (0)   :  0.003 0.004 0.003 0.004 0.123 0.576 0.004 0.034 0.008 0.123 0.049 0.069 
215 TMA-ZAIN-G-    (0)   :  0.008 0.294 0.003 0.003 0.233 0.196 0.005 0.006 0.002 0.100 0.005 0.143 
216 TMA-ZAIN-G-    (0)   :  0.004 0.005 0.003 0.004 0.030 0.898 0.006 0.009 0.008 0.016 0.005 0.011 
217 TMA-ZAIN-G-    (0)   :  0.003 0.004 0.004 0.007 0.186 0.308 0.003 0.112 0.007 0.064 0.140 0.163 
218 TMA-ZAIN-G-    (0)   :  0.004 0.930 0.006 0.005 0.006 0.008 0.013 0.003 0.005 0.006 0.009 0.006 
219 TMA-ZAIN-G-    (0)   :  0.007 0.936 0.005 0.012 0.004 0.006 0.008 0.003 0.008 0.004 0.003 0.004 
220 TMA-ZAIN-G-    (0)   :  0.005 0.780 0.035 0.012 0.020 0.007 0.061 0.006 0.008 0.040 0.016 0.011 
221 TMA-ZAIN-G-    (0)   :  0.013 0.902 0.003 0.011 0.011 0.019 0.009 0.007 0.005 0.007 0.005 0.007 
222 TMA-ZAIN-G-    (0)   :  0.006 0.894 0.014 0.021 0.010 0.009 0.005 0.004 0.009 0.011 0.009 0.007 
223 TMA-ZAIN-G-    (0)   :  0.008 0.927 0.006 0.014 0.005 0.004 0.015 0.003 0.005 0.005 0.005 0.004 
224 TMA-ZAIN-G-    (0)   :  0.009 0.813 0.009 0.102 0.006 0.018 0.010 0.008 0.007 0.006 0.005 0.006 
225 TMA-ZAIN-G-    (0)   :  0.007 0.937 0.008 0.005 0.005 0.005 0.011 0.010 0.003 0.003 0.002 0.003 
226 TMA-ZAIN-G-    (0)   :  0.007 0.902 0.011 0.009 0.009 0.008 0.012 0.019 0.005 0.007 0.005 0.007 
227 TMA-ZAIN-G-    (0)   :  0.011 0.912 0.009 0.006 0.009 0.007 0.007 0.016 0.004 0.009 0.004 0.007 
228 TMA-ZAIN-G-    (0)   :  0.010 0.858 0.013 0.017 0.019 0.010 0.014 0.007 0.005 0.013 0.009 0.026 
229 TMA-ZAIN-G-    (0)   :  0.021 0.919 0.014 0.007 0.004 0.003 0.009 0.003 0.006 0.003 0.008 0.004 
230 TMA-ZAIN-G-    (0)   :  0.006 0.524 0.023 0.294 0.025 0.030 0.012 0.012 0.012 0.006 0.013 0.043 
231 TMA-ZAIN-G-    (0)   :  0.366 0.316 0.108 0.057 0.036 0.011 0.017 0.008 0.013 0.034 0.010 0.022 
232 TMA-ZAIN-G-    (9)   :  0.397 0.254 0.206 0.020 0.014 0.027 0.005 0.009 0.009 0.010 0.036 0.012 
233 TMA-ZAIN-G-    (0)   :  0.018 0.808 0.006 0.020 0.013 0.014 0.018 0.007 0.011 0.012 0.046 0.027 
234 TMA-ZAIN-G-    (0)   :  0.032 0.696 0.184 0.005 0.007 0.004 0.009 0.010 0.032 0.008 0.007 0.005 
235 TMA-ZAIN-G-    (0)   :  0.020 0.651 0.115 0.029 0.010 0.033 0.041 0.022 0.008 0.016 0.005 0.051 
236 TMA-ZAIN-G-    (0)   :  0.020 0.826 0.020 0.044 0.014 0.011 0.008 0.024 0.004 0.012 0.007 0.012 
237 TMA-ZAIN-G-    (0)   :  0.008 0.373 0.144 0.134 0.071 0.019 0.015 0.010 0.006 0.023 0.011 0.186 
238 TMA-ZAIN-G-    (0)   :  0.018 0.810 0.035 0.006 0.026 0.022 0.007 0.006 0.003 0.036 0.005 0.027 
239 TMA-ZAIN-G-    (0)   :  0.744 0.010 0.004 0.021 0.006 0.029 0.003 0.132 0.025 0.007 0.017 0.003 
240 TMA-ZAIN-G-    (0)   :  0.950 0.007 0.004 0.009 0.004 0.003 0.003 0.004 0.006 0.003 0.003 0.005 
241 TMA-ZAIN-G-    (0)   :  0.938 0.006 0.004 0.005 0.010 0.004 0.002 0.004 0.005 0.006 0.004 0.012 
242 TMA-ZAIN-G-    (0)   :  0.948 0.006 0.003 0.003 0.008 0.004 0.003 0.003 0.004 0.007 0.005 0.006 
243 TMA-ZAIN-G-    (0)   :  0.926 0.005 0.003 0.005 0.014 0.005 0.003 0.004 0.006 0.008 0.008 0.014 
244 TMA-ZAIN-G-    (0)   :  0.922 0.005 0.004 0.003 0.014 0.005 0.003 0.003 0.003 0.014 0.008 0.014 
245 TMA-ZAIN-G-    (9)   :  0.964 0.004 0.004 0.004 0.004 0.003 0.003 0.003 0.003 0.003 0.002 0.004 
246 TMA-ZAIN-G-    (0)   :  0.963 0.005 0.003 0.005 0.003 0.003 0.004 0.003 0.003 0.003 0.003 0.003 
247 TMA-ZAIN-G-    (0)   :  0.957 0.004 0.002 0.004 0.005 0.004 0.005 0.002 0.004 0.004 0.005 0.003 
248 TMA-ZAIN-G-    (0)   :  0.936 0.007 0.004 0.004 0.008 0.006 0.004 0.010 0.004 0.005 0.005 0.006 
249 TMA-ZAIN-G-    (0)   :  0.953 0.006 0.003 0.005 0.004 0.004 0.005 0.007 0.003 0.003 0.003 0.003 
250 TMA-ZAIN-G-    (0)   :  0.955 0.006 0.003 0.004 0.004 0.004 0.005 0.004 0.003 0.003 0.006 0.003 
251 TMA-ZAIN-G-    (0)   :  0.003 0.004 0.005 0.010 0.004 0.005 0.006 0.005 0.948 0.004 0.004 0.003 
252 TMA-ZAIN-G-    (0)   :  0.003 0.007 0.003 0.004 0.041 0.006 0.003 0.005 0.868 0.010 0.022 0.028 
253 TMA-ZAIN-G-    (0)   :  0.003 0.003 0.004 0.005 0.005 0.004 0.003 0.005 0.950 0.009 0.005 0.004 
254 TMA-ZAIN-G-    (9)   :  0.003 0.004 0.007 0.006 0.013 0.009 0.006 0.005 0.903 0.026 0.011 0.007 
255 TMA-ZAIN-G-    (0)   :  0.016 0.003 0.009 0.004 0.005 0.004 0.003 0.004 0.935 0.006 0.006 0.004 
256 TMA-ZAIN-G-    (0)   :  0.011 0.006 0.006 0.022 0.010 0.007 0.004 0.025 0.888 0.008 0.006 0.007 
257 TMA-ZAIN-G-    (0)   :  0.005 0.004 0.004 0.012 0.003 0.004 0.003 0.014 0.941 0.003 0.003 0.003 
258 TMA-ZAIN-G-    (0)   :  0.003 0.003 0.003 0.005 0.003 0.003 0.003 0.004 0.962 0.003 0.004 0.003 
259 TMA-ZAIN-G-    (0)   :  0.006 0.004 0.004 0.023 0.003 0.004 0.005 0.005 0.934 0.003 0.005 0.004 
260 TMA-ZAIN-G-    (0)   :  0.005 0.004 0.004 0.014 0.004 0.004 0.005 0.006 0.938 0.003 0.009 0.004 
261 TMA-ZAIN-G-   (18)   :  0.004 0.005 0.005 0.021 0.005 0.007 0.013 0.009 0.911 0.005 0.009 0.004 
262 TMA-ZAIN-G-    (0)   :  0.003 0.004 0.004 0.009 0.003 0.003 0.003 0.006 0.954 0.004 0.003 0.003 
263 TMA-ZAIN-G-    (0)   :  0.004 0.004 0.006 0.007 0.003 0.003 0.004 0.004 0.954 0.004 0.004 0.003 
264 TMA-ZAIN-G-    (0)   :  0.003 0.004 0.007 0.007 0.004 0.003 0.004 0.005 0.949 0.005 0.004 0.004 
265 TMA-ZAIN-G-    (0)   :  0.011 0.258 0.011 0.416 0.051 0.023 0.023 0.012 0.137 0.020 0.025 0.012 
266 TMA-ZAIN-G-    (0)   :  0.009 0.014 0.010 0.022 0.038 0.103 0.072 0.054 0.616 0.030 0.019 0.013 
267 TMA-ZAIN-G-    (0)   :  0.333 0.021 0.029 0.249 0.026 0.010 0.117 0.007 0.167 0.007 0.015 0.019 
268 TMA-ZAIN-G-    (0)   :  0.879 0.006 0.071 0.008 0.005 0.004 0.008 0.003 0.005 0.004 0.004 0.004 
269 TMA-ZAIN-G-    (0)   :  0.603 0.025 0.220 0.087 0.007 0.005 0.027 0.004 0.005 0.006 0.005 0.007 
270 TMA-ZAIN-G-    (0)   :  0.682 0.018 0.085 0.167 0.005 0.005 0.015 0.004 0.005 0.005 0.004 0.005 
271 TMA-ZAIN-G-    (0)   :  0.898 0.007 0.032 0.023 0.006 0.004 0.010 0.003 0.005 0.006 0.003 0.004 
272 TMA-ZAIN-G-    (0)   :  0.824 0.057 0.031 0.031 0.005 0.005 0.027 0.004 0.003 0.005 0.003 0.005 
273 TMA-ZAIN-G-    (0)   :  0.909 0.039 0.016 0.009 0.003 0.003 0.007 0.003 0.003 0.002 0.002 0.003 
274 TMA-ZAIN-G-    (0)   :  0.801 0.019 0.027 0.009 0.009 0.024 0.023 0.049 0.009 0.009 0.009 0.015 
275 TMA-ZAIN-G-    (0)   :  0.954 0.008 0.006 0.003 0.004 0.004 0.006 0.003 0.002 0.004 0.002 0.003 
276 TMA-ZAIN-G-    (0)   :  0.953 0.005 0.009 0.006 0.004 0.003 0.004 0.003 0.003 0.004 0.003 0.005 
277 TMA-ZAIN-G-    (0)   :  0.941 0.006 0.010 0.004 0.004 0.003 0.005 0.005 0.006 0.004 0.004 0.007 
278 TMA-ZAIN-G-    (0)   :  0.950 0.007 0.006 0.010 0.003 0.003 0.005 0.003 0.004 0.003 0.003 0.003 
279 TMA-ZAIN-G-    (0)   :  0.922 0.016 0.011 0.004 0.005 0.006 0.015 0.006 0.004 0.004 0.003 0.003 
280 TMA-ZAIN-G-    (0)   :  0.729 0.117 0.095 0.006 0.005 0.009 0.015 0.008 0.004 0.006 0.003 0.004 
281 TMA-ZAIN-G-    (0)   :  0.897 0.016 0.039 0.009 0.004 0.005 0.008 0.006 0.004 0.004 0.003 0.004 
282 TMA-ZAIN-G-    (9)   :  0.943 0.006 0.015 0.006 0.004 0.003 0.006 0.003 0.005 0.003 0.003 0.003 
283 TMA-ZAIN-G-    (0)   :  0.613 0.049 0.059 0.027 0.009 0.011 0.089 0.005 0.105 0.016 0.006 0.012 
284 TMA-ZAIN-G-    (0)   :  0.450 0.085 0.153 0.058 0.011 0.014 0.085 0.006 0.110 0.018 0.004 0.008 
285 TMA-ZAIN-G-    (0)   :  0.785 0.017 0.026 0.006 0.007 0.023 0.026 0.011 0.029 0.016 0.021 0.033 
286 TMA-ZAIN-G-    (0)   :  0.907 0.008 0.032 0.011 0.004 0.003 0.014 0.003 0.009 0.003 0.002 0.003 
287 TMA-ZAIN-G-    (0)   :  0.879 0.007 0.024 0.007 0.005 0.011 0.015 0.015 0.006 0.005 0.009 0.015 
288 TMA-ZAIN-G-    (0)   :  0.516 0.064 0.081 0.010 0.015 0.035 0.175 0.045 0.015 0.013 0.009 0.023 
289 TMA-ZAIN-G-    (0)   :  0.814 0.015 0.020 0.011 0.009 0.018 0.034 0.026 0.010 0.008 0.014 0.021 
290 TMA-ZAIN-G-    (0)   :  0.419 0.034 0.397 0.008 0.010 0.013 0.084 0.010 0.009 0.009 0.003 0.005 
291 TMA-ZAIN-G-    (0)   :  0.012 0.889 0.012 0.009 0.004 0.006 0.043 0.004 0.008 0.006 0.004 0.004 
292 TMA-ZAIN-G-    (0)   :  0.016 0.032 0.013 0.010 0.482 0.075 0.011 0.029 0.004 0.109 0.008 0.213 
293 TMA-ZAIN-G-    (0)   :  0.014 0.021 0.004 0.076 0.614 0.105 0.014 0.026 0.021 0.052 0.033 0.019 
294 TMA-ZAIN-G-    (0)   :  0.003 0.003 0.003 0.009 0.923 0.006 0.004 0.004 0.004 0.008 0.007 0.027 
295 TMA-ZAIN-G-    (9)   :  0.005 0.006 0.003 0.009 0.885 0.009 0.010 0.005 0.005 0.010 0.008 0.044 
296 TMA-ZAIN-G-    (0)   :  0.005 0.010 0.010 0.027 0.821 0.029 0.012 0.044 0.007 0.019 0.005 0.011 
297 TMA-ZAIN-G-    (0)   :  0.008 0.010 0.005 0.019 0.141 0.087 0.015 0.126 0.024 0.464 0.029 0.072 
298 TMA-ZAIN-G-    (0)   :  0.012 0.010 0.009 0.153 0.171 0.010 0.010 0.004 0.013 0.029 0.011 0.569 
299 TMA-ZAIN-G-    (0)   :  0.004 0.006 0.003 0.003 0.018 0.008 0.004 0.005 0.003 0.016 0.006 0.923 
300 TMA-ZAIN-G-    (0)   :  0.007 0.008 0.003 0.010 0.486 0.038 0.016 0.010 0.007 0.013 0.055 0.348 
301 TMA-ZAIN-G-    (0)   :  0.007 0.008 0.005 0.013 0.065 0.048 0.008 0.033 0.004 0.029 0.027 0.753 
302 TMA-ZAIN-G-    (9)   :  0.003 0.005 0.003 0.009 0.754 0.028 0.005 0.014 0.005 0.064 0.007 0.102 
303 TMA-ZAIN-G-    (0)   :  0.006 0.849 0.011 0.008 0.004 0.015 0.014 0.059 0.023 0.005 0.002 0.003 
304 TMA-ZAIN-G-    (0)   :  0.009 0.007 0.015 0.015 0.058 0.107 0.016 0.035 0.514 0.080 0.133 0.012 
305 TMA-ZAIN-G-    (0)   :  0.003 0.003 0.003 0.011 0.901 0.018 0.006 0.010 0.006 0.018 0.013 0.007 
306 TMA-ZAIN-G-    (0)   :  0.023 0.010 0.079 0.007 0.381 0.023 0.011 0.014 0.395 0.029 0.015 0.013 
307 TMA-ZAIN-G-    (0)   :  0.012 0.005 0.010 0.014 0.118 0.110 0.014 0.014 0.363 0.058 0.274 0.008 
308 TMA-ZAIN-G-    (0)   :  0.017 0.101 0.023 0.014 0.006 0.006 0.080 0.016 0.717 0.004 0.011 0.005 
309 TMA-ZAIN-G-    (0)   :  0.003 0.004 0.003 0.005 0.020 0.888 0.004 0.027 0.003 0.014 0.007 0.022 
310 TMA-ZAIN-G-    (0)   :  0.026 0.015 0.005 0.061 0.322 0.045 0.013 0.004 0.010 0.085 0.012 0.402 
311 TMA-ZAIN-G-    (0)   :  0.007 0.018 0.034 0.102 0.159 0.070 0.027 0.021 0.028 0.416 0.007 0.110 
312 TMA-ZAIN-G-    (0)   :  0.005 0.011 0.005 0.006 0.059 0.768 0.039 0.020 0.010 0.023 0.009 0.046 
313 TMA-ZAIN-G-    (0)   :  0.005 0.004 0.011 0.025 0.103 0.078 0.010 0.024 0.506 0.062 0.030 0.142 
314 TMA-ZAIN-G-    (0)   :  0.259 0.031 0.220 0.014 0.010 0.022 0.400 0.011 0.014 0.006 0.006 0.007 
315 TMA-ZAIN-G-    (0)   :  0.369 0.016 0.006 0.025 0.222 0.047 0.043 0.007 0.015 0.037 0.032 0.181 
316 TMA-ZAIN-G-    (0)   :  0.386 0.034 0.010 0.019 0.171 0.037 0.054 0.006 0.014 0.043 0.033 0.193 
317 TMA-ZAIN-G-    (0)   :  0.026 0.694 0.060 0.011 0.007 0.006 0.113 0.009 0.018 0.011 0.005 0.040 
318 TMA-ZAIN-G-    (9)   :  0.413 0.092 0.326 0.024 0.013 0.006 0.055 0.011 0.031 0.004 0.010 0.015 
319 TMA-ZAIN-G-    (0)   :  0.094 0.383 0.017 0.026 0.008 0.012 0.031 0.412 0.006 0.004 0.004 0.005 
320 TMA-ZAIN-G-    (0)   :  0.006 0.431 0.005 0.011 0.171 0.027 0.009 0.009 0.004 0.050 0.019 0.260 
321 TMA-ZAIN-G-    (0)   :  0.036 0.016 0.024 0.017 0.136 0.267 0.379 0.007 0.007 0.070 0.016 0.024 
322 TMA-ZAIN-G-    (0)   :  0.009 0.176 0.060 0.023 0.153 0.104 0.208 0.007 0.060 0.134 0.037 0.028 
323 TMA-ZAIN-G-    (0)   :  0.011 0.806 0.007 0.007 0.011 0.032 0.008 0.066 0.010 0.011 0.025 0.007 
324 TMA-ZAIN-G-    (0)   :  0.005 0.007 0.008 0.026 0.265 0.025 0.023 0.042 0.023 0.551 0.017 0.009 
325 TMA-ZAIN-G-    (0)   :  0.019 0.883 0.004 0.011 0.012 0.016 0.019 0.006 0.006 0.011 0.006 0.008 
326 TMA-ZAIN-G-    (0)   :  0.004 0.575 0.002 0.006 0.007 0.025 0.009 0.328 0.021 0.012 0.007 0.004 
327 TMA-ZAIN-G-    (0)   :  0.003 0.004 0.003 0.008 0.009 0.064 0.007 0.844 0.011 0.007 0.032 0.008 
328 TMA-ZAIN-G-    (0)   :  0.076 0.213 0.211 0.016 0.013 0.073 0.061 0.071 0.017 0.025 0.212 0.012 
329 TMA-ZAIN-G-    (0)   :  0.007 0.009 0.004 0.079 0.055 0.215 0.017 0.054 0.017 0.050 0.136 0.357 
330 TMA-ZAIN-G-    (0)   :  0.003 0.006 0.004 0.018 0.060 0.694 0.018 0.021 0.029 0.024 0.071 0.052 
331 TMA-ZAIN-G-    (0)   :  0.019 0.020 0.008 0.279 0.091 0.474 0.010 0.008 0.016 0.011 0.006 0.059 
332 TMA-ZAIN-G-    (0)   :  0.002 0.003 0.002 0.004 0.013 0.483 0.006 0.378 0.005 0.083 0.011 0.010 
333 TMA-ZAIN-G-    (0)   :  0.002 0.004 0.002 0.003 0.004 0.007 0.003 0.959 0.004 0.004 0.003 0.004 
334 TMA-ZAIN-G-    (0)   :  0.926 0.010 0.013 0.015 0.004 0.004 0.009 0.003 0.006 0.003 0.003 0.004 
335 TMA-ZAIN-G-    (0)   :  0.944 0.005 0.004 0.009 0.005 0.005 0.006 0.003 0.003 0.005 0.006 0.005 
336 TMA-ZAIN-G-    (0)   :  0.813 0.014 0.011 0.086 0.009 0.007 0.026 0.005 0.007 0.007 0.005 0.009 
337 TMA-ZAIN-G-    (9)   :  0.817 0.016 0.069 0.014 0.008 0.005 0.043 0.003 0.006 0.007 0.004 0.007 
338 TMA-ZAIN-G-    (0)   :  0.911 0.008 0.037 0.008 0.004 0.003 0.008 0.004 0.006 0.004 0.003 0.003 
339 TMA-ZAIN-G-    (0)   :  0.954 0.007 0.015 0.004 0.002 0.002 0.004 0.002 0.003 0.002 0.002 0.002 
340 TMA-ZAIN-G-    (0)   :  0.950 0.006 0.006 0.014 0.003 0.003 0.004 0.002 0.002 0.003 0.003 0.003 
341 TMA-ZAIN-G-    (0)   :  0.947 0.005 0.009 0.006 0.005 0.005 0.005 0.004 0.002 0.005 0.004 0.004 
342 TMA-ZAIN-G-    (0)   :  0.898 0.008 0.009 0.050 0.005 0.004 0.006 0.004 0.004 0.004 0.004 0.005 
343 TMA-ZAIN-G-    (0)   :  0.931 0.008 0.030 0.005 0.003 0.004 0.005 0.003 0.002 0.004 0.002 0.003 
344 TMA-ZAIN-G-    (0)   :  0.932 0.013 0.007 0.005 0.005 0.006 0.010 0.006 0.004 0.004 0.003 0.004 
345 TMA-ZAIN-G-    (0)   :  0.958 0.005 0.005 0.005 0.003 0.003 0.004 0.003 0.005 0.003 0.003 0.003 
346 TMA-ZAIN-G-    (0)   :  0.898 0.027 0.014 0.005 0.007 0.009 0.005 0.011 0.005 0.011 0.003 0.006 
347 TMA-ZAIN-G-    (9)   :  0.954 0.007 0.008 0.004 0.003 0.003 0.006 0.003 0.003 0.003 0.003 0.003 
348 TMA-ZAIN-G-    (0)   :  0.902 0.010 0.020 0.011 0.006 0.004 0.019 0.005 0.008 0.004 0.004 0.006 
349 TMA-ZAIN-G-    (0)   :  0.939 0.009 0.015 0.004 0.004 0.003 0.005 0.005 0.005 0.004 0.003 0.005 
350 TMA-ZAIN-G-    (0)   :  0.814 0.079 0.023 0.016 0.008 0.009 0.019 0.007 0.004 0.007 0.006 0.008 
351 TMA-ZAIN-G-    (0)   :  0.947 0.007 0.007 0.005 0.004 0.003 0.008 0.004 0.005 0.003 0.003 0.004 
352 TMA-ZAIN-G-    (0)   :  0.883 0.005 0.007 0.051 0.009 0.006 0.010 0.004 0.005 0.007 0.006 0.007 
353 TMA-ZAIN-G-    (0)   :  0.845 0.036 0.045 0.007 0.008 0.011 0.016 0.013 0.004 0.008 0.003 0.005 
354 TMA-ZAIN-G-    (0)   :  0.933 0.013 0.006 0.003 0.007 0.009 0.010 0.005 0.003 0.006 0.002 0.003 
355 TMA-ZAIN-G-    (0)   :  0.910 0.008 0.012 0.004 0.012 0.013 0.010 0.007 0.003 0.011 0.004 0.005 
356 TMA-ZAIN-G-    (0)   :  0.002 0.011 0.003 0.004 0.006 0.004 0.004 0.002 0.009 0.928 0.022 0.006 
357 TMA-ZAIN-G-    (0)   :  0.004 0.010 0.008 0.017 0.100 0.096 0.012 0.333 0.008 0.307 0.053 0.053 
358 TMA-ZAIN-G-    (0)   :  0.018 0.019 0.038 0.039 0.264 0.327 0.038 0.017 0.014 0.029 0.124 0.074 
359 TMA-ZAIN-G-    (0)   :  0.012 0.053 0.008 0.124 0.013 0.007 0.018 0.004 0.022 0.382 0.298 0.058 
