

----------------------------------------------------
STRUCTURE by Pritchard, Stephens and Donnelly (2000)
     and Falush, Stephens and Pritchard (2003)
       Code by Pritchard, Falush and Hubisz
             Version 2.3.4 (Jul 2012)
----------------------------------------------------



Command line arguments:   bin\structure -m C:\Users\eschumacher\Documents\GitHub\GCC_QUAC_ZAIN\Data_Files\Structure_Files\ZAIN\ZAIN_rebinned_garden_wild_nopopinfo\50-50\mainparams -e C:\Users\eschumacher\Documents\GitHub\GCC_QUAC_ZAIN\Data_Files\Structure_Files\ZAIN\ZAIN_rebinned_garden_wild_nopopinfo\50-50\extraparams 
Input File:    C:\Users\eschumacher\Documents\GitHub\GCC_QUAC_ZAIN\Data_Files\Structure_Files\ZAIN\ZAIN_rebinned_garden_wild_nopopinfo\project_data

Run parameters:
   1133 individuals
   11 loci
   9 populations assumed
   50000 Burn-in period
   50000 Reps


--------------------------------------------
Overall proportion of membership of the
sample in each of the 9 clusters

Inferred Clusters
  1      2      3      4      5      6      7      8      9    
0.058  0.118  0.147  0.132  0.116  0.150  0.068  0.103  0.108  

--------------------------------------------

Allele-freq. divergence among pops (Net nucleotide distance),
computed using point estimates of P.

      1       2       3       4       5       6       7       8       9      
 1      -    0.1208  0.2154  0.3548  0.1218  0.3352  0.2657  0.1088  0.1849  
 2   0.1208     -    0.1666  0.3106  0.0530  0.2270  0.2412  0.0413  0.1870  
 3   0.2154  0.1666     -    0.1236  0.1176  0.0935  0.1747  0.1536  0.1041  
 4   0.3548  0.3106  0.1236     -    0.2797  0.1466  0.3442  0.2739  0.2153  
 5   0.1218  0.0530  0.1176  0.2797     -    0.2286  0.1301  0.0687  0.1432  
 6   0.3352  0.2270  0.0935  0.1466  0.2286     -    0.2704  0.2337  0.1469  
 7   0.2657  0.2412  0.1747  0.3442  0.1301  0.2704     -    0.2156  0.1628  
 8   0.1088  0.0413  0.1536  0.2739  0.0687  0.2337  0.2156     -    0.1719  
 9   0.1849  0.1870  0.1041  0.2153  0.1432  0.1469  0.1628  0.1719     -    

Average distances (expected heterozygosity) between individuals in same cluster:
cluster  1  : 0.3620 
cluster  2  : 0.3804 
cluster  3  : 0.5502 
cluster  4  : 0.4208 
cluster  5  : 0.4377 
cluster  6  : 0.4775 
cluster  7  : 0.2640 
cluster  8  : 0.4044 
cluster  9  : 0.4327 

--------------------------------------------
Estimated Ln Prob of Data   = -21432.0
Mean value of ln likelihood = -20846.8
Variance of ln likelihood   = 1170.4
Mean value of alpha         = 0.0345

Mean value of Fst_1         = 0.4129
Mean value of Fst_2         = 0.3394
Mean value of Fst_3         = 0.1479
Mean value of Fst_4         = 0.4350
Mean value of Fst_5         = 0.3119
Mean value of Fst_6         = 0.3533
Mean value of Fst_7         = 0.5583
Mean value of Fst_8         = 0.2897
Mean value of Fst_9         = 0.4181


Inferred ancestry of individuals:
        Label (%Miss) :  Inferred clusters
  1 TMA-ZAIN-G-    (9)   :  0.012 0.014 0.039 0.006 0.034 0.772 0.099 0.009 0.015 
  2 TMA-ZAIN-G-    (0)   :  0.004 0.018 0.015 0.007 0.013 0.716 0.008 0.198 0.020 
  3 TMA-ZAIN-G-    (0)   :  0.097 0.531 0.007 0.003 0.267 0.007 0.031 0.045 0.012 
  4 TMA-ZAIN-G-    (0)   :  0.048 0.169 0.012 0.010 0.030 0.019 0.019 0.048 0.644 
  5 TMA-ZAIN-G-    (0)   :  0.003 0.003 0.004 0.005 0.003 0.972 0.002 0.003 0.006 
  6 TMA-ZAIN-G-    (0)   :  0.171 0.182 0.156 0.052 0.212 0.068 0.026 0.070 0.063 
  7 TMA-ZAIN-G-    (0)   :  0.009 0.286 0.017 0.007 0.275 0.015 0.046 0.311 0.033 
  8 TMA-ZAIN-G-    (0)   :  0.023 0.033 0.005 0.003 0.874 0.007 0.007 0.029 0.019 
  9 TMA-ZAIN-G-    (9)   :  0.034 0.229 0.008 0.005 0.374 0.009 0.009 0.326 0.006 
 10 TMA-ZAIN-G-    (0)   :  0.038 0.228 0.010 0.004 0.461 0.003 0.014 0.231 0.011 
 11 TMA-ZAIN-G-    (0)   :  0.006 0.291 0.008 0.006 0.176 0.006 0.010 0.490 0.008 
 12 TMA-ZAIN-G-    (0)   :  0.005 0.942 0.005 0.003 0.016 0.004 0.012 0.009 0.004 
 13 TMA-ZAIN-G-    (9)   :  0.018 0.092 0.024 0.090 0.266 0.045 0.109 0.322 0.033 
 14 TMA-ZAIN-G-    (9)   :  0.006 0.010 0.009 0.012 0.035 0.003 0.897 0.020 0.008 
 15 TMA-ZAIN-G-    (0)   :  0.010 0.009 0.006 0.003 0.061 0.003 0.897 0.007 0.005 
 16 TMA-ZAIN-G-    (0)   :  0.005 0.890 0.006 0.005 0.021 0.004 0.006 0.060 0.004 
 17 TMA-ZAIN-G-    (9)   :  0.006 0.013 0.029 0.012 0.857 0.012 0.026 0.011 0.034 
 18 TMA-ZAIN-G-    (0)   :  0.009 0.015 0.126 0.006 0.013 0.766 0.016 0.006 0.043 
 19 TMA-ZAIN-G-    (0)   :  0.005 0.020 0.892 0.010 0.027 0.014 0.014 0.012 0.005 
 20 TMA-ZAIN-G-    (0)   :  0.004 0.003 0.823 0.090 0.003 0.048 0.003 0.004 0.022 
 21 TMA-ZAIN-G-    (0)   :  0.006 0.005 0.005 0.966 0.004 0.003 0.002 0.004 0.006 
 22 TMA-ZAIN-G-    (0)   :  0.003 0.003 0.011 0.920 0.003 0.047 0.003 0.003 0.007 
 23 TMA-ZAIN-G-    (0)   :  0.003 0.007 0.031 0.913 0.009 0.018 0.007 0.007 0.005 
 24 TMA-ZAIN-G-    (9)   :  0.152 0.012 0.004 0.677 0.014 0.008 0.029 0.097 0.005 
 25 TMA-ZAIN-G-    (9)   :  0.005 0.010 0.720 0.013 0.014 0.121 0.007 0.108 0.004 
 26 TMA-ZAIN-G-    (9)   :  0.009 0.029 0.010 0.042 0.192 0.009 0.017 0.234 0.460 
 27 TMA-ZAIN-G-    (0)   :  0.011 0.006 0.790 0.013 0.017 0.073 0.060 0.007 0.024 
 28 TMA-ZAIN-G-    (0)   :  0.007 0.009 0.931 0.004 0.012 0.012 0.012 0.006 0.007 
 29 TMA-ZAIN-G-    (0)   :  0.721 0.004 0.239 0.004 0.005 0.003 0.005 0.005 0.013 
 30 TMA-ZAIN-G-    (0)   :  0.066 0.075 0.368 0.005 0.263 0.004 0.074 0.138 0.008 
 31 TMA-ZAIN-G-    (0)   :  0.006 0.004 0.010 0.011 0.004 0.904 0.006 0.008 0.047 
 32 TMA-ZAIN-G-    (9)   :  0.004 0.079 0.020 0.018 0.042 0.775 0.033 0.025 0.005 
 33 TMA-ZAIN-G-   (18)   :  0.017 0.250 0.005 0.003 0.630 0.005 0.008 0.078 0.005 
 34 TMA-ZAIN-G-    (0)   :  0.010 0.553 0.014 0.020 0.038 0.228 0.009 0.121 0.008 
 35 TMA-ZAIN-G-    (9)   :  0.093 0.336 0.015 0.004 0.249 0.028 0.067 0.192 0.015 
 36 TMA-ZAIN-G-    (0)   :  0.010 0.033 0.006 0.003 0.364 0.004 0.148 0.418 0.015 
 37 TMA-ZAIN-G-    (9)   :  0.018 0.246 0.013 0.009 0.355 0.009 0.008 0.322 0.019 
 38 TMA-ZAIN-G-   (18)   :  0.007 0.028 0.021 0.015 0.043 0.777 0.073 0.029 0.006 
 39 TMA-ZAIN-G-    (0)   :  0.013 0.084 0.004 0.005 0.046 0.003 0.004 0.831 0.009 
 40 TMA-ZAIN-G-    (0)   :  0.007 0.144 0.004 0.005 0.591 0.003 0.006 0.235 0.006 
 41 TMA-ZAIN-G-    (0)   :  0.007 0.013 0.005 0.003 0.712 0.003 0.045 0.208 0.005 
 42 TMA-ZAIN-G-    (9)   :  0.006 0.008 0.004 0.002 0.843 0.003 0.116 0.011 0.007 
 43 TMA-ZAIN-G-    (0)   :  0.008 0.004 0.004 0.002 0.008 0.003 0.963 0.004 0.005 
 44 TMA-ZAIN-G-    (0)   :  0.012 0.034 0.009 0.814 0.012 0.006 0.005 0.104 0.004 
 45 TMA-ZAIN-G-    (0)   :  0.006 0.604 0.009 0.007 0.217 0.006 0.021 0.119 0.011 
 46 TMA-ZAIN-G-    (0)   :  0.003 0.003 0.004 0.969 0.003 0.003 0.004 0.004 0.006 
 47 TMA-ZAIN-G-    (0)   :  0.005 0.006 0.004 0.003 0.004 0.004 0.004 0.003 0.967 
 48 TMA-ZAIN-G-    (0)   :  0.017 0.055 0.020 0.027 0.227 0.006 0.034 0.045 0.570 
 49 TMA-ZAIN-G-    (9)   :  0.049 0.026 0.866 0.006 0.007 0.021 0.005 0.009 0.011 
 50 TMA-ZAIN-G-    (0)   :  0.003 0.007 0.919 0.006 0.031 0.007 0.007 0.016 0.003 
 51 TMA-ZAIN-G-    (0)   :  0.007 0.006 0.828 0.009 0.018 0.007 0.093 0.009 0.022 
 52 TMA-ZAIN-G-    (0)   :  0.003 0.015 0.809 0.014 0.009 0.007 0.023 0.010 0.110 
 53 TMA-ZAIN-G-    (0)   :  0.006 0.007 0.547 0.011 0.014 0.176 0.039 0.018 0.183 
 54 TMA-ZAIN-G-    (0)   :  0.004 0.007 0.010 0.005 0.012 0.005 0.012 0.005 0.940 
 55 TMA-ZAIN-G-    (0)   :  0.004 0.011 0.034 0.010 0.037 0.005 0.034 0.006 0.860 
 56 TMA-ZAIN-G-    (0)   :  0.035 0.039 0.106 0.009 0.175 0.012 0.019 0.055 0.549 
 57 TMA-ZAIN-G-    (0)   :  0.008 0.018 0.015 0.004 0.006 0.008 0.005 0.009 0.927 
 58 TMA-ZAIN-G-    (0)   :  0.006 0.012 0.809 0.090 0.017 0.028 0.009 0.005 0.025 
 59 TMA-ZAIN-G-    (0)   :  0.037 0.063 0.030 0.031 0.057 0.638 0.013 0.086 0.044 
 60 TMA-ZAIN-G-    (0)   :  0.008 0.010 0.332 0.009 0.019 0.432 0.148 0.011 0.030 
 61 TMA-ZAIN-G-    (0)   :  0.003 0.004 0.008 0.022 0.003 0.934 0.004 0.004 0.018 
 62 TMA-ZAIN-G-    (9)   :  0.012 0.060 0.041 0.024 0.040 0.772 0.007 0.034 0.010 
 63 TMA-ZAIN-G-    (0)   :  0.003 0.007 0.011 0.008 0.005 0.941 0.007 0.004 0.014 
 64 TMA-ZAIN-G-    (0)   :  0.966 0.005 0.003 0.002 0.005 0.002 0.005 0.007 0.003 
 65 TMA-ZAIN-G-    (9)   :  0.941 0.022 0.004 0.003 0.009 0.003 0.005 0.007 0.006 
 66 TMA-ZAIN-G-    (0)   :  0.937 0.016 0.003 0.003 0.009 0.003 0.005 0.020 0.005 
 67 TMA-ZAIN-G-    (0)   :  0.844 0.028 0.011 0.012 0.013 0.004 0.004 0.079 0.005 
 68 TMA-ZAIN-G-    (0)   :  0.964 0.005 0.003 0.002 0.007 0.002 0.007 0.005 0.005 
 69 TMA-ZAIN-G-    (0)   :  0.785 0.063 0.017 0.027 0.008 0.021 0.019 0.045 0.014 
 70 TMA-ZAIN-G-    (0)   :  0.022 0.016 0.005 0.004 0.009 0.003 0.005 0.933 0.003 
 71 TMA-ZAIN-G-    (0)   :  0.004 0.016 0.004 0.003 0.006 0.003 0.003 0.957 0.004 
 72 TMA-ZAIN-G-    (0)   :  0.019 0.015 0.006 0.004 0.017 0.004 0.009 0.919 0.008 
 73 TMA-ZAIN-G-    (0)   :  0.007 0.013 0.027 0.033 0.007 0.024 0.004 0.870 0.016 
 74 TMA-ZAIN-G-    (0)   :  0.007 0.014 0.008 0.006 0.007 0.006 0.004 0.943 0.006 
 75 TMA-ZAIN-G-    (0)   :  0.006 0.013 0.006 0.003 0.007 0.005 0.006 0.945 0.009 
 76 TMA-ZAIN-G-    (0)   :  0.006 0.013 0.010 0.018 0.005 0.005 0.003 0.936 0.004 
 77 TMA-ZAIN-G-    (0)   :  0.007 0.006 0.005 0.006 0.008 0.003 0.007 0.952 0.005 
 78 TMA-ZAIN-G-    (0)   :  0.005 0.016 0.016 0.018 0.008 0.007 0.006 0.914 0.010 
 79 TMA-ZAIN-G-    (0)   :  0.004 0.006 0.007 0.013 0.007 0.004 0.007 0.944 0.008 
 80 TMA-ZAIN-G-    (0)   :  0.029 0.131 0.005 0.005 0.022 0.003 0.005 0.788 0.013 
 81 TMA-ZAIN-G-    (0)   :  0.005 0.012 0.008 0.006 0.011 0.004 0.008 0.940 0.007 
 82 TMA-ZAIN-G-    (0)   :  0.217 0.214 0.007 0.003 0.013 0.008 0.008 0.514 0.016 
 83 TMA-ZAIN-G-    (9)   :  0.039 0.774 0.021 0.036 0.015 0.059 0.006 0.031 0.020 
 84 TMA-ZAIN-G-    (0)   :  0.005 0.014 0.008 0.018 0.010 0.004 0.005 0.932 0.005 
 85 TMA-ZAIN-G-    (0)   :  0.006 0.011 0.143 0.029 0.009 0.025 0.007 0.011 0.760 
 86 TMA-ZAIN-G-    (0)   :  0.010 0.024 0.018 0.044 0.023 0.009 0.005 0.019 0.848 
 87 TMA-ZAIN-G-    (0)   :  0.006 0.012 0.052 0.201 0.011 0.035 0.006 0.015 0.663 
 88 TMA-ZAIN-G-    (0)   :  0.037 0.113 0.013 0.014 0.026 0.162 0.018 0.065 0.551 
 89 TMA-ZAIN-G-    (0)   :  0.019 0.033 0.006 0.022 0.014 0.017 0.029 0.041 0.819 
 90 TMA-ZAIN-G-    (0)   :  0.008 0.011 0.015 0.009 0.007 0.006 0.006 0.007 0.931 
 91 TMA-ZAIN-G-    (0)   :  0.009 0.009 0.015 0.007 0.010 0.024 0.009 0.010 0.907 
 92 TMA-ZAIN-G-    (0)   :  0.004 0.005 0.024 0.018 0.007 0.006 0.009 0.009 0.917 
 93 TMA-ZAIN-G-    (0)   :  0.006 0.005 0.024 0.009 0.006 0.019 0.014 0.006 0.911 
 94 TMA-ZAIN-G-    (0)   :  0.003 0.004 0.017 0.010 0.004 0.043 0.006 0.005 0.908 
 95 TMA-ZAIN-G-    (0)   :  0.018 0.008 0.885 0.008 0.022 0.008 0.029 0.018 0.005 
 96 TMA-ZAIN-G-    (0)   :  0.005 0.015 0.876 0.005 0.052 0.005 0.030 0.005 0.007 
 97 TMA-ZAIN-G-    (0)   :  0.006 0.005 0.010 0.007 0.005 0.937 0.008 0.012 0.011 
 98 TMA-ZAIN-G-    (0)   :  0.004 0.004 0.004 0.004 0.004 0.955 0.005 0.011 0.008 
 99 TMA-ZAIN-G-    (0)   :  0.020 0.118 0.006 0.014 0.040 0.763 0.006 0.028 0.004 
100 TMA-ZAIN-G-    (0)   :  0.005 0.004 0.016 0.018 0.004 0.914 0.007 0.006 0.027 
101 TMA-ZAIN-G-    (0)   :  0.006 0.008 0.008 0.006 0.005 0.940 0.006 0.013 0.008 
102 TMA-ZAIN-G-    (0)   :  0.013 0.049 0.063 0.208 0.039 0.547 0.036 0.028 0.017 
103 TMA-ZAIN-G-    (0)   :  0.006 0.021 0.031 0.017 0.012 0.887 0.008 0.010 0.009 
104 TMA-ZAIN-G-    (0)   :  0.002 0.004 0.006 0.006 0.004 0.966 0.004 0.004 0.005 
105 TMA-ZAIN-G-    (0)   :  0.006 0.028 0.021 0.008 0.014 0.893 0.008 0.012 0.010 
106 TMA-ZAIN-G-    (0)   :  0.051 0.082 0.004 0.003 0.543 0.004 0.099 0.208 0.006 
107 TMA-ZAIN-G-    (0)   :  0.011 0.470 0.005 0.003 0.017 0.004 0.011 0.474 0.005 
108 TMA-ZAIN-G-    (9)   :  0.012 0.078 0.049 0.058 0.189 0.347 0.075 0.165 0.028 
109 TMA-ZAIN-G-    (0)   :  0.182 0.167 0.040 0.005 0.195 0.324 0.021 0.014 0.050 
110 TMA-ZAIN-G-    (0)   :  0.009 0.268 0.108 0.168 0.207 0.072 0.019 0.126 0.023 
111 TMA-ZAIN-G-    (9)   :  0.017 0.177 0.065 0.095 0.019 0.548 0.004 0.046 0.028 
112 TMA-ZAIN-G-    (0)   :  0.020 0.164 0.114 0.065 0.247 0.278 0.040 0.046 0.027 
113 TMA-ZAIN-G-    (0)   :  0.010 0.014 0.005 0.008 0.006 0.917 0.006 0.021 0.014 
114 TMA-ZAIN-G-    (0)   :  0.003 0.003 0.005 0.012 0.003 0.964 0.002 0.003 0.005 
115 TMA-ZAIN-G-    (0)   :  0.003 0.005 0.004 0.005 0.003 0.968 0.004 0.004 0.004 
116 TMA-ZAIN-G-    (0)   :  0.010 0.942 0.004 0.003 0.009 0.006 0.005 0.012 0.008 
117 TMA-ZAIN-G-    (0)   :  0.243 0.188 0.018 0.004 0.238 0.009 0.093 0.148 0.060 
118 TMA-ZAIN-G-    (0)   :  0.021 0.917 0.006 0.003 0.013 0.005 0.016 0.012 0.007 
119 TMA-ZAIN-G-    (0)   :  0.040 0.797 0.023 0.020 0.009 0.027 0.006 0.068 0.011 
120 TMA-ZAIN-G-    (0)   :  0.023 0.841 0.012 0.004 0.021 0.009 0.053 0.020 0.017 
121 TMA-ZAIN-G-    (0)   :  0.141 0.655 0.011 0.004 0.092 0.012 0.020 0.043 0.022 
122 TMA-ZAIN-G-    (0)   :  0.046 0.443 0.016 0.007 0.247 0.007 0.012 0.189 0.033 
123 TMA-ZAIN-G-    (0)   :  0.004 0.005 0.010 0.008 0.005 0.945 0.012 0.005 0.006 
124 TMA-ZAIN-G-    (0)   :  0.004 0.009 0.006 0.003 0.954 0.005 0.009 0.006 0.005 
125 TMA-ZAIN-G-    (0)   :  0.043 0.008 0.005 0.002 0.845 0.003 0.030 0.007 0.058 
126 TMA-ZAIN-G-    (0)   :  0.005 0.014 0.004 0.003 0.914 0.004 0.039 0.007 0.009 
127 TMA-ZAIN-G-    (0)   :  0.006 0.010 0.004 0.003 0.954 0.003 0.011 0.006 0.004 
128 TMA-ZAIN-G-    (0)   :  0.022 0.014 0.006 0.003 0.927 0.004 0.010 0.008 0.006 
129 TMA-ZAIN-G-    (0)   :  0.006 0.007 0.004 0.003 0.944 0.007 0.014 0.007 0.007 
130 TMA-ZAIN-G-    (0)   :  0.008 0.019 0.005 0.003 0.852 0.007 0.058 0.007 0.040 
131 TMA-ZAIN-G-    (0)   :  0.004 0.009 0.006 0.003 0.950 0.004 0.014 0.005 0.005 
132 TMA-ZAIN-G-    (0)   :  0.044 0.023 0.005 0.002 0.865 0.004 0.014 0.015 0.029 
133 TMA-ZAIN-G-    (0)   :  0.073 0.054 0.014 0.012 0.650 0.003 0.097 0.063 0.034 
134 TMA-ZAIN-G-    (0)   :  0.065 0.070 0.007 0.009 0.487 0.003 0.258 0.067 0.033 
135 TMA-ZAIN-G-    (0)   :  0.026 0.484 0.004 0.006 0.266 0.004 0.019 0.174 0.015 
136 TMA-ZAIN-G-    (0)   :  0.630 0.186 0.005 0.005 0.086 0.007 0.007 0.060 0.014 
137 TMA-ZAIN-G-    (0)   :  0.007 0.785 0.006 0.008 0.071 0.006 0.005 0.103 0.009 
138 TMA-ZAIN-G-    (0)   :  0.013 0.329 0.003 0.003 0.591 0.004 0.025 0.021 0.012 
139 TMA-ZAIN-G-    (0)   :  0.014 0.441 0.004 0.005 0.413 0.005 0.017 0.043 0.058 
140 TMA-ZAIN-G-    (0)   :  0.010 0.718 0.006 0.004 0.114 0.003 0.006 0.134 0.004 
141 TMA-ZAIN-G-    (0)   :  0.007 0.395 0.006 0.004 0.089 0.006 0.024 0.461 0.008 
142 TMA-ZAIN-G-    (9)   :  0.012 0.739 0.004 0.003 0.043 0.003 0.007 0.183 0.005 
143 TMA-ZAIN-G-    (0)   :  0.014 0.632 0.005 0.003 0.260 0.004 0.010 0.065 0.005 
144 TMA-ZAIN-G-    (0)   :  0.006 0.790 0.010 0.005 0.131 0.003 0.013 0.019 0.022 
145 TMA-ZAIN-G-    (0)   :  0.303 0.488 0.005 0.002 0.051 0.003 0.008 0.126 0.013 
146 TMA-ZAIN-G-    (0)   :  0.006 0.261 0.003 0.003 0.007 0.004 0.006 0.708 0.004 
147 TMA-ZAIN-G-    (9)   :  0.012 0.393 0.004 0.003 0.012 0.003 0.007 0.561 0.005 
148 TMA-ZAIN-G-    (0)   :  0.005 0.296 0.003 0.003 0.097 0.003 0.118 0.444 0.029 
149 TMA-ZAIN-G-    (0)   :  0.008 0.429 0.013 0.016 0.142 0.025 0.032 0.238 0.096 
150 TMA-ZAIN-G-    (0)   :  0.040 0.638 0.013 0.017 0.027 0.023 0.017 0.142 0.084 
151 TMA-ZAIN-G-    (0)   :  0.010 0.906 0.004 0.002 0.045 0.003 0.016 0.010 0.004 
152 TMA-ZAIN-G-    (0)   :  0.006 0.961 0.003 0.002 0.007 0.004 0.007 0.006 0.004 
153 TMA-ZAIN-G-    (0)   :  0.016 0.832 0.003 0.003 0.087 0.003 0.027 0.020 0.010 
154 TMA-ZAIN-G-    (0)   :  0.005 0.961 0.003 0.002 0.009 0.003 0.005 0.007 0.005 
155 TMA-ZAIN-G-    (0)   :  0.008 0.942 0.004 0.003 0.012 0.005 0.006 0.017 0.003 
156 TMA-ZAIN-G-    (9)   :  0.004 0.876 0.004 0.003 0.051 0.007 0.040 0.007 0.009 
157 TMA-ZAIN-G-    (0)   :  0.006 0.798 0.004 0.003 0.061 0.005 0.100 0.016 0.007 
158 TMA-ZAIN-G-    (0)   :  0.004 0.944 0.005 0.003 0.010 0.004 0.004 0.022 0.004 
159 TMA-ZAIN-G-    (0)   :  0.010 0.758 0.003 0.002 0.009 0.004 0.004 0.204 0.005 
160 TMA-ZAIN-G-    (0)   :  0.016 0.837 0.003 0.002 0.006 0.005 0.004 0.119 0.007 
161 TMA-ZAIN-G-    (0)   :  0.006 0.792 0.005 0.003 0.115 0.003 0.022 0.035 0.017 
162 TMA-ZAIN-G-    (0)   :  0.006 0.904 0.008 0.015 0.013 0.024 0.004 0.012 0.014 
163 TMA-ZAIN-G-    (0)   :  0.004 0.968 0.003 0.002 0.006 0.003 0.003 0.007 0.003 
164 TMA-ZAIN-G-    (0)   :  0.006 0.955 0.004 0.003 0.007 0.004 0.004 0.011 0.006 
165 TMA-ZAIN-G-    (0)   :  0.006 0.952 0.003 0.003 0.009 0.004 0.003 0.017 0.003 
166 TMA-ZAIN-G-    (0)   :  0.011 0.684 0.004 0.002 0.086 0.003 0.005 0.195 0.009 
167 TMA-ZAIN-G-    (0)   :  0.005 0.140 0.006 0.005 0.041 0.005 0.008 0.785 0.005 
168 TMA-ZAIN-G-    (0)   :  0.012 0.021 0.005 0.003 0.011 0.006 0.032 0.906 0.004 
169 TMA-ZAIN-G-    (0)   :  0.084 0.030 0.003 0.003 0.007 0.003 0.005 0.860 0.006 
170 TMA-ZAIN-G-    (0)   :  0.020 0.072 0.019 0.009 0.132 0.015 0.110 0.620 0.004 
171 TMA-ZAIN-G-    (0)   :  0.015 0.018 0.003 0.003 0.005 0.003 0.004 0.945 0.004 
172 TMA-ZAIN-G-    (0)   :  0.005 0.057 0.006 0.004 0.789 0.004 0.022 0.108 0.004 
173 TMA-ZAIN-G-    (0)   :  0.006 0.030 0.008 0.004 0.868 0.004 0.020 0.056 0.005 
174 TMA-ZAIN-G-    (0)   :  0.052 0.095 0.004 0.003 0.696 0.003 0.006 0.133 0.009 
175 TMA-ZAIN-G-    (0)   :  0.008 0.042 0.003 0.003 0.007 0.004 0.004 0.924 0.004 
176 TMA-ZAIN-G-    (0)   :  0.006 0.072 0.004 0.003 0.009 0.003 0.005 0.894 0.004 
177 TMA-ZAIN-G-    (0)   :  0.004 0.179 0.005 0.003 0.025 0.005 0.032 0.745 0.004 
178 TMA-ZAIN-G-    (0)   :  0.005 0.217 0.007 0.004 0.437 0.005 0.085 0.234 0.005 
179 TMA-ZAIN-G-    (0)   :  0.009 0.348 0.005 0.003 0.124 0.003 0.037 0.466 0.005 
180 TMA-ZAIN-G-    (0)   :  0.067 0.038 0.008 0.007 0.826 0.004 0.020 0.012 0.019 
181 TMA-ZAIN-G-    (0)   :  0.007 0.050 0.004 0.003 0.738 0.005 0.173 0.016 0.005 
182 TMA-ZAIN-G-    (0)   :  0.003 0.045 0.004 0.003 0.771 0.007 0.150 0.010 0.006 
183 TMA-ZAIN-G-    (0)   :  0.006 0.030 0.004 0.003 0.677 0.005 0.248 0.022 0.004 
184 TMA-ZAIN-G-    (0)   :  0.009 0.060 0.013 0.016 0.793 0.035 0.036 0.014 0.023 
185 TMA-ZAIN-G-    (0)   :  0.006 0.013 0.021 0.024 0.885 0.016 0.005 0.008 0.023 
186 TMA-ZAIN-G-    (9)   :  0.006 0.014 0.008 0.005 0.942 0.003 0.005 0.012 0.005 
187 TMA-ZAIN-G-    (0)   :  0.014 0.025 0.005 0.003 0.887 0.004 0.021 0.037 0.003 
188 TMA-ZAIN-G-    (0)   :  0.015 0.013 0.004 0.003 0.910 0.003 0.010 0.039 0.004 
189 TMA-ZAIN-G-    (0)   :  0.012 0.007 0.003 0.003 0.953 0.002 0.011 0.006 0.003 
190 TMA-ZAIN-G-    (0)   :  0.024 0.023 0.009 0.003 0.761 0.003 0.088 0.084 0.005 
191 TMA-ZAIN-G-    (0)   :  0.005 0.008 0.010 0.022 0.908 0.015 0.006 0.014 0.012 
192 TMA-ZAIN-G-    (0)   :  0.005 0.008 0.005 0.009 0.928 0.004 0.022 0.014 0.006 
193 TMA-ZAIN-G-    (0)   :  0.004 0.003 0.003 0.002 0.005 0.003 0.972 0.003 0.004 
194 TMA-ZAIN-G-    (0)   :  0.011 0.005 0.012 0.006 0.043 0.003 0.900 0.008 0.012 
195 TMA-ZAIN-G-    (0)   :  0.033 0.016 0.008 0.003 0.066 0.003 0.824 0.042 0.006 
196 TMA-ZAIN-G-    (0)   :  0.009 0.006 0.004 0.003 0.013 0.003 0.952 0.005 0.005 
197 TMA-ZAIN-G-    (0)   :  0.009 0.007 0.004 0.003 0.010 0.003 0.949 0.009 0.006 
198 TMA-ZAIN-G-    (0)   :  0.006 0.010 0.003 0.003 0.011 0.003 0.951 0.008 0.004 
199 TMA-ZAIN-G-    (0)   :  0.005 0.013 0.007 0.004 0.947 0.003 0.007 0.009 0.005 
200 TMA-ZAIN-G-    (0)   :  0.003 0.003 0.035 0.884 0.005 0.016 0.047 0.003 0.004 
201 TMA-ZAIN-G-    (0)   :  0.005 0.004 0.012 0.958 0.003 0.006 0.003 0.005 0.004 
202 TMA-ZAIN-G-    (0)   :  0.004 0.006 0.013 0.908 0.009 0.015 0.039 0.004 0.003 
203 TMA-ZAIN-G-    (0)   :  0.004 0.030 0.005 0.003 0.051 0.022 0.863 0.017 0.006 
204 TMA-ZAIN-G-    (9)   :  0.014 0.006 0.019 0.881 0.008 0.006 0.008 0.023 0.035 
205 TMA-ZAIN-G-    (0)   :  0.007 0.111 0.023 0.790 0.009 0.007 0.007 0.030 0.017 
206 TMA-ZAIN-G-    (9)   :  0.012 0.013 0.034 0.802 0.021 0.015 0.061 0.016 0.025 
207 TMA-ZAIN-G-    (9)   :  0.059 0.641 0.055 0.013 0.035 0.014 0.011 0.044 0.127 
208 TMA-ZAIN-G-    (0)   :  0.038 0.823 0.005 0.003 0.027 0.003 0.004 0.095 0.003 
209 TMA-ZAIN-G-    (0)   :  0.017 0.118 0.004 0.003 0.375 0.004 0.283 0.154 0.045 
210 TMA-ZAIN-G-    (0)   :  0.110 0.118 0.006 0.003 0.200 0.004 0.410 0.132 0.017 
211 TMA-ZAIN-G-    (0)   :  0.032 0.068 0.029 0.024 0.570 0.012 0.101 0.148 0.015 
212 TMA-ZAIN-G-    (0)   :  0.018 0.374 0.006 0.005 0.527 0.004 0.025 0.031 0.012 
213 TMA-ZAIN-G-    (0)   :  0.008 0.336 0.005 0.004 0.540 0.003 0.032 0.065 0.008 
214 TMA-ZAIN-G-    (0)   :  0.053 0.157 0.005 0.003 0.661 0.003 0.032 0.078 0.007 
215 TMA-ZAIN-G-    (0)   :  0.006 0.053 0.196 0.012 0.358 0.004 0.006 0.363 0.003 
216 TMA-ZAIN-G-    (0)   :  0.005 0.025 0.006 0.004 0.925 0.003 0.010 0.015 0.007 
217 TMA-ZAIN-G-    (0)   :  0.131 0.093 0.004 0.003 0.432 0.003 0.096 0.229 0.009 
218 TMA-ZAIN-G-    (0)   :  0.012 0.004 0.951 0.004 0.008 0.005 0.004 0.008 0.004 
219 TMA-ZAIN-G-    (0)   :  0.004 0.004 0.952 0.012 0.006 0.005 0.004 0.004 0.010 
220 TMA-ZAIN-G-    (0)   :  0.014 0.028 0.852 0.004 0.008 0.067 0.007 0.011 0.010 
221 TMA-ZAIN-G-    (0)   :  0.007 0.011 0.907 0.019 0.025 0.005 0.007 0.011 0.008 
222 TMA-ZAIN-G-    (0)   :  0.014 0.018 0.882 0.011 0.010 0.032 0.006 0.009 0.019 
223 TMA-ZAIN-G-    (0)   :  0.004 0.004 0.959 0.010 0.004 0.008 0.003 0.003 0.005 
224 TMA-ZAIN-G-    (0)   :  0.005 0.005 0.909 0.016 0.018 0.017 0.008 0.006 0.016 
225 TMA-ZAIN-G-    (0)   :  0.002 0.004 0.949 0.010 0.005 0.011 0.011 0.004 0.005 
226 TMA-ZAIN-G-    (0)   :  0.005 0.008 0.922 0.011 0.007 0.016 0.018 0.007 0.006 
227 TMA-ZAIN-G-    (0)   :  0.004 0.008 0.910 0.025 0.009 0.011 0.020 0.008 0.005 
228 TMA-ZAIN-G-    (0)   :  0.007 0.014 0.896 0.014 0.009 0.020 0.007 0.025 0.007 
229 TMA-ZAIN-G-    (0)   :  0.012 0.003 0.872 0.069 0.003 0.027 0.003 0.005 0.007 
230 TMA-ZAIN-G-    (0)   :  0.018 0.011 0.677 0.011 0.052 0.058 0.025 0.090 0.057 
231 TMA-ZAIN-G-    (0)   :  0.013 0.064 0.139 0.562 0.012 0.138 0.010 0.035 0.026 
232 TMA-ZAIN-G-    (9)   :  0.055 0.013 0.056 0.504 0.042 0.287 0.012 0.016 0.014 
233 TMA-ZAIN-G-    (0)   :  0.046 0.008 0.855 0.025 0.011 0.006 0.009 0.024 0.016 
234 TMA-ZAIN-G-    (0)   :  0.007 0.011 0.583 0.053 0.004 0.300 0.012 0.006 0.024 
235 TMA-ZAIN-G-    (0)   :  0.005 0.015 0.701 0.024 0.027 0.148 0.025 0.043 0.012 
236 TMA-ZAIN-G-    (0)   :  0.008 0.014 0.764 0.071 0.012 0.080 0.028 0.015 0.008 
237 TMA-ZAIN-G-    (0)   :  0.016 0.032 0.356 0.012 0.030 0.241 0.013 0.282 0.018 
238 TMA-ZAIN-G-    (0)   :  0.005 0.027 0.817 0.032 0.021 0.056 0.007 0.030 0.005 
239 TMA-ZAIN-G-    (0)   :  0.018 0.004 0.005 0.758 0.032 0.005 0.144 0.004 0.031 
240 TMA-ZAIN-G-    (0)   :  0.003 0.003 0.004 0.968 0.003 0.004 0.004 0.005 0.007 
241 TMA-ZAIN-G-    (0)   :  0.005 0.006 0.004 0.956 0.005 0.004 0.004 0.012 0.005 
242 TMA-ZAIN-G-    (0)   :  0.005 0.007 0.004 0.963 0.005 0.004 0.003 0.006 0.004 
243 TMA-ZAIN-G-    (0)   :  0.008 0.009 0.004 0.947 0.006 0.003 0.004 0.014 0.005 
244 TMA-ZAIN-G-    (0)   :  0.009 0.016 0.004 0.938 0.007 0.004 0.003 0.016 0.004 
245 TMA-ZAIN-G-    (9)   :  0.002 0.004 0.003 0.974 0.003 0.004 0.003 0.004 0.003 
246 TMA-ZAIN-G-    (0)   :  0.003 0.003 0.004 0.975 0.003 0.002 0.003 0.003 0.004 
247 TMA-ZAIN-G-    (0)   :  0.006 0.004 0.004 0.969 0.004 0.002 0.002 0.004 0.004 
248 TMA-ZAIN-G-    (0)   :  0.005 0.007 0.006 0.951 0.007 0.004 0.009 0.007 0.004 
249 TMA-ZAIN-G-    (0)   :  0.003 0.003 0.005 0.967 0.005 0.003 0.007 0.003 0.003 
250 TMA-ZAIN-G-    (0)   :  0.006 0.003 0.005 0.967 0.005 0.003 0.004 0.003 0.004 
251 TMA-ZAIN-G-    (0)   :  0.004 0.004 0.005 0.003 0.005 0.005 0.006 0.003 0.965 
252 TMA-ZAIN-G-    (0)   :  0.036 0.035 0.006 0.003 0.008 0.004 0.006 0.035 0.867 
253 TMA-ZAIN-G-    (0)   :  0.007 0.009 0.003 0.004 0.005 0.005 0.005 0.004 0.960 
254 TMA-ZAIN-G-    (9)   :  0.013 0.033 0.005 0.003 0.008 0.007 0.005 0.009 0.916 
255 TMA-ZAIN-G-    (0)   :  0.008 0.008 0.004 0.018 0.004 0.012 0.005 0.004 0.938 
256 TMA-ZAIN-G-    (0)   :  0.005 0.007 0.004 0.007 0.006 0.006 0.018 0.006 0.941 
257 TMA-ZAIN-G-    (0)   :  0.003 0.003 0.003 0.003 0.004 0.004 0.013 0.003 0.964 
258 TMA-ZAIN-G-    (0)   :  0.005 0.004 0.003 0.003 0.003 0.004 0.005 0.003 0.971 
259 TMA-ZAIN-G-    (0)   :  0.005 0.003 0.004 0.005 0.004 0.003 0.005 0.003 0.967 
260 TMA-ZAIN-G-    (0)   :  0.008 0.004 0.004 0.004 0.004 0.004 0.006 0.004 0.963 
261 TMA-ZAIN-G-   (18)   :  0.011 0.005 0.006 0.004 0.007 0.004 0.008 0.005 0.949 
262 TMA-ZAIN-G-    (0)   :  0.003 0.003 0.004 0.003 0.004 0.004 0.006 0.003 0.971 
263 TMA-ZAIN-G-    (0)   :  0.004 0.005 0.004 0.003 0.004 0.006 0.005 0.003 0.967 
264 TMA-ZAIN-G-    (0)   :  0.005 0.005 0.004 0.003 0.004 0.008 0.005 0.004 0.962 
265 TMA-ZAIN-G-    (0)   :  0.036 0.025 0.195 0.021 0.027 0.016 0.013 0.023 0.645 
266 TMA-ZAIN-G-    (0)   :  0.024 0.036 0.026 0.008 0.098 0.016 0.055 0.015 0.722 
267 TMA-ZAIN-G-    (0)   :  0.014 0.010 0.060 0.284 0.010 0.019 0.007 0.023 0.574 
268 TMA-ZAIN-G-    (0)   :  0.004 0.004 0.007 0.904 0.003 0.064 0.003 0.004 0.006 
269 TMA-ZAIN-G-    (0)   :  0.005 0.006 0.033 0.692 0.006 0.237 0.004 0.008 0.008 
270 TMA-ZAIN-G-    (0)   :  0.005 0.006 0.020 0.869 0.005 0.073 0.004 0.007 0.011 
271 TMA-ZAIN-G-    (0)   :  0.003 0.005 0.009 0.937 0.004 0.027 0.003 0.005 0.007 
272 TMA-ZAIN-G-    (0)   :  0.003 0.005 0.040 0.907 0.005 0.026 0.004 0.005 0.005 
273 TMA-ZAIN-G-    (0)   :  0.002 0.003 0.012 0.953 0.003 0.017 0.003 0.003 0.004 
274 TMA-ZAIN-G-    (0)   :  0.010 0.009 0.018 0.842 0.021 0.026 0.048 0.015 0.011 
275 TMA-ZAIN-G-    (0)   :  0.002 0.004 0.007 0.967 0.004 0.007 0.003 0.003 0.003 
276 TMA-ZAIN-G-    (0)   :  0.003 0.004 0.005 0.968 0.003 0.008 0.003 0.004 0.003 
277 TMA-ZAIN-G-    (0)   :  0.005 0.004 0.005 0.957 0.003 0.010 0.005 0.005 0.006 
278 TMA-ZAIN-G-    (0)   :  0.003 0.003 0.007 0.967 0.003 0.005 0.003 0.003 0.005 
279 TMA-ZAIN-G-    (0)   :  0.003 0.004 0.016 0.947 0.006 0.012 0.005 0.004 0.004 
280 TMA-ZAIN-G-    (0)   :  0.002 0.006 0.050 0.821 0.009 0.094 0.009 0.005 0.004 
281 TMA-ZAIN-G-    (0)   :  0.003 0.004 0.013 0.923 0.005 0.037 0.006 0.004 0.005 
282 TMA-ZAIN-G-    (9)   :  0.003 0.003 0.007 0.960 0.003 0.013 0.003 0.003 0.005 
283 TMA-ZAIN-G-    (0)   :  0.007 0.016 0.084 0.634 0.013 0.087 0.004 0.011 0.144 
284 TMA-ZAIN-G-    (0)   :  0.004 0.021 0.149 0.461 0.013 0.168 0.006 0.009 0.169 
285 TMA-ZAIN-G-    (0)   :  0.027 0.015 0.021 0.814 0.022 0.036 0.010 0.024 0.032 
286 TMA-ZAIN-G-    (0)   :  0.003 0.004 0.009 0.930 0.004 0.035 0.003 0.004 0.009 
287 TMA-ZAIN-G-    (0)   :  0.010 0.005 0.008 0.912 0.011 0.025 0.013 0.010 0.005 
288 TMA-ZAIN-G-    (0)   :  0.011 0.015 0.143 0.603 0.047 0.078 0.066 0.025 0.012 
289 TMA-ZAIN-G-    (0)   :  0.015 0.007 0.016 0.867 0.016 0.023 0.028 0.017 0.011 
290 TMA-ZAIN-G-    (0)   :  0.003 0.010 0.073 0.452 0.011 0.425 0.010 0.006 0.009 
291 TMA-ZAIN-G-    (0)   :  0.004 0.004 0.948 0.014 0.005 0.010 0.005 0.004 0.007 
292 TMA-ZAIN-G-    (0)   :  0.007 0.155 0.018 0.012 0.093 0.010 0.025 0.675 0.005 
293 TMA-ZAIN-G-    (0)   :  0.023 0.629 0.015 0.014 0.108 0.005 0.027 0.152 0.027 
294 TMA-ZAIN-G-    (0)   :  0.010 0.129 0.004 0.004 0.012 0.003 0.005 0.825 0.007 
295 TMA-ZAIN-G-    (9)   :  0.014 0.149 0.011 0.007 0.017 0.004 0.005 0.784 0.008 
296 TMA-ZAIN-G-    (0)   :  0.007 0.604 0.013 0.006 0.065 0.012 0.044 0.236 0.012 
297 TMA-ZAIN-G-    (0)   :  0.027 0.636 0.009 0.006 0.075 0.006 0.122 0.094 0.026 
298 TMA-ZAIN-G-    (0)   :  0.008 0.051 0.015 0.020 0.013 0.013 0.004 0.833 0.044 
299 TMA-ZAIN-G-    (0)   :  0.008 0.011 0.004 0.004 0.006 0.004 0.004 0.955 0.003 
300 TMA-ZAIN-G-    (0)   :  0.033 0.027 0.008 0.006 0.037 0.003 0.007 0.872 0.007 
301 TMA-ZAIN-G-    (0)   :  0.031 0.046 0.008 0.007 0.081 0.005 0.039 0.778 0.006 
302 TMA-ZAIN-G-    (9)   :  0.007 0.202 0.006 0.004 0.052 0.004 0.017 0.704 0.006 
303 TMA-ZAIN-G-    (0)   :  0.002 0.004 0.780 0.007 0.028 0.019 0.124 0.004 0.033 
304 TMA-ZAIN-G-    (0)   :  0.149 0.086 0.009 0.011 0.110 0.018 0.041 0.016 0.560 
305 TMA-ZAIN-G-    (0)   :  0.019 0.672 0.006 0.004 0.052 0.004 0.013 0.221 0.009 
306 TMA-ZAIN-G-    (0)   :  0.017 0.272 0.011 0.031 0.054 0.108 0.024 0.098 0.385 
307 TMA-ZAIN-G-    (0)   :  0.340 0.089 0.006 0.013 0.107 0.013 0.018 0.016 0.398 
308 TMA-ZAIN-G-    (0)   :  0.015 0.004 0.115 0.020 0.008 0.033 0.014 0.005 0.786 
309 TMA-ZAIN-G-    (0)   :  0.007 0.011 0.004 0.003 0.925 0.004 0.024 0.019 0.004 
310 TMA-ZAIN-G-    (0)   :  0.011 0.125 0.016 0.026 0.072 0.007 0.004 0.722 0.018 
311 TMA-ZAIN-G-    (0)   :  0.007 0.519 0.028 0.009 0.122 0.044 0.020 0.185 0.066 
312 TMA-ZAIN-G-    (0)   :  0.010 0.044 0.022 0.005 0.828 0.005 0.021 0.058 0.008 
313 TMA-ZAIN-G-    (0)   :  0.032 0.059 0.006 0.005 0.066 0.011 0.020 0.136 0.665 
314 TMA-ZAIN-G-    (0)   :  0.013 0.009 0.321 0.237 0.029 0.348 0.017 0.009 0.017 
315 TMA-ZAIN-G-    (0)   :  0.048 0.105 0.036 0.396 0.064 0.006 0.008 0.321 0.016 
316 TMA-ZAIN-G-    (0)   :  0.054 0.095 0.084 0.400 0.059 0.011 0.007 0.272 0.018 
317 TMA-ZAIN-G-    (0)   :  0.004 0.005 0.888 0.020 0.006 0.040 0.007 0.017 0.013 
318 TMA-ZAIN-G-    (9)   :  0.009 0.006 0.141 0.423 0.006 0.338 0.010 0.016 0.052 
319 TMA-ZAIN-G-    (0)   :  0.004 0.005 0.330 0.152 0.007 0.022 0.467 0.005 0.009 
320 TMA-ZAIN-G-    (0)   :  0.016 0.061 0.402 0.008 0.040 0.006 0.010 0.451 0.005 
321 TMA-ZAIN-G-    (0)   :  0.020 0.121 0.106 0.111 0.481 0.066 0.006 0.076 0.012 
322 TMA-ZAIN-G-    (0)   :  0.036 0.181 0.421 0.008 0.156 0.062 0.008 0.068 0.060 
323 TMA-ZAIN-G-    (0)   :  0.018 0.007 0.851 0.015 0.027 0.007 0.055 0.006 0.014 
324 TMA-ZAIN-G-    (0)   :  0.012 0.894 0.008 0.004 0.018 0.006 0.031 0.009 0.017 
325 TMA-ZAIN-G-    (0)   :  0.006 0.012 0.890 0.050 0.014 0.004 0.006 0.011 0.007 
326 TMA-ZAIN-G-    (0)   :  0.005 0.012 0.575 0.004 0.017 0.003 0.363 0.006 0.017 
327 TMA-ZAIN-G-    (0)   :  0.031 0.007 0.005 0.003 0.050 0.003 0.879 0.009 0.013 
328 TMA-ZAIN-G-    (0)   :  0.257 0.025 0.177 0.087 0.061 0.288 0.072 0.012 0.021 
329 TMA-ZAIN-G-    (0)   :  0.073 0.047 0.013 0.007 0.390 0.004 0.042 0.395 0.029 
330 TMA-ZAIN-G-    (0)   :  0.056 0.025 0.008 0.003 0.769 0.004 0.020 0.079 0.036 
331 TMA-ZAIN-G-    (0)   :  0.006 0.017 0.041 0.071 0.552 0.021 0.008 0.155 0.128 
332 TMA-ZAIN-G-    (0)   :  0.011 0.033 0.004 0.002 0.620 0.003 0.310 0.012 0.005 
333 TMA-ZAIN-G-    (0)   :  0.003 0.003 0.003 0.002 0.010 0.003 0.968 0.004 0.004 
334 TMA-ZAIN-G-    (0)   :  0.003 0.004 0.012 0.951 0.004 0.012 0.003 0.004 0.007 
335 TMA-ZAIN-G-    (0)   :  0.006 0.005 0.005 0.965 0.004 0.003 0.003 0.005 0.005 
336 TMA-ZAIN-G-    (0)   :  0.007 0.008 0.016 0.919 0.008 0.013 0.005 0.011 0.013 
337 TMA-ZAIN-G-    (9)   :  0.004 0.007 0.036 0.858 0.005 0.073 0.004 0.006 0.007 
338 TMA-ZAIN-G-    (0)   :  0.003 0.004 0.009 0.934 0.003 0.032 0.003 0.004 0.007 
339 TMA-ZAIN-G-    (0)   :  0.002 0.002 0.005 0.968 0.002 0.013 0.002 0.002 0.004 
340 TMA-ZAIN-G-    (0)   :  0.003 0.003 0.005 0.971 0.003 0.006 0.002 0.003 0.003 
341 TMA-ZAIN-G-    (0)   :  0.004 0.005 0.004 0.961 0.005 0.010 0.003 0.004 0.003 
342 TMA-ZAIN-G-    (0)   :  0.004 0.005 0.008 0.958 0.005 0.008 0.003 0.005 0.005 
343 TMA-ZAIN-G-    (0)   :  0.002 0.003 0.007 0.947 0.004 0.027 0.003 0.003 0.003 
344 TMA-ZAIN-G-    (0)   :  0.003 0.005 0.013 0.951 0.006 0.007 0.006 0.004 0.005 
345 TMA-ZAIN-G-    (0)   :  0.003 0.003 0.004 0.972 0.003 0.005 0.003 0.003 0.004 
346 TMA-ZAIN-G-    (0)   :  0.003 0.005 0.015 0.917 0.012 0.026 0.012 0.006 0.005 
347 TMA-ZAIN-G-    (9)   :  0.003 0.003 0.007 0.967 0.003 0.008 0.003 0.003 0.004 
348 TMA-ZAIN-G-    (0)   :  0.004 0.005 0.018 0.927 0.005 0.020 0.005 0.006 0.010 
349 TMA-ZAIN-G-    (0)   :  0.003 0.004 0.007 0.955 0.003 0.014 0.004 0.005 0.005 
350 TMA-ZAIN-G-    (0)   :  0.005 0.008 0.058 0.873 0.009 0.028 0.008 0.007 0.005 
351 TMA-ZAIN-G-    (0)   :  0.004 0.003 0.006 0.963 0.003 0.007 0.004 0.004 0.005 
352 TMA-ZAIN-G-    (0)   :  0.007 0.008 0.007 0.945 0.006 0.008 0.004 0.009 0.007 
353 TMA-ZAIN-G-    (0)   :  0.003 0.008 0.027 0.887 0.011 0.040 0.013 0.006 0.005 
354 TMA-ZAIN-G-    (0)   :  0.002 0.007 0.011 0.952 0.008 0.007 0.005 0.004 0.003 
355 TMA-ZAIN-G-    (0)   :  0.004 0.011 0.008 0.935 0.012 0.012 0.007 0.007 0.004 
356 TMA-ZAIN-G-    (0)   :  0.041 0.918 0.011 0.002 0.004 0.003 0.002 0.007 0.012 
357 TMA-ZAIN-G-    (0)   :  0.063 0.403 0.009 0.004 0.131 0.008 0.307 0.063 0.012 
358 TMA-ZAIN-G-    (0)   :  0.124 0.111 0.033 0.023 0.504 0.051 0.018 0.112 0.024 
359 TMA-ZAIN-G-    (0)   :  0.330 0.371 0.061 0.029 0.012 0.011 0.004 0.078 0.103 
360 TMA-ZAIN-G-    (0)   :  0.017 0.790 0.006 0.005 0.026 0.003 0.003 0.143 0.007 
361 TMA-ZAIN-G-    (0)   :  0.020 0.106 0.008 0.004 0.777 0.009 0.024 0.042 0.010 
362 TMA-ZAIN-G-    (0)   :  0.009 0.851 0.020 0.060 0.008 0.007 0.003 0.038 0.005 
363 TMA-ZAIN-G-    (0)   :  0.019 0.087 0.034 0.009 0.384 0.005 0.056 0.388 0.018 
364 TMA-ZAIN-G-    (0)   :  0.015 0.014 0.620 0.015 0.018 0.249 0.012 0.037 0.020 
365 TMA-ZAIN-G-    (0)   :  0.039 0.535 0.062 0.160 0.119 0.010 0.004 0.066 0.005 
366 TMA-ZAIN-G-    (0)   :  0.094 0.162 0.004 0.006 0.017 0.004 0.003 0.688 0.021 
367 TMA-ZAIN-G-    (0)   :  0.007 0.069 0.024 0.006 0.687 0.095 0.033 0.021 0.058 
368 TMA-ZAIN-G-    (0)   :  0.065 0.029 0.005 0.004 0.021 0.004 0.006 0.854 0.011 
369 TMA-ZAIN-G-    (0)   :  0.027 0.013 0.005 0.003 0.916 0.003 0.017 0.012 0.004 
370 TMA-ZAIN-G-    (0)   :  0.009 0.014 0.005 0.003 0.898 0.005 0.016 0.046 0.004 
371 TMA-ZAIN-G-    (0)   :  0.031 0.748 0.005 0.003 0.011 0.005 0.009 0.183 0.006 
372 TMA-ZAIN-G-    (0)   :  0.029 0.593 0.004 0.003 0.189 0.004 0.005 0.164 0.007 
373 TMA-ZAIN-G-    (0)   :  0.006 0.006 0.007 0.004 0.474 0.003 0.488 0.006 0.006 
374 TMA-ZAIN-G-    (0)   :  0.008 0.058 0.059 0.009 0.240 0.310 0.131 0.023 0.162 
375 TMA-ZAIN-G-    (0)   :  0.009 0.026 0.603 0.011 0.225 0.055 0.042 0.021 0.008 
376 TMA-ZAIN-G-    (9)   :  0.004 0.876 0.004 0.003 0.045 0.004 0.005 0.056 0.003 
377 TMA-ZAIN-G-    (0)   :  0.024 0.741 0.003 0.002 0.033 0.003 0.006 0.184 0.005 
378 TMA-ZAIN-G-    (0)   :  0.015 0.929 0.003 0.002 0.015 0.003 0.008 0.022 0.004 
379 TMA-ZAIN-G-    (0)   :  0.011 0.941 0.003 0.002 0.010 0.003 0.014 0.007 0.009 
380 TMA-ZAIN-G-    (0)   :  0.055 0.043 0.005 0.003 0.068 0.003 0.009 0.806 0.007 
381 TMA-ZAIN-G-    (9)   :  0.097 0.041 0.562 0.010 0.034 0.009 0.016 0.150 0.082 
382 TMA-ZAIN-G-    (9)   :  0.004 0.005 0.202 0.065 0.017 0.677 0.010 0.011 0.011 
383    ZFB01    (0)   :  0.004 0.006 0.004 0.009 0.004 0.963 0.003 0.005 0.004 
384    ZFB02    (0)   :  0.003 0.004 0.005 0.036 0.003 0.936 0.002 0.003 0.009 
385    ZFB03    (0)   :  0.003 0.006 0.007 0.005 0.005 0.957 0.009 0.005 0.005 
386    ZFB04    (0)   :  0.003 0.006 0.005 0.039 0.004 0.930 0.002 0.004 0.007 
387    ZFB05    (0)   :  0.012 0.004 0.036 0.107 0.006 0.803 0.013 0.003 0.016 
388    ZFB06    (0)   :  0.013 0.004 0.032 0.052 0.007 0.870 0.012 0.003 0.007 
389    ZFB07    (9)   :  0.004 0.009 0.010 0.010 0.007 0.942 0.005 0.008 0.005 
390    ZFB08    (0)   :  0.006 0.008 0.009 0.006 0.007 0.945 0.005 0.007 0.006 
391    ZFB09    (0)   :  0.003 0.004 0.004 0.005 0.003 0.971 0.003 0.003 0.004 
392    ZFB10    (0)   :  0.007 0.029 0.005 0.012 0.010 0.914 0.002 0.015 0.006 
393    ZFB11    (0)   :  0.004 0.012 0.004 0.019 0.005 0.934 0.003 0.012 0.008 
394    ZFB12    (0)   :  0.005 0.009 0.019 0.042 0.008 0.894 0.008 0.011 0.004 
395    ZFB13    (0)   :  0.007 0.010 0.012 0.008 0.008 0.936 0.004 0.010 0.005 
396    ZFB14    (0)   :  0.003 0.006 0.005 0.004 0.004 0.964 0.003 0.006 0.005 
397    ZFB15    (0)   :  0.002 0.003 0.005 0.016 0.003 0.962 0.003 0.003 0.003 
398    ZFB16    (0)   :  0.004 0.008 0.008 0.018 0.006 0.942 0.003 0.007 0.004 
399    ZFB17    (0)   :  0.013 0.016 0.019 0.027 0.013 0.877 0.003 0.009 0.024 
400    ZFB18    (0)   :  0.003 0.005 0.004 0.003 0.003 0.972 0.003 0.004 0.004 
401    ZFB19    (0)   :  0.009 0.042 0.022 0.006 0.021 0.865 0.005 0.025 0.004 
402    ZFB20    (0)   :  0.004 0.008 0.007 0.047 0.006 0.915 0.003 0.006 0.005 
403    ZFB21    (0)   :  0.002 0.003 0.006 0.012 0.003 0.964 0.003 0.003 0.003 
404    ZFB22    (0)   :  0.012 0.013 0.010 0.077 0.013 0.852 0.003 0.010 0.009 
405    ZFB23    (0)   :  0.003 0.010 0.005 0.029 0.006 0.923 0.004 0.012 0.007 
406    ZFB24    (0)   :  0.004 0.009 0.005 0.037 0.005 0.918 0.003 0.012 0.006 
407    ZFB25    (0)   :  0.005 0.037 0.004 0.006 0.011 0.910 0.004 0.019 0.005 
408    ZFB26    (0)   :  0.005 0.024 0.007 0.061 0.012 0.843 0.004 0.033 0.011 
409    ZFB27    (0)   :  0.004 0.010 0.005 0.084 0.006 0.873 0.003 0.011 0.006 
410    ZFB28    (0)   :  0.003 0.008 0.035 0.110 0.008 0.803 0.006 0.012 0.014 
411    ZFB29    (0)   :  0.003 0.004 0.006 0.020 0.003 0.947 0.003 0.006 0.009 
412    ZFB30    (0)   :  0.015 0.007 0.039 0.161 0.010 0.742 0.012 0.008 0.005 
413    ZFB31    (0)   :  0.005 0.019 0.005 0.007 0.009 0.937 0.004 0.011 0.004 
414    ZFB32    (0)   :  0.005 0.015 0.046 0.059 0.014 0.790 0.011 0.022 0.036 
415    ZFB33    (0)   :  0.003 0.004 0.004 0.014 0.003 0.962 0.003 0.004 0.003 
416    ZFB34    (0)   :  0.003 0.004 0.004 0.004 0.003 0.969 0.003 0.004 0.005 
417    ZFB35    (0)   :  0.004 0.009 0.005 0.009 0.006 0.951 0.005 0.007 0.005 
418  ZFBP101    (0)   :  0.053 0.168 0.011 0.008 0.489 0.011 0.018 0.135 0.108 
419  ZFBP102    (0)   :  0.016 0.097 0.011 0.009 0.449 0.014 0.005 0.379 0.020 
420  ZFBP103    (0)   :  0.012 0.144 0.008 0.006 0.617 0.007 0.027 0.030 0.150 
421  ZFBP104    (0)   :  0.009 0.169 0.038 0.015 0.639 0.036 0.010 0.080 0.004 
422  ZFBP105    (0)   :  0.006 0.081 0.005 0.005 0.116 0.006 0.010 0.768 0.004 
423  ZFBP106    (0)   :  0.013 0.280 0.005 0.003 0.074 0.003 0.021 0.592 0.008 
424  ZFBP107    (0)   :  0.005 0.135 0.009 0.011 0.417 0.005 0.017 0.394 0.007 
425  ZFBP108    (0)   :  0.007 0.851 0.003 0.003 0.014 0.003 0.008 0.107 0.004 
426  ZFBP109    (0)   :  0.007 0.309 0.003 0.002 0.030 0.005 0.006 0.634 0.004 
427  ZFBP110    (0)   :  0.006 0.281 0.033 0.007 0.248 0.044 0.115 0.223 0.043 
428  ZFBP111    (0)   :  0.145 0.469 0.005 0.003 0.199 0.003 0.011 0.160 0.005 
429  ZFBP112    (0)   :  0.087 0.731 0.006 0.006 0.050 0.004 0.015 0.081 0.020 
430  ZFBP113    (0)   :  0.005 0.950 0.004 0.004 0.013 0.003 0.004 0.013 0.003 
431  ZFBP114    (0)   :  0.006 0.011 0.005 0.004 0.048 0.003 0.005 0.914 0.004 
432  ZFBP115    (0)   :  0.017 0.028 0.005 0.003 0.840 0.002 0.023 0.074 0.008 
433  ZFBP116    (0)   :  0.007 0.804 0.006 0.004 0.040 0.003 0.007 0.124 0.005 
434  ZFBP117    (0)   :  0.009 0.573 0.004 0.003 0.018 0.003 0.008 0.374 0.008 
435  ZFBP118    (0)   :  0.011 0.138 0.006 0.004 0.081 0.003 0.006 0.746 0.005 
436  ZFBP119    (0)   :  0.024 0.054 0.007 0.003 0.273 0.004 0.020 0.592 0.024 
437  ZFBP120    (0)   :  0.005 0.228 0.006 0.005 0.149 0.006 0.013 0.582 0.005 
438  ZFBP121    (0)   :  0.005 0.124 0.004 0.003 0.017 0.005 0.006 0.826 0.008 
439  ZFBP122    (9)   :  0.016 0.665 0.005 0.003 0.040 0.003 0.007 0.256 0.005 
440  ZFBP123    (0)   :  0.028 0.781 0.006 0.007 0.018 0.004 0.006 0.133 0.018 
441  ZFBP124    (0)   :  0.006 0.095 0.005 0.004 0.021 0.008 0.005 0.850 0.006 
442  ZFBP125    (0)   :  0.021 0.113 0.004 0.002 0.064 0.003 0.010 0.775 0.008 
443  ZFBP126    (0)   :  0.006 0.799 0.021 0.012 0.040 0.011 0.003 0.080 0.027 
444  ZFBP127    (0)   :  0.006 0.419 0.004 0.003 0.097 0.003 0.062 0.391 0.017 
445  ZFBP128    (0)   :  0.045 0.739 0.003 0.003 0.057 0.004 0.020 0.111 0.018 
446  ZFBP129    (0)   :  0.030 0.111 0.004 0.003 0.007 0.007 0.006 0.822 0.010 
447  ZFBP130    (0)   :  0.161 0.073 0.005 0.003 0.127 0.002 0.015 0.582 0.032 
448  ZFBP131    (0)   :  0.007 0.410 0.004 0.004 0.006 0.005 0.003 0.556 0.005 
