

----------------------------------------------------
STRUCTURE by Pritchard, Stephens and Donnelly (2000)
     and Falush, Stephens and Pritchard (2003)
       Code by Pritchard, Falush and Hubisz
             Version 2.3.4 (Jul 2012)
----------------------------------------------------



Command line arguments:   bin\structure -m C:\Users\eschumacher\Documents\GitHub\GCC_QUAC_ZAIN\Data_Files\Structure_Files\ZAIN\ZAIN_rebinned_garden_wild_nopopinfo\50-50\mainparams -e C:\Users\eschumacher\Documents\GitHub\GCC_QUAC_ZAIN\Data_Files\Structure_Files\ZAIN\ZAIN_rebinned_garden_wild_nopopinfo\50-50\extraparams 
Input File:    C:\Users\eschumacher\Documents\GitHub\GCC_QUAC_ZAIN\Data_Files\Structure_Files\ZAIN\ZAIN_rebinned_garden_wild_nopopinfo\project_data

Run parameters:
   1133 individuals
   11 loci
   8 populations assumed
   50000 Burn-in period
   50000 Reps


--------------------------------------------
Overall proportion of membership of the
sample in each of the 8 clusters

Inferred Clusters
  1      2      3      4      5      6      7      8    
0.152  0.132  0.059  0.148  0.151  0.110  0.177  0.071  

--------------------------------------------

Allele-freq. divergence among pops (Net nucleotide distance),
computed using point estimates of P.

      1       2       3       4       5       6       7       8      
 1      -    0.1451  0.3279  0.2171  0.0914  0.1439  0.2181  0.2630  
 2   0.1451     -    0.3507  0.2712  0.1223  0.2129  0.2858  0.3368  
 3   0.3279  0.3507     -    0.1123  0.2112  0.1811  0.1020  0.2583  
 4   0.2171  0.2712  0.1123     -    0.1164  0.1410  0.0404  0.1336  
 5   0.0914  0.1223  0.2112  0.1164     -    0.1011  0.1525  0.1678  
 6   0.1439  0.2129  0.1811  0.1410  0.1011     -    0.1681  0.1576  
 7   0.2181  0.2858  0.1020  0.0404  0.1525  0.1681     -    0.2193  
 8   0.2630  0.3368  0.2583  0.1336  0.1678  0.1576  0.2193     -    

Average distances (expected heterozygosity) between individuals in same cluster:
cluster  1  : 0.4807 
cluster  2  : 0.4229 
cluster  3  : 0.3636 
cluster  4  : 0.4383 
cluster  5  : 0.5523 
cluster  6  : 0.4359 
cluster  7  : 0.4086 
cluster  8  : 0.2763 

--------------------------------------------
Estimated Ln Prob of Data   = -21610.1
Mean value of ln likelihood = -21079.2
Variance of ln likelihood   = 1061.9
Mean value of alpha         = 0.0340

Mean value of Fst_1         = 0.3391
Mean value of Fst_2         = 0.4234
Mean value of Fst_3         = 0.4261
Mean value of Fst_4         = 0.3114
Mean value of Fst_5         = 0.1355
Mean value of Fst_6         = 0.4142
Mean value of Fst_7         = 0.3079
Mean value of Fst_8         = 0.5508


Inferred ancestry of individuals:
        Label (%Miss) :  Inferred clusters
  1 TMA-ZAIN-G-    (9)   :  0.786 0.006 0.012 0.028 0.048 0.015 0.010 0.095 
  2 TMA-ZAIN-G-    (0)   :  0.748 0.006 0.005 0.028 0.021 0.022 0.161 0.010 
  3 TMA-ZAIN-G-    (0)   :  0.008 0.003 0.126 0.624 0.007 0.012 0.190 0.030 
  4 TMA-ZAIN-G-    (0)   :  0.018 0.010 0.048 0.046 0.012 0.733 0.112 0.021 
  5 TMA-ZAIN-G-    (0)   :  0.975 0.005 0.003 0.002 0.004 0.006 0.003 0.002 
  6 TMA-ZAIN-G-    (0)   :  0.081 0.047 0.181 0.309 0.149 0.068 0.141 0.024 
  7 TMA-ZAIN-G-    (0)   :  0.013 0.007 0.009 0.539 0.016 0.027 0.347 0.041 
  8 TMA-ZAIN-G-    (0)   :  0.006 0.003 0.022 0.913 0.005 0.016 0.029 0.007 
  9 TMA-ZAIN-G-    (9)   :  0.007 0.004 0.033 0.748 0.007 0.006 0.187 0.007 
 10 TMA-ZAIN-G-    (0)   :  0.003 0.004 0.034 0.624 0.009 0.011 0.302 0.013 
 11 TMA-ZAIN-G-    (0)   :  0.006 0.006 0.008 0.504 0.007 0.009 0.452 0.008 
 12 TMA-ZAIN-G-    (0)   :  0.005 0.003 0.006 0.031 0.005 0.005 0.931 0.015 
 13 TMA-ZAIN-G-    (9)   :  0.048 0.092 0.020 0.478 0.031 0.025 0.224 0.082 
 14 TMA-ZAIN-G-    (9)   :  0.003 0.009 0.007 0.026 0.008 0.006 0.013 0.927 
 15 TMA-ZAIN-G-    (0)   :  0.003 0.002 0.009 0.027 0.005 0.005 0.006 0.942 
 16 TMA-ZAIN-G-    (0)   :  0.004 0.004 0.005 0.035 0.006 0.004 0.936 0.006 
 17 TMA-ZAIN-G-    (9)   :  0.010 0.011 0.006 0.852 0.033 0.027 0.014 0.047 
 18 TMA-ZAIN-G-    (0)   :  0.771 0.006 0.009 0.014 0.127 0.049 0.009 0.016 
 19 TMA-ZAIN-G-    (0)   :  0.013 0.011 0.005 0.030 0.908 0.007 0.014 0.013 
 20 TMA-ZAIN-G-    (0)   :  0.039 0.088 0.004 0.003 0.839 0.021 0.003 0.004 
 21 TMA-ZAIN-G-    (0)   :  0.003 0.971 0.005 0.005 0.005 0.005 0.004 0.002 
 22 TMA-ZAIN-G-    (0)   :  0.044 0.925 0.002 0.003 0.013 0.006 0.003 0.003 
 23 TMA-ZAIN-G-    (0)   :  0.023 0.913 0.004 0.008 0.032 0.005 0.008 0.007 
 24 TMA-ZAIN-G-    (9)   :  0.009 0.689 0.199 0.017 0.004 0.005 0.044 0.034 
 25 TMA-ZAIN-G-    (9)   :  0.132 0.011 0.005 0.022 0.774 0.004 0.045 0.006 
 26 TMA-ZAIN-G-    (9)   :  0.011 0.042 0.008 0.282 0.013 0.456 0.168 0.020 
 27 TMA-ZAIN-G-    (0)   :  0.068 0.013 0.013 0.014 0.806 0.020 0.007 0.060 
 28 TMA-ZAIN-G-    (0)   :  0.010 0.004 0.008 0.011 0.942 0.007 0.007 0.011 
 29 TMA-ZAIN-G-    (0)   :  0.004 0.004 0.722 0.005 0.244 0.012 0.004 0.005 
 30 TMA-ZAIN-G-    (0)   :  0.004 0.005 0.062 0.356 0.372 0.008 0.113 0.080 
 31 TMA-ZAIN-G-    (0)   :  0.908 0.012 0.006 0.005 0.010 0.046 0.007 0.006 
 32 TMA-ZAIN-G-    (9)   :  0.853 0.012 0.004 0.033 0.018 0.005 0.043 0.032 
 33 TMA-ZAIN-G-   (18)   :  0.005 0.003 0.019 0.810 0.004 0.004 0.146 0.009 
 34 TMA-ZAIN-G-    (0)   :  0.287 0.016 0.011 0.049 0.012 0.007 0.610 0.008 
 35 TMA-ZAIN-G-    (9)   :  0.033 0.004 0.118 0.343 0.016 0.015 0.384 0.087 
 36 TMA-ZAIN-G-    (0)   :  0.004 0.003 0.011 0.593 0.006 0.011 0.247 0.127 
 37 TMA-ZAIN-G-    (9)   :  0.008 0.008 0.017 0.592 0.014 0.019 0.334 0.007 
 38 TMA-ZAIN-G-   (18)   :  0.830 0.010 0.007 0.033 0.026 0.007 0.021 0.066 
 39 TMA-ZAIN-G-    (0)   :  0.003 0.006 0.009 0.110 0.005 0.009 0.854 0.004 
 40 TMA-ZAIN-G-    (0)   :  0.003 0.004 0.006 0.615 0.004 0.005 0.358 0.006 
 41 TMA-ZAIN-G-    (0)   :  0.003 0.003 0.008 0.789 0.004 0.005 0.131 0.058 
 42 TMA-ZAIN-G-    (9)   :  0.003 0.002 0.007 0.765 0.004 0.007 0.024 0.188 
 43 TMA-ZAIN-G-    (0)   :  0.003 0.002 0.007 0.006 0.003 0.005 0.004 0.969 
 44 TMA-ZAIN-G-    (0)   :  0.006 0.833 0.018 0.025 0.011 0.005 0.097 0.005 
 45 TMA-ZAIN-G-    (0)   :  0.005 0.007 0.006 0.443 0.008 0.009 0.504 0.018 
 46 TMA-ZAIN-G-    (0)   :  0.003 0.974 0.003 0.003 0.004 0.006 0.004 0.004 
 47 TMA-ZAIN-G-    (0)   :  0.004 0.003 0.004 0.004 0.004 0.972 0.004 0.004 
 48 TMA-ZAIN-G-    (0)   :  0.006 0.023 0.018 0.260 0.023 0.586 0.049 0.035 
 49 TMA-ZAIN-G-    (9)   :  0.020 0.006 0.051 0.007 0.877 0.010 0.024 0.004 
 50 TMA-ZAIN-G-    (0)   :  0.006 0.007 0.003 0.026 0.935 0.003 0.012 0.008 
 51 TMA-ZAIN-G-    (0)   :  0.007 0.009 0.007 0.015 0.843 0.022 0.007 0.091 
 52 TMA-ZAIN-G-    (0)   :  0.007 0.015 0.003 0.009 0.817 0.111 0.016 0.022 
 53 TMA-ZAIN-G-    (0)   :  0.146 0.011 0.005 0.015 0.609 0.159 0.012 0.043 
 54 TMA-ZAIN-G-    (0)   :  0.005 0.005 0.004 0.011 0.010 0.946 0.006 0.012 
 55 TMA-ZAIN-G-    (0)   :  0.005 0.009 0.003 0.027 0.033 0.886 0.008 0.029 
 56 TMA-ZAIN-G-    (0)   :  0.012 0.010 0.039 0.161 0.111 0.603 0.043 0.021 
 57 TMA-ZAIN-G-    (0)   :  0.008 0.003 0.008 0.006 0.015 0.942 0.012 0.005 
 58 TMA-ZAIN-G-    (0)   :  0.026 0.076 0.006 0.015 0.839 0.024 0.007 0.008 
 59 TMA-ZAIN-G-    (0)   :  0.649 0.029 0.034 0.086 0.045 0.055 0.088 0.015 
 60 TMA-ZAIN-G-    (0)   :  0.434 0.009 0.009 0.016 0.341 0.029 0.011 0.150 
 61 TMA-ZAIN-G-    (0)   :  0.935 0.025 0.003 0.003 0.008 0.019 0.004 0.003 
 62 TMA-ZAIN-G-    (9)   :  0.819 0.023 0.012 0.036 0.045 0.012 0.047 0.007 
 63 TMA-ZAIN-G-    (0)   :  0.948 0.007 0.003 0.005 0.011 0.013 0.005 0.007 
 64 TMA-ZAIN-G-    (0)   :  0.002 0.002 0.972 0.006 0.003 0.003 0.006 0.005 
 65 TMA-ZAIN-G-    (9)   :  0.003 0.003 0.958 0.008 0.004 0.007 0.012 0.006 
 66 TMA-ZAIN-G-    (0)   :  0.003 0.003 0.955 0.011 0.003 0.005 0.016 0.005 
 67 TMA-ZAIN-G-    (0)   :  0.004 0.014 0.889 0.017 0.011 0.005 0.056 0.003 
 68 TMA-ZAIN-G-    (0)   :  0.002 0.002 0.970 0.006 0.003 0.005 0.005 0.007 
 69 TMA-ZAIN-G-    (0)   :  0.023 0.028 0.802 0.009 0.019 0.014 0.087 0.018 
 70 TMA-ZAIN-G-    (0)   :  0.004 0.005 0.035 0.019 0.006 0.004 0.920 0.007 
 71 TMA-ZAIN-G-    (0)   :  0.003 0.004 0.005 0.007 0.004 0.003 0.971 0.004 
 72 TMA-ZAIN-G-    (0)   :  0.004 0.005 0.053 0.121 0.009 0.009 0.780 0.019 
 73 TMA-ZAIN-G-    (0)   :  0.024 0.041 0.006 0.010 0.032 0.015 0.868 0.005 
 74 TMA-ZAIN-G-    (0)   :  0.008 0.011 0.008 0.010 0.017 0.005 0.935 0.005 
 75 TMA-ZAIN-G-    (0)   :  0.005 0.004 0.007 0.013 0.007 0.010 0.946 0.009 
 76 TMA-ZAIN-G-    (0)   :  0.007 0.046 0.007 0.006 0.018 0.004 0.909 0.003 
 77 TMA-ZAIN-G-    (0)   :  0.004 0.010 0.009 0.118 0.009 0.008 0.830 0.012 
 78 TMA-ZAIN-G-    (0)   :  0.009 0.046 0.008 0.029 0.035 0.016 0.850 0.008 
 79 TMA-ZAIN-G-    (0)   :  0.005 0.035 0.005 0.130 0.014 0.018 0.781 0.012 
 80 TMA-ZAIN-G-    (0)   :  0.003 0.006 0.023 0.049 0.005 0.011 0.900 0.004 
 81 TMA-ZAIN-G-    (0)   :  0.004 0.009 0.005 0.044 0.011 0.009 0.909 0.008 
 82 TMA-ZAIN-G-    (0)   :  0.006 0.003 0.114 0.012 0.005 0.012 0.841 0.007 
 83 TMA-ZAIN-G-    (9)   :  0.075 0.033 0.119 0.041 0.025 0.022 0.679 0.006 
 84 TMA-ZAIN-G-    (0)   :  0.004 0.037 0.006 0.015 0.013 0.005 0.914 0.006 
 85 TMA-ZAIN-G-    (0)   :  0.024 0.024 0.006 0.010 0.145 0.775 0.010 0.006 
 86 TMA-ZAIN-G-    (0)   :  0.008 0.046 0.011 0.021 0.025 0.864 0.020 0.005 
 87 TMA-ZAIN-G-    (0)   :  0.034 0.207 0.005 0.011 0.067 0.659 0.012 0.005 
 88 TMA-ZAIN-G-    (0)   :  0.170 0.014 0.040 0.041 0.011 0.594 0.107 0.021 
 89 TMA-ZAIN-G-    (0)   :  0.021 0.021 0.021 0.019 0.006 0.853 0.034 0.025 
 90 TMA-ZAIN-G-    (0)   :  0.006 0.008 0.006 0.008 0.012 0.944 0.009 0.006 
 91 TMA-ZAIN-G-    (0)   :  0.023 0.008 0.007 0.010 0.011 0.922 0.008 0.010 
 92 TMA-ZAIN-G-    (0)   :  0.006 0.019 0.004 0.008 0.024 0.922 0.006 0.011 
 93 TMA-ZAIN-G-    (0)   :  0.017 0.009 0.007 0.006 0.020 0.923 0.005 0.013 
 94 TMA-ZAIN-G-    (0)   :  0.041 0.010 0.003 0.004 0.017 0.914 0.004 0.005 
 95 TMA-ZAIN-G-    (0)   :  0.009 0.007 0.019 0.022 0.899 0.005 0.014 0.026 
 96 TMA-ZAIN-G-    (0)   :  0.005 0.005 0.005 0.038 0.899 0.007 0.009 0.033 
 97 TMA-ZAIN-G-    (0)   :  0.948 0.006 0.006 0.005 0.012 0.010 0.007 0.007 
 98 TMA-ZAIN-G-    (0)   :  0.962 0.004 0.004 0.005 0.004 0.009 0.007 0.005 
 99 TMA-ZAIN-G-    (0)   :  0.809 0.014 0.022 0.073 0.007 0.004 0.063 0.008 
100 TMA-ZAIN-G-    (0)   :  0.923 0.018 0.005 0.004 0.016 0.023 0.005 0.007 
101 TMA-ZAIN-G-    (0)   :  0.948 0.006 0.006 0.006 0.009 0.008 0.011 0.005 
102 TMA-ZAIN-G-    (0)   :  0.613 0.171 0.012 0.038 0.069 0.013 0.047 0.037 
103 TMA-ZAIN-G-    (0)   :  0.906 0.014 0.006 0.011 0.031 0.009 0.016 0.008 
104 TMA-ZAIN-G-    (0)   :  0.970 0.006 0.002 0.004 0.006 0.004 0.004 0.004 
105 TMA-ZAIN-G-    (0)   :  0.915 0.007 0.006 0.013 0.023 0.011 0.018 0.008 
106 TMA-ZAIN-G-    (0)   :  0.004 0.003 0.045 0.707 0.005 0.006 0.146 0.085 
107 TMA-ZAIN-G-    (0)   :  0.004 0.002 0.009 0.015 0.004 0.005 0.952 0.008 
108 TMA-ZAIN-G-    (9)   :  0.408 0.041 0.013 0.254 0.049 0.025 0.134 0.076 
109 TMA-ZAIN-G-    (0)   :  0.334 0.005 0.210 0.282 0.049 0.052 0.047 0.020 
110 TMA-ZAIN-G-    (0)   :  0.082 0.165 0.009 0.404 0.098 0.022 0.197 0.023 
111 TMA-ZAIN-G-    (9)   :  0.635 0.087 0.016 0.026 0.058 0.032 0.143 0.004 
112 TMA-ZAIN-G-    (0)   :  0.296 0.053 0.021 0.321 0.120 0.028 0.116 0.044 
113 TMA-ZAIN-G-    (0)   :  0.931 0.008 0.010 0.007 0.005 0.015 0.019 0.005 
114 TMA-ZAIN-G-    (0)   :  0.969 0.010 0.003 0.003 0.005 0.005 0.003 0.002 
115 TMA-ZAIN-G-    (0)   :  0.972 0.006 0.003 0.003 0.005 0.004 0.004 0.004 
116 TMA-ZAIN-G-    (0)   :  0.007 0.002 0.020 0.013 0.004 0.011 0.937 0.005 
117 TMA-ZAIN-G-    (0)   :  0.012 0.004 0.260 0.343 0.018 0.072 0.218 0.074 
118 TMA-ZAIN-G-    (0)   :  0.006 0.003 0.047 0.022 0.008 0.009 0.881 0.023 
119 TMA-ZAIN-G-    (0)   :  0.013 0.006 0.026 0.010 0.008 0.010 0.920 0.005 
120 TMA-ZAIN-G-    (0)   :  0.011 0.004 0.044 0.034 0.014 0.014 0.820 0.060 
121 TMA-ZAIN-G-    (0)   :  0.023 0.003 0.253 0.156 0.011 0.030 0.498 0.025 
122 TMA-ZAIN-G-    (0)   :  0.005 0.008 0.036 0.484 0.015 0.034 0.408 0.010 
123 TMA-ZAIN-G-    (0)   :  0.947 0.008 0.003 0.005 0.015 0.006 0.005 0.010 
124 TMA-ZAIN-G-    (0)   :  0.005 0.003 0.004 0.962 0.006 0.005 0.006 0.010 
125 TMA-ZAIN-G-    (0)   :  0.003 0.002 0.042 0.821 0.005 0.077 0.008 0.041 
126 TMA-ZAIN-G-    (0)   :  0.004 0.003 0.005 0.926 0.004 0.009 0.009 0.040 
127 TMA-ZAIN-G-    (0)   :  0.003 0.003 0.006 0.963 0.003 0.004 0.006 0.012 
128 TMA-ZAIN-G-    (0)   :  0.004 0.003 0.023 0.936 0.005 0.007 0.010 0.012 
129 TMA-ZAIN-G-    (0)   :  0.006 0.003 0.006 0.947 0.005 0.008 0.007 0.019 
130 TMA-ZAIN-G-    (0)   :  0.008 0.003 0.011 0.828 0.006 0.046 0.014 0.085 
131 TMA-ZAIN-G-    (0)   :  0.004 0.003 0.005 0.951 0.007 0.005 0.007 0.019 
132 TMA-ZAIN-G-    (0)   :  0.004 0.003 0.043 0.885 0.005 0.029 0.017 0.015 
133 TMA-ZAIN-G-    (0)   :  0.003 0.010 0.057 0.780 0.014 0.032 0.036 0.068 
134 TMA-ZAIN-G-    (0)   :  0.003 0.006 0.040 0.718 0.005 0.025 0.049 0.154 
135 TMA-ZAIN-G-    (0)   :  0.004 0.005 0.024 0.704 0.003 0.008 0.239 0.013 
136 TMA-ZAIN-G-    (0)   :  0.008 0.005 0.657 0.185 0.005 0.015 0.117 0.008 
137 TMA-ZAIN-G-    (0)   :  0.006 0.004 0.008 0.316 0.005 0.006 0.649 0.007 
138 TMA-ZAIN-G-    (0)   :  0.004 0.002 0.010 0.922 0.003 0.008 0.040 0.011 
139 TMA-ZAIN-G-    (0)   :  0.005 0.004 0.012 0.811 0.004 0.034 0.121 0.010 
140 TMA-ZAIN-G-    (0)   :  0.004 0.004 0.011 0.394 0.006 0.005 0.570 0.007 
141 TMA-ZAIN-G-    (0)   :  0.006 0.004 0.007 0.297 0.006 0.007 0.653 0.021 
142 TMA-ZAIN-G-    (9)   :  0.004 0.003 0.014 0.182 0.005 0.005 0.779 0.008 
143 TMA-ZAIN-G-    (0)   :  0.004 0.003 0.016 0.737 0.005 0.005 0.222 0.008 
144 TMA-ZAIN-G-    (0)   :  0.004 0.005 0.007 0.405 0.016 0.026 0.523 0.014 
145 TMA-ZAIN-G-    (0)   :  0.003 0.002 0.233 0.074 0.004 0.012 0.665 0.007 
146 TMA-ZAIN-G-    (0)   :  0.003 0.003 0.006 0.039 0.003 0.004 0.937 0.005 
147 TMA-ZAIN-G-    (9)   :  0.003 0.003 0.013 0.188 0.004 0.004 0.779 0.006 
148 TMA-ZAIN-G-    (0)   :  0.003 0.003 0.006 0.383 0.004 0.025 0.489 0.087 
149 TMA-ZAIN-G-    (0)   :  0.025 0.016 0.007 0.462 0.014 0.073 0.380 0.024 
150 TMA-ZAIN-G-    (0)   :  0.030 0.013 0.088 0.166 0.011 0.094 0.577 0.021 
151 TMA-ZAIN-G-    (0)   :  0.004 0.002 0.014 0.051 0.004 0.007 0.897 0.021 
152 TMA-ZAIN-G-    (0)   :  0.004 0.002 0.008 0.011 0.004 0.005 0.956 0.010 
153 TMA-ZAIN-G-    (0)   :  0.005 0.003 0.032 0.282 0.004 0.017 0.621 0.037 
154 TMA-ZAIN-G-    (0)   :  0.004 0.002 0.006 0.017 0.004 0.006 0.954 0.006 
155 TMA-ZAIN-G-    (0)   :  0.005 0.003 0.010 0.035 0.004 0.004 0.931 0.008 
156 TMA-ZAIN-G-    (9)   :  0.016 0.003 0.006 0.262 0.005 0.017 0.621 0.071 
157 TMA-ZAIN-G-    (0)   :  0.006 0.003 0.011 0.221 0.004 0.008 0.579 0.168 
158 TMA-ZAIN-G-    (0)   :  0.004 0.003 0.005 0.018 0.005 0.005 0.956 0.004 
159 TMA-ZAIN-G-    (0)   :  0.004 0.002 0.009 0.012 0.003 0.004 0.961 0.004 
160 TMA-ZAIN-G-    (0)   :  0.005 0.002 0.013 0.008 0.003 0.005 0.960 0.003 
161 TMA-ZAIN-G-    (0)   :  0.004 0.003 0.006 0.318 0.005 0.018 0.621 0.025 
162 TMA-ZAIN-G-    (0)   :  0.035 0.017 0.008 0.022 0.011 0.017 0.885 0.004 
163 TMA-ZAIN-G-    (0)   :  0.004 0.002 0.005 0.012 0.003 0.003 0.967 0.003 
164 TMA-ZAIN-G-    (0)   :  0.006 0.003 0.009 0.017 0.005 0.008 0.948 0.005 
165 TMA-ZAIN-G-    (0)   :  0.005 0.003 0.007 0.021 0.003 0.004 0.953 0.004 
166 TMA-ZAIN-G-    (0)   :  0.003 0.002 0.009 0.122 0.003 0.007 0.849 0.004 
167 TMA-ZAIN-G-    (0)   :  0.005 0.005 0.005 0.141 0.007 0.006 0.821 0.009 
168 TMA-ZAIN-G-    (0)   :  0.005 0.003 0.017 0.013 0.005 0.006 0.923 0.027 
169 TMA-ZAIN-G-    (0)   :  0.004 0.003 0.153 0.012 0.004 0.006 0.812 0.006 
170 TMA-ZAIN-G-    (0)   :  0.015 0.010 0.024 0.127 0.021 0.004 0.711 0.088 
171 TMA-ZAIN-G-    (0)   :  0.003 0.003 0.024 0.009 0.003 0.004 0.948 0.005 
172 TMA-ZAIN-G-    (0)   :  0.003 0.004 0.005 0.908 0.006 0.004 0.051 0.019 
173 TMA-ZAIN-G-    (0)   :  0.003 0.004 0.006 0.929 0.006 0.005 0.027 0.020 
174 TMA-ZAIN-G-    (0)   :  0.003 0.003 0.048 0.807 0.004 0.009 0.121 0.005 
175 TMA-ZAIN-G-    (0)   :  0.004 0.003 0.009 0.009 0.003 0.005 0.961 0.006 
176 TMA-ZAIN-G-    (0)   :  0.003 0.003 0.006 0.012 0.004 0.004 0.962 0.006 
177 TMA-ZAIN-G-    (0)   :  0.004 0.003 0.004 0.047 0.005 0.003 0.912 0.022 
178 TMA-ZAIN-G-    (0)   :  0.005 0.004 0.004 0.627 0.007 0.005 0.276 0.071 
179 TMA-ZAIN-G-    (0)   :  0.003 0.003 0.008 0.217 0.005 0.005 0.727 0.033 
180 TMA-ZAIN-G-    (0)   :  0.004 0.006 0.052 0.885 0.006 0.014 0.013 0.020 
181 TMA-ZAIN-G-    (0)   :  0.006 0.003 0.009 0.698 0.004 0.006 0.045 0.230 
182 TMA-ZAIN-G-    (0)   :  0.007 0.003 0.003 0.736 0.005 0.006 0.020 0.219 
183 TMA-ZAIN-G-    (0)   :  0.006 0.003 0.007 0.548 0.005 0.004 0.028 0.398 
184 TMA-ZAIN-G-    (0)   :  0.032 0.016 0.009 0.847 0.013 0.025 0.026 0.031 
185 TMA-ZAIN-G-    (0)   :  0.014 0.021 0.006 0.895 0.021 0.026 0.011 0.005 
186 TMA-ZAIN-G-    (9)   :  0.003 0.005 0.006 0.954 0.009 0.006 0.011 0.006 
187 TMA-ZAIN-G-    (0)   :  0.004 0.003 0.008 0.930 0.005 0.003 0.023 0.024 
188 TMA-ZAIN-G-    (0)   :  0.003 0.003 0.009 0.946 0.004 0.003 0.020 0.011 
189 TMA-ZAIN-G-    (0)   :  0.003 0.003 0.013 0.957 0.003 0.003 0.006 0.012 
190 TMA-ZAIN-G-    (0)   :  0.003 0.003 0.024 0.799 0.007 0.005 0.041 0.118 
191 TMA-ZAIN-G-    (0)   :  0.014 0.021 0.006 0.921 0.010 0.011 0.010 0.007 
192 TMA-ZAIN-G-    (0)   :  0.003 0.006 0.005 0.933 0.004 0.004 0.007 0.037 
193 TMA-ZAIN-G-    (0)   :  0.003 0.002 0.004 0.004 0.003 0.005 0.003 0.977 
194 TMA-ZAIN-G-    (0)   :  0.002 0.005 0.008 0.020 0.010 0.010 0.005 0.938 
195 TMA-ZAIN-G-    (0)   :  0.003 0.002 0.040 0.061 0.011 0.006 0.032 0.845 
196 TMA-ZAIN-G-    (0)   :  0.003 0.002 0.009 0.009 0.003 0.004 0.005 0.964 
197 TMA-ZAIN-G-    (0)   :  0.003 0.003 0.009 0.009 0.004 0.007 0.008 0.957 
198 TMA-ZAIN-G-    (0)   :  0.003 0.003 0.006 0.010 0.003 0.005 0.008 0.962 
199 TMA-ZAIN-G-    (0)   :  0.004 0.004 0.004 0.955 0.006 0.006 0.012 0.009 
200 TMA-ZAIN-G-    (0)   :  0.016 0.885 0.003 0.004 0.037 0.004 0.003 0.048 
201 TMA-ZAIN-G-    (0)   :  0.006 0.961 0.005 0.004 0.013 0.004 0.004 0.003 
202 TMA-ZAIN-G-    (0)   :  0.016 0.913 0.003 0.009 0.013 0.002 0.005 0.039 
203 TMA-ZAIN-G-    (0)   :  0.019 0.003 0.004 0.043 0.004 0.005 0.017 0.905 
204 TMA-ZAIN-G-    (9)   :  0.005 0.902 0.012 0.007 0.017 0.039 0.010 0.008 
205 TMA-ZAIN-G-    (0)   :  0.006 0.802 0.008 0.011 0.032 0.014 0.118 0.008 
206 TMA-ZAIN-G-    (9)   :  0.015 0.812 0.012 0.021 0.027 0.026 0.015 0.073 
207 TMA-ZAIN-G-    (9)   :  0.013 0.013 0.107 0.084 0.081 0.129 0.561 0.012 
208 TMA-ZAIN-G-    (0)   :  0.003 0.003 0.058 0.208 0.005 0.004 0.714 0.005 
209 TMA-ZAIN-G-    (0)   :  0.004 0.003 0.018 0.531 0.004 0.049 0.171 0.221 
210 TMA-ZAIN-G-    (0)   :  0.004 0.003 0.114 0.310 0.006 0.015 0.160 0.388 
211 TMA-ZAIN-G-    (0)   :  0.011 0.026 0.032 0.672 0.031 0.014 0.115 0.099 
212 TMA-ZAIN-G-    (0)   :  0.004 0.004 0.016 0.814 0.006 0.008 0.131 0.017 
213 TMA-ZAIN-G-    (0)   :  0.004 0.004 0.007 0.861 0.004 0.006 0.094 0.021 
214 TMA-ZAIN-G-    (0)   :  0.003 0.003 0.026 0.888 0.004 0.006 0.053 0.017 
215 TMA-ZAIN-G-    (0)   :  0.004 0.014 0.005 0.662 0.210 0.003 0.098 0.005 
216 TMA-ZAIN-G-    (0)   :  0.003 0.004 0.005 0.950 0.006 0.007 0.015 0.010 
217 TMA-ZAIN-G-    (0)   :  0.003 0.003 0.086 0.744 0.003 0.008 0.102 0.051 
218 TMA-ZAIN-G-    (0)   :  0.006 0.004 0.011 0.007 0.957 0.005 0.007 0.004 
219 TMA-ZAIN-G-    (0)   :  0.005 0.012 0.003 0.005 0.955 0.011 0.004 0.004 
220 TMA-ZAIN-G-    (0)   :  0.080 0.004 0.014 0.007 0.854 0.010 0.024 0.007 
221 TMA-ZAIN-G-    (0)   :  0.005 0.025 0.007 0.022 0.915 0.008 0.010 0.008 
222 TMA-ZAIN-G-    (0)   :  0.034 0.010 0.016 0.008 0.890 0.018 0.018 0.006 
223 TMA-ZAIN-G-    (0)   :  0.007 0.009 0.003 0.003 0.965 0.006 0.003 0.003 
224 TMA-ZAIN-G-    (0)   :  0.017 0.018 0.005 0.017 0.910 0.018 0.005 0.010 
225 TMA-ZAIN-G-    (0)   :  0.010 0.010 0.002 0.004 0.954 0.004 0.004 0.012 
226 TMA-ZAIN-G-    (0)   :  0.014 0.009 0.004 0.007 0.936 0.006 0.006 0.018 
227 TMA-ZAIN-G-    (0)   :  0.012 0.026 0.004 0.008 0.917 0.005 0.009 0.020 
228 TMA-ZAIN-G-    (0)   :  0.014 0.012 0.007 0.008 0.928 0.008 0.016 0.008 
229 TMA-ZAIN-G-    (0)   :  0.026 0.076 0.011 0.003 0.871 0.007 0.004 0.003 
230 TMA-ZAIN-G-    (0)   :  0.040 0.008 0.019 0.059 0.762 0.056 0.028 0.028 
231 TMA-ZAIN-G-    (0)   :  0.154 0.552 0.014 0.015 0.142 0.031 0.080 0.011 
232 TMA-ZAIN-G-    (9)   :  0.277 0.519 0.058 0.040 0.063 0.013 0.017 0.014 
233 TMA-ZAIN-G-    (0)   :  0.006 0.024 0.039 0.012 0.881 0.016 0.016 0.008 
234 TMA-ZAIN-G-    (0)   :  0.305 0.049 0.007 0.004 0.592 0.023 0.010 0.010 
235 TMA-ZAIN-G-    (0)   :  0.118 0.019 0.004 0.025 0.765 0.011 0.031 0.026 
236 TMA-ZAIN-G-    (0)   :  0.066 0.069 0.006 0.014 0.797 0.007 0.012 0.029 
237 TMA-ZAIN-G-    (0)   :  0.234 0.014 0.028 0.068 0.449 0.025 0.161 0.021 
238 TMA-ZAIN-G-    (0)   :  0.056 0.037 0.005 0.027 0.835 0.005 0.027 0.008 
239 TMA-ZAIN-G-    (0)   :  0.006 0.761 0.017 0.026 0.005 0.031 0.004 0.152 
240 TMA-ZAIN-G-    (0)   :  0.004 0.973 0.003 0.003 0.004 0.006 0.004 0.003 
241 TMA-ZAIN-G-    (0)   :  0.004 0.965 0.005 0.005 0.003 0.005 0.008 0.004 
242 TMA-ZAIN-G-    (0)   :  0.003 0.968 0.005 0.005 0.005 0.004 0.007 0.003 
243 TMA-ZAIN-G-    (0)   :  0.003 0.958 0.008 0.007 0.004 0.006 0.011 0.004 
244 TMA-ZAIN-G-    (0)   :  0.004 0.951 0.009 0.008 0.004 0.004 0.016 0.003 
245 TMA-ZAIN-G-    (9)   :  0.004 0.978 0.002 0.003 0.004 0.003 0.003 0.003 
246 TMA-ZAIN-G-    (0)   :  0.002 0.978 0.003 0.003 0.004 0.004 0.003 0.002 
247 TMA-ZAIN-G-    (0)   :  0.002 0.972 0.006 0.005 0.005 0.004 0.004 0.002 
248 TMA-ZAIN-G-    (0)   :  0.004 0.958 0.005 0.006 0.006 0.004 0.007 0.010 
249 TMA-ZAIN-G-    (0)   :  0.003 0.970 0.003 0.005 0.005 0.003 0.004 0.007 
250 TMA-ZAIN-G-    (0)   :  0.003 0.971 0.006 0.005 0.005 0.003 0.003 0.004 
251 TMA-ZAIN-G-    (0)   :  0.006 0.003 0.004 0.005 0.005 0.968 0.004 0.006 
252 TMA-ZAIN-G-    (0)   :  0.004 0.003 0.046 0.012 0.007 0.865 0.058 0.005 
253 TMA-ZAIN-G-    (0)   :  0.006 0.004 0.006 0.004 0.003 0.966 0.007 0.005 
254 TMA-ZAIN-G-    (9)   :  0.009 0.003 0.015 0.009 0.005 0.935 0.019 0.006 
255 TMA-ZAIN-G-    (0)   :  0.010 0.016 0.008 0.004 0.003 0.949 0.006 0.004 
256 TMA-ZAIN-G-    (0)   :  0.006 0.007 0.005 0.007 0.004 0.948 0.006 0.017 
257 TMA-ZAIN-G-    (0)   :  0.004 0.003 0.003 0.004 0.004 0.967 0.003 0.012 
258 TMA-ZAIN-G-    (0)   :  0.003 0.003 0.005 0.003 0.003 0.974 0.003 0.005 
259 TMA-ZAIN-G-    (0)   :  0.004 0.005 0.005 0.004 0.004 0.970 0.003 0.006 
260 TMA-ZAIN-G-    (0)   :  0.003 0.004 0.009 0.004 0.004 0.967 0.004 0.005 
261 TMA-ZAIN-G-   (18)   :  0.004 0.004 0.011 0.006 0.007 0.956 0.005 0.007 
262 TMA-ZAIN-G-    (0)   :  0.004 0.003 0.003 0.003 0.003 0.973 0.003 0.007 
263 TMA-ZAIN-G-    (0)   :  0.006 0.003 0.004 0.003 0.003 0.972 0.004 0.004 
264 TMA-ZAIN-G-    (0)   :  0.008 0.003 0.004 0.004 0.004 0.965 0.005 0.006 
265 TMA-ZAIN-G-    (0)   :  0.018 0.017 0.039 0.023 0.188 0.681 0.022 0.012 
266 TMA-ZAIN-G-    (0)   :  0.017 0.009 0.021 0.091 0.028 0.742 0.019 0.072 
267 TMA-ZAIN-G-    (0)   :  0.019 0.282 0.014 0.013 0.058 0.591 0.016 0.007 
268 TMA-ZAIN-G-    (0)   :  0.061 0.913 0.004 0.004 0.006 0.005 0.004 0.003 
269 TMA-ZAIN-G-    (0)   :  0.269 0.664 0.005 0.006 0.038 0.009 0.006 0.004 
270 TMA-ZAIN-G-    (0)   :  0.072 0.875 0.004 0.006 0.022 0.011 0.006 0.004 
271 TMA-ZAIN-G-    (0)   :  0.030 0.938 0.004 0.004 0.008 0.008 0.005 0.003 
272 TMA-ZAIN-G-    (0)   :  0.029 0.892 0.003 0.005 0.058 0.005 0.005 0.003 
273 TMA-ZAIN-G-    (0)   :  0.017 0.955 0.002 0.003 0.013 0.004 0.003 0.003 
274 TMA-ZAIN-G-    (0)   :  0.032 0.848 0.009 0.023 0.019 0.009 0.013 0.047 
275 TMA-ZAIN-G-    (0)   :  0.007 0.971 0.002 0.004 0.007 0.003 0.003 0.003 
276 TMA-ZAIN-G-    (0)   :  0.009 0.971 0.003 0.003 0.004 0.003 0.004 0.003 
277 TMA-ZAIN-G-    (0)   :  0.010 0.961 0.005 0.004 0.006 0.006 0.005 0.005 
278 TMA-ZAIN-G-    (0)   :  0.005 0.972 0.003 0.003 0.006 0.005 0.003 0.003 
279 TMA-ZAIN-G-    (0)   :  0.011 0.952 0.003 0.005 0.015 0.004 0.004 0.006 
280 TMA-ZAIN-G-    (0)   :  0.102 0.822 0.003 0.009 0.047 0.004 0.005 0.008 
281 TMA-ZAIN-G-    (0)   :  0.039 0.925 0.003 0.005 0.013 0.005 0.004 0.006 
282 TMA-ZAIN-G-    (9)   :  0.013 0.963 0.003 0.003 0.007 0.005 0.003 0.003 
283 TMA-ZAIN-G-    (0)   :  0.086 0.629 0.007 0.012 0.101 0.143 0.017 0.004 
284 TMA-ZAIN-G-    (0)   :  0.172 0.455 0.004 0.014 0.150 0.184 0.015 0.006 
285 TMA-ZAIN-G-    (0)   :  0.035 0.818 0.027 0.025 0.024 0.035 0.024 0.012 
286 TMA-ZAIN-G-    (0)   :  0.036 0.932 0.003 0.003 0.011 0.009 0.003 0.003 
287 TMA-ZAIN-G-    (0)   :  0.026 0.918 0.011 0.008 0.008 0.006 0.008 0.015 
288 TMA-ZAIN-G-    (0)   :  0.106 0.599 0.011 0.042 0.144 0.013 0.020 0.065 
289 TMA-ZAIN-G-    (0)   :  0.025 0.877 0.017 0.015 0.017 0.010 0.012 0.026 
290 TMA-ZAIN-G-    (0)   :  0.450 0.434 0.003 0.011 0.077 0.008 0.007 0.010 
291 TMA-ZAIN-G-    (0)   :  0.011 0.013 0.003 0.005 0.950 0.008 0.004 0.005 
292 TMA-ZAIN-G-    (0)   :  0.010 0.014 0.006 0.238 0.018 0.005 0.689 0.019 
293 TMA-ZAIN-G-    (0)   :  0.004 0.008 0.021 0.475 0.011 0.016 0.438 0.026 
294 TMA-ZAIN-G-    (0)   :  0.003 0.004 0.013 0.027 0.005 0.007 0.936 0.005 
295 TMA-ZAIN-G-    (9)   :  0.004 0.008 0.016 0.049 0.010 0.008 0.899 0.006 
296 TMA-ZAIN-G-    (0)   :  0.012 0.007 0.007 0.393 0.012 0.013 0.520 0.037 
297 TMA-ZAIN-G-    (0)   :  0.006 0.006 0.030 0.173 0.009 0.026 0.615 0.135 
298 TMA-ZAIN-G-    (0)   :  0.013 0.028 0.011 0.088 0.017 0.065 0.772 0.006 
299 TMA-ZAIN-G-    (0)   :  0.004 0.006 0.010 0.009 0.005 0.003 0.957 0.005 
300 TMA-ZAIN-G-    (0)   :  0.003 0.007 0.079 0.193 0.009 0.007 0.691 0.011 
301 TMA-ZAIN-G-    (0)   :  0.005 0.008 0.022 0.341 0.007 0.008 0.577 0.031 
302 TMA-ZAIN-G-    (9)   :  0.003 0.003 0.006 0.157 0.005 0.006 0.802 0.016 
303 TMA-ZAIN-G-    (0)   :  0.018 0.007 0.002 0.021 0.794 0.030 0.003 0.125 
304 TMA-ZAIN-G-    (0)   :  0.020 0.008 0.162 0.148 0.009 0.573 0.034 0.045 
305 TMA-ZAIN-G-    (0)   :  0.004 0.005 0.019 0.371 0.005 0.010 0.576 0.011 
306 TMA-ZAIN-G-    (0)   :  0.149 0.033 0.022 0.204 0.011 0.352 0.203 0.025 
307 TMA-ZAIN-G-    (0)   :  0.012 0.011 0.367 0.156 0.006 0.400 0.032 0.016 
308 TMA-ZAIN-G-    (0)   :  0.030 0.018 0.016 0.006 0.113 0.799 0.004 0.014 
309 TMA-ZAIN-G-    (0)   :  0.004 0.003 0.007 0.940 0.004 0.003 0.012 0.026 
310 TMA-ZAIN-G-    (0)   :  0.007 0.031 0.013 0.326 0.015 0.019 0.586 0.004 
311 TMA-ZAIN-G-    (0)   :  0.039 0.008 0.008 0.408 0.025 0.056 0.440 0.016 
312 TMA-ZAIN-G-    (0)   :  0.005 0.005 0.008 0.905 0.017 0.009 0.031 0.020 
313 TMA-ZAIN-G-    (0)   :  0.015 0.005 0.036 0.103 0.006 0.711 0.101 0.024 
314 TMA-ZAIN-G-    (0)   :  0.373 0.221 0.012 0.026 0.320 0.022 0.008 0.018 
315 TMA-ZAIN-G-    (0)   :  0.007 0.409 0.065 0.157 0.034 0.017 0.302 0.008 
316 TMA-ZAIN-G-    (0)   :  0.012 0.412 0.066 0.110 0.086 0.017 0.290 0.007 
317 TMA-ZAIN-G-    (0)   :  0.043 0.021 0.004 0.007 0.897 0.014 0.009 0.007 
318 TMA-ZAIN-G-    (9)   :  0.344 0.418 0.011 0.006 0.151 0.052 0.008 0.009 
319 TMA-ZAIN-G-    (0)   :  0.021 0.155 0.003 0.007 0.319 0.009 0.005 0.481 
320 TMA-ZAIN-G-    (0)   :  0.006 0.010 0.019 0.137 0.445 0.006 0.367 0.010 
321 TMA-ZAIN-G-    (0)   :  0.064 0.109 0.021 0.569 0.103 0.012 0.114 0.007 
322 TMA-ZAIN-G-    (0)   :  0.062 0.007 0.039 0.191 0.430 0.068 0.194 0.008 
323 TMA-ZAIN-G-    (0)   :  0.008 0.015 0.018 0.024 0.858 0.012 0.006 0.059 
324 TMA-ZAIN-G-    (0)   :  0.009 0.004 0.022 0.035 0.010 0.030 0.848 0.043 
325 TMA-ZAIN-G-    (0)   :  0.005 0.052 0.006 0.015 0.897 0.007 0.012 0.007 
326 TMA-ZAIN-G-    (0)   :  0.002 0.004 0.005 0.013 0.575 0.012 0.010 0.378 
327 TMA-ZAIN-G-    (0)   :  0.003 0.003 0.025 0.030 0.005 0.012 0.007 0.915 
328 TMA-ZAIN-G-    (0)   :  0.296 0.092 0.271 0.052 0.170 0.017 0.023 0.080 
329 TMA-ZAIN-G-    (0)   :  0.004 0.007 0.065 0.679 0.011 0.031 0.167 0.038 
330 TMA-ZAIN-G-    (0)   :  0.004 0.003 0.048 0.841 0.008 0.035 0.041 0.021 
331 TMA-ZAIN-G-    (0)   :  0.023 0.065 0.006 0.704 0.039 0.125 0.032 0.008 
332 TMA-ZAIN-G-    (0)   :  0.003 0.002 0.013 0.477 0.006 0.005 0.035 0.460 
333 TMA-ZAIN-G-    (0)   :  0.003 0.002 0.003 0.005 0.003 0.004 0.003 0.976 
334 TMA-ZAIN-G-    (0)   :  0.013 0.956 0.003 0.004 0.011 0.007 0.004 0.003 
335 TMA-ZAIN-G-    (0)   :  0.004 0.970 0.005 0.004 0.005 0.004 0.004 0.003 
336 TMA-ZAIN-G-    (0)   :  0.013 0.928 0.007 0.009 0.017 0.012 0.009 0.006 
337 TMA-ZAIN-G-    (9)   :  0.074 0.864 0.004 0.006 0.035 0.007 0.006 0.004 
338 TMA-ZAIN-G-    (0)   :  0.030 0.941 0.004 0.003 0.009 0.006 0.003 0.003 
339 TMA-ZAIN-G-    (0)   :  0.013 0.970 0.002 0.002 0.005 0.004 0.002 0.002 
340 TMA-ZAIN-G-    (0)   :  0.007 0.973 0.003 0.003 0.005 0.003 0.003 0.002 
341 TMA-ZAIN-G-    (0)   :  0.009 0.965 0.004 0.005 0.006 0.003 0.005 0.004 
342 TMA-ZAIN-G-    (0)   :  0.008 0.965 0.004 0.004 0.007 0.005 0.004 0.003 
343 TMA-ZAIN-G-    (0)   :  0.029 0.949 0.002 0.004 0.007 0.003 0.003 0.003 
344 TMA-ZAIN-G-    (0)   :  0.008 0.958 0.003 0.005 0.011 0.005 0.004 0.006 
345 TMA-ZAIN-G-    (0)   :  0.005 0.976 0.003 0.003 0.004 0.004 0.003 0.003 
346 TMA-ZAIN-G-    (0)   :  0.033 0.916 0.003 0.011 0.015 0.004 0.005 0.012 
347 TMA-ZAIN-G-    (9)   :  0.008 0.970 0.003 0.003 0.007 0.003 0.003 0.003 
348 TMA-ZAIN-G-    (0)   :  0.020 0.936 0.004 0.005 0.016 0.009 0.006 0.005 
349 TMA-ZAIN-G-    (0)   :  0.015 0.958 0.003 0.003 0.007 0.005 0.004 0.004 
350 TMA-ZAIN-G-    (0)   :  0.027 0.881 0.005 0.009 0.058 0.005 0.007 0.008 
351 TMA-ZAIN-G-    (0)   :  0.008 0.965 0.004 0.003 0.007 0.006 0.003 0.004 
352 TMA-ZAIN-G-    (0)   :  0.008 0.953 0.006 0.007 0.007 0.008 0.008 0.004 
353 TMA-ZAIN-G-    (0)   :  0.039 0.901 0.003 0.012 0.022 0.005 0.006 0.012 
354 TMA-ZAIN-G-    (0)   :  0.007 0.957 0.002 0.008 0.012 0.003 0.005 0.006 
355 TMA-ZAIN-G-    (0)   :  0.013 0.942 0.004 0.012 0.009 0.003 0.009 0.007 
356 TMA-ZAIN-G-    (0)   :  0.003 0.002 0.080 0.004 0.013 0.017 0.879 0.002 
357 TMA-ZAIN-G-    (0)   :  0.010 0.004 0.090 0.126 0.011 0.011 0.380 0.368 
358 TMA-ZAIN-G-    (0)   :  0.047 0.023 0.115 0.683 0.028 0.026 0.064 0.015 
359 TMA-ZAIN-G-    (0)   :  0.012 0.023 0.322 0.016 0.056 0.092 0.476 0.004 
360 TMA-ZAIN-G-    (0)   :  0.003 0.003 0.017 0.012 0.005 0.005 0.952 0.003 
361 TMA-ZAIN-G-    (0)   :  0.009 0.003 0.017 0.885 0.008 0.010 0.044 0.025 
362 TMA-ZAIN-G-    (0)   :  0.005 0.012 0.008 0.009 0.008 0.004 0.952 0.003 
363 TMA-ZAIN-G-    (0)   :  0.005 0.010 0.013 0.676 0.031 0.020 0.185 0.059 
364 TMA-ZAIN-G-    (0)   :  0.201 0.015 0.014 0.018 0.703 0.015 0.023 0.012 
365 TMA-ZAIN-G-    (0)   :  0.012 0.157 0.045 0.398 0.074 0.005 0.304 0.004 
366 TMA-ZAIN-G-    (0)   :  0.004 0.006 0.136 0.045 0.005 0.017 0.783 0.004 
367 TMA-ZAIN-G-    (0)   :  0.090 0.005 0.007 0.753 0.021 0.055 0.032 0.037 
368 TMA-ZAIN-G-    (0)   :  0.005 0.004 0.121 0.082 0.006 0.017 0.756 0.009 
369 TMA-ZAIN-G-    (0)   :  0.003 0.003 0.027 0.927 0.005 0.005 0.012 0.018 
370 TMA-ZAIN-G-    (0)   :  0.005 0.003 0.008 0.928 0.005 0.004 0.021 0.026 
371 TMA-ZAIN-G-    (0)   :  0.005 0.003 0.022 0.011 0.004 0.005 0.942 0.007 
372 TMA-ZAIN-G-    (0)   :  0.004 0.004 0.025 0.362 0.004 0.007 0.591 0.004 
373 TMA-ZAIN-G-    (0)   :  0.004 0.004 0.006 0.225 0.009 0.005 0.006 0.741 
374 TMA-ZAIN-G-    (0)   :  0.354 0.008 0.007 0.221 0.044 0.173 0.032 0.161 
375 TMA-ZAIN-G-    (0)   :  0.035 0.009 0.010 0.173 0.685 0.007 0.018 0.063 
376 TMA-ZAIN-G-    (9)   :  0.005 0.003 0.004 0.019 0.004 0.004 0.957 0.004 
377 TMA-ZAIN-G-    (0)   :  0.003 0.002 0.017 0.014 0.003 0.004 0.951 0.005 
378 TMA-ZAIN-G-    (0)   :  0.004 0.002 0.012 0.018 0.003 0.004 0.951 0.007 
379 TMA-ZAIN-G-    (0)   :  0.003 0.002 0.013 0.019 0.004 0.021 0.911 0.026 
380 TMA-ZAIN-G-    (0)   :  0.003 0.004 0.091 0.216 0.006 0.008 0.662 0.011 
381 TMA-ZAIN-G-    (9)   :  0.010 0.011 0.128 0.052 0.575 0.095 0.113 0.016 
382 TMA-ZAIN-G-    (9)   :  0.750 0.059 0.003 0.012 0.153 0.009 0.005 0.009 
383    ZFB01    (0)   :  0.968 0.008 0.003 0.004 0.004 0.004 0.005 0.003 
384    ZFB02    (0)   :  0.937 0.036 0.003 0.003 0.005 0.009 0.004 0.002 
385    ZFB03    (0)   :  0.960 0.005 0.003 0.006 0.008 0.005 0.005 0.009 
386    ZFB04    (0)   :  0.935 0.039 0.003 0.004 0.005 0.007 0.005 0.002 
387    ZFB05    (0)   :  0.815 0.105 0.011 0.005 0.035 0.012 0.003 0.013 
388    ZFB06    (0)   :  0.887 0.045 0.010 0.006 0.029 0.007 0.003 0.012 
389    ZFB07    (9)   :  0.945 0.012 0.005 0.008 0.012 0.005 0.009 0.005 
390    ZFB08    (0)   :  0.957 0.006 0.006 0.006 0.008 0.006 0.007 0.004 
391    ZFB09    (0)   :  0.974 0.005 0.003 0.003 0.005 0.004 0.003 0.003 
392    ZFB10    (0)   :  0.935 0.010 0.006 0.012 0.005 0.007 0.023 0.003 
393    ZFB11    (0)   :  0.947 0.017 0.004 0.006 0.004 0.008 0.011 0.003 
394    ZFB12    (0)   :  0.909 0.037 0.004 0.009 0.019 0.004 0.008 0.008 
395    ZFB13    (0)   :  0.949 0.006 0.007 0.008 0.011 0.005 0.010 0.004 
396    ZFB14    (0)   :  0.971 0.004 0.003 0.004 0.004 0.005 0.005 0.004 
397    ZFB15    (0)   :  0.967 0.015 0.002 0.003 0.004 0.004 0.003 0.002 
398    ZFB16    (0)   :  0.953 0.016 0.004 0.007 0.007 0.004 0.006 0.003 
399    ZFB17    (0)   :  0.882 0.028 0.013 0.015 0.022 0.024 0.012 0.004 
400    ZFB18    (0)   :  0.976 0.004 0.003 0.003 0.004 0.004 0.004 0.003 
401    ZFB19    (0)   :  0.898 0.007 0.009 0.026 0.021 0.004 0.029 0.005 
402    ZFB20    (0)   :  0.928 0.040 0.004 0.006 0.007 0.004 0.007 0.003 
403    ZFB21    (0)   :  0.967 0.011 0.002 0.003 0.006 0.003 0.003 0.003 
404    ZFB22    (0)   :  0.854 0.085 0.013 0.013 0.011 0.009 0.012 0.004 
405    ZFB23    (0)   :  0.938 0.025 0.003 0.006 0.006 0.007 0.010 0.004 
406    ZFB24    (0)   :  0.933 0.034 0.003 0.005 0.005 0.007 0.009 0.003 
407    ZFB25    (0)   :  0.939 0.006 0.005 0.014 0.004 0.004 0.025 0.003 
408    ZFB26    (0)   :  0.879 0.056 0.005 0.015 0.006 0.010 0.025 0.004 
409    ZFB27    (0)   :  0.883 0.085 0.003 0.007 0.004 0.005 0.009 0.003 
410    ZFB28    (0)   :  0.824 0.104 0.003 0.009 0.033 0.013 0.008 0.006 
411    ZFB29    (0)   :  0.956 0.018 0.003 0.003 0.006 0.008 0.005 0.002 
412    ZFB30    (0)   :  0.768 0.149 0.014 0.011 0.035 0.005 0.006 0.012 
413    ZFB31    (0)   :  0.949 0.007 0.005 0.011 0.005 0.004 0.015 0.004 
414    ZFB32    (0)   :  0.810 0.061 0.005 0.017 0.045 0.033 0.019 0.009 
415    ZFB33    (0)   :  0.966 0.014 0.003 0.003 0.004 0.003 0.004 0.003 
416    ZFB34    (0)   :  0.973 0.004 0.003 0.003 0.005 0.005 0.004 0.003 
417    ZFB35    (0)   :  0.960 0.009 0.003 0.006 0.005 0.006 0.007 0.005 
418  ZFBP101    (0)   :  0.010 0.006 0.046 0.725 0.010 0.077 0.108 0.018 
419  ZFBP102    (0)   :  0.011 0.008 0.011 0.813 0.011 0.019 0.121 0.005 
420  ZFBP103    (0)   :  0.006 0.006 0.012 0.777 0.007 0.111 0.063 0.019 
421  ZFBP104    (0)   :  0.037 0.017 0.008 0.759 0.037 0.004 0.130 0.009 
422  ZFBP105    (0)   :  0.006 0.005 0.007 0.355 0.006 0.005 0.605 0.011 
423  ZFBP106    (0)   :  0.004 0.003 0.013 0.173 0.005 0.008 0.774 0.020 
424  ZFBP107    (0)   :  0.005 0.010 0.005 0.712 0.008 0.007 0.239 0.014 
425  ZFBP108    (0)   :  0.003 0.003 0.005 0.013 0.003 0.003 0.964 0.006 
426  ZFBP109    (0)   :  0.004 0.002 0.006 0.044 0.003 0.004 0.932 0.005 
427  ZFBP110    (0)   :  0.042 0.007 0.006 0.419 0.033 0.034 0.351 0.107 
428  ZFBP111    (0)   :  0.003 0.003 0.137 0.478 0.005 0.005 0.359 0.010 
429  ZFBP112    (0)   :  0.004 0.006 0.109 0.116 0.006 0.026 0.714 0.018 
430  ZFBP113    (0)   :  0.004 0.004 0.005 0.020 0.005 0.003 0.956 0.004 
431  ZFBP114    (0)   :  0.004 0.005 0.011 0.391 0.006 0.006 0.568 0.009 
432  ZFBP115    (0)   :  0.003 0.004 0.014 0.885 0.006 0.008 0.059 0.022 
433  ZFBP116    (0)   :  0.003 0.004 0.007 0.059 0.006 0.004 0.910 0.007 
434  ZFBP117    (0)   :  0.003 0.002 0.007 0.015 0.004 0.005 0.958 0.006 
435  ZFBP118    (0)   :  0.003 0.005 0.017 0.221 0.008 0.005 0.732 0.010 
436  ZFBP119    (0)   :  0.004 0.003 0.018 0.343 0.008 0.026 0.580 0.019 
437  ZFBP120    (0)   :  0.006 0.005 0.006 0.430 0.006 0.004 0.532 0.012 
438  ZFBP121    (0)   :  0.005 0.003 0.005 0.044 0.005 0.007 0.923 0.008 
439  ZFBP122    (9)   :  0.004 0.003 0.015 0.120 0.005 0.005 0.840 0.007 
440  ZFBP123    (0)   :  0.004 0.006 0.021 0.024 0.006 0.017 0.915 0.006 
441  ZFBP124    (0)   :  0.008 0.004 0.005 0.037 0.004 0.005 0.932 0.004 
442  ZFBP125    (0)   :  0.003 0.002 0.017 0.095 0.003 0.006 0.863 0.011 
443  ZFBP126    (0)   :  0.011 0.010 0.008 0.221 0.019 0.027 0.700 0.004 
444  ZFBP127    (0)   :  0.003 0.003 0.006 0.388 0.004 0.013 0.535 0.047 
445  ZFBP128    (0)   :  0.005 0.003 0.064 0.097 0.003 0.023 0.776 0.028 
446  ZFBP129    (0)   :  0.004 0.003 0.016 0.008 0.004 0.007 0.952 0.006 
447  ZFBP130    (0)   :  0.002 0.003 0.115 0.235 0.004 0.027 0.596 0.018 
448  ZFBP131    (0)   :  0.004 0.003 0.005 0.008 0.004 0.004 0.970 0.003 
449  ZFBP132    (0)   :  0.003 0.003 0.004 0.016 0.004 0.004 0.955 0.012 
450  ZFBP133    (0)   :  0.003 0.002 0.173 0.008 0.003 0.007 0.800 0.003 
451  ZFBP134    (0)   :  0.003 0.003 0.012 0.913 0.004 0.013 0.045 0.007 
452  ZFBP135    (0)   :  0.014 0.005 0.017 0.362 0.008 0.222 0.355 0.018 
453  ZFBP136    (0)   :  0.005 0.009 0.085 0.476 0.007 0.135 0.263 0.020 
454  ZFBP201    (0)   :  0.005 0.006 0.005 0.014 0.007 0.006 0.947 0.010 
455  ZFBP202    (0)   :  0.007 0.003 0.009 0.046 0.005 0.004 0.917 0.009 
456  ZFBP203    (0)   :  0.005 0.024 0.024 0.018 0.022 0.007 0.895 0.005 
457  ZFBP204    (0)   :  0.005 0.005 0.026 0.386 0.007 0.018 0.535 0.018 
458  ZFBP205    (0)   :  0.003 0.005 0.012 0.010 0.004 0.009 0.954 0.003 
459  ZFBP206    (0)   :  0.005 0.007 0.093 0.014 0.006 0.019 0.851 0.005 
460  ZFBP207    (0)   :  0.005 0.003 0.007 0.179 0.004 0.010 0.711 0.080 
461  ZFBP208    (0)   :  0.004 0.012 0.010 0.016 0.008 0.009 0.937 0.004 
462  ZFBP209    (0)   :  0.003 0.002 0.098 0.013 0.003 0.007 0.871 0.003 
463  ZFBP210    (0)   :  0.005 0.007 0.012 0.015 0.007 0.007 0.937 0.011 
464  ZFBP211    (0)   :  0.006 0.004 0.005 0.021 0.005 0.005 0.947 0.010 
465  ZFBP212    (0)   :  0.006 0.003 0.006 0.268 0.004 0.003 0.671 0.039 
466  ZFBP213    (0)   :  0.008 0.005 0.013 0.011 0.007 0.016 0.930 0.010 
467  ZFBP214    (0)   :  0.012 0.004 0.103 0.022 0.014 0.044 0.757 0.042 
468  ZFBP215    (0)   :  0.004 0.003 0.007 0.012 0.004 0.005 0.959 0.006 
469  ZFBP216    (0)   :  0.005 0.007 0.008 0.215 0.012 0.005 0.741 0.007 
470  ZFBP217    (0)   :  0.007 0.003 0.165 0.049 0.007 0.007 0.725 0.037 
471  ZFBP218    (0)   :  0.003 0.003 0.014 0.015 0.004 0.003 0.954 0.003 
472  ZFBP219    (0)   :  0.003 0.004 0.005 0.016 0.004 0.003 0.960 0.004 
473  ZFBP220    (0)   :  0.003 0.003 0.064 0.445 0.005 0.022 0.438 0.019 
474  ZFBP221    (0)   :  0.005 0.003 0.009 0.521 0.004 0.003 0.446 0.009 
475  ZFBP222    (0)   :  0.005 0.005 0.010 0.009 0.005 0.008 0.956 0.003 
476  ZFBP223    (0)   :  0.009 0.004 0.011 0.116 0.006 0.008 0.660 0.186 
477  ZFBP224    (0)   :  0.004 0.004 0.005 0.012 0.006 0.006 0.957 0.005 
478  ZFBP225    (0)   :  0.003 0.007 0.221 0.577 0.008 0.013 0.151 0.018 
479  ZFBP226    (0)   :  0.003 0.004 0.006 0.050 0.005 0.004 0.922 0.005 
480  ZFBP227    (0)   :  0.024 0.021 0.008 0.411 0.116 0.006 0.405 0.009 
481  ZFBP228    (0)   :  0.005 0.003 0.008 0.524 0.004 0.012 0.395 0.049 
482  ZFBP229    (0)   :  0.003 0.003 0.017 0.049 0.005 0.006 0.911 0.005 
483  ZFBP230    (0)   :  0.003 0.003 0.047 0.575 0.005 0.024 0.327 0.014 
484  ZFBP231    (0)   :  0.005 0.004 0.005 0.043 0.005 0.006 0.925 0.006 
485  ZFBP232    (0)   :  0.003 0.003 0.008 0.019 0.003 0.004 0.955 0.004 
486  ZFBP233    (0)   :  0.006 0.004 0.027 0.333 0.006 0.006 0.610 0.007 
487   ZFCC01    (0)   :  0.008 0.005 0.004 0.003 0.004 0.967 0.004 0.005 
488   ZFCC03    (0)   :  0.005 0.003 0.005 0.004 0.004 0.968 0.004 0.008 
