

----------------------------------------------------
STRUCTURE by Pritchard, Stephens and Donnelly (2000)
     and Falush, Stephens and Pritchard (2003)
       Code by Pritchard, Falush and Hubisz
             Version 2.3.4 (Jul 2012)
----------------------------------------------------



Command line arguments:   bin\structure -m C:\Users\eschumacher\Documents\GitHub\GCC_QUAC_ZAIN\Data_Files\Structure_Files\ZAIN\ZAIN_rebinned_garden_wild_nopopinfo\50-50\mainparams -e C:\Users\eschumacher\Documents\GitHub\GCC_QUAC_ZAIN\Data_Files\Structure_Files\ZAIN\ZAIN_rebinned_garden_wild_nopopinfo\50-50\extraparams 
Input File:    C:\Users\eschumacher\Documents\GitHub\GCC_QUAC_ZAIN\Data_Files\Structure_Files\ZAIN\ZAIN_rebinned_garden_wild_nopopinfo\project_data

Run parameters:
   1133 individuals
   11 loci
   14 populations assumed
   50000 Burn-in period
   50000 Reps


--------------------------------------------
Overall proportion of membership of the
sample in each of the 14 clusters

Inferred Clusters
  1      2      3      4      5      6      7      8      9     10     11     12     13     14    
0.054  0.081  0.060  0.035  0.068  0.077  0.118  0.090  0.076  0.076  0.089  0.063  0.053  0.060  

--------------------------------------------

Allele-freq. divergence among pops (Net nucleotide distance),
computed using point estimates of P.

      1       2       3       4       5       6       7       8       9      10      11      12      13      14      
 1      -    0.0765  0.1211  0.1746  0.2542  0.1791  0.3396  0.2569  0.0473  0.0864  0.1781  0.1665  0.1416  0.1230  
 2   0.0765     -    0.0533  0.1851  0.2724  0.2471  0.2964  0.2609  0.0611  0.0480  0.1967  0.2372  0.1279  0.1523  
 3   0.1211  0.0533     -    0.2089  0.2932  0.2409  0.3049  0.2692  0.1034  0.0910  0.1977  0.2455  0.1199  0.1906  
 4   0.1746  0.1851  0.2089     -    0.2501  0.2092  0.2426  0.2455  0.2010  0.2680  0.1498  0.2431  0.2838  0.1716  
 5   0.2542  0.2724  0.2932  0.2501     -    0.1878  0.1978  0.0882  0.2823  0.2872  0.1133  0.3009  0.3814  0.1753  
 6   0.1791  0.2471  0.2409  0.2092  0.1878     -    0.2838  0.2142  0.2199  0.2746  0.1709  0.2035  0.2250  0.1825  
 7   0.3396  0.2964  0.3049  0.2426  0.1978  0.2838     -    0.1699  0.2933  0.3710  0.1167  0.3715  0.3796  0.2252  
 8   0.2569  0.2609  0.2692  0.2455  0.0882  0.2142  0.1699     -    0.2729  0.2714  0.1275  0.3058  0.3681  0.1971  
 9   0.0473  0.0611  0.1034  0.2010  0.2823  0.2199  0.2933  0.2729     -    0.0860  0.1598  0.1415  0.1396  0.1248  
10   0.0864  0.0480  0.0910  0.2680  0.2872  0.2746  0.3710  0.2714  0.0860     -    0.2467  0.2952  0.1527  0.1946  
11   0.1781  0.1967  0.1977  0.1498  0.1133  0.1709  0.1167  0.1275  0.1598  0.2467     -    0.1931  0.2845  0.0958  
12   0.1665  0.2372  0.2455  0.2431  0.3009  0.2035  0.3715  0.3058  0.1415  0.2952  0.1931     -    0.2844  0.2297  
13   0.1416  0.1279  0.1199  0.2838  0.3814  0.2250  0.3796  0.3681  0.1396  0.1527  0.2845  0.2844     -    0.1751  
14   0.1230  0.1523  0.1906  0.1716  0.1753  0.1825  0.2252  0.1971  0.1248  0.1946  0.0958  0.2297  0.1751     -    

Average distances (expected heterozygosity) between individuals in same cluster:
cluster  1  : 0.3769 
cluster  2  : 0.3723 
cluster  3  : 0.3942 
cluster  4  : 0.2507 
cluster  5  : 0.3413 
cluster  6  : 0.3725 
cluster  7  : 0.4054 
cluster  8  : 0.4945 
cluster  9  : 0.4410 
cluster 10  : 0.3350 
cluster 11  : 0.5294 
cluster 12  : 0.2434 
cluster 13  : 0.3519 
cluster 14  : 0.4596 

--------------------------------------------
Estimated Ln Prob of Data   = -20598.9
Mean value of ln likelihood = -19729.7
Variance of ln likelihood   = 1738.3
Mean value of alpha         = 0.0347

Mean value of Fst_1         = 0.4661
Mean value of Fst_2         = 0.3606
Mean value of Fst_3         = 0.3761
Mean value of Fst_4         = 0.6238
Mean value of Fst_5         = 0.5078
Mean value of Fst_6         = 0.4560
Mean value of Fst_7         = 0.4424
Mean value of Fst_8         = 0.3871
Mean value of Fst_9         = 0.3208
Mean value of Fst_10         = 0.4145
Mean value of Fst_11         = 0.1658
Mean value of Fst_12         = 0.5914
Mean value of Fst_13         = 0.4409
Mean value of Fst_14         = 0.3020


Inferred ancestry of individuals:
        Label (%Miss) :  Inferred clusters
  1 TMA-ZAIN-G-    (9)   :  0.018 0.012 0.010 0.010 0.028 0.015 0.006 0.711 0.046 0.014 0.040 0.056 0.010 0.023 
  2 TMA-ZAIN-G-    (0)   :  0.007 0.011 0.165 0.013 0.016 0.017 0.006 0.715 0.015 0.012 0.009 0.007 0.004 0.005 
  3 TMA-ZAIN-G-    (0)   :  0.339 0.079 0.026 0.009 0.007 0.010 0.003 0.007 0.087 0.264 0.005 0.030 0.113 0.022 
  4 TMA-ZAIN-G-    (0)   :  0.020 0.082 0.019 0.591 0.009 0.017 0.004 0.005 0.011 0.163 0.005 0.014 0.054 0.006 
  5 TMA-ZAIN-G-    (0)   :  0.003 0.003 0.003 0.004 0.011 0.006 0.005 0.947 0.002 0.003 0.003 0.002 0.003 0.005 
  6 TMA-ZAIN-G-    (0)   :  0.180 0.054 0.018 0.046 0.024 0.019 0.027 0.036 0.044 0.034 0.029 0.015 0.080 0.393 
  7 TMA-ZAIN-G-    (0)   :  0.355 0.337 0.020 0.099 0.011 0.012 0.006 0.010 0.041 0.044 0.010 0.030 0.008 0.015 
  8 TMA-ZAIN-G-    (0)   :  0.916 0.009 0.008 0.004 0.004 0.009 0.002 0.004 0.010 0.013 0.003 0.004 0.009 0.005 
  9 TMA-ZAIN-G-    (9)   :  0.038 0.345 0.117 0.007 0.006 0.005 0.005 0.010 0.277 0.119 0.006 0.009 0.032 0.024 
 10 TMA-ZAIN-G-    (0)   :  0.117 0.423 0.043 0.012 0.004 0.010 0.005 0.003 0.256 0.047 0.006 0.011 0.034 0.031 
 11 TMA-ZAIN-G-    (0)   :  0.010 0.803 0.013 0.012 0.005 0.005 0.004 0.005 0.112 0.006 0.006 0.009 0.004 0.006 
 12 TMA-ZAIN-G-    (0)   :  0.018 0.050 0.008 0.005 0.005 0.005 0.003 0.005 0.039 0.816 0.006 0.027 0.005 0.009 
 13 TMA-ZAIN-G-    (9)   :  0.059 0.112 0.242 0.014 0.038 0.017 0.056 0.037 0.212 0.042 0.025 0.114 0.019 0.013 
 14 TMA-ZAIN-G-    (9)   :  0.009 0.018 0.017 0.005 0.003 0.008 0.012 0.003 0.058 0.010 0.009 0.831 0.007 0.011 
 15 TMA-ZAIN-G-    (0)   :  0.012 0.009 0.008 0.003 0.003 0.007 0.002 0.003 0.216 0.008 0.006 0.707 0.008 0.005 
 16 TMA-ZAIN-G-    (0)   :  0.010 0.441 0.013 0.006 0.004 0.003 0.005 0.003 0.028 0.466 0.005 0.006 0.005 0.007 
 17 TMA-ZAIN-G-    (9)   :  0.115 0.007 0.006 0.106 0.006 0.017 0.008 0.009 0.662 0.010 0.016 0.017 0.008 0.015 
 18 TMA-ZAIN-G-    (0)   :  0.013 0.004 0.004 0.018 0.735 0.045 0.007 0.027 0.007 0.013 0.090 0.009 0.007 0.022 
 19 TMA-ZAIN-G-    (0)   :  0.069 0.023 0.010 0.043 0.022 0.004 0.024 0.010 0.029 0.026 0.574 0.013 0.006 0.148 
 20 TMA-ZAIN-G-    (0)   :  0.004 0.003 0.004 0.007 0.041 0.036 0.057 0.034 0.003 0.003 0.793 0.004 0.005 0.007 
 21 TMA-ZAIN-G-    (0)   :  0.004 0.005 0.003 0.005 0.003 0.005 0.948 0.003 0.005 0.004 0.004 0.002 0.005 0.005 
 22 TMA-ZAIN-G-    (0)   :  0.003 0.003 0.003 0.010 0.077 0.007 0.827 0.039 0.003 0.003 0.011 0.003 0.002 0.009 
 23 TMA-ZAIN-G-    (0)   :  0.009 0.007 0.006 0.011 0.047 0.004 0.808 0.011 0.007 0.006 0.043 0.007 0.003 0.030 
 24 TMA-ZAIN-G-    (9)   :  0.003 0.009 0.154 0.003 0.008 0.006 0.643 0.007 0.021 0.008 0.003 0.020 0.111 0.004 
 25 TMA-ZAIN-G-    (9)   :  0.005 0.010 0.154 0.003 0.014 0.004 0.009 0.185 0.015 0.010 0.575 0.004 0.005 0.007 
 26 TMA-ZAIN-G-    (9)   :  0.035 0.073 0.191 0.010 0.006 0.430 0.031 0.009 0.157 0.022 0.010 0.012 0.009 0.005 
 27 TMA-ZAIN-G-    (0)   :  0.012 0.015 0.005 0.020 0.013 0.014 0.018 0.081 0.019 0.003 0.078 0.080 0.008 0.632 
 28 TMA-ZAIN-G-    (0)   :  0.009 0.006 0.004 0.006 0.015 0.005 0.003 0.006 0.006 0.005 0.015 0.009 0.004 0.909 
 29 TMA-ZAIN-G-    (0)   :  0.004 0.004 0.005 0.003 0.004 0.014 0.004 0.003 0.005 0.004 0.227 0.006 0.711 0.005 
 30 TMA-ZAIN-G-    (0)   :  0.019 0.038 0.093 0.007 0.005 0.005 0.005 0.004 0.226 0.046 0.031 0.051 0.029 0.441 
 31 TMA-ZAIN-G-    (0)   :  0.006 0.006 0.007 0.018 0.026 0.048 0.011 0.843 0.003 0.004 0.011 0.006 0.005 0.006 
 32 TMA-ZAIN-G-    (9)   :  0.011 0.049 0.045 0.005 0.516 0.005 0.023 0.060 0.125 0.097 0.037 0.017 0.005 0.004 
 33 TMA-ZAIN-G-   (18)   :  0.069 0.176 0.026 0.004 0.005 0.004 0.003 0.005 0.437 0.238 0.004 0.006 0.016 0.007 
 34 TMA-ZAIN-G-    (0)   :  0.015 0.199 0.069 0.005 0.122 0.007 0.018 0.062 0.042 0.422 0.017 0.008 0.007 0.008 
 35 TMA-ZAIN-G-    (9)   :  0.031 0.194 0.150 0.012 0.029 0.014 0.004 0.006 0.238 0.182 0.012 0.030 0.081 0.018 
 36 TMA-ZAIN-G-    (0)   :  0.069 0.061 0.386 0.007 0.005 0.015 0.003 0.004 0.315 0.017 0.005 0.097 0.010 0.006 
 37 TMA-ZAIN-G-    (9)   :  0.059 0.268 0.118 0.053 0.008 0.013 0.009 0.009 0.275 0.120 0.008 0.006 0.017 0.038 
 38 TMA-ZAIN-G-   (18)   :  0.011 0.028 0.034 0.009 0.016 0.006 0.009 0.680 0.079 0.031 0.049 0.036 0.006 0.005 
 39 TMA-ZAIN-G-    (0)   :  0.021 0.045 0.748 0.007 0.003 0.008 0.005 0.003 0.062 0.070 0.003 0.004 0.012 0.008 
 40 TMA-ZAIN-G-    (0)   :  0.020 0.026 0.112 0.015 0.003 0.005 0.005 0.004 0.686 0.106 0.004 0.004 0.007 0.004 
 41 TMA-ZAIN-G-    (0)   :  0.031 0.010 0.189 0.003 0.003 0.005 0.003 0.003 0.694 0.016 0.004 0.030 0.006 0.005 
 42 TMA-ZAIN-G-    (9)   :  0.050 0.005 0.011 0.004 0.003 0.015 0.002 0.003 0.765 0.007 0.004 0.117 0.009 0.004 
 43 TMA-ZAIN-G-    (0)   :  0.011 0.004 0.005 0.004 0.003 0.004 0.003 0.003 0.008 0.003 0.004 0.937 0.008 0.003 
 44 TMA-ZAIN-G-    (0)   :  0.009 0.101 0.051 0.008 0.004 0.004 0.767 0.006 0.010 0.009 0.015 0.005 0.009 0.003 
 45 TMA-ZAIN-G-    (0)   :  0.021 0.589 0.012 0.013 0.004 0.008 0.006 0.006 0.205 0.101 0.007 0.014 0.005 0.009 
 46 TMA-ZAIN-G-    (0)   :  0.003 0.004 0.005 0.009 0.004 0.005 0.945 0.003 0.003 0.003 0.005 0.004 0.003 0.003 
 47 TMA-ZAIN-G-    (0)   :  0.005 0.004 0.004 0.013 0.005 0.937 0.003 0.003 0.004 0.005 0.004 0.004 0.004 0.005 
 48 TMA-ZAIN-G-    (0)   :  0.171 0.137 0.017 0.138 0.007 0.184 0.033 0.006 0.153 0.014 0.012 0.052 0.019 0.056 
 49 TMA-ZAIN-G-    (9)   :  0.009 0.021 0.006 0.021 0.030 0.006 0.005 0.005 0.008 0.032 0.796 0.004 0.044 0.012 
 50 TMA-ZAIN-G-    (0)   :  0.012 0.006 0.025 0.005 0.005 0.003 0.005 0.014 0.079 0.008 0.801 0.008 0.003 0.024 
 51 TMA-ZAIN-G-    (0)   :  0.011 0.011 0.008 0.014 0.006 0.016 0.006 0.007 0.021 0.004 0.813 0.055 0.007 0.020 
 52 TMA-ZAIN-G-    (0)   :  0.010 0.007 0.006 0.123 0.006 0.030 0.008 0.005 0.007 0.011 0.746 0.015 0.003 0.023 
 53 TMA-ZAIN-G-    (0)   :  0.011 0.015 0.014 0.051 0.010 0.063 0.007 0.196 0.013 0.004 0.559 0.042 0.006 0.009 
 54 TMA-ZAIN-G-    (0)   :  0.010 0.007 0.004 0.004 0.007 0.911 0.005 0.003 0.011 0.007 0.008 0.011 0.003 0.010 
 55 TMA-ZAIN-G-    (0)   :  0.015 0.009 0.004 0.004 0.007 0.837 0.008 0.003 0.035 0.009 0.021 0.022 0.003 0.024 
 56 TMA-ZAIN-G-    (0)   :  0.108 0.037 0.024 0.378 0.004 0.047 0.007 0.009 0.219 0.015 0.036 0.036 0.023 0.057 
 57 TMA-ZAIN-G-    (0)   :  0.008 0.009 0.012 0.011 0.006 0.850 0.003 0.010 0.006 0.038 0.029 0.005 0.008 0.005 
 58 TMA-ZAIN-G-    (0)   :  0.041 0.009 0.004 0.017 0.152 0.040 0.140 0.017 0.019 0.016 0.317 0.008 0.008 0.213 
 59 TMA-ZAIN-G-    (0)   :  0.079 0.143 0.019 0.037 0.033 0.018 0.025 0.518 0.037 0.023 0.015 0.010 0.012 0.030 
 60 TMA-ZAIN-G-    (0)   :  0.022 0.021 0.006 0.041 0.128 0.020 0.009 0.303 0.017 0.006 0.164 0.141 0.007 0.114 
 61 TMA-ZAIN-G-    (0)   :  0.004 0.005 0.003 0.028 0.017 0.012 0.017 0.886 0.003 0.003 0.008 0.003 0.003 0.006 
 62 TMA-ZAIN-G-    (9)   :  0.008 0.021 0.017 0.003 0.008 0.011 0.014 0.802 0.021 0.027 0.019 0.004 0.007 0.038 
 63 TMA-ZAIN-G-    (0)   :  0.013 0.009 0.004 0.017 0.210 0.019 0.009 0.640 0.011 0.011 0.023 0.015 0.003 0.017 
 64 TMA-ZAIN-G-    (0)   :  0.005 0.007 0.008 0.004 0.002 0.003 0.002 0.002 0.006 0.005 0.003 0.005 0.945 0.003 
 65 TMA-ZAIN-G-    (9)   :  0.010 0.008 0.007 0.005 0.004 0.007 0.003 0.003 0.006 0.022 0.003 0.005 0.913 0.005 
 66 TMA-ZAIN-G-    (0)   :  0.007 0.027 0.015 0.005 0.003 0.004 0.003 0.003 0.011 0.012 0.003 0.005 0.899 0.004 
 67 TMA-ZAIN-G-    (0)   :  0.008 0.052 0.110 0.004 0.003 0.005 0.014 0.004 0.015 0.021 0.010 0.003 0.738 0.013 
 68 TMA-ZAIN-G-    (0)   :  0.008 0.004 0.004 0.004 0.003 0.005 0.002 0.002 0.006 0.005 0.003 0.006 0.945 0.003 
 69 TMA-ZAIN-G-    (0)   :  0.008 0.052 0.039 0.022 0.030 0.008 0.025 0.011 0.006 0.030 0.022 0.016 0.724 0.007 
 70 TMA-ZAIN-G-    (0)   :  0.004 0.059 0.877 0.004 0.003 0.003 0.004 0.003 0.007 0.009 0.004 0.004 0.013 0.004 
 71 TMA-ZAIN-G-    (0)   :  0.004 0.014 0.937 0.003 0.003 0.003 0.003 0.003 0.006 0.010 0.003 0.003 0.004 0.003 
 72 TMA-ZAIN-G-    (0)   :  0.007 0.010 0.908 0.005 0.004 0.007 0.003 0.003 0.011 0.009 0.004 0.007 0.015 0.008 
 73 TMA-ZAIN-G-    (0)   :  0.006 0.006 0.856 0.004 0.015 0.014 0.023 0.018 0.006 0.008 0.017 0.003 0.005 0.018 
 74 TMA-ZAIN-G-    (0)   :  0.006 0.009 0.923 0.003 0.005 0.005 0.005 0.006 0.007 0.010 0.006 0.003 0.005 0.005 
 75 TMA-ZAIN-G-    (0)   :  0.006 0.008 0.929 0.005 0.005 0.007 0.003 0.004 0.005 0.009 0.005 0.004 0.005 0.005 
 76 TMA-ZAIN-G-    (0)   :  0.004 0.016 0.918 0.003 0.003 0.003 0.014 0.005 0.005 0.008 0.009 0.003 0.005 0.004 
 77 TMA-ZAIN-G-    (0)   :  0.005 0.007 0.931 0.007 0.003 0.004 0.005 0.002 0.008 0.005 0.005 0.006 0.005 0.005 
 78 TMA-ZAIN-G-    (0)   :  0.007 0.008 0.910 0.009 0.006 0.006 0.009 0.005 0.005 0.008 0.012 0.005 0.005 0.007 
 79 TMA-ZAIN-G-    (0)   :  0.005 0.010 0.904 0.025 0.004 0.004 0.007 0.003 0.009 0.005 0.008 0.007 0.004 0.004 
 80 TMA-ZAIN-G-    (0)   :  0.012 0.026 0.783 0.007 0.003 0.011 0.004 0.003 0.018 0.097 0.004 0.004 0.022 0.007 
 81 TMA-ZAIN-G-    (0)   :  0.009 0.026 0.871 0.023 0.004 0.005 0.005 0.004 0.014 0.011 0.007 0.008 0.005 0.008 
 82 TMA-ZAIN-G-    (0)   :  0.020 0.461 0.226 0.008 0.007 0.017 0.003 0.004 0.009 0.077 0.005 0.007 0.149 0.007 
 83 TMA-ZAIN-G-    (9)   :  0.036 0.128 0.018 0.006 0.051 0.019 0.024 0.033 0.010 0.568 0.013 0.005 0.051 0.038 
 84 TMA-ZAIN-G-    (0)   :  0.009 0.026 0.884 0.010 0.003 0.004 0.011 0.004 0.011 0.012 0.009 0.005 0.005 0.006 
 85 TMA-ZAIN-G-    (0)   :  0.004 0.004 0.004 0.952 0.004 0.004 0.004 0.004 0.003 0.003 0.004 0.003 0.003 0.004 
 86 TMA-ZAIN-G-    (0)   :  0.009 0.012 0.006 0.920 0.003 0.005 0.006 0.004 0.009 0.009 0.004 0.003 0.005 0.004 
 87 TMA-ZAIN-G-    (0)   :  0.004 0.003 0.003 0.954 0.005 0.003 0.005 0.004 0.003 0.003 0.004 0.003 0.003 0.004 
 88 TMA-ZAIN-G-    (0)   :  0.017 0.069 0.037 0.339 0.023 0.090 0.011 0.177 0.011 0.137 0.010 0.018 0.049 0.011 
 89 TMA-ZAIN-G-    (0)   :  0.018 0.035 0.045 0.266 0.012 0.403 0.030 0.053 0.014 0.036 0.010 0.044 0.030 0.004 
 90 TMA-ZAIN-G-    (0)   :  0.005 0.014 0.004 0.833 0.037 0.040 0.004 0.004 0.005 0.023 0.007 0.004 0.013 0.006 
 91 TMA-ZAIN-G-    (0)   :  0.013 0.014 0.009 0.755 0.006 0.045 0.006 0.089 0.008 0.009 0.006 0.014 0.012 0.015 
 92 TMA-ZAIN-G-    (0)   :  0.008 0.012 0.011 0.475 0.015 0.344 0.034 0.008 0.009 0.005 0.034 0.012 0.006 0.028 
 93 TMA-ZAIN-G-    (0)   :  0.007 0.009 0.007 0.176 0.009 0.549 0.014 0.052 0.007 0.004 0.025 0.026 0.007 0.108 
 94 TMA-ZAIN-G-    (0)   :  0.005 0.005 0.005 0.721 0.018 0.056 0.010 0.135 0.003 0.004 0.010 0.007 0.005 0.016 
 95 TMA-ZAIN-G-    (0)   :  0.004 0.005 0.009 0.005 0.016 0.004 0.005 0.004 0.014 0.005 0.026 0.015 0.007 0.880 
 96 TMA-ZAIN-G-    (0)   :  0.006 0.004 0.004 0.009 0.005 0.005 0.007 0.006 0.084 0.010 0.063 0.019 0.004 0.775 
 97 TMA-ZAIN-G-    (0)   :  0.010 0.007 0.021 0.007 0.179 0.016 0.006 0.707 0.004 0.004 0.020 0.007 0.006 0.005 
 98 TMA-ZAIN-G-    (0)   :  0.012 0.006 0.025 0.006 0.204 0.011 0.004 0.711 0.003 0.003 0.004 0.004 0.004 0.003 
 99 TMA-ZAIN-G-    (0)   :  0.036 0.192 0.012 0.004 0.037 0.004 0.009 0.633 0.025 0.019 0.005 0.006 0.009 0.007 
100 TMA-ZAIN-G-    (0)   :  0.004 0.005 0.005 0.024 0.011 0.017 0.011 0.872 0.003 0.003 0.028 0.005 0.005 0.007 
101 TMA-ZAIN-G-    (0)   :  0.008 0.055 0.007 0.003 0.073 0.010 0.005 0.788 0.006 0.006 0.019 0.007 0.005 0.009 
102 TMA-ZAIN-G-    (0)   :  0.007 0.011 0.011 0.044 0.741 0.005 0.073 0.009 0.020 0.013 0.032 0.013 0.008 0.014 
103 TMA-ZAIN-G-    (0)   :  0.009 0.008 0.007 0.028 0.857 0.004 0.014 0.010 0.008 0.009 0.024 0.005 0.005 0.012 
104 TMA-ZAIN-G-    (0)   :  0.003 0.003 0.003 0.003 0.954 0.004 0.005 0.006 0.003 0.003 0.005 0.003 0.002 0.004 
105 TMA-ZAIN-G-    (0)   :  0.010 0.011 0.007 0.037 0.867 0.004 0.007 0.008 0.008 0.011 0.010 0.005 0.005 0.011 
106 TMA-ZAIN-G-    (0)   :  0.060 0.068 0.099 0.008 0.004 0.006 0.003 0.003 0.547 0.054 0.004 0.093 0.046 0.006 
107 TMA-ZAIN-G-    (0)   :  0.035 0.263 0.177 0.006 0.005 0.008 0.003 0.004 0.021 0.441 0.005 0.014 0.013 0.007 
108 TMA-ZAIN-G-    (9)   :  0.029 0.153 0.071 0.051 0.025 0.011 0.028 0.333 0.181 0.034 0.036 0.029 0.009 0.011 
109 TMA-ZAIN-G-    (0)   :  0.137 0.025 0.008 0.013 0.022 0.051 0.004 0.284 0.115 0.168 0.008 0.025 0.106 0.034 
110 TMA-ZAIN-G-    (0)   :  0.109 0.220 0.029 0.020 0.042 0.015 0.125 0.053 0.105 0.125 0.106 0.017 0.008 0.026 
111 TMA-ZAIN-G-    (9)   :  0.010 0.033 0.054 0.007 0.189 0.022 0.108 0.187 0.013 0.254 0.087 0.004 0.012 0.022 
112 TMA-ZAIN-G-    (0)   :  0.108 0.077 0.020 0.012 0.240 0.020 0.034 0.089 0.206 0.064 0.047 0.031 0.025 0.026 
113 TMA-ZAIN-G-    (0)   :  0.008 0.010 0.014 0.005 0.010 0.017 0.008 0.895 0.005 0.009 0.004 0.005 0.008 0.004 
114 TMA-ZAIN-G-    (0)   :  0.003 0.003 0.003 0.006 0.005 0.003 0.009 0.950 0.003 0.003 0.004 0.002 0.003 0.004 
115 TMA-ZAIN-G-    (0)   :  0.003 0.003 0.003 0.003 0.007 0.004 0.005 0.949 0.003 0.005 0.004 0.003 0.003 0.004 
116 TMA-ZAIN-G-    (0)   :  0.021 0.039 0.011 0.006 0.009 0.013 0.003 0.005 0.008 0.854 0.004 0.007 0.011 0.009 
117 TMA-ZAIN-G-    (0)   :  0.297 0.075 0.092 0.037 0.008 0.033 0.003 0.006 0.058 0.055 0.008 0.054 0.240 0.035 
118 TMA-ZAIN-G-    (0)   :  0.025 0.016 0.016 0.007 0.008 0.010 0.003 0.005 0.019 0.798 0.007 0.032 0.033 0.018 
119 TMA-ZAIN-G-    (0)   :  0.017 0.026 0.052 0.006 0.021 0.011 0.017 0.019 0.008 0.748 0.022 0.006 0.027 0.019 
120 TMA-ZAIN-G-    (0)   :  0.045 0.030 0.037 0.020 0.016 0.014 0.004 0.007 0.023 0.635 0.012 0.092 0.035 0.031 
121 TMA-ZAIN-G-    (0)   :  0.143 0.141 0.039 0.011 0.017 0.021 0.003 0.009 0.050 0.290 0.007 0.020 0.207 0.043 
122 TMA-ZAIN-G-    (0)   :  0.188 0.318 0.047 0.105 0.005 0.012 0.006 0.005 0.068 0.118 0.006 0.011 0.026 0.086 
123 TMA-ZAIN-G-    (0)   :  0.005 0.006 0.005 0.010 0.020 0.006 0.009 0.885 0.005 0.005 0.018 0.013 0.004 0.007 
124 TMA-ZAIN-G-    (0)   :  0.906 0.008 0.004 0.006 0.005 0.003 0.003 0.004 0.034 0.007 0.005 0.007 0.003 0.005 
125 TMA-ZAIN-G-    (0)   :  0.907 0.005 0.005 0.005 0.003 0.025 0.002 0.002 0.012 0.005 0.003 0.010 0.013 0.004 
126 TMA-ZAIN-G-    (0)   :  0.897 0.006 0.004 0.005 0.004 0.007 0.002 0.003 0.031 0.010 0.003 0.019 0.004 0.004 
127 TMA-ZAIN-G-    (0)   :  0.873 0.009 0.004 0.005 0.003 0.003 0.003 0.002 0.067 0.010 0.003 0.008 0.005 0.004 
128 TMA-ZAIN-G-    (0)   :  0.905 0.010 0.005 0.005 0.004 0.005 0.003 0.003 0.021 0.008 0.003 0.007 0.014 0.008 
129 TMA-ZAIN-G-    (0)   :  0.928 0.006 0.004 0.006 0.005 0.004 0.003 0.004 0.012 0.006 0.004 0.008 0.005 0.004 
130 TMA-ZAIN-G-    (0)   :  0.913 0.005 0.004 0.005 0.005 0.016 0.002 0.004 0.006 0.009 0.004 0.017 0.005 0.004 
131 TMA-ZAIN-G-    (0)   :  0.907 0.007 0.004 0.007 0.004 0.004 0.003 0.003 0.031 0.006 0.004 0.010 0.004 0.006 
132 TMA-ZAIN-G-    (0)   :  0.900 0.010 0.007 0.005 0.003 0.012 0.002 0.003 0.017 0.008 0.003 0.007 0.015 0.007 
133 TMA-ZAIN-G-    (0)   :  0.079 0.021 0.089 0.050 0.003 0.028 0.012 0.003 0.402 0.043 0.018 0.136 0.101 0.015 
134 TMA-ZAIN-G-    (0)   :  0.302 0.014 0.068 0.043 0.003 0.023 0.008 0.004 0.097 0.094 0.008 0.258 0.073 0.005 
135 TMA-ZAIN-G-    (0)   :  0.122 0.102 0.084 0.036 0.004 0.013 0.006 0.005 0.069 0.505 0.005 0.016 0.028 0.004 
136 TMA-ZAIN-G-    (0)   :  0.045 0.115 0.037 0.006 0.004 0.018 0.006 0.007 0.059 0.098 0.004 0.006 0.585 0.009 
137 TMA-ZAIN-G-    (0)   :  0.030 0.018 0.030 0.021 0.004 0.006 0.007 0.006 0.016 0.841 0.007 0.005 0.005 0.004 
138 TMA-ZAIN-G-    (0)   :  0.508 0.082 0.020 0.004 0.004 0.014 0.003 0.004 0.085 0.238 0.003 0.020 0.012 0.004 
139 TMA-ZAIN-G-    (0)   :  0.315 0.032 0.061 0.011 0.003 0.072 0.006 0.006 0.044 0.417 0.004 0.017 0.010 0.003 
140 TMA-ZAIN-G-    (0)   :  0.019 0.586 0.018 0.005 0.003 0.004 0.004 0.003 0.064 0.266 0.004 0.006 0.009 0.009 
141 TMA-ZAIN-G-    (0)   :  0.097 0.609 0.078 0.012 0.006 0.005 0.003 0.005 0.036 0.106 0.005 0.024 0.007 0.006 
142 TMA-ZAIN-G-    (9)   :  0.022 0.616 0.022 0.006 0.004 0.004 0.003 0.003 0.036 0.257 0.004 0.006 0.012 0.006 
143 TMA-ZAIN-G-    (0)   :  0.195 0.361 0.020 0.007 0.005 0.005 0.003 0.004 0.098 0.261 0.004 0.010 0.016 0.012 
144 TMA-ZAIN-G-    (0)   :  0.089 0.142 0.012 0.016 0.005 0.032 0.008 0.003 0.167 0.458 0.014 0.013 0.007 0.034 
145 TMA-ZAIN-G-    (0)   :  0.102 0.119 0.061 0.005 0.003 0.015 0.002 0.003 0.022 0.344 0.003 0.006 0.307 0.007 
146 TMA-ZAIN-G-    (0)   :  0.006 0.928 0.020 0.005 0.003 0.003 0.003 0.003 0.006 0.008 0.003 0.004 0.005 0.003 
147 TMA-ZAIN-G-    (9)   :  0.007 0.932 0.010 0.004 0.003 0.004 0.003 0.003 0.008 0.008 0.003 0.005 0.007 0.003 
148 TMA-ZAIN-G-    (0)   :  0.040 0.781 0.013 0.005 0.003 0.027 0.003 0.003 0.032 0.006 0.003 0.076 0.004 0.003 
149 TMA-ZAIN-G-    (0)   :  0.062 0.687 0.011 0.024 0.021 0.056 0.012 0.015 0.043 0.014 0.009 0.029 0.005 0.013 
150 TMA-ZAIN-G-    (0)   :  0.022 0.685 0.015 0.013 0.029 0.072 0.009 0.011 0.018 0.026 0.007 0.018 0.063 0.012 
151 TMA-ZAIN-G-    (0)   :  0.006 0.012 0.005 0.003 0.003 0.004 0.002 0.003 0.124 0.802 0.003 0.018 0.009 0.005 
152 TMA-ZAIN-G-    (0)   :  0.006 0.014 0.005 0.003 0.003 0.004 0.002 0.004 0.012 0.918 0.003 0.014 0.005 0.005 
153 TMA-ZAIN-G-    (0)   :  0.039 0.080 0.015 0.004 0.004 0.012 0.003 0.003 0.096 0.694 0.003 0.032 0.013 0.004 
154 TMA-ZAIN-G-    (0)   :  0.009 0.013 0.005 0.004 0.004 0.004 0.002 0.003 0.007 0.936 0.003 0.004 0.004 0.003 
155 TMA-ZAIN-G-    (0)   :  0.012 0.032 0.008 0.006 0.005 0.003 0.003 0.004 0.010 0.897 0.004 0.007 0.007 0.004 
156 TMA-ZAIN-G-    (9)   :  0.032 0.048 0.005 0.003 0.006 0.011 0.003 0.005 0.055 0.748 0.004 0.074 0.003 0.004 
157 TMA-ZAIN-G-    (0)   :  0.025 0.138 0.009 0.004 0.005 0.006 0.003 0.004 0.084 0.572 0.004 0.137 0.006 0.004 
158 TMA-ZAIN-G-    (0)   :  0.008 0.194 0.028 0.004 0.003 0.004 0.003 0.003 0.016 0.714 0.007 0.004 0.006 0.006 
159 TMA-ZAIN-G-    (0)   :  0.019 0.242 0.188 0.004 0.005 0.005 0.002 0.004 0.008 0.497 0.003 0.005 0.014 0.004 
160 TMA-ZAIN-G-    (0)   :  0.012 0.084 0.134 0.005 0.006 0.008 0.002 0.004 0.006 0.708 0.003 0.005 0.020 0.003 
161 TMA-ZAIN-G-    (0)   :  0.233 0.096 0.020 0.007 0.004 0.021 0.002 0.003 0.087 0.486 0.005 0.023 0.008 0.006 
162 TMA-ZAIN-G-    (0)   :  0.006 0.007 0.006 0.010 0.019 0.010 0.011 0.014 0.010 0.886 0.005 0.003 0.005 0.008 
163 TMA-ZAIN-G-    (0)   :  0.005 0.012 0.004 0.003 0.003 0.003 0.002 0.003 0.006 0.948 0.002 0.003 0.004 0.003 
164 TMA-ZAIN-G-    (0)   :  0.011 0.098 0.009 0.012 0.005 0.009 0.005 0.005 0.008 0.815 0.004 0.004 0.008 0.006 
165 TMA-ZAIN-G-    (0)   :  0.012 0.101 0.009 0.003 0.004 0.003 0.003 0.003 0.009 0.838 0.003 0.003 0.005 0.004 
166 TMA-ZAIN-G-    (0)   :  0.190 0.227 0.046 0.006 0.003 0.010 0.002 0.003 0.048 0.440 0.003 0.005 0.013 0.004 
167 TMA-ZAIN-G-    (0)   :  0.020 0.672 0.187 0.008 0.006 0.004 0.004 0.005 0.034 0.032 0.007 0.008 0.004 0.007 
168 TMA-ZAIN-G-    (0)   :  0.007 0.599 0.296 0.005 0.004 0.005 0.003 0.006 0.011 0.011 0.005 0.029 0.014 0.005 
169 TMA-ZAIN-G-    (0)   :  0.009 0.555 0.326 0.005 0.003 0.005 0.002 0.003 0.006 0.013 0.003 0.005 0.060 0.004 
170 TMA-ZAIN-G-    (0)   :  0.058 0.439 0.111 0.006 0.009 0.004 0.012 0.023 0.118 0.059 0.048 0.083 0.022 0.008 
171 TMA-ZAIN-G-    (0)   :  0.006 0.599 0.336 0.004 0.003 0.004 0.003 0.003 0.005 0.012 0.003 0.004 0.015 0.003 
172 TMA-ZAIN-G-    (0)   :  0.044 0.196 0.022 0.006 0.004 0.004 0.004 0.003 0.662 0.022 0.006 0.018 0.004 0.005 
173 TMA-ZAIN-G-    (0)   :  0.043 0.090 0.018 0.008 0.004 0.005 0.003 0.003 0.773 0.016 0.006 0.017 0.007 0.008 
174 TMA-ZAIN-G-    (0)   :  0.675 0.111 0.020 0.004 0.003 0.007 0.002 0.003 0.088 0.044 0.003 0.004 0.031 0.005 
175 TMA-ZAIN-G-    (0)   :  0.007 0.691 0.249 0.006 0.004 0.004 0.003 0.003 0.005 0.010 0.003 0.005 0.008 0.003 
176 TMA-ZAIN-G-    (0)   :  0.007 0.860 0.075 0.005 0.003 0.003 0.003 0.003 0.007 0.016 0.003 0.005 0.005 0.004 
177 TMA-ZAIN-G-    (0)   :  0.006 0.917 0.013 0.004 0.003 0.003 0.003 0.003 0.015 0.009 0.004 0.011 0.004 0.003 
178 TMA-ZAIN-G-    (0)   :  0.011 0.418 0.019 0.005 0.004 0.004 0.003 0.005 0.464 0.017 0.006 0.032 0.004 0.007 
179 TMA-ZAIN-G-    (0)   :  0.013 0.844 0.018 0.005 0.003 0.004 0.002 0.003 0.059 0.019 0.003 0.015 0.007 0.005 
180 TMA-ZAIN-G-    (0)   :  0.438 0.060 0.006 0.029 0.004 0.011 0.008 0.004 0.278 0.018 0.006 0.029 0.094 0.015 
181 TMA-ZAIN-G-    (0)   :  0.023 0.011 0.010 0.004 0.004 0.005 0.003 0.005 0.746 0.052 0.004 0.123 0.005 0.004 
182 TMA-ZAIN-G-    (0)   :  0.345 0.026 0.005 0.006 0.006 0.005 0.003 0.008 0.366 0.039 0.005 0.177 0.003 0.005 
183 TMA-ZAIN-G-    (0)   :  0.011 0.009 0.008 0.005 0.004 0.004 0.003 0.004 0.865 0.011 0.004 0.064 0.005 0.004 
184 TMA-ZAIN-G-    (0)   :  0.034 0.014 0.012 0.019 0.026 0.016 0.012 0.025 0.722 0.053 0.008 0.037 0.009 0.012 
185 TMA-ZAIN-G-    (0)   :  0.028 0.009 0.007 0.012 0.012 0.022 0.015 0.011 0.817 0.012 0.009 0.004 0.005 0.036 
186 TMA-ZAIN-G-    (9)   :  0.048 0.008 0.011 0.005 0.004 0.005 0.004 0.004 0.865 0.014 0.008 0.005 0.007 0.012 
187 TMA-ZAIN-G-    (0)   :  0.018 0.013 0.033 0.004 0.004 0.003 0.003 0.004 0.848 0.031 0.004 0.015 0.015 0.005 
188 TMA-ZAIN-G-    (0)   :  0.016 0.008 0.042 0.003 0.003 0.004 0.002 0.003 0.866 0.019 0.003 0.006 0.020 0.004 
189 TMA-ZAIN-G-    (0)   :  0.015 0.007 0.004 0.004 0.002 0.002 0.002 0.003 0.933 0.006 0.003 0.007 0.008 0.003 
190 TMA-ZAIN-G-    (0)   :  0.011 0.039 0.027 0.004 0.003 0.006 0.003 0.003 0.847 0.006 0.005 0.026 0.013 0.006 
191 TMA-ZAIN-G-    (0)   :  0.008 0.009 0.009 0.014 0.011 0.008 0.013 0.011 0.888 0.006 0.007 0.004 0.005 0.008 
192 TMA-ZAIN-G-    (0)   :  0.014 0.007 0.012 0.013 0.003 0.004 0.009 0.005 0.897 0.009 0.007 0.015 0.004 0.003 
193 TMA-ZAIN-G-    (0)   :  0.004 0.003 0.003 0.004 0.003 0.004 0.002 0.002 0.006 0.003 0.003 0.955 0.003 0.003 
194 TMA-ZAIN-G-    (0)   :  0.023 0.008 0.007 0.005 0.003 0.015 0.007 0.002 0.050 0.004 0.011 0.832 0.012 0.022 
195 TMA-ZAIN-G-    (0)   :  0.026 0.039 0.030 0.004 0.003 0.007 0.003 0.003 0.060 0.006 0.011 0.771 0.033 0.005 
196 TMA-ZAIN-G-    (0)   :  0.009 0.007 0.005 0.004 0.003 0.006 0.003 0.003 0.016 0.007 0.004 0.915 0.013 0.006 
197 TMA-ZAIN-G-    (0)   :  0.011 0.008 0.008 0.008 0.003 0.004 0.003 0.003 0.010 0.006 0.004 0.916 0.010 0.005 
198 TMA-ZAIN-G-    (0)   :  0.008 0.010 0.009 0.004 0.003 0.004 0.003 0.003 0.017 0.009 0.003 0.918 0.006 0.003 
199 TMA-ZAIN-G-    (0)   :  0.031 0.009 0.008 0.005 0.004 0.007 0.004 0.003 0.891 0.014 0.005 0.007 0.005 0.009 
200 TMA-ZAIN-G-    (0)   :  0.003 0.004 0.003 0.006 0.013 0.004 0.768 0.017 0.006 0.002 0.105 0.050 0.003 0.015 
201 TMA-ZAIN-G-    (0)   :  0.003 0.004 0.004 0.006 0.013 0.004 0.905 0.005 0.004 0.003 0.029 0.003 0.005 0.011 
202 TMA-ZAIN-G-    (0)   :  0.005 0.008 0.003 0.004 0.009 0.002 0.831 0.023 0.015 0.005 0.047 0.037 0.004 0.007 
203 TMA-ZAIN-G-    (0)   :  0.066 0.021 0.010 0.005 0.012 0.005 0.003 0.021 0.031 0.029 0.004 0.784 0.004 0.005 
204 TMA-ZAIN-G-    (9)   :  0.008 0.016 0.015 0.075 0.004 0.030 0.777 0.006 0.007 0.004 0.035 0.006 0.010 0.005 
205 TMA-ZAIN-G-    (0)   :  0.015 0.017 0.015 0.021 0.006 0.015 0.677 0.007 0.008 0.090 0.109 0.008 0.007 0.005 
206 TMA-ZAIN-G-    (9)   :  0.009 0.021 0.009 0.156 0.009 0.012 0.580 0.018 0.022 0.006 0.081 0.056 0.009 0.011 
207 TMA-ZAIN-G-    (9)   :  0.037 0.041 0.030 0.084 0.007 0.063 0.009 0.008 0.034 0.440 0.027 0.014 0.085 0.122 
208 TMA-ZAIN-G-    (0)   :  0.013 0.673 0.023 0.002 0.003 0.006 0.003 0.003 0.043 0.136 0.004 0.005 0.072 0.014 
209 TMA-ZAIN-G-    (0)   :  0.408 0.092 0.083 0.008 0.003 0.037 0.003 0.003 0.082 0.059 0.004 0.201 0.015 0.004 
210 TMA-ZAIN-G-    (0)   :  0.086 0.121 0.072 0.014 0.005 0.014 0.003 0.004 0.142 0.065 0.004 0.358 0.104 0.009 
211 TMA-ZAIN-G-    (0)   :  0.563 0.061 0.043 0.008 0.009 0.008 0.021 0.012 0.137 0.022 0.025 0.054 0.021 0.017 
212 TMA-ZAIN-G-    (0)   :  0.062 0.504 0.006 0.015 0.003 0.005 0.004 0.003 0.308 0.040 0.004 0.021 0.014 0.009 
213 TMA-ZAIN-G-    (0)   :  0.079 0.231 0.045 0.005 0.004 0.008 0.004 0.003 0.401 0.171 0.005 0.032 0.006 0.005 
214 TMA-ZAIN-G-    (0)   :  0.241 0.085 0.079 0.005 0.003 0.009 0.004 0.003 0.270 0.203 0.005 0.030 0.060 0.005 
215 TMA-ZAIN-G-    (0)   :  0.013 0.124 0.078 0.003 0.003 0.002 0.009 0.003 0.470 0.045 0.235 0.004 0.005 0.005 
216 TMA-ZAIN-G-    (0)   :  0.160 0.035 0.016 0.006 0.003 0.013 0.005 0.003 0.689 0.034 0.005 0.016 0.007 0.008 
217 TMA-ZAIN-G-    (0)   :  0.306 0.161 0.162 0.006 0.004 0.007 0.003 0.003 0.079 0.066 0.004 0.073 0.123 0.003 
218 TMA-ZAIN-G-    (0)   :  0.010 0.006 0.006 0.005 0.008 0.006 0.003 0.005 0.006 0.007 0.914 0.004 0.008 0.014 
219 TMA-ZAIN-G-    (0)   :  0.008 0.003 0.004 0.011 0.005 0.007 0.007 0.005 0.005 0.005 0.927 0.003 0.003 0.007 
220 TMA-ZAIN-G-    (0)   :  0.007 0.023 0.014 0.011 0.133 0.007 0.005 0.009 0.011 0.028 0.639 0.005 0.016 0.092 
221 TMA-ZAIN-G-    (0)   :  0.013 0.011 0.007 0.010 0.003 0.005 0.012 0.004 0.017 0.008 0.889 0.006 0.005 0.010 
222 TMA-ZAIN-G-    (0)   :  0.011 0.013 0.008 0.021 0.040 0.009 0.006 0.005 0.007 0.014 0.845 0.005 0.012 0.005 
223 TMA-ZAIN-G-    (0)   :  0.005 0.005 0.004 0.013 0.005 0.005 0.007 0.007 0.004 0.004 0.916 0.003 0.004 0.017 
224 TMA-ZAIN-G-    (0)   :  0.025 0.006 0.006 0.102 0.018 0.008 0.009 0.009 0.013 0.006 0.772 0.009 0.006 0.013 
225 TMA-ZAIN-G-    (0)   :  0.004 0.005 0.003 0.006 0.011 0.003 0.007 0.006 0.006 0.003 0.923 0.010 0.002 0.009 
226 TMA-ZAIN-G-    (0)   :  0.006 0.008 0.007 0.009 0.007 0.005 0.007 0.014 0.011 0.007 0.881 0.019 0.006 0.012 
227 TMA-ZAIN-G-    (0)   :  0.005 0.010 0.008 0.005 0.007 0.004 0.011 0.010 0.011 0.008 0.894 0.017 0.004 0.007 
228 TMA-ZAIN-G-    (0)   :  0.009 0.019 0.027 0.021 0.006 0.005 0.012 0.015 0.012 0.012 0.831 0.007 0.008 0.015 
229 TMA-ZAIN-G-    (0)   :  0.003 0.004 0.003 0.007 0.015 0.006 0.019 0.012 0.003 0.003 0.906 0.003 0.008 0.009 
230 TMA-ZAIN-G-    (0)   :  0.061 0.031 0.031 0.286 0.024 0.012 0.006 0.022 0.018 0.005 0.466 0.012 0.013 0.011 
231 TMA-ZAIN-G-    (0)   :  0.014 0.031 0.031 0.068 0.277 0.008 0.345 0.009 0.010 0.021 0.158 0.008 0.008 0.011 
232 TMA-ZAIN-G-    (9)   :  0.034 0.011 0.009 0.020 0.150 0.010 0.459 0.052 0.016 0.012 0.184 0.007 0.032 0.005 
233 TMA-ZAIN-G-    (0)   :  0.025 0.013 0.023 0.020 0.006 0.011 0.015 0.005 0.011 0.012 0.789 0.007 0.046 0.017 
234 TMA-ZAIN-G-    (0)   :  0.004 0.008 0.005 0.005 0.225 0.029 0.033 0.026 0.005 0.008 0.627 0.012 0.007 0.006 
235 TMA-ZAIN-G-    (0)   :  0.005 0.009 0.058 0.037 0.012 0.008 0.017 0.239 0.068 0.010 0.484 0.019 0.005 0.030 
236 TMA-ZAIN-G-    (0)   :  0.009 0.014 0.011 0.045 0.007 0.004 0.016 0.029 0.012 0.011 0.801 0.025 0.007 0.007 
237 TMA-ZAIN-G-    (0)   :  0.033 0.078 0.165 0.131 0.049 0.006 0.009 0.091 0.017 0.018 0.360 0.009 0.012 0.023 
238 TMA-ZAIN-G-    (0)   :  0.023 0.020 0.024 0.006 0.013 0.003 0.015 0.041 0.020 0.031 0.788 0.006 0.004 0.006 
239 TMA-ZAIN-G-    (0)   :  0.010 0.005 0.004 0.024 0.003 0.035 0.733 0.008 0.040 0.003 0.010 0.102 0.019 0.003 
240 TMA-ZAIN-G-    (0)   :  0.003 0.004 0.005 0.009 0.004 0.006 0.943 0.004 0.003 0.003 0.007 0.004 0.003 0.003 
241 TMA-ZAIN-G-    (0)   :  0.004 0.010 0.012 0.006 0.003 0.005 0.930 0.004 0.005 0.006 0.005 0.004 0.004 0.002 
242 TMA-ZAIN-G-    (0)   :  0.004 0.007 0.006 0.003 0.003 0.004 0.942 0.004 0.005 0.007 0.005 0.003 0.005 0.003 
243 TMA-ZAIN-G-    (0)   :  0.006 0.013 0.014 0.006 0.002 0.005 0.917 0.003 0.007 0.007 0.005 0.004 0.008 0.003 
244 TMA-ZAIN-G-    (0)   :  0.004 0.015 0.014 0.003 0.003 0.003 0.909 0.005 0.008 0.015 0.005 0.003 0.008 0.003 
245 TMA-ZAIN-G-    (9)   :  0.003 0.004 0.004 0.003 0.003 0.003 0.958 0.003 0.003 0.003 0.005 0.003 0.002 0.003 
246 TMA-ZAIN-G-    (0)   :  0.003 0.003 0.003 0.005 0.003 0.003 0.958 0.003 0.003 0.003 0.005 0.003 0.003 0.004 
247 TMA-ZAIN-G-    (0)   :  0.004 0.005 0.003 0.004 0.002 0.004 0.951 0.002 0.005 0.004 0.004 0.002 0.005 0.005 
248 TMA-ZAIN-G-    (0)   :  0.004 0.008 0.006 0.004 0.003 0.003 0.924 0.005 0.010 0.005 0.009 0.010 0.005 0.004 
249 TMA-ZAIN-G-    (0)   :  0.003 0.004 0.003 0.004 0.003 0.003 0.945 0.004 0.006 0.003 0.006 0.008 0.003 0.004 
250 TMA-ZAIN-G-    (0)   :  0.003 0.004 0.003 0.005 0.002 0.003 0.948 0.003 0.005 0.003 0.007 0.004 0.006 0.005 
251 TMA-ZAIN-G-    (0)   :  0.006 0.004 0.003 0.009 0.006 0.939 0.003 0.005 0.004 0.004 0.004 0.005 0.004 0.005 
252 TMA-ZAIN-G-    (0)   :  0.004 0.042 0.026 0.004 0.004 0.858 0.003 0.003 0.006 0.011 0.007 0.004 0.024 0.003 
253 TMA-ZAIN-G-    (0)   :  0.005 0.005 0.004 0.005 0.007 0.940 0.003 0.003 0.004 0.010 0.003 0.004 0.005 0.003 
254 TMA-ZAIN-G-    (9)   :  0.012 0.016 0.007 0.006 0.011 0.881 0.003 0.005 0.007 0.029 0.003 0.005 0.009 0.006 
255 TMA-ZAIN-G-    (0)   :  0.004 0.006 0.004 0.004 0.015 0.912 0.020 0.007 0.004 0.007 0.003 0.004 0.007 0.003 
256 TMA-ZAIN-G-    (0)   :  0.008 0.011 0.007 0.018 0.012 0.870 0.010 0.005 0.008 0.008 0.005 0.030 0.005 0.004 
257 TMA-ZAIN-G-    (0)   :  0.005 0.003 0.004 0.013 0.004 0.929 0.004 0.004 0.004 0.003 0.005 0.016 0.003 0.003 
258 TMA-ZAIN-G-    (0)   :  0.004 0.003 0.003 0.006 0.004 0.955 0.003 0.003 0.003 0.003 0.003 0.005 0.004 0.003 
259 TMA-ZAIN-G-    (0)   :  0.005 0.003 0.004 0.020 0.004 0.929 0.006 0.004 0.004 0.003 0.004 0.006 0.005 0.005 
260 TMA-ZAIN-G-    (0)   :  0.005 0.005 0.004 0.015 0.004 0.929 0.005 0.003 0.004 0.003 0.004 0.006 0.008 0.005 
261 TMA-ZAIN-G-   (18)   :  0.010 0.006 0.005 0.021 0.005 0.896 0.005 0.005 0.006 0.005 0.005 0.008 0.011 0.013 
262 TMA-ZAIN-G-    (0)   :  0.004 0.003 0.003 0.009 0.004 0.948 0.003 0.004 0.003 0.003 0.004 0.006 0.003 0.003 
263 TMA-ZAIN-G-    (0)   :  0.004 0.003 0.003 0.008 0.008 0.942 0.003 0.004 0.003 0.005 0.004 0.004 0.003 0.003 
264 TMA-ZAIN-G-    (0)   :  0.004 0.004 0.004 0.007 0.012 0.937 0.003 0.005 0.003 0.004 0.004 0.006 0.004 0.004 
265 TMA-ZAIN-G-    (0)   :  0.033 0.054 0.011 0.391 0.021 0.126 0.011 0.005 0.022 0.019 0.247 0.013 0.024 0.023 
266 TMA-ZAIN-G-    (0)   :  0.117 0.026 0.010 0.018 0.010 0.601 0.010 0.008 0.040 0.025 0.012 0.042 0.018 0.062 
267 TMA-ZAIN-G-    (0)   :  0.021 0.036 0.017 0.223 0.057 0.147 0.306 0.020 0.009 0.007 0.021 0.007 0.015 0.115 
268 TMA-ZAIN-G-    (0)   :  0.004 0.005 0.004 0.010 0.106 0.005 0.791 0.046 0.003 0.004 0.006 0.003 0.004 0.009 
269 TMA-ZAIN-G-    (0)   :  0.008 0.007 0.008 0.109 0.149 0.005 0.467 0.182 0.005 0.006 0.025 0.004 0.005 0.020 
270 TMA-ZAIN-G-    (0)   :  0.007 0.007 0.006 0.185 0.049 0.005 0.590 0.104 0.003 0.004 0.016 0.004 0.004 0.016 
271 TMA-ZAIN-G-    (0)   :  0.005 0.007 0.005 0.026 0.039 0.005 0.854 0.027 0.004 0.005 0.007 0.003 0.003 0.009 
272 TMA-ZAIN-G-    (0)   :  0.006 0.005 0.005 0.041 0.029 0.004 0.757 0.028 0.005 0.005 0.077 0.003 0.003 0.033 
273 TMA-ZAIN-G-    (0)   :  0.003 0.003 0.003 0.010 0.017 0.003 0.892 0.016 0.003 0.003 0.033 0.003 0.002 0.008 
274 TMA-ZAIN-G-    (0)   :  0.005 0.007 0.013 0.008 0.113 0.009 0.713 0.011 0.029 0.008 0.017 0.041 0.009 0.015 
275 TMA-ZAIN-G-    (0)   :  0.004 0.004 0.003 0.003 0.009 0.002 0.940 0.005 0.005 0.004 0.010 0.003 0.002 0.006 
276 TMA-ZAIN-G-    (0)   :  0.003 0.004 0.004 0.006 0.004 0.002 0.944 0.013 0.003 0.004 0.005 0.002 0.003 0.003 
277 TMA-ZAIN-G-    (0)   :  0.003 0.005 0.006 0.004 0.009 0.007 0.928 0.010 0.004 0.004 0.006 0.005 0.005 0.005 
278 TMA-ZAIN-G-    (0)   :  0.003 0.003 0.003 0.010 0.005 0.005 0.941 0.005 0.003 0.002 0.007 0.003 0.003 0.005 
279 TMA-ZAIN-G-    (0)   :  0.006 0.005 0.003 0.004 0.027 0.004 0.895 0.006 0.006 0.004 0.017 0.006 0.003 0.014 
280 TMA-ZAIN-G-    (0)   :  0.010 0.005 0.004 0.007 0.127 0.003 0.649 0.044 0.008 0.006 0.112 0.008 0.002 0.014 
281 TMA-ZAIN-G-    (0)   :  0.007 0.004 0.004 0.009 0.041 0.004 0.844 0.043 0.004 0.004 0.016 0.006 0.003 0.009 
282 TMA-ZAIN-G-    (9)   :  0.003 0.004 0.003 0.006 0.015 0.005 0.924 0.013 0.003 0.003 0.007 0.003 0.003 0.007 
283 TMA-ZAIN-G-    (0)   :  0.011 0.008 0.009 0.025 0.148 0.088 0.570 0.031 0.008 0.011 0.033 0.004 0.005 0.049 
284 TMA-ZAIN-G-    (0)   :  0.014 0.008 0.007 0.050 0.284 0.071 0.400 0.030 0.008 0.014 0.058 0.005 0.003 0.048 
285 TMA-ZAIN-G-    (0)   :  0.006 0.005 0.033 0.006 0.070 0.024 0.745 0.016 0.020 0.014 0.015 0.011 0.017 0.017 
286 TMA-ZAIN-G-    (0)   :  0.005 0.004 0.004 0.013 0.076 0.007 0.835 0.022 0.003 0.003 0.008 0.003 0.002 0.014 
287 TMA-ZAIN-G-    (0)   :  0.003 0.004 0.014 0.007 0.105 0.006 0.790 0.012 0.013 0.005 0.007 0.013 0.009 0.013 
288 TMA-ZAIN-G-    (0)   :  0.006 0.008 0.013 0.006 0.414 0.009 0.357 0.009 0.030 0.007 0.027 0.025 0.007 0.081 
289 TMA-ZAIN-G-    (0)   :  0.005 0.007 0.022 0.010 0.109 0.010 0.736 0.010 0.019 0.007 0.011 0.023 0.011 0.020 
290 TMA-ZAIN-G-    (0)   :  0.008 0.005 0.004 0.005 0.637 0.005 0.263 0.016 0.006 0.005 0.015 0.005 0.003 0.022 
291 TMA-ZAIN-G-    (0)   :  0.005 0.004 0.004 0.009 0.018 0.009 0.011 0.012 0.005 0.005 0.872 0.005 0.004 0.036 
292 TMA-ZAIN-G-    (0)   :  0.117 0.376 0.176 0.009 0.010 0.004 0.016 0.012 0.094 0.110 0.031 0.028 0.007 0.011 
293 TMA-ZAIN-G-    (0)   :  0.055 0.567 0.021 0.074 0.004 0.022 0.013 0.006 0.104 0.036 0.017 0.030 0.034 0.017 
294 TMA-ZAIN-G-    (0)   :  0.007 0.919 0.021 0.007 0.003 0.004 0.003 0.003 0.008 0.008 0.003 0.004 0.007 0.004 
295 TMA-ZAIN-G-    (9)   :  0.008 0.888 0.029 0.008 0.004 0.004 0.006 0.003 0.010 0.010 0.006 0.004 0.008 0.011 
296 TMA-ZAIN-G-    (0)   :  0.065 0.753 0.011 0.029 0.011 0.007 0.005 0.008 0.020 0.019 0.009 0.045 0.005 0.012 
297 TMA-ZAIN-G-    (0)   :  0.111 0.088 0.063 0.020 0.005 0.022 0.008 0.005 0.039 0.466 0.009 0.123 0.024 0.018 
298 TMA-ZAIN-G-    (0)   :  0.014 0.186 0.549 0.143 0.006 0.012 0.012 0.011 0.009 0.023 0.009 0.004 0.010 0.010 
299 TMA-ZAIN-G-    (0)   :  0.008 0.023 0.890 0.003 0.004 0.003 0.004 0.003 0.013 0.024 0.006 0.006 0.007 0.004 
300 TMA-ZAIN-G-    (0)   :  0.010 0.434 0.296 0.010 0.004 0.006 0.006 0.003 0.129 0.012 0.007 0.010 0.058 0.016 
301 TMA-ZAIN-G-    (0)   :  0.014 0.057 0.717 0.013 0.004 0.004 0.006 0.006 0.081 0.024 0.008 0.031 0.027 0.008 
302 TMA-ZAIN-G-    (9)   :  0.039 0.746 0.069 0.011 0.004 0.005 0.003 0.003 0.036 0.051 0.004 0.015 0.006 0.005 
303 TMA-ZAIN-G-    (0)   :  0.014 0.004 0.004 0.008 0.010 0.022 0.005 0.017 0.021 0.004 0.823 0.051 0.002 0.014 
304 TMA-ZAIN-G-    (0)   :  0.077 0.050 0.011 0.014 0.013 0.492 0.008 0.017 0.080 0.060 0.006 0.030 0.127 0.015 
305 TMA-ZAIN-G-    (0)   :  0.028 0.871 0.007 0.010 0.003 0.006 0.003 0.003 0.018 0.018 0.003 0.011 0.012 0.006 
306 TMA-ZAIN-G-    (0)   :  0.076 0.351 0.012 0.007 0.066 0.320 0.020 0.060 0.020 0.020 0.008 0.018 0.014 0.009 
307 TMA-ZAIN-G-    (0)   :  0.056 0.120 0.009 0.012 0.008 0.358 0.012 0.010 0.111 0.043 0.005 0.016 0.228 0.014 
308 TMA-ZAIN-G-    (0)   :  0.006 0.005 0.005 0.014 0.059 0.699 0.015 0.009 0.006 0.004 0.082 0.015 0.010 0.071 
309 TMA-ZAIN-G-    (0)   :  0.073 0.012 0.024 0.005 0.005 0.003 0.003 0.003 0.810 0.016 0.005 0.027 0.010 0.005 
310 TMA-ZAIN-G-    (0)   :  0.012 0.218 0.294 0.058 0.004 0.010 0.026 0.007 0.211 0.113 0.014 0.004 0.013 0.016 
311 TMA-ZAIN-G-    (0)   :  0.255 0.105 0.069 0.088 0.022 0.021 0.006 0.023 0.025 0.328 0.016 0.015 0.008 0.019 
312 TMA-ZAIN-G-    (0)   :  0.078 0.049 0.046 0.006 0.006 0.012 0.005 0.005 0.683 0.026 0.011 0.020 0.010 0.043 
313 TMA-ZAIN-G-    (0)   :  0.328 0.071 0.083 0.027 0.013 0.331 0.006 0.015 0.028 0.034 0.006 0.019 0.027 0.011 
314 TMA-ZAIN-G-    (0)   :  0.014 0.010 0.006 0.015 0.185 0.013 0.250 0.214 0.033 0.007 0.022 0.014 0.007 0.210 
315 TMA-ZAIN-G-    (0)   :  0.031 0.220 0.177 0.027 0.011 0.013 0.365 0.006 0.039 0.033 0.016 0.007 0.027 0.028 
