

----------------------------------------------------
STRUCTURE by Pritchard, Stephens and Donnelly (2000)
     and Falush, Stephens and Pritchard (2003)
       Code by Pritchard, Falush and Hubisz
             Version 2.3.4 (Jul 2012)
----------------------------------------------------



Command line arguments:   bin\structure -m C:\Users\eschumacher\Documents\GitHub\GCC_QUAC_ZAIN\Data_Files\Structure_Files\ZAIN\ZAIN_rebinned_garden_wild_nopopinfo\50-50\mainparams -e C:\Users\eschumacher\Documents\GitHub\GCC_QUAC_ZAIN\Data_Files\Structure_Files\ZAIN\ZAIN_rebinned_garden_wild_nopopinfo\50-50\extraparams 
Input File:    C:\Users\eschumacher\Documents\GitHub\GCC_QUAC_ZAIN\Data_Files\Structure_Files\ZAIN\ZAIN_rebinned_garden_wild_nopopinfo\project_data

Run parameters:
   1133 individuals
   11 loci
   10 populations assumed
   50000 Burn-in period
   50000 Reps


--------------------------------------------
Overall proportion of membership of the
sample in each of the 10 clusters

Inferred Clusters
  1      2      3      4      5      6      7      8      9     10    
0.102  0.114  0.066  0.106  0.055  0.127  0.099  0.117  0.067  0.146  

--------------------------------------------

Allele-freq. divergence among pops (Net nucleotide distance),
computed using point estimates of P.

      1       2       3       4       5       6       7       8       9      10      
 1      -    0.0688  0.1563  0.1735  0.1090  0.2774  0.1760  0.0414  0.2163  0.2368  
 2   0.0688     -    0.1087  0.1456  0.1259  0.2834  0.1494  0.0538  0.1292  0.2315  
 3   0.1563  0.1087     -    0.1264  0.1679  0.1998  0.0828  0.1511  0.2085  0.1492  
 4   0.1735  0.1456  0.1264     -    0.1874  0.2193  0.1177  0.1898  0.1632  0.1493  
 5   0.1090  0.1259  0.1679  0.1874     -    0.3602  0.2714  0.1238  0.2660  0.3401  
 6   0.2774  0.2834  0.1998  0.2193  0.3602     -    0.1072  0.3149  0.3487  0.1505  
 7   0.1760  0.1494  0.0828  0.1177  0.2714  0.1072     -    0.2024  0.1803  0.0930  
 8   0.0414  0.0538  0.1511  0.1898  0.1238  0.3149  0.2024     -    0.2419  0.2297  
 9   0.2163  0.1292  0.2085  0.1632  0.2660  0.3487  0.1803  0.2419     -    0.2730  
10   0.2368  0.2315  0.1492  0.1493  0.3401  0.1505  0.0930  0.2297  0.2730     -    

Average distances (expected heterozygosity) between individuals in same cluster:
cluster  1  : 0.4050 
cluster  2  : 0.4366 
cluster  3  : 0.4817 
cluster  4  : 0.4313 
cluster  5  : 0.3594 
cluster  6  : 0.4178 
cluster  7  : 0.5301 
cluster  8  : 0.3789 
cluster  9  : 0.2648 
cluster 10  : 0.4760 

--------------------------------------------
Estimated Ln Prob of Data   = -21168.6
Mean value of ln likelihood = -20567.1
Variance of ln likelihood   = 1203.0
Mean value of alpha         = 0.0337

Mean value of Fst_1         = 0.2918
Mean value of Fst_2         = 0.3265
Mean value of Fst_3         = 0.2631
Mean value of Fst_4         = 0.4158
Mean value of Fst_5         = 0.4335
Mean value of Fst_6         = 0.4306
Mean value of Fst_7         = 0.1536
Mean value of Fst_8         = 0.3487
Mean value of Fst_9         = 0.5579
Mean value of Fst_10         = 0.3596


Inferred ancestry of individuals:
        Label (%Miss) :  Inferred clusters
  1 TMA-ZAIN-G-    (9)   :  0.012 0.036 0.026 0.012 0.009 0.007 0.038 0.016 0.106 0.738 
  2 TMA-ZAIN-G-    (0)   :  0.210 0.011 0.012 0.021 0.004 0.008 0.022 0.018 0.008 0.686 
  3 TMA-ZAIN-G-    (0)   :  0.038 0.295 0.017 0.011 0.091 0.003 0.005 0.503 0.030 0.006 
  4 TMA-ZAIN-G-    (0)   :  0.044 0.031 0.011 0.626 0.045 0.010 0.014 0.179 0.017 0.022 
  5 TMA-ZAIN-G-    (0)   :  0.002 0.003 0.006 0.006 0.003 0.005 0.004 0.003 0.002 0.967 
  6 TMA-ZAIN-G-    (0)   :  0.050 0.112 0.524 0.036 0.076 0.023 0.031 0.088 0.018 0.043 
  7 TMA-ZAIN-G-    (0)   :  0.357 0.222 0.026 0.029 0.008 0.007 0.015 0.273 0.049 0.014 
  8 TMA-ZAIN-G-    (0)   :  0.024 0.872 0.008 0.019 0.021 0.003 0.004 0.037 0.007 0.006 
  9 TMA-ZAIN-G-    (9)   :  0.401 0.288 0.030 0.006 0.035 0.005 0.006 0.217 0.007 0.006 
 10 TMA-ZAIN-G-    (0)   :  0.285 0.419 0.034 0.012 0.045 0.004 0.006 0.179 0.012 0.003 
 11 TMA-ZAIN-G-    (0)   :  0.483 0.194 0.007 0.008 0.006 0.005 0.008 0.271 0.010 0.006 
 12 TMA-ZAIN-G-    (0)   :  0.008 0.017 0.006 0.004 0.004 0.003 0.004 0.937 0.013 0.004 
 13 TMA-ZAIN-G-    (9)   :  0.323 0.279 0.015 0.027 0.018 0.079 0.034 0.071 0.111 0.044 
 14 TMA-ZAIN-G-    (9)   :  0.019 0.030 0.010 0.008 0.006 0.011 0.009 0.011 0.892 0.003 
 15 TMA-ZAIN-G-    (0)   :  0.006 0.040 0.006 0.005 0.008 0.002 0.006 0.007 0.917 0.003 
 16 TMA-ZAIN-G-    (0)   :  0.050 0.018 0.006 0.004 0.004 0.005 0.005 0.899 0.006 0.003 
 17 TMA-ZAIN-G-    (9)   :  0.008 0.833 0.029 0.027 0.006 0.012 0.026 0.020 0.029 0.010 
 18 TMA-ZAIN-G-    (0)   :  0.005 0.011 0.034 0.045 0.007 0.005 0.219 0.013 0.013 0.648 
 19 TMA-ZAIN-G-    (0)   :  0.016 0.048 0.146 0.006 0.006 0.017 0.703 0.032 0.012 0.015 
 20 TMA-ZAIN-G-    (0)   :  0.004 0.003 0.009 0.023 0.005 0.054 0.860 0.003 0.003 0.036 
 21 TMA-ZAIN-G-    (0)   :  0.004 0.004 0.004 0.005 0.006 0.964 0.004 0.004 0.002 0.002 
 22 TMA-ZAIN-G-    (0)   :  0.003 0.003 0.009 0.007 0.002 0.909 0.012 0.003 0.003 0.049 
 23 TMA-ZAIN-G-    (0)   :  0.006 0.008 0.022 0.005 0.003 0.894 0.032 0.007 0.007 0.016 
 24 TMA-ZAIN-G-    (9)   :  0.100 0.013 0.004 0.006 0.149 0.673 0.003 0.011 0.034 0.007 
 25 TMA-ZAIN-G-    (9)   :  0.118 0.007 0.012 0.004 0.004 0.008 0.752 0.011 0.005 0.081 
 26 TMA-ZAIN-G-    (9)   :  0.267 0.103 0.006 0.495 0.008 0.028 0.017 0.045 0.022 0.008 
 27 TMA-ZAIN-G-    (0)   :  0.006 0.011 0.756 0.018 0.007 0.016 0.066 0.005 0.070 0.045 
 28 TMA-ZAIN-G-    (0)   :  0.005 0.007 0.940 0.005 0.004 0.004 0.014 0.005 0.008 0.009 
 29 TMA-ZAIN-G-    (0)   :  0.004 0.005 0.005 0.010 0.733 0.004 0.226 0.004 0.005 0.003 
 30 TMA-ZAIN-G-    (0)   :  0.125 0.148 0.499 0.006 0.039 0.005 0.027 0.059 0.088 0.004 
 31 TMA-ZAIN-G-    (0)   :  0.008 0.004 0.007 0.052 0.006 0.011 0.014 0.005 0.006 0.887 
 32 TMA-ZAIN-G-    (9)   :  0.031 0.036 0.005 0.006 0.004 0.035 0.113 0.149 0.036 0.584 
 33 TMA-ZAIN-G-   (18)   :  0.115 0.465 0.006 0.004 0.015 0.003 0.004 0.376 0.008 0.004 
 34 TMA-ZAIN-G-    (0)   :  0.128 0.030 0.009 0.007 0.008 0.021 0.020 0.593 0.009 0.174 
 35 TMA-ZAIN-G-    (9)   :  0.199 0.155 0.015 0.013 0.069 0.004 0.015 0.444 0.072 0.014 
 36 TMA-ZAIN-G-    (0)   :  0.498 0.231 0.006 0.015 0.009 0.003 0.006 0.040 0.188 0.004 
 37 TMA-ZAIN-G-    (9)   :  0.375 0.183 0.028 0.016 0.014 0.007 0.011 0.351 0.008 0.007 
 38 TMA-ZAIN-G-   (18)   :  0.045 0.039 0.006 0.008 0.007 0.015 0.115 0.053 0.104 0.609 
 39 TMA-ZAIN-G-    (0)   :  0.802 0.073 0.007 0.009 0.011 0.005 0.004 0.082 0.004 0.003 
 40 TMA-ZAIN-G-    (0)   :  0.274 0.481 0.004 0.006 0.007 0.005 0.004 0.211 0.005 0.003 
 41 TMA-ZAIN-G-    (0)   :  0.262 0.626 0.006 0.005 0.007 0.003 0.004 0.023 0.062 0.003 
 42 TMA-ZAIN-G-    (9)   :  0.012 0.838 0.004 0.007 0.006 0.002 0.004 0.009 0.116 0.003 
 43 TMA-ZAIN-G-    (0)   :  0.004 0.007 0.003 0.005 0.009 0.003 0.003 0.004 0.960 0.003 
 44 TMA-ZAIN-G-    (0)   :  0.092 0.013 0.003 0.004 0.012 0.806 0.025 0.034 0.004 0.005 
 45 TMA-ZAIN-G-    (0)   :  0.118 0.205 0.011 0.009 0.006 0.007 0.008 0.610 0.020 0.006 
 46 TMA-ZAIN-G-    (0)   :  0.005 0.003 0.003 0.006 0.003 0.965 0.005 0.003 0.004 0.003 
 47 TMA-ZAIN-G-    (0)   :  0.003 0.004 0.004 0.966 0.004 0.003 0.004 0.005 0.004 0.004 
 48 TMA-ZAIN-G-    (0)   :  0.047 0.225 0.044 0.530 0.018 0.024 0.015 0.053 0.039 0.006 
 49 TMA-ZAIN-G-    (9)   :  0.008 0.008 0.012 0.009 0.035 0.006 0.880 0.026 0.004 0.011 
 50 TMA-ZAIN-G-    (0)   :  0.018 0.052 0.020 0.003 0.004 0.006 0.870 0.009 0.008 0.010 
 51 TMA-ZAIN-G-    (0)   :  0.009 0.018 0.020 0.016 0.007 0.007 0.855 0.006 0.054 0.007 
 52 TMA-ZAIN-G-    (0)   :  0.008 0.007 0.022 0.063 0.003 0.010 0.857 0.010 0.014 0.006 
 53 TMA-ZAIN-G-    (0)   :  0.010 0.009 0.011 0.091 0.005 0.007 0.752 0.005 0.029 0.082 
 54 TMA-ZAIN-G-    (0)   :  0.005 0.012 0.012 0.931 0.004 0.005 0.008 0.007 0.011 0.005 
 55 TMA-ZAIN-G-    (0)   :  0.006 0.035 0.030 0.846 0.003 0.010 0.026 0.011 0.029 0.005 
 56 TMA-ZAIN-G-    (0)   :  0.047 0.164 0.119 0.495 0.034 0.010 0.053 0.040 0.027 0.010 
 57 TMA-ZAIN-G-    (0)   :  0.009 0.006 0.005 0.920 0.008 0.003 0.018 0.017 0.005 0.008 
 58 TMA-ZAIN-G-    (0)   :  0.005 0.020 0.337 0.034 0.006 0.106 0.427 0.012 0.008 0.044 
 59 TMA-ZAIN-G-    (0)   :  0.093 0.053 0.045 0.043 0.032 0.032 0.017 0.053 0.012 0.620 
 60 TMA-ZAIN-G-    (0)   :  0.011 0.022 0.102 0.033 0.008 0.009 0.160 0.011 0.154 0.490 
 61 TMA-ZAIN-G-    (0)   :  0.004 0.003 0.006 0.018 0.003 0.021 0.011 0.004 0.003 0.927 
 62 TMA-ZAIN-G-    (9)   :  0.030 0.032 0.078 0.011 0.008 0.023 0.021 0.048 0.008 0.741 
 63 TMA-ZAIN-G-    (0)   :  0.004 0.005 0.010 0.014 0.003 0.007 0.011 0.006 0.006 0.934 
 64 TMA-ZAIN-G-    (0)   :  0.008 0.006 0.003 0.003 0.963 0.002 0.002 0.005 0.005 0.002 
 65 TMA-ZAIN-G-    (9)   :  0.007 0.008 0.005 0.007 0.937 0.002 0.003 0.022 0.005 0.003 
 66 TMA-ZAIN-G-    (0)   :  0.019 0.009 0.004 0.005 0.933 0.003 0.003 0.017 0.005 0.003 
 67 TMA-ZAIN-G-    (0)   :  0.097 0.013 0.012 0.005 0.815 0.013 0.009 0.028 0.003 0.004 
 68 TMA-ZAIN-G-    (0)   :  0.004 0.007 0.003 0.004 0.964 0.002 0.003 0.005 0.006 0.002 
 69 TMA-ZAIN-G-    (0)   :  0.038 0.008 0.007 0.013 0.772 0.027 0.033 0.066 0.018 0.018 
 70 TMA-ZAIN-G-    (0)   :  0.936 0.006 0.004 0.003 0.013 0.004 0.004 0.022 0.005 0.003 
 71 TMA-ZAIN-G-    (0)   :  0.958 0.006 0.003 0.004 0.004 0.003 0.004 0.012 0.003 0.003 
 72 TMA-ZAIN-G-    (0)   :  0.896 0.024 0.009 0.008 0.020 0.004 0.005 0.021 0.009 0.004 
 73 TMA-ZAIN-G-    (0)   :  0.857 0.007 0.027 0.015 0.007 0.027 0.023 0.013 0.004 0.022 
 74 TMA-ZAIN-G-    (0)   :  0.935 0.006 0.007 0.006 0.006 0.008 0.009 0.014 0.004 0.006 
 75 TMA-ZAIN-G-    (0)   :  0.933 0.007 0.007 0.010 0.006 0.003 0.006 0.016 0.006 0.005 
 76 TMA-ZAIN-G-    (0)   :  0.929 0.004 0.006 0.004 0.006 0.021 0.012 0.010 0.003 0.005 
 77 TMA-ZAIN-G-    (0)   :  0.946 0.009 0.005 0.005 0.006 0.006 0.006 0.006 0.008 0.003 
 78 TMA-ZAIN-G-    (0)   :  0.906 0.008 0.008 0.009 0.005 0.016 0.021 0.014 0.006 0.006 
 79 TMA-ZAIN-G-    (0)   :  0.935 0.009 0.005 0.007 0.004 0.013 0.011 0.006 0.007 0.004 
 80 TMA-ZAIN-G-    (0)   :  0.770 0.026 0.006 0.012 0.022 0.005 0.004 0.148 0.004 0.003 
 81 TMA-ZAIN-G-    (0)   :  0.935 0.010 0.006 0.008 0.004 0.006 0.007 0.013 0.008 0.003 
 82 TMA-ZAIN-G-    (0)   :  0.459 0.012 0.008 0.016 0.231 0.003 0.007 0.250 0.007 0.007 
 83 TMA-ZAIN-G-    (9)   :  0.029 0.018 0.040 0.019 0.036 0.031 0.015 0.761 0.005 0.046 
 84 TMA-ZAIN-G-    (0)   :  0.925 0.009 0.006 0.005 0.005 0.015 0.011 0.017 0.005 0.004 
 85 TMA-ZAIN-G-    (0)   :  0.011 0.009 0.089 0.663 0.006 0.031 0.149 0.010 0.006 0.026 
 86 TMA-ZAIN-G-    (0)   :  0.021 0.020 0.025 0.818 0.009 0.048 0.022 0.024 0.005 0.008 
 87 TMA-ZAIN-G-    (0)   :  0.015 0.011 0.027 0.579 0.005 0.212 0.099 0.011 0.005 0.036 
 88 TMA-ZAIN-G-    (0)   :  0.069 0.024 0.011 0.548 0.039 0.013 0.011 0.106 0.021 0.158 
 89 TMA-ZAIN-G-    (0)   :  0.038 0.014 0.004 0.815 0.020 0.022 0.007 0.030 0.031 0.017 
 90 TMA-ZAIN-G-    (0)   :  0.006 0.007 0.011 0.922 0.007 0.009 0.014 0.012 0.006 0.007 
 91 TMA-ZAIN-G-    (0)   :  0.010 0.009 0.015 0.900 0.006 0.007 0.009 0.009 0.009 0.025 
 92 TMA-ZAIN-G-    (0)   :  0.009 0.007 0.013 0.906 0.004 0.016 0.023 0.006 0.011 0.006 
 93 TMA-ZAIN-G-    (0)   :  0.005 0.006 0.034 0.890 0.005 0.010 0.014 0.004 0.015 0.017 
 94 TMA-ZAIN-G-    (0)   :  0.005 0.004 0.015 0.897 0.003 0.010 0.014 0.004 0.006 0.042 
 95 TMA-ZAIN-G-    (0)   :  0.007 0.010 0.925 0.004 0.006 0.005 0.019 0.005 0.013 0.006 
 96 TMA-ZAIN-G-    (0)   :  0.005 0.026 0.871 0.005 0.004 0.006 0.046 0.011 0.021 0.005 
 97 TMA-ZAIN-G-    (0)   :  0.011 0.004 0.005 0.011 0.006 0.006 0.018 0.004 0.008 0.926 
 98 TMA-ZAIN-G-    (0)   :  0.010 0.004 0.003 0.009 0.005 0.004 0.005 0.004 0.006 0.950 
 99 TMA-ZAIN-G-    (0)   :  0.028 0.037 0.008 0.004 0.022 0.013 0.006 0.113 0.008 0.760 
100 TMA-ZAIN-G-    (0)   :  0.006 0.004 0.007 0.027 0.005 0.015 0.029 0.004 0.007 0.897 
101 TMA-ZAIN-G-    (0)   :  0.014 0.005 0.006 0.009 0.006 0.005 0.009 0.009 0.006 0.933 
102 TMA-ZAIN-G-    (0)   :  0.027 0.036 0.023 0.014 0.011 0.195 0.156 0.048 0.032 0.458 
103 TMA-ZAIN-G-    (0)   :  0.011 0.011 0.017 0.009 0.006 0.015 0.069 0.021 0.008 0.834 
104 TMA-ZAIN-G-    (0)   :  0.004 0.004 0.005 0.004 0.002 0.006 0.007 0.004 0.004 0.961 
105 TMA-ZAIN-G-    (0)   :  0.011 0.014 0.021 0.011 0.006 0.008 0.032 0.031 0.008 0.857 
106 TMA-ZAIN-G-    (0)   :  0.194 0.555 0.007 0.005 0.049 0.003 0.004 0.081 0.098 0.003 
107 TMA-ZAIN-G-    (0)   :  0.539 0.016 0.006 0.006 0.010 0.003 0.004 0.403 0.009 0.004 
108 TMA-ZAIN-G-    (9)   :  0.172 0.154 0.014 0.022 0.009 0.049 0.108 0.133 0.080 0.259 
109 TMA-ZAIN-G-    (0)   :  0.013 0.200 0.057 0.060 0.179 0.006 0.009 0.145 0.019 0.312 
110 TMA-ZAIN-G-    (0)   :  0.138 0.202 0.027 0.024 0.008 0.141 0.117 0.255 0.021 0.067 
111 TMA-ZAIN-G-    (9)   :  0.042 0.019 0.032 0.027 0.014 0.086 0.078 0.183 0.004 0.514 
112 TMA-ZAIN-G-    (0)   :  0.050 0.252 0.061 0.031 0.017 0.063 0.109 0.147 0.033 0.236 
113 TMA-ZAIN-G-    (0)   :  0.021 0.006 0.004 0.014 0.011 0.008 0.005 0.013 0.006 0.911 
114 TMA-ZAIN-G-    (0)   :  0.003 0.003 0.005 0.004 0.002 0.012 0.005 0.004 0.002 0.960 
115 TMA-ZAIN-G-    (0)   :  0.003 0.003 0.005 0.003 0.003 0.005 0.004 0.004 0.004 0.965 
116 TMA-ZAIN-G-    (0)   :  0.014 0.008 0.006 0.010 0.012 0.003 0.004 0.932 0.005 0.005 
117 TMA-ZAIN-G-    (0)   :  0.142 0.206 0.045 0.061 0.248 0.003 0.014 0.185 0.086 0.010 
118 TMA-ZAIN-G-    (0)   :  0.013 0.013 0.009 0.009 0.021 0.003 0.006 0.906 0.015 0.005 
119 TMA-ZAIN-G-    (0)   :  0.048 0.010 0.018 0.010 0.035 0.018 0.020 0.809 0.005 0.027 
120 TMA-ZAIN-G-    (0)   :  0.028 0.021 0.017 0.017 0.023 0.004 0.009 0.824 0.050 0.008 
121 TMA-ZAIN-G-    (0)   :  0.046 0.070 0.037 0.020 0.134 0.003 0.007 0.649 0.020 0.013 
122 TMA-ZAIN-G-    (0)   :  0.229 0.131 0.122 0.027 0.036 0.008 0.008 0.420 0.013 0.005 
123 TMA-ZAIN-G-    (0)   :  0.005 0.005 0.007 0.005 0.003 0.008 0.014 0.004 0.012 0.935 
124 TMA-ZAIN-G-    (0)   :  0.006 0.949 0.007 0.004 0.003 0.003 0.006 0.010 0.008 0.004 
125 TMA-ZAIN-G-    (0)   :  0.007 0.848 0.005 0.062 0.036 0.002 0.004 0.007 0.026 0.003 
126 TMA-ZAIN-G-    (0)   :  0.005 0.917 0.005 0.009 0.005 0.003 0.004 0.015 0.033 0.004 
127 TMA-ZAIN-G-    (0)   :  0.005 0.954 0.004 0.004 0.005 0.003 0.003 0.009 0.010 0.003 
128 TMA-ZAIN-G-    (0)   :  0.008 0.919 0.010 0.007 0.023 0.003 0.003 0.013 0.008 0.004 
129 TMA-ZAIN-G-    (0)   :  0.007 0.938 0.006 0.006 0.006 0.003 0.005 0.007 0.016 0.006 
130 TMA-ZAIN-G-    (0)   :  0.007 0.846 0.008 0.034 0.009 0.002 0.004 0.022 0.061 0.007 
131 TMA-ZAIN-G-    (0)   :  0.006 0.943 0.007 0.005 0.004 0.003 0.005 0.008 0.014 0.004 
132 TMA-ZAIN-G-    (0)   :  0.015 0.852 0.011 0.028 0.046 0.003 0.004 0.022 0.015 0.004 
133 TMA-ZAIN-G-    (0)   :  0.056 0.685 0.011 0.029 0.062 0.012 0.014 0.044 0.085 0.003 
134 TMA-ZAIN-G-    (0)   :  0.064 0.533 0.005 0.032 0.057 0.008 0.008 0.059 0.233 0.003 
135 TMA-ZAIN-G-    (0)   :  0.207 0.331 0.003 0.014 0.030 0.006 0.005 0.381 0.019 0.004 
136 TMA-ZAIN-G-    (0)   :  0.073 0.101 0.010 0.015 0.606 0.005 0.004 0.173 0.007 0.007 
137 TMA-ZAIN-G-    (0)   :  0.106 0.093 0.004 0.008 0.006 0.008 0.007 0.756 0.006 0.006 
138 TMA-ZAIN-G-    (0)   :  0.018 0.624 0.004 0.014 0.012 0.003 0.003 0.295 0.023 0.004 
139 TMA-ZAIN-G-    (0)   :  0.041 0.472 0.004 0.061 0.011 0.005 0.004 0.381 0.016 0.005 
140 TMA-ZAIN-G-    (0)   :  0.130 0.155 0.009 0.004 0.010 0.004 0.004 0.674 0.007 0.003 
141 TMA-ZAIN-G-    (0)   :  0.467 0.104 0.006 0.008 0.008 0.003 0.006 0.370 0.023 0.005 
142 TMA-ZAIN-G-    (9)   :  0.219 0.055 0.006 0.005 0.015 0.003 0.004 0.682 0.007 0.003 
143 TMA-ZAIN-G-    (0)   :  0.063 0.258 0.008 0.006 0.013 0.003 0.004 0.632 0.009 0.004 
144 TMA-ZAIN-G-    (0)   :  0.020 0.111 0.018 0.022 0.005 0.005 0.009 0.793 0.013 0.003 
145 TMA-ZAIN-G-    (0)   :  0.111 0.047 0.007 0.012 0.281 0.002 0.003 0.525 0.007 0.003 
146 TMA-ZAIN-G-    (0)   :  0.714 0.008 0.003 0.004 0.006 0.003 0.003 0.250 0.006 0.003 
147 TMA-ZAIN-G-    (9)   :  0.526 0.011 0.004 0.005 0.011 0.003 0.003 0.427 0.006 0.003 
148 TMA-ZAIN-G-    (0)   :  0.439 0.074 0.003 0.033 0.005 0.003 0.004 0.316 0.120 0.003 
149 TMA-ZAIN-G-    (0)   :  0.252 0.112 0.016 0.087 0.007 0.017 0.013 0.442 0.035 0.021 
150 TMA-ZAIN-G-    (0)   :  0.142 0.020 0.020 0.078 0.037 0.013 0.010 0.638 0.018 0.024 
151 TMA-ZAIN-G-    (0)   :  0.009 0.036 0.005 0.004 0.010 0.002 0.003 0.910 0.017 0.003 
152 TMA-ZAIN-G-    (0)   :  0.006 0.007 0.004 0.004 0.006 0.002 0.003 0.957 0.007 0.004 
153 TMA-ZAIN-G-    (0)   :  0.015 0.095 0.004 0.009 0.014 0.002 0.003 0.831 0.024 0.003 
154 TMA-ZAIN-G-    (0)   :  0.007 0.009 0.004 0.005 0.005 0.002 0.003 0.958 0.005 0.003 
155 TMA-ZAIN-G-    (0)   :  0.018 0.012 0.004 0.003 0.008 0.003 0.003 0.938 0.007 0.004 
156 TMA-ZAIN-G-    (9)   :  0.006 0.046 0.004 0.009 0.004 0.003 0.004 0.878 0.042 0.005 
157 TMA-ZAIN-G-    (0)   :  0.012 0.069 0.004 0.006 0.005 0.003 0.004 0.796 0.095 0.005 
158 TMA-ZAIN-G-    (0)   :  0.021 0.010 0.005 0.004 0.004 0.003 0.004 0.942 0.004 0.003 
159 TMA-ZAIN-G-    (0)   :  0.240 0.010 0.003 0.005 0.010 0.002 0.003 0.719 0.004 0.004 
160 TMA-ZAIN-G-    (0)   :  0.119 0.006 0.003 0.006 0.016 0.002 0.003 0.836 0.004 0.005 
161 TMA-ZAIN-G-    (0)   :  0.034 0.121 0.006 0.019 0.007 0.002 0.005 0.783 0.019 0.003 
162 TMA-ZAIN-G-    (0)   :  0.009 0.013 0.012 0.013 0.006 0.013 0.007 0.904 0.004 0.021 
163 TMA-ZAIN-G-    (0)   :  0.006 0.006 0.003 0.003 0.004 0.002 0.003 0.966 0.003 0.003 
164 TMA-ZAIN-G-    (0)   :  0.013 0.007 0.004 0.006 0.006 0.003 0.003 0.948 0.004 0.004 
165 TMA-ZAIN-G-    (0)   :  0.013 0.009 0.004 0.003 0.006 0.002 0.003 0.954 0.003 0.004 
166 TMA-ZAIN-G-    (0)   :  0.146 0.090 0.004 0.008 0.010 0.002 0.003 0.728 0.005 0.003 
167 TMA-ZAIN-G-    (0)   :  0.752 0.037 0.008 0.006 0.005 0.005 0.006 0.170 0.008 0.005 
168 TMA-ZAIN-G-    (0)   :  0.888 0.010 0.005 0.005 0.012 0.003 0.005 0.032 0.033 0.006 
169 TMA-ZAIN-G-    (0)   :  0.857 0.008 0.004 0.004 0.076 0.003 0.003 0.036 0.005 0.003 
170 TMA-ZAIN-G-    (0)   :  0.576 0.137 0.008 0.004 0.023 0.007 0.031 0.091 0.109 0.015 
171 TMA-ZAIN-G-    (0)   :  0.938 0.005 0.003 0.004 0.015 0.003 0.003 0.022 0.004 0.003 
172 TMA-ZAIN-G-    (0)   :  0.083 0.813 0.005 0.004 0.005 0.004 0.006 0.055 0.021 0.004 
173 TMA-ZAIN-G-    (0)   :  0.048 0.881 0.008 0.005 0.006 0.004 0.005 0.023 0.017 0.003 
174 TMA-ZAIN-G-    (0)   :  0.144 0.669 0.006 0.008 0.049 0.003 0.003 0.109 0.006 0.003 
175 TMA-ZAIN-G-    (0)   :  0.920 0.007 0.004 0.004 0.007 0.003 0.003 0.044 0.004 0.004 
176 TMA-ZAIN-G-    (0)   :  0.872 0.010 0.004 0.004 0.006 0.003 0.004 0.090 0.005 0.003 
177 TMA-ZAIN-G-    (0)   :  0.722 0.029 0.004 0.004 0.004 0.003 0.005 0.196 0.028 0.004 
178 TMA-ZAIN-G-    (0)   :  0.182 0.521 0.008 0.005 0.005 0.004 0.007 0.195 0.068 0.005 
179 TMA-ZAIN-G-    (0)   :  0.436 0.128 0.006 0.005 0.008 0.003 0.005 0.367 0.040 0.003 
180 TMA-ZAIN-G-    (0)   :  0.014 0.808 0.011 0.019 0.071 0.008 0.006 0.037 0.023 0.004 
181 TMA-ZAIN-G-    (0)   :  0.019 0.724 0.004 0.005 0.006 0.003 0.004 0.053 0.176 0.006 
182 TMA-ZAIN-G-    (0)   :  0.010 0.772 0.005 0.006 0.003 0.003 0.004 0.043 0.148 0.006 
183 TMA-ZAIN-G-    (0)   :  0.017 0.659 0.004 0.004 0.006 0.003 0.004 0.035 0.265 0.005 
184 TMA-ZAIN-G-    (0)   :  0.015 0.786 0.017 0.021 0.009 0.016 0.013 0.060 0.033 0.030 
185 TMA-ZAIN-G-    (0)   :  0.007 0.860 0.043 0.023 0.006 0.021 0.012 0.011 0.004 0.013 
186 TMA-ZAIN-G-    (9)   :  0.012 0.937 0.010 0.005 0.006 0.005 0.007 0.010 0.005 0.003 
187 TMA-ZAIN-G-    (0)   :  0.036 0.892 0.005 0.003 0.012 0.003 0.005 0.022 0.019 0.004 
188 TMA-ZAIN-G-    (0)   :  0.040 0.905 0.004 0.003 0.014 0.003 0.003 0.013 0.011 0.003 
189 TMA-ZAIN-G-    (0)   :  0.006 0.953 0.004 0.003 0.010 0.003 0.003 0.007 0.010 0.002 
190 TMA-ZAIN-G-    (0)   :  0.098 0.713 0.009 0.005 0.027 0.003 0.007 0.026 0.109 0.003 
191 TMA-ZAIN-G-    (0)   :  0.014 0.899 0.012 0.012 0.005 0.020 0.011 0.008 0.006 0.013 
192 TMA-ZAIN-G-    (0)   :  0.012 0.926 0.003 0.005 0.004 0.008 0.007 0.007 0.024 0.004 
193 TMA-ZAIN-G-    (0)   :  0.003 0.004 0.003 0.004 0.003 0.002 0.003 0.003 0.971 0.002 
194 TMA-ZAIN-G-    (0)   :  0.007 0.046 0.016 0.010 0.010 0.006 0.009 0.005 0.889 0.002 
195 TMA-ZAIN-G-    (0)   :  0.038 0.056 0.005 0.006 0.037 0.002 0.012 0.018 0.824 0.003 
196 TMA-ZAIN-G-    (0)   :  0.005 0.012 0.006 0.005 0.010 0.002 0.004 0.006 0.947 0.003 
197 TMA-ZAIN-G-    (0)   :  0.008 0.011 0.004 0.006 0.009 0.003 0.004 0.007 0.945 0.003 
198 TMA-ZAIN-G-    (0)   :  0.009 0.009 0.003 0.005 0.006 0.003 0.003 0.009 0.950 0.003 
199 TMA-ZAIN-G-    (0)   :  0.009 0.944 0.008 0.005 0.005 0.004 0.005 0.010 0.007 0.003 
200 TMA-ZAIN-G-    (0)   :  0.003 0.004 0.015 0.004 0.003 0.797 0.103 0.003 0.050 0.017 
201 TMA-ZAIN-G-    (0)   :  0.004 0.004 0.009 0.004 0.005 0.932 0.029 0.003 0.003 0.007 
202 TMA-ZAIN-G-    (0)   :  0.004 0.009 0.008 0.003 0.003 0.873 0.040 0.006 0.036 0.018 
203 TMA-ZAIN-G-    (0)   :  0.015 0.051 0.006 0.006 0.004 0.002 0.004 0.029 0.857 0.024 
204 TMA-ZAIN-G-    (9)   :  0.021 0.007 0.007 0.041 0.012 0.848 0.045 0.006 0.009 0.005 
205 TMA-ZAIN-G-    (0)   :  0.031 0.010 0.005 0.015 0.006 0.725 0.102 0.094 0.007 0.006 
206 TMA-ZAIN-G-    (9)   :  0.015 0.019 0.013 0.025 0.012 0.719 0.108 0.012 0.061 0.017 
207 TMA-ZAIN-G-    (9)   :  0.036 0.030 0.099 0.105 0.053 0.012 0.030 0.613 0.010 0.012 
208 TMA-ZAIN-G-    (0)   :  0.103 0.022 0.010 0.004 0.038 0.003 0.004 0.812 0.004 0.002 
209 TMA-ZAIN-G-    (0)   :  0.119 0.469 0.003 0.051 0.017 0.003 0.004 0.107 0.224 0.003 
210 TMA-ZAIN-G-    (0)   :  0.122 0.238 0.010 0.015 0.110 0.003 0.005 0.100 0.392 0.004 
211 TMA-ZAIN-G-    (0)   :  0.119 0.554 0.024 0.016 0.032 0.023 0.028 0.085 0.109 0.011 
212 TMA-ZAIN-G-    (0)   :  0.032 0.487 0.010 0.011 0.017 0.005 0.006 0.404 0.024 0.003 
213 TMA-ZAIN-G-    (0)   :  0.063 0.590 0.005 0.007 0.007 0.004 0.005 0.291 0.026 0.003 
214 TMA-ZAIN-G-    (0)   :  0.070 0.753 0.004 0.006 0.039 0.003 0.004 0.098 0.020 0.003 
215 TMA-ZAIN-G-    (0)   :  0.320 0.281 0.005 0.003 0.005 0.009 0.262 0.106 0.006 0.003 
216 TMA-ZAIN-G-    (0)   :  0.013 0.929 0.006 0.007 0.005 0.005 0.005 0.020 0.009 0.003 
217 TMA-ZAIN-G-    (0)   :  0.214 0.458 0.003 0.008 0.117 0.003 0.004 0.099 0.090 0.004 
218 TMA-ZAIN-G-    (0)   :  0.007 0.008 0.013 0.005 0.008 0.003 0.941 0.006 0.003 0.006 
219 TMA-ZAIN-G-    (0)   :  0.004 0.005 0.007 0.009 0.004 0.007 0.952 0.004 0.003 0.004 
220 TMA-ZAIN-G-    (0)   :  0.012 0.007 0.051 0.009 0.014 0.005 0.823 0.028 0.006 0.045 
221 TMA-ZAIN-G-    (0)   :  0.009 0.018 0.009 0.006 0.006 0.014 0.918 0.009 0.007 0.003 
222 TMA-ZAIN-G-    (0)   :  0.007 0.007 0.005 0.009 0.009 0.005 0.926 0.011 0.005 0.015 
223 TMA-ZAIN-G-    (0)   :  0.004 0.005 0.016 0.006 0.004 0.008 0.944 0.005 0.003 0.005 
224 TMA-ZAIN-G-    (0)   :  0.007 0.016 0.012 0.012 0.005 0.009 0.916 0.006 0.009 0.008 
225 TMA-ZAIN-G-    (0)   :  0.004 0.005 0.010 0.004 0.002 0.007 0.947 0.004 0.010 0.008 
226 TMA-ZAIN-G-    (0)   :  0.007 0.007 0.012 0.005 0.005 0.007 0.918 0.007 0.021 0.010 
227 TMA-ZAIN-G-    (0)   :  0.008 0.009 0.007 0.004 0.004 0.011 0.924 0.009 0.017 0.008 
228 TMA-ZAIN-G-    (0)   :  0.023 0.009 0.014 0.006 0.008 0.009 0.899 0.013 0.007 0.012 
229 TMA-ZAIN-G-    (0)   :  0.004 0.003 0.008 0.005 0.007 0.021 0.932 0.003 0.003 0.014 
230 TMA-ZAIN-G-    (0)   :  0.060 0.036 0.010 0.033 0.015 0.006 0.790 0.011 0.016 0.023 
231 TMA-ZAIN-G-    (0)   :  0.026 0.011 0.014 0.020 0.011 0.343 0.447 0.042 0.008 0.078 
232 TMA-ZAIN-G-    (9)   :  0.010 0.025 0.005 0.012 0.036 0.398 0.313 0.012 0.008 0.180 
233 TMA-ZAIN-G-    (0)   :  0.022 0.012 0.015 0.015 0.041 0.013 0.859 0.011 0.008 0.005 
234 TMA-ZAIN-G-    (0)   :  0.005 0.004 0.008 0.021 0.007 0.034 0.731 0.009 0.010 0.171 
235 TMA-ZAIN-G-    (0)   :  0.041 0.036 0.031 0.012 0.004 0.017 0.729 0.017 0.022 0.090 
236 TMA-ZAIN-G-    (0)   :  0.013 0.012 0.007 0.006 0.007 0.021 0.881 0.013 0.020 0.022 
237 TMA-ZAIN-G-    (0)   :  0.254 0.033 0.020 0.014 0.011 0.008 0.508 0.035 0.011 0.107 
238 TMA-ZAIN-G-    (0)   :  0.031 0.026 0.008 0.004 0.005 0.016 0.833 0.030 0.008 0.039 
239 TMA-ZAIN-G-    (0)   :  0.004 0.033 0.003 0.027 0.017 0.756 0.007 0.004 0.145 0.004 
240 TMA-ZAIN-G-    (0)   :  0.005 0.003 0.003 0.006 0.003 0.962 0.008 0.003 0.004 0.003 
241 TMA-ZAIN-G-    (0)   :  0.012 0.005 0.002 0.005 0.004 0.952 0.005 0.006 0.004 0.004 
242 TMA-ZAIN-G-    (0)   :  0.007 0.005 0.003 0.004 0.005 0.959 0.004 0.007 0.003 0.003 
243 TMA-ZAIN-G-    (0)   :  0.014 0.006 0.003 0.005 0.008 0.944 0.004 0.009 0.004 0.003 
244 TMA-ZAIN-G-    (0)   :  0.014 0.007 0.003 0.004 0.009 0.937 0.004 0.015 0.003 0.004 
245 TMA-ZAIN-G-    (9)   :  0.004 0.003 0.003 0.003 0.002 0.971 0.005 0.003 0.003 0.003 
246 TMA-ZAIN-G-    (0)   :  0.003 0.003 0.004 0.003 0.003 0.972 0.004 0.003 0.003 0.002 
247 TMA-ZAIN-G-    (0)   :  0.004 0.004 0.005 0.004 0.005 0.965 0.004 0.004 0.002 0.002 
248 TMA-ZAIN-G-    (0)   :  0.006 0.006 0.005 0.004 0.005 0.945 0.007 0.007 0.010 0.004 
249 TMA-ZAIN-G-    (0)   :  0.003 0.004 0.005 0.003 0.003 0.962 0.006 0.003 0.007 0.003 
250 TMA-ZAIN-G-    (0)   :  0.003 0.004 0.005 0.003 0.005 0.964 0.006 0.003 0.004 0.002 
251 TMA-ZAIN-G-    (0)   :  0.004 0.004 0.006 0.961 0.004 0.003 0.004 0.004 0.005 0.005 
252 TMA-ZAIN-G-    (0)   :  0.037 0.007 0.003 0.860 0.037 0.003 0.008 0.037 0.005 0.004 
253 TMA-ZAIN-G-    (0)   :  0.004 0.005 0.003 0.956 0.006 0.003 0.003 0.010 0.005 0.005 
254 TMA-ZAIN-G-    (9)   :  0.010 0.008 0.006 0.908 0.014 0.003 0.004 0.031 0.006 0.010 
255 TMA-ZAIN-G-    (0)   :  0.004 0.004 0.003 0.935 0.009 0.017 0.004 0.007 0.005 0.012 
256 TMA-ZAIN-G-    (0)   :  0.006 0.006 0.003 0.941 0.005 0.006 0.004 0.006 0.017 0.006 
257 TMA-ZAIN-G-    (0)   :  0.003 0.004 0.003 0.961 0.003 0.003 0.004 0.003 0.012 0.004 
258 TMA-ZAIN-G-    (0)   :  0.003 0.003 0.003 0.969 0.004 0.003 0.003 0.004 0.005 0.003 
259 TMA-ZAIN-G-    (0)   :  0.003 0.004 0.004 0.964 0.005 0.004 0.004 0.003 0.005 0.003 
260 TMA-ZAIN-G-    (0)   :  0.004 0.004 0.005 0.959 0.009 0.004 0.004 0.004 0.006 0.003 
261 TMA-ZAIN-G-   (18)   :  0.005 0.007 0.010 0.941 0.011 0.003 0.005 0.006 0.007 0.005 
262 TMA-ZAIN-G-    (0)   :  0.003 0.003 0.003 0.967 0.003 0.003 0.004 0.003 0.007 0.004 
263 TMA-ZAIN-G-    (0)   :  0.003 0.004 0.004 0.965 0.004 0.003 0.004 0.005 0.004 0.005 
264 TMA-ZAIN-G-    (0)   :  0.004 0.004 0.004 0.960 0.004 0.003 0.004 0.005 0.006 0.007 
265 TMA-ZAIN-G-    (0)   :  0.023 0.029 0.035 0.606 0.027 0.013 0.223 0.022 0.011 0.011 
266 TMA-ZAIN-G-    (0)   :  0.014 0.082 0.063 0.703 0.018 0.007 0.013 0.029 0.058 0.013 
267 TMA-ZAIN-G-    (0)   :  0.025 0.011 0.108 0.493 0.013 0.294 0.021 0.010 0.007 0.018 
268 TMA-ZAIN-G-    (0)   :  0.004 0.003 0.009 0.005 0.004 0.907 0.006 0.004 0.003 0.056 
269 TMA-ZAIN-G-    (0)   :  0.008 0.006 0.023 0.008 0.005 0.667 0.030 0.006 0.004 0.243 
270 TMA-ZAIN-G-    (0)   :  0.007 0.006 0.018 0.012 0.004 0.840 0.022 0.005 0.004 0.082 
271 TMA-ZAIN-G-    (0)   :  0.005 0.004 0.008 0.006 0.003 0.931 0.008 0.005 0.003 0.026 
272 TMA-ZAIN-G-    (0)   :  0.005 0.005 0.024 0.005 0.003 0.857 0.066 0.005 0.003 0.027 
273 TMA-ZAIN-G-    (0)   :  0.003 0.003 0.007 0.004 0.002 0.928 0.032 0.003 0.003 0.016 
274 TMA-ZAIN-G-    (0)   :  0.015 0.023 0.025 0.010 0.010 0.818 0.021 0.009 0.046 0.026 
275 TMA-ZAIN-G-    (0)   :  0.003 0.004 0.006 0.003 0.002 0.961 0.008 0.004 0.003 0.007 
276 TMA-ZAIN-G-    (0)   :  0.004 0.003 0.003 0.003 0.003 0.964 0.005 0.004 0.002 0.008 
277 TMA-ZAIN-G-    (0)   :  0.005 0.003 0.005 0.006 0.005 0.951 0.005 0.004 0.005 0.010 
278 TMA-ZAIN-G-    (0)   :  0.003 0.003 0.005 0.005 0.003 0.963 0.007 0.003 0.003 0.006 
279 TMA-ZAIN-G-    (0)   :  0.004 0.005 0.014 0.004 0.003 0.931 0.017 0.004 0.006 0.011 
280 TMA-ZAIN-G-    (0)   :  0.005 0.008 0.017 0.004 0.003 0.748 0.121 0.006 0.007 0.080 
281 TMA-ZAIN-G-    (0)   :  0.004 0.005 0.008 0.005 0.003 0.906 0.017 0.004 0.006 0.042 
282 TMA-ZAIN-G-    (9)   :  0.003 0.003 0.006 0.005 0.003 0.955 0.007 0.003 0.003 0.012 
283 TMA-ZAIN-G-    (0)   :  0.010 0.009 0.095 0.129 0.006 0.604 0.058 0.016 0.004 0.069 
284 TMA-ZAIN-G-    (0)   :  0.008 0.013 0.086 0.182 0.003 0.450 0.096 0.017 0.006 0.139 
285 TMA-ZAIN-G-    (0)   :  0.023 0.022 0.036 0.025 0.025 0.793 0.022 0.014 0.011 0.030 
286 TMA-ZAIN-G-    (0)   :  0.004 0.003 0.014 0.008 0.003 0.919 0.008 0.003 0.003 0.035 
287 TMA-ZAIN-G-    (0)   :  0.010 0.010 0.015 0.005 0.010 0.901 0.006 0.005 0.015 0.022 
288 TMA-ZAIN-G-    (0)   :  0.021 0.030 0.222 0.014 0.010 0.501 0.058 0.011 0.050 0.083 
289 TMA-ZAIN-G-    (0)   :  0.016 0.016 0.047 0.011 0.015 0.824 0.013 0.008 0.027 0.023 
290 TMA-ZAIN-G-    (0)   :  0.007 0.012 0.084 0.009 0.003 0.440 0.032 0.009 0.009 0.396 
291 TMA-ZAIN-G-    (0)   :  0.004 0.005 0.030 0.008 0.003 0.012 0.915 0.005 0.005 0.013 
292 TMA-ZAIN-G-    (0)   :  0.622 0.117 0.010 0.004 0.006 0.012 0.021 0.174 0.025 0.010 
293 TMA-ZAIN-G-    (0)   :  0.163 0.086 0.013 0.028 0.020 0.015 0.017 0.630 0.023 0.004 
294 TMA-ZAIN-G-    (0)   :  0.827 0.014 0.006 0.006 0.010 0.004 0.004 0.122 0.004 0.003 
295 TMA-ZAIN-G-    (9)   :  0.797 0.017 0.016 0.008 0.012 0.007 0.007 0.127 0.005 0.004 
296 TMA-ZAIN-G-    (0)   :  0.238 0.047 0.014 0.012 0.006 0.006 0.013 0.605 0.049 0.010 
297 TMA-ZAIN-G-    (0)   :  0.107 0.075 0.011 0.029 0.027 0.006 0.007 0.615 0.119 0.005 
298 TMA-ZAIN-G-    (0)   :  0.837 0.014 0.012 0.037 0.007 0.018 0.016 0.044 0.004 0.011 
299 TMA-ZAIN-G-    (0)   :  0.951 0.006 0.003 0.003 0.007 0.004 0.005 0.013 0.004 0.003 
300 TMA-ZAIN-G-    (0)   :  0.879 0.027 0.011 0.006 0.034 0.006 0.006 0.021 0.007 0.003 
301 TMA-ZAIN-G-    (0)   :  0.756 0.096 0.008 0.006 0.027 0.007 0.009 0.052 0.034 0.005 
302 TMA-ZAIN-G-    (9)   :  0.670 0.074 0.006 0.006 0.007 0.003 0.005 0.208 0.017 0.004 
303 TMA-ZAIN-G-    (0)   :  0.004 0.016 0.013 0.021 0.002 0.006 0.866 0.004 0.057 0.010 
304 TMA-ZAIN-G-    (0)   :  0.019 0.100 0.016 0.563 0.140 0.007 0.007 0.092 0.041 0.014 
305 TMA-ZAIN-G-    (0)   :  0.232 0.038 0.008 0.011 0.019 0.004 0.004 0.667 0.013 0.004 
306 TMA-ZAIN-G-    (0)   :  0.091 0.052 0.013 0.368 0.018 0.030 0.011 0.278 0.025 0.115 
307 TMA-ZAIN-G-    (0)   :  0.019 0.129 0.011 0.402 0.303 0.012 0.005 0.095 0.013 0.011 
308 TMA-ZAIN-G-    (0)   :  0.004 0.006 0.069 0.767 0.012 0.017 0.086 0.004 0.013 0.022 
309 TMA-ZAIN-G-    (0)   :  0.019 0.916 0.005 0.003 0.006 0.003 0.004 0.014 0.026 0.003 
310 TMA-ZAIN-G-    (0)   :  0.717 0.076 0.017 0.017 0.011 0.025 0.013 0.115 0.003 0.007 
311 TMA-ZAIN-G-    (0)   :  0.179 0.097 0.033 0.062 0.007 0.009 0.024 0.527 0.018 0.043 
312 TMA-ZAIN-G-    (0)   :  0.042 0.814 0.043 0.008 0.009 0.005 0.010 0.042 0.022 0.005 
313 TMA-ZAIN-G-    (0)   :  0.141 0.066 0.009 0.664 0.027 0.004 0.004 0.055 0.020 0.010 
314 TMA-ZAIN-G-    (0)   :  0.011 0.016 0.422 0.014 0.008 0.241 0.048 0.008 0.010 0.222 
315 TMA-ZAIN-G-    (0)   :  0.341 0.056 0.053 0.018 0.044 0.368 0.022 0.085 0.007 0.007 
316 TMA-ZAIN-G-    (0)   :  0.257 0.058 0.069 0.016 0.053 0.379 0.047 0.103 0.007 0.011 
317 TMA-ZAIN-G-    (0)   :  0.026 0.006 0.139 0.016 0.005 0.030 0.702 0.007 0.008 0.062 
318 TMA-ZAIN-G-    (9)   :  0.014 0.006 0.048 0.048 0.009 0.428 0.115 0.005 0.009 0.317 
319 TMA-ZAIN-G-    (0)   :  0.004 0.008 0.025 0.008 0.004 0.085 0.426 0.005 0.419 0.017 
320 TMA-ZAIN-G-    (0)   :  0.373 0.059 0.006 0.005 0.022 0.006 0.430 0.084 0.009 0.005 
321 TMA-ZAIN-G-    (0)   :  0.065 0.310 0.389 0.008 0.015 0.041 0.017 0.118 0.008 0.028 
322 TMA-ZAIN-G-    (0)   :  0.073 0.136 0.247 0.077 0.034 0.008 0.174 0.189 0.008 0.055 
323 TMA-ZAIN-G-    (0)   :  0.007 0.031 0.008 0.010 0.025 0.010 0.828 0.009 0.064 0.007 
324 TMA-ZAIN-G-    (0)   :  0.008 0.017 0.014 0.017 0.010 0.004 0.007 0.886 0.030 0.006 
325 TMA-ZAIN-G-    (0)   :  0.011 0.016 0.018 0.008 0.007 0.023 0.896 0.013 0.006 0.004 
326 TMA-ZAIN-G-    (0)   :  0.005 0.025 0.009 0.014 0.006 0.003 0.569 0.011 0.356 0.002 
327 TMA-ZAIN-G-    (0)   :  0.008 0.040 0.007 0.013 0.030 0.003 0.004 0.007 0.885 0.003 
328 TMA-ZAIN-G-    (0)   :  0.013 0.070 0.077 0.020 0.214 0.067 0.231 0.026 0.068 0.215 
329 TMA-ZAIN-G-    (0)   :  0.403 0.367 0.014 0.028 0.078 0.007 0.010 0.043 0.045 0.005 
330 TMA-ZAIN-G-    (0)   :  0.074 0.762 0.015 0.032 0.061 0.003 0.006 0.023 0.021 0.004 
331 TMA-ZAIN-G-    (0)   :  0.230 0.462 0.018 0.125 0.006 0.053 0.060 0.021 0.009 0.015 
332 TMA-ZAIN-G-    (0)   :  0.015 0.544 0.007 0.005 0.012 0.002 0.003 0.044 0.364 0.002 
333 TMA-ZAIN-G-    (0)   :  0.004 0.006 0.003 0.004 0.003 0.002 0.004 0.003 0.969 0.002 
334 TMA-ZAIN-G-    (0)   :  0.004 0.003 0.008 0.007 0.003 0.943 0.012 0.004 0.003 0.013 
335 TMA-ZAIN-G-    (0)   :  0.005 0.004 0.006 0.004 0.005 0.962 0.004 0.004 0.003 0.003 
336 TMA-ZAIN-G-    (0)   :  0.011 0.009 0.025 0.013 0.006 0.898 0.014 0.008 0.005 0.012 
337 TMA-ZAIN-G-    (9)   :  0.007 0.005 0.039 0.007 0.004 0.841 0.024 0.007 0.003 0.063 
338 TMA-ZAIN-G-    (0)   :  0.004 0.003 0.008 0.007 0.003 0.927 0.009 0.004 0.003 0.032 
339 TMA-ZAIN-G-    (0)   :  0.002 0.002 0.003 0.003 0.002 0.962 0.007 0.002 0.002 0.014 
340 TMA-ZAIN-G-    (0)   :  0.003 0.003 0.004 0.003 0.003 0.966 0.006 0.003 0.002 0.007 
341 TMA-ZAIN-G-    (0)   :  0.004 0.005 0.005 0.003 0.004 0.957 0.005 0.005 0.004 0.008 
342 TMA-ZAIN-G-    (0)   :  0.005 0.004 0.006 0.005 0.004 0.954 0.007 0.004 0.003 0.008 
343 TMA-ZAIN-G-    (0)   :  0.003 0.003 0.005 0.003 0.002 0.940 0.010 0.003 0.003 0.028 
344 TMA-ZAIN-G-    (0)   :  0.004 0.005 0.011 0.004 0.003 0.943 0.013 0.004 0.005 0.007 
345 TMA-ZAIN-G-    (0)   :  0.003 0.003 0.004 0.004 0.003 0.969 0.004 0.003 0.003 0.005 
346 TMA-ZAIN-G-    (0)   :  0.006 0.011 0.005 0.004 0.003 0.905 0.029 0.005 0.012 0.019 
347 TMA-ZAIN-G-    (9)   :  0.003 0.003 0.006 0.003 0.003 0.962 0.006 0.003 0.003 0.008 
348 TMA-ZAIN-G-    (0)   :  0.006 0.004 0.019 0.009 0.004 0.921 0.009 0.005 0.005 0.018 
349 TMA-ZAIN-G-    (0)   :  0.004 0.003 0.005 0.004 0.003 0.951 0.009 0.003 0.004 0.014 
350 TMA-ZAIN-G-    (0)   :  0.008 0.009 0.028 0.006 0.005 0.830 0.073 0.008 0.008 0.026 
351 TMA-ZAIN-G-    (0)   :  0.004 0.003 0.009 0.005 0.003 0.956 0.006 0.003 0.004 0.007 
352 TMA-ZAIN-G-    (0)   :  0.008 0.006 0.009 0.008 0.006 0.939 0.006 0.007 0.003 0.008 
353 TMA-ZAIN-G-    (0)   :  0.006 0.011 0.016 0.005 0.003 0.860 0.035 0.009 0.012 0.042 
354 TMA-ZAIN-G-    (0)   :  0.004 0.008 0.010 0.003 0.002 0.943 0.012 0.007 0.005 0.007 
355 TMA-ZAIN-G-    (0)   :  0.006 0.012 0.009 0.003 0.004 0.928 0.008 0.011 0.007 0.012 
356 TMA-ZAIN-G-    (0)   :  0.007 0.004 0.004 0.011 0.036 0.002 0.012 0.920 0.002 0.003 
357 TMA-ZAIN-G-    (0)   :  0.058 0.122 0.012 0.011 0.059 0.004 0.010 0.400 0.316 0.009 
358 TMA-ZAIN-G-    (0)   :  0.115 0.468 0.046 0.022 0.140 0.021 0.024 0.103 0.016 0.047 
359 TMA-ZAIN-G-    (0)   :  0.075 0.011 0.018 0.088 0.292 0.022 0.082 0.400 0.004 0.009 
360 TMA-ZAIN-G-    (0)   :  0.159 0.018 0.005 0.007 0.019 0.005 0.007 0.774 0.003 0.003 
361 TMA-ZAIN-G-    (0)   :  0.038 0.765 0.010 0.010 0.020 0.003 0.007 0.116 0.020 0.009 
362 TMA-ZAIN-G-    (0)   :  0.028 0.008 0.006 0.005 0.009 0.053 0.029 0.852 0.003 0.006 
363 TMA-ZAIN-G-    (0)   :  0.341 0.394 0.055 0.015 0.016 0.010 0.026 0.073 0.066 0.005 
364 TMA-ZAIN-G-    (0)   :  0.051 0.022 0.319 0.026 0.018 0.030 0.088 0.017 0.016 0.414 
365 TMA-ZAIN-G-    (0)   :  0.091 0.126 0.135 0.005 0.026 0.121 0.022 0.460 0.004 0.010 
366 TMA-ZAIN-G-    (0)   :  0.757 0.015 0.011 0.018 0.077 0.006 0.004 0.105 0.004 0.004 
367 TMA-ZAIN-G-    (0)   :  0.016 0.704 0.020 0.055 0.006 0.006 0.016 0.055 0.034 0.088 
368 TMA-ZAIN-G-    (0)   :  0.864 0.019 0.008 0.012 0.054 0.004 0.004 0.025 0.005 0.004 
369 TMA-ZAIN-G-    (0)   :  0.015 0.920 0.006 0.005 0.023 0.003 0.004 0.011 0.012 0.002 
370 TMA-ZAIN-G-    (0)   :  0.075 0.850 0.009 0.004 0.010 0.003 0.005 0.017 0.022 0.005 
371 TMA-ZAIN-G-    (0)   :  0.213 0.010 0.005 0.006 0.028 0.003 0.004 0.718 0.008 0.005 
372 TMA-ZAIN-G-    (0)   :  0.188 0.145 0.006 0.007 0.024 0.004 0.003 0.615 0.004 0.004 
373 TMA-ZAIN-G-    (0)   :  0.006 0.514 0.008 0.005 0.006 0.004 0.007 0.006 0.442 0.003 
374 TMA-ZAIN-G-    (0)   :  0.024 0.256 0.051 0.167 0.006 0.009 0.041 0.049 0.114 0.283 
375 TMA-ZAIN-G-    (0)   :  0.019 0.189 0.016 0.006 0.009 0.006 0.669 0.033 0.032 0.020 
376 TMA-ZAIN-G-    (9)   :  0.055 0.040 0.005 0.003 0.004 0.003 0.004 0.878 0.004 0.004 
377 TMA-ZAIN-G-    (0)   :  0.184 0.041 0.004 0.005 0.021 0.002 0.003 0.731 0.006 0.003 
378 TMA-ZAIN-G-    (0)   :  0.018 0.016 0.003 0.003 0.014 0.002 0.003 0.930 0.007 0.003 
379 TMA-ZAIN-G-    (0)   :  0.008 0.011 0.003 0.008 0.012 0.002 0.003 0.937 0.014 0.003 
380 TMA-ZAIN-G-    (0)   :  0.825 0.040 0.006 0.007 0.043 0.004 0.005 0.060 0.008 0.002 
381 TMA-ZAIN-G-    (9)   :  0.169 0.030 0.528 0.066 0.077 0.009 0.060 0.035 0.019 0.007 
382 TMA-ZAIN-G-    (9)   :  0.015 0.014 0.031 0.009 0.003 0.056 0.402 0.007 0.011 0.452 
383    ZFB01    (0)   :  0.005 0.004 0.003 0.004 0.003 0.009 0.004 0.005 0.003 0.959 
384    ZFB02    (0)   :  0.004 0.003 0.004 0.008 0.003 0.030 0.006 0.004 0.002 0.936 
385    ZFB03    (0)   :  0.004 0.005 0.006 0.005 0.002 0.004 0.009 0.006 0.009 0.949 
386    ZFB04    (0)   :  0.004 0.004 0.004 0.006 0.003 0.035 0.005 0.006 0.002 0.932 
387    ZFB05    (0)   :  0.003 0.006 0.026 0.011 0.011 0.115 0.043 0.004 0.011 0.770 
388    ZFB06    (0)   :  0.003 0.006 0.021 0.007 0.011 0.048 0.031 0.004 0.011 0.858 
389    ZFB07    (9)   :  0.008 0.007 0.005 0.005 0.005 0.010 0.022 0.010 0.006 0.923 
390    ZFB08    (0)   :  0.007 0.007 0.017 0.007 0.006 0.007 0.007 0.008 0.005 0.929 
391    ZFB09    (0)   :  0.003 0.003 0.004 0.003 0.003 0.004 0.004 0.003 0.003 0.969 
392    ZFB10    (0)   :  0.015 0.011 0.005 0.006 0.007 0.009 0.005 0.029 0.002 0.910 
393    ZFB11    (0)   :  0.012 0.005 0.003 0.008 0.003 0.018 0.005 0.010 0.003 0.933 
394    ZFB12    (0)   :  0.010 0.009 0.024 0.005 0.004 0.041 0.013 0.009 0.007 0.878 
395    ZFB13    (0)   :  0.011 0.008 0.012 0.005 0.007 0.007 0.008 0.011 0.004 0.927 
396    ZFB14    (0)   :  0.005 0.004 0.004 0.005 0.003 0.004 0.004 0.006 0.003 0.961 
397    ZFB15    (0)   :  0.003 0.003 0.004 0.003 0.002 0.016 0.004 0.003 0.003 0.958 
398    ZFB16    (0)   :  0.007 0.007 0.008 0.004 0.004 0.018 0.006 0.007 0.003 0.935 
399    ZFB17    (0)   :  0.009 0.011 0.032 0.024 0.011 0.026 0.010 0.013 0.003 0.860 
400    ZFB18    (0)   :  0.004 0.003 0.004 0.004 0.003 0.004 0.004 0.005 0.002 0.968 
401    ZFB19    (0)   :  0.025 0.023 0.014 0.005 0.009 0.007 0.015 0.038 0.005 0.859 
402    ZFB20    (0)   :  0.007 0.006 0.008 0.004 0.004 0.046 0.007 0.007 0.003 0.909 
403    ZFB21    (0)   :  0.003 0.003 0.004 0.003 0.002 0.011 0.008 0.003 0.003 0.959 
404    ZFB22    (0)   :  0.009 0.011 0.012 0.007 0.011 0.076 0.008 0.015 0.003 0.847 
405    ZFB23    (0)   :  0.011 0.006 0.004 0.007 0.003 0.028 0.007 0.010 0.004 0.919 
406    ZFB24    (0)   :  0.010 0.005 0.004 0.007 0.004 0.041 0.005 0.008 0.003 0.914 
407    ZFB25    (0)   :  0.019 0.011 0.003 0.004 0.005 0.006 0.004 0.033 0.003 0.912 
408    ZFB26    (0)   :  0.036 0.010 0.003 0.010 0.005 0.060 0.010 0.024 0.004 0.839 
409    ZFB27    (0)   :  0.010 0.006 0.003 0.005 0.003 0.085 0.006 0.009 0.003 0.871 
410    ZFB28    (0)   :  0.010 0.008 0.015 0.012 0.003 0.102 0.054 0.008 0.006 0.782 
411    ZFB29    (0)   :  0.005 0.003 0.004 0.010 0.002 0.020 0.008 0.004 0.002 0.943 
412    ZFB30    (0)   :  0.008 0.012 0.011 0.005 0.013 0.141 0.064 0.008 0.011 0.727 
413    ZFB31    (0)   :  0.013 0.009 0.004 0.004 0.004 0.007 0.005 0.021 0.004 0.931 
414    ZFB32    (0)   :  0.024 0.015 0.029 0.036 0.005 0.058 0.038 0.013 0.009 0.773 
