

----------------------------------------------------
STRUCTURE by Pritchard, Stephens and Donnelly (2000)
     and Falush, Stephens and Pritchard (2003)
       Code by Pritchard, Falush and Hubisz
             Version 2.3.4 (Jul 2012)
----------------------------------------------------



Command line arguments:   bin\structure -m C:\Users\eschumacher\Documents\GitHub\GCC_QUAC_ZAIN\Data_Files\Structure_Files\ZAIN\ZAIN_rebinned_garden_wild_nopopinfo\50-50\mainparams -e C:\Users\eschumacher\Documents\GitHub\GCC_QUAC_ZAIN\Data_Files\Structure_Files\ZAIN\ZAIN_rebinned_garden_wild_nopopinfo\50-50\extraparams 
Input File:    C:\Users\eschumacher\Documents\GitHub\GCC_QUAC_ZAIN\Data_Files\Structure_Files\ZAIN\ZAIN_rebinned_garden_wild_nopopinfo\project_data

Run parameters:
   1133 individuals
   11 loci
   16 populations assumed
   50000 Burn-in period
   50000 Reps


--------------------------------------------
Overall proportion of membership of the
sample in each of the 16 clusters

Inferred Clusters
  1      2      3      4      5      6      7      8      9     10     11     12     13     14     15     16    
0.117  0.066  0.041  0.048  0.056  0.044  0.035  0.088  0.063  0.055  0.051  0.060  0.058  0.088  0.058  0.075  

--------------------------------------------

Allele-freq. divergence among pops (Net nucleotide distance),
computed using point estimates of P.

      1       2       3       4       5       6       7       8       9      10      11      12      13      14      15      16      
 1      -    0.2020  0.3435  0.3143  0.3063  0.3613  0.2455  0.1731  0.3049  0.2998  0.3877  0.3831  0.3899  0.1175  0.2323  0.2907  
 2   0.2020     -    0.2543  0.3096  0.2808  0.2685  0.2531  0.0916  0.2986  0.2825  0.3922  0.3096  0.3079  0.1156  0.1820  0.1933  
 3   0.3435  0.2543     -    0.1045  0.0582  0.0976  0.2130  0.2489  0.1171  0.0659  0.1116  0.2709  0.0593  0.2232  0.1371  0.2166  
 4   0.3143  0.3096  0.1045     -    0.0700  0.1683  0.2220  0.2874  0.1308  0.0665  0.1254  0.2581  0.1233  0.2084  0.2067  0.2521  
 5   0.3063  0.2808  0.0582  0.0700     -    0.1095  0.1964  0.2700  0.0791  0.0044  0.1461  0.2539  0.0531  0.2031  0.1616  0.2602  
 6   0.3613  0.2685  0.0976  0.1683  0.1095     -    0.1886  0.2803  0.0644  0.0951  0.1665  0.1798  0.1173  0.1937  0.1367  0.1917  
 7   0.2455  0.2531  0.2130  0.2220  0.1964  0.1886     -    0.2491  0.2137  0.1843  0.2910  0.2504  0.2859  0.1527  0.1782  0.2135  
 8   0.1731  0.0916  0.2489  0.2874  0.2700  0.2803  0.2491     -    0.2936  0.2688  0.3794  0.3186  0.2893  0.1310  0.2050  0.2214  
 9   0.3049  0.2986  0.1171  0.1308  0.0791  0.0644  0.2137  0.2936     -    0.0697  0.1517  0.1453  0.1029  0.1693  0.1345  0.2305  
10   0.2998  0.2825  0.0659  0.0665  0.0044  0.0951  0.1843  0.2688  0.0697     -    0.1380  0.2337  0.0626  0.1975  0.1597  0.2580  
11   0.3877  0.3922  0.1116  0.1254  0.1461  0.1665  0.2910  0.3794  0.1517  0.1380     -    0.2979  0.1755  0.2934  0.1824  0.2326  
12   0.3831  0.3096  0.2709  0.2581  0.2539  0.1798  0.2504  0.3186  0.1453  0.2337  0.2979     -    0.3136  0.2032  0.2442  0.2118  
13   0.3899  0.3079  0.0593  0.1233  0.0531  0.1173  0.2859  0.2893  0.1029  0.0626  0.1755  0.3136     -    0.2630  0.2173  0.3017  
14   0.1175  0.1156  0.2232  0.2084  0.2031  0.1937  0.1527  0.1310  0.1693  0.1975  0.2934  0.2032  0.2630     -    0.1016  0.1769  
15   0.2323  0.1820  0.1371  0.2067  0.1616  0.1367  0.1782  0.2050  0.1345  0.1597  0.1824  0.2442  0.2173  0.1016     -    0.1929  
16   0.2907  0.1933  0.2166  0.2521  0.2602  0.1917  0.2135  0.2214  0.2305  0.2580  0.2326  0.2118  0.3017  0.1769  0.1929     -    

Average distances (expected heterozygosity) between individuals in same cluster:
cluster  1  : 0.4008 
cluster  2  : 0.3332 
cluster  3  : 0.3763 
cluster  4  : 0.3882 
cluster  5  : 0.3638 
cluster  6  : 0.3518 
cluster  7  : 0.2484 
cluster  8  : 0.4900 
cluster  9  : 0.4324 
cluster 10  : 0.3701 
cluster 11  : 0.3490 
cluster 12  : 0.2258 
cluster 13  : 0.3197 
cluster 14  : 0.5257 
cluster 15  : 0.4520 
cluster 16  : 0.3646 

--------------------------------------------
Estimated Ln Prob of Data   = -20543.7
Mean value of ln likelihood = -19536.1
Variance of ln likelihood   = 2015.1
Mean value of alpha         = 0.0349

Mean value of Fst_1         = 0.4448
Mean value of Fst_2         = 0.5255
Mean value of Fst_3         = 0.3718
Mean value of Fst_4         = 0.4025
Mean value of Fst_5         = 0.3909
Mean value of Fst_6         = 0.5247
Mean value of Fst_7         = 0.6225
Mean value of Fst_8         = 0.4100
Mean value of Fst_9         = 0.3274
Mean value of Fst_10         = 0.3561
Mean value of Fst_11         = 0.4353
Mean value of Fst_12         = 0.6263
Mean value of Fst_13         = 0.4632
Mean value of Fst_14         = 0.1802
Mean value of Fst_15         = 0.3163
Mean value of Fst_16         = 0.4652


Inferred ancestry of individuals:
        Label (%Miss) :  Inferred clusters
  1 TMA-ZAIN-G-    (9)   :  0.009 0.026 0.169 0.005 0.006 0.009 0.007 0.630 0.038 0.007 0.007 0.028 0.006 0.029 0.016 0.009 
  2 TMA-ZAIN-G-    (0)   :  0.006 0.024 0.071 0.125 0.022 0.005 0.017 0.652 0.010 0.017 0.004 0.007 0.008 0.008 0.005 0.019 
  3 TMA-ZAIN-G-    (0)   :  0.003 0.004 0.807 0.009 0.014 0.030 0.006 0.004 0.016 0.023 0.025 0.013 0.027 0.004 0.009 0.006 
  4 TMA-ZAIN-G-    (0)   :  0.005 0.009 0.164 0.010 0.044 0.013 0.556 0.006 0.007 0.030 0.037 0.015 0.075 0.005 0.005 0.018 
  5 TMA-ZAIN-G-    (0)   :  0.005 0.009 0.004 0.002 0.003 0.003 0.005 0.943 0.002 0.003 0.002 0.002 0.003 0.003 0.005 0.005 
  6 TMA-ZAIN-G-    (0)   :  0.027 0.013 0.626 0.011 0.019 0.040 0.028 0.018 0.012 0.023 0.034 0.010 0.009 0.028 0.089 0.011 
  7 TMA-ZAIN-G-    (0)   :  0.005 0.012 0.104 0.018 0.159 0.165 0.084 0.008 0.026 0.315 0.008 0.032 0.030 0.010 0.014 0.011 
  8 TMA-ZAIN-G-    (0)   :  0.002 0.004 0.024 0.007 0.011 0.885 0.004 0.004 0.008 0.009 0.008 0.004 0.011 0.003 0.004 0.010 
  9 TMA-ZAIN-G-    (9)   :  0.005 0.005 0.210 0.043 0.190 0.014 0.007 0.006 0.077 0.331 0.021 0.008 0.049 0.005 0.025 0.005 
 10 TMA-ZAIN-G-    (0)   :  0.004 0.003 0.058 0.026 0.329 0.052 0.010 0.003 0.134 0.270 0.029 0.012 0.025 0.006 0.030 0.009 
 11 TMA-ZAIN-G-    (0)   :  0.004 0.007 0.010 0.010 0.200 0.010 0.015 0.004 0.074 0.632 0.004 0.008 0.007 0.006 0.006 0.004 
 12 TMA-ZAIN-G-    (0)   :  0.003 0.005 0.178 0.008 0.079 0.016 0.005 0.005 0.039 0.029 0.005 0.029 0.574 0.006 0.009 0.006 
 13 TMA-ZAIN-G-    (9)   :  0.050 0.037 0.010 0.167 0.094 0.035 0.012 0.034 0.112 0.255 0.017 0.084 0.041 0.024 0.013 0.015 
 14 TMA-ZAIN-G-    (9)   :  0.013 0.003 0.007 0.015 0.029 0.008 0.005 0.003 0.070 0.022 0.006 0.782 0.009 0.010 0.011 0.007 
 15 TMA-ZAIN-G-    (0)   :  0.002 0.003 0.250 0.004 0.004 0.009 0.004 0.003 0.086 0.005 0.007 0.603 0.005 0.004 0.005 0.006 
 16 TMA-ZAIN-G-    (0)   :  0.004 0.004 0.017 0.009 0.468 0.007 0.005 0.003 0.015 0.180 0.005 0.006 0.263 0.005 0.006 0.003 
 17 TMA-ZAIN-G-    (9)   :  0.009 0.007 0.020 0.004 0.009 0.084 0.107 0.010 0.665 0.008 0.006 0.014 0.009 0.015 0.014 0.018 
 18 TMA-ZAIN-G-    (0)   :  0.007 0.707 0.008 0.004 0.005 0.012 0.017 0.032 0.008 0.004 0.006 0.008 0.013 0.105 0.018 0.045 
 19 TMA-ZAIN-G-    (0)   :  0.033 0.025 0.018 0.007 0.019 0.077 0.045 0.010 0.021 0.026 0.005 0.012 0.026 0.529 0.143 0.004 
 20 TMA-ZAIN-G-    (0)   :  0.057 0.036 0.004 0.005 0.004 0.004 0.006 0.027 0.003 0.004 0.005 0.004 0.003 0.799 0.007 0.033 
 21 TMA-ZAIN-G-    (0)   :  0.940 0.002 0.004 0.003 0.005 0.004 0.004 0.003 0.005 0.005 0.005 0.002 0.004 0.004 0.005 0.005 
 22 TMA-ZAIN-G-    (0)   :  0.813 0.078 0.004 0.003 0.003 0.003 0.009 0.043 0.003 0.003 0.002 0.003 0.003 0.013 0.011 0.006 
 23 TMA-ZAIN-G-    (0)   :  0.802 0.047 0.005 0.005 0.008 0.010 0.010 0.012 0.008 0.008 0.003 0.007 0.007 0.033 0.031 0.004 
 24 TMA-ZAIN-G-    (9)   :  0.633 0.008 0.005 0.192 0.008 0.003 0.003 0.006 0.016 0.012 0.076 0.019 0.007 0.003 0.004 0.006 
 25 TMA-ZAIN-G-    (9)   :  0.016 0.011 0.255 0.038 0.005 0.003 0.003 0.134 0.006 0.004 0.004 0.003 0.004 0.502 0.008 0.005 
 26 TMA-ZAIN-G-    (9)   :  0.024 0.005 0.248 0.054 0.025 0.017 0.010 0.006 0.069 0.022 0.007 0.008 0.009 0.010 0.005 0.481 
 27 TMA-ZAIN-G-    (0)   :  0.018 0.013 0.008 0.005 0.013 0.011 0.022 0.089 0.022 0.012 0.010 0.075 0.003 0.080 0.607 0.013 
 28 TMA-ZAIN-G-    (0)   :  0.004 0.017 0.007 0.004 0.005 0.008 0.005 0.006 0.005 0.006 0.004 0.009 0.005 0.012 0.897 0.004 
 29 TMA-ZAIN-G-    (0)   :  0.004 0.004 0.004 0.005 0.004 0.004 0.003 0.003 0.006 0.004 0.705 0.005 0.004 0.224 0.005 0.015 
 30 TMA-ZAIN-G-    (0)   :  0.004 0.005 0.023 0.092 0.038 0.014 0.008 0.004 0.170 0.048 0.028 0.049 0.042 0.028 0.442 0.005 
 31 TMA-ZAIN-G-    (0)   :  0.012 0.023 0.005 0.008 0.006 0.006 0.018 0.820 0.003 0.006 0.006 0.006 0.003 0.010 0.005 0.064 
 32 TMA-ZAIN-G-    (9)   :  0.034 0.461 0.362 0.006 0.010 0.005 0.004 0.028 0.018 0.008 0.004 0.007 0.020 0.023 0.005 0.005 
 33 TMA-ZAIN-G-   (18)   :  0.003 0.005 0.834 0.006 0.015 0.027 0.003 0.004 0.023 0.020 0.007 0.006 0.034 0.004 0.007 0.004 
 34 TMA-ZAIN-G-    (0)   :  0.017 0.032 0.841 0.007 0.012 0.006 0.005 0.023 0.005 0.012 0.004 0.004 0.013 0.008 0.007 0.004 
 35 TMA-ZAIN-G-    (9)   :  0.003 0.005 0.921 0.007 0.006 0.006 0.006 0.003 0.005 0.006 0.007 0.006 0.006 0.004 0.006 0.005 
 36 TMA-ZAIN-G-    (0)   :  0.003 0.004 0.289 0.235 0.025 0.047 0.007 0.003 0.175 0.044 0.012 0.119 0.012 0.005 0.006 0.014 
 37 TMA-ZAIN-G-    (9)   :  0.004 0.004 0.903 0.006 0.009 0.008 0.012 0.004 0.009 0.009 0.006 0.003 0.007 0.004 0.007 0.005 
 38 TMA-ZAIN-G-   (18)   :  0.014 0.016 0.384 0.008 0.008 0.004 0.010 0.448 0.023 0.007 0.004 0.012 0.007 0.043 0.004 0.007 
 39 TMA-ZAIN-G-    (0)   :  0.005 0.003 0.049 0.610 0.084 0.018 0.008 0.004 0.059 0.051 0.013 0.004 0.072 0.004 0.009 0.008 
 40 TMA-ZAIN-G-    (0)   :  0.006 0.003 0.139 0.097 0.028 0.011 0.015 0.004 0.543 0.030 0.007 0.004 0.101 0.004 0.004 0.005 
 41 TMA-ZAIN-G-    (0)   :  0.003 0.003 0.060 0.168 0.016 0.026 0.003 0.003 0.656 0.007 0.005 0.022 0.016 0.003 0.005 0.005 
 42 TMA-ZAIN-G-    (9)   :  0.002 0.003 0.008 0.009 0.005 0.049 0.005 0.003 0.795 0.006 0.008 0.077 0.008 0.004 0.004 0.015 
 43 TMA-ZAIN-G-    (0)   :  0.002 0.003 0.004 0.004 0.005 0.019 0.004 0.003 0.012 0.005 0.012 0.912 0.003 0.004 0.003 0.004 
 44 TMA-ZAIN-G-    (0)   :  0.752 0.004 0.009 0.037 0.055 0.008 0.009 0.006 0.007 0.074 0.008 0.005 0.008 0.014 0.003 0.003 
 45 TMA-ZAIN-G-    (0)   :  0.006 0.004 0.028 0.010 0.515 0.015 0.012 0.006 0.091 0.204 0.005 0.015 0.065 0.006 0.009 0.007 
 46 TMA-ZAIN-G-    (0)   :  0.937 0.004 0.003 0.005 0.004 0.003 0.009 0.004 0.003 0.005 0.003 0.004 0.003 0.006 0.003 0.005 
 47 TMA-ZAIN-G-    (0)   :  0.003 0.005 0.006 0.003 0.004 0.006 0.014 0.003 0.003 0.003 0.004 0.003 0.005 0.004 0.004 0.929 
 48 TMA-ZAIN-G-    (0)   :  0.030 0.008 0.015 0.012 0.099 0.138 0.128 0.006 0.114 0.153 0.015 0.051 0.013 0.011 0.049 0.158 
 49 TMA-ZAIN-G-    (9)   :  0.005 0.027 0.030 0.005 0.020 0.008 0.019 0.005 0.007 0.012 0.043 0.004 0.029 0.763 0.014 0.007 
 50 TMA-ZAIN-G-    (0)   :  0.006 0.005 0.005 0.029 0.005 0.013 0.006 0.016 0.079 0.007 0.004 0.009 0.012 0.778 0.024 0.003 
 51 TMA-ZAIN-G-    (0)   :  0.007 0.006 0.008 0.008 0.012 0.010 0.015 0.007 0.024 0.011 0.007 0.052 0.004 0.793 0.020 0.017 
 52 TMA-ZAIN-G-    (0)   :  0.009 0.007 0.006 0.006 0.008 0.009 0.126 0.006 0.008 0.009 0.003 0.018 0.010 0.715 0.027 0.033 
 53 TMA-ZAIN-G-    (0)   :  0.007 0.012 0.005 0.016 0.015 0.011 0.058 0.230 0.014 0.021 0.005 0.045 0.003 0.479 0.010 0.069 
 54 TMA-ZAIN-G-    (0)   :  0.005 0.007 0.004 0.004 0.007 0.012 0.005 0.003 0.011 0.007 0.004 0.011 0.007 0.009 0.010 0.894 
 55 TMA-ZAIN-G-    (0)   :  0.008 0.006 0.004 0.004 0.010 0.017 0.004 0.003 0.036 0.008 0.003 0.023 0.010 0.023 0.026 0.815 
 56 TMA-ZAIN-G-    (0)   :  0.008 0.004 0.024 0.023 0.042 0.070 0.372 0.008 0.183 0.054 0.022 0.030 0.013 0.031 0.067 0.049 
 57 TMA-ZAIN-G-    (0)   :  0.003 0.007 0.016 0.011 0.011 0.005 0.010 0.011 0.005 0.009 0.008 0.005 0.038 0.028 0.005 0.828 
 58 TMA-ZAIN-G-    (0)   :  0.149 0.163 0.013 0.004 0.009 0.042 0.016 0.020 0.019 0.010 0.008 0.009 0.019 0.293 0.184 0.042 
 59 TMA-ZAIN-G-    (0)   :  0.032 0.027 0.028 0.013 0.076 0.056 0.034 0.497 0.027 0.120 0.010 0.009 0.015 0.015 0.027 0.015 
 60 TMA-ZAIN-G-    (0)   :  0.010 0.132 0.009 0.005 0.017 0.020 0.035 0.293 0.018 0.018 0.007 0.130 0.006 0.167 0.115 0.019 
 61 TMA-ZAIN-G-    (0)   :  0.018 0.014 0.005 0.003 0.004 0.004 0.035 0.871 0.003 0.004 0.003 0.004 0.003 0.010 0.006 0.012 
 62 TMA-ZAIN-G-    (9)   :  0.013 0.007 0.020 0.013 0.033 0.008 0.003 0.764 0.024 0.019 0.006 0.005 0.019 0.017 0.040 0.010 
 63 TMA-ZAIN-G-    (0)   :  0.010 0.205 0.008 0.003 0.009 0.012 0.018 0.627 0.010 0.007 0.003 0.015 0.012 0.025 0.016 0.019 
 64 TMA-ZAIN-G-    (0)   :  0.002 0.002 0.005 0.008 0.007 0.004 0.003 0.002 0.005 0.008 0.935 0.005 0.004 0.003 0.003 0.003 
 65 TMA-ZAIN-G-    (9)   :  0.003 0.004 0.065 0.006 0.010 0.009 0.005 0.003 0.006 0.008 0.843 0.006 0.016 0.003 0.006 0.007 
 66 TMA-ZAIN-G-    (0)   :  0.003 0.003 0.014 0.014 0.030 0.007 0.005 0.003 0.008 0.029 0.858 0.005 0.011 0.003 0.005 0.004 
 67 TMA-ZAIN-G-    (0)   :  0.014 0.003 0.023 0.089 0.074 0.007 0.004 0.004 0.013 0.042 0.676 0.003 0.019 0.010 0.015 0.005 
 68 TMA-ZAIN-G-    (0)   :  0.002 0.003 0.005 0.004 0.004 0.009 0.004 0.002 0.005 0.005 0.935 0.006 0.005 0.003 0.004 0.004 
 69 TMA-ZAIN-G-    (0)   :  0.023 0.029 0.037 0.029 0.043 0.007 0.020 0.009 0.006 0.025 0.695 0.016 0.028 0.020 0.006 0.008 
 70 TMA-ZAIN-G-    (0)   :  0.004 0.003 0.008 0.859 0.027 0.004 0.004 0.003 0.007 0.045 0.012 0.005 0.009 0.004 0.004 0.003 
 71 TMA-ZAIN-G-    (0)   :  0.003 0.003 0.009 0.865 0.058 0.005 0.004 0.003 0.006 0.014 0.004 0.003 0.012 0.003 0.004 0.003 
 72 TMA-ZAIN-G-    (0)   :  0.003 0.004 0.009 0.899 0.012 0.005 0.004 0.003 0.007 0.013 0.011 0.006 0.006 0.004 0.007 0.007 
 73 TMA-ZAIN-G-    (0)   :  0.022 0.015 0.016 0.838 0.010 0.006 0.004 0.018 0.006 0.007 0.005 0.003 0.007 0.014 0.015 0.014 
 74 TMA-ZAIN-G-    (0)   :  0.006 0.004 0.011 0.908 0.011 0.006 0.003 0.005 0.006 0.008 0.005 0.003 0.010 0.005 0.004 0.005 
 75 TMA-ZAIN-G-    (0)   :  0.003 0.004 0.009 0.911 0.013 0.006 0.005 0.004 0.005 0.007 0.005 0.005 0.007 0.005 0.005 0.007 
 76 TMA-ZAIN-G-    (0)   :  0.014 0.004 0.007 0.867 0.039 0.004 0.003 0.005 0.005 0.022 0.005 0.003 0.008 0.008 0.004 0.003 
 77 TMA-ZAIN-G-    (0)   :  0.005 0.003 0.005 0.917 0.008 0.004 0.007 0.003 0.010 0.009 0.005 0.006 0.005 0.005 0.005 0.004 
 78 TMA-ZAIN-G-    (0)   :  0.010 0.005 0.009 0.869 0.024 0.005 0.010 0.005 0.005 0.017 0.004 0.005 0.007 0.011 0.007 0.006 
 79 TMA-ZAIN-G-    (0)   :  0.006 0.004 0.005 0.888 0.013 0.005 0.020 0.003 0.006 0.016 0.004 0.006 0.006 0.007 0.005 0.004 
 80 TMA-ZAIN-G-    (0)   :  0.005 0.003 0.025 0.661 0.072 0.011 0.006 0.003 0.022 0.042 0.023 0.004 0.102 0.004 0.008 0.010 
 81 TMA-ZAIN-G-    (0)   :  0.006 0.004 0.017 0.658 0.145 0.011 0.032 0.003 0.011 0.070 0.005 0.007 0.011 0.007 0.008 0.006 
 82 TMA-ZAIN-G-    (0)   :  0.003 0.007 0.209 0.039 0.371 0.014 0.007 0.004 0.007 0.139 0.140 0.007 0.027 0.005 0.007 0.016 
 83 TMA-ZAIN-G-    (9)   :  0.019 0.025 0.743 0.009 0.029 0.012 0.004 0.018 0.006 0.019 0.017 0.004 0.061 0.008 0.017 0.010 
 84 TMA-ZAIN-G-    (0)   :  0.018 0.003 0.010 0.673 0.149 0.007 0.010 0.004 0.011 0.072 0.005 0.006 0.012 0.010 0.006 0.004 
 85 TMA-ZAIN-G-    (0)   :  0.003 0.004 0.004 0.003 0.004 0.004 0.946 0.004 0.003 0.004 0.003 0.004 0.003 0.004 0.004 0.003 
 86 TMA-ZAIN-G-    (0)   :  0.006 0.003 0.009 0.005 0.010 0.008 0.900 0.004 0.008 0.012 0.006 0.003 0.010 0.004 0.006 0.005 
 87 TMA-ZAIN-G-    (0)   :  0.005 0.005 0.004 0.003 0.003 0.003 0.947 0.004 0.003 0.003 0.002 0.003 0.003 0.004 0.004 0.003 
 88 TMA-ZAIN-G-    (0)   :  0.011 0.018 0.098 0.022 0.067 0.011 0.323 0.171 0.009 0.038 0.031 0.020 0.080 0.008 0.011 0.082 
 89 TMA-ZAIN-G-    (0)   :  0.026 0.013 0.028 0.037 0.038 0.008 0.302 0.044 0.012 0.037 0.023 0.039 0.029 0.008 0.004 0.352 
 90 TMA-ZAIN-G-    (0)   :  0.004 0.029 0.031 0.003 0.011 0.005 0.818 0.004 0.004 0.006 0.013 0.004 0.020 0.007 0.006 0.033 
 91 TMA-ZAIN-G-    (0)   :  0.007 0.006 0.011 0.007 0.014 0.013 0.733 0.090 0.008 0.015 0.012 0.013 0.007 0.006 0.018 0.040 
 92 TMA-ZAIN-G-    (0)   :  0.040 0.016 0.008 0.010 0.014 0.008 0.493 0.008 0.010 0.011 0.006 0.012 0.005 0.034 0.027 0.298 
 93 TMA-ZAIN-G-    (0)   :  0.014 0.010 0.006 0.006 0.009 0.007 0.176 0.057 0.007 0.009 0.007 0.021 0.003 0.021 0.109 0.538 
 94 TMA-ZAIN-G-    (0)   :  0.009 0.018 0.005 0.005 0.005 0.005 0.707 0.139 0.003 0.006 0.005 0.007 0.003 0.009 0.017 0.057 
 95 TMA-ZAIN-G-    (0)   :  0.005 0.018 0.004 0.011 0.005 0.004 0.005 0.004 0.015 0.006 0.006 0.014 0.006 0.021 0.871 0.004 
 96 TMA-ZAIN-G-    (0)   :  0.007 0.005 0.006 0.004 0.005 0.007 0.009 0.006 0.104 0.004 0.004 0.017 0.010 0.082 0.725 0.005 
 97 TMA-ZAIN-G-    (0)   :  0.006 0.196 0.004 0.028 0.007 0.009 0.007 0.666 0.003 0.008 0.006 0.006 0.003 0.027 0.005 0.016 
 98 TMA-ZAIN-G-    (0)   :  0.004 0.203 0.004 0.036 0.006 0.011 0.006 0.691 0.003 0.007 0.004 0.004 0.003 0.004 0.003 0.012 
 99 TMA-ZAIN-G-    (0)   :  0.009 0.034 0.027 0.012 0.077 0.020 0.004 0.589 0.019 0.167 0.009 0.006 0.012 0.005 0.006 0.004 
100 TMA-ZAIN-G-    (0)   :  0.011 0.011 0.003 0.005 0.004 0.004 0.025 0.860 0.003 0.004 0.005 0.006 0.003 0.030 0.007 0.020 
101 TMA-ZAIN-G-    (0)   :  0.005 0.075 0.004 0.006 0.024 0.008 0.003 0.759 0.005 0.058 0.005 0.006 0.006 0.020 0.008 0.009 
102 TMA-ZAIN-G-    (0)   :  0.087 0.694 0.006 0.014 0.012 0.006 0.042 0.009 0.024 0.014 0.009 0.012 0.016 0.036 0.012 0.005 
103 TMA-ZAIN-G-    (0)   :  0.013 0.842 0.009 0.007 0.010 0.009 0.032 0.009 0.008 0.009 0.005 0.005 0.009 0.019 0.011 0.004 
104 TMA-ZAIN-G-    (0)   :  0.006 0.947 0.003 0.003 0.003 0.003 0.003 0.006 0.003 0.003 0.002 0.003 0.003 0.005 0.004 0.004 
105 TMA-ZAIN-G-    (0)   :  0.006 0.840 0.010 0.006 0.011 0.010 0.044 0.008 0.008 0.011 0.005 0.005 0.011 0.010 0.013 0.004 
106 TMA-ZAIN-G-    (0)   :  0.003 0.004 0.023 0.097 0.054 0.043 0.007 0.004 0.433 0.129 0.045 0.086 0.056 0.004 0.007 0.006 
107 TMA-ZAIN-G-    (0)   :  0.003 0.005 0.039 0.100 0.148 0.020 0.007 0.004 0.021 0.280 0.013 0.014 0.329 0.005 0.006 0.008 
108 TMA-ZAIN-G-    (9)   :  0.034 0.018 0.560 0.013 0.023 0.010 0.053 0.150 0.022 0.022 0.006 0.022 0.008 0.038 0.009 0.013 
109 TMA-ZAIN-G-    (0)   :  0.005 0.024 0.101 0.007 0.023 0.063 0.015 0.268 0.103 0.022 0.098 0.026 0.142 0.008 0.036 0.057 
110 TMA-ZAIN-G-    (0)   :  0.120 0.045 0.096 0.017 0.124 0.054 0.018 0.046 0.059 0.195 0.007 0.016 0.073 0.096 0.021 0.014 
111 TMA-ZAIN-G-    (9)   :  0.108 0.172 0.108 0.035 0.059 0.008 0.007 0.193 0.011 0.020 0.010 0.004 0.139 0.088 0.020 0.020 
112 TMA-ZAIN-G-    (0)   :  0.030 0.222 0.044 0.015 0.084 0.038 0.013 0.101 0.162 0.073 0.022 0.033 0.062 0.053 0.029 0.018 
113 TMA-ZAIN-G-    (0)   :  0.008 0.012 0.008 0.015 0.013 0.007 0.005 0.869 0.004 0.011 0.008 0.005 0.009 0.005 0.003 0.018 
114 TMA-ZAIN-G-    (0)   :  0.009 0.006 0.003 0.003 0.003 0.003 0.006 0.943 0.002 0.003 0.003 0.002 0.003 0.004 0.004 0.004 
115 TMA-ZAIN-G-    (0)   :  0.005 0.007 0.004 0.003 0.003 0.003 0.003 0.942 0.003 0.003 0.003 0.003 0.004 0.004 0.004 0.004 
116 TMA-ZAIN-G-    (0)   :  0.003 0.005 0.788 0.008 0.018 0.010 0.004 0.004 0.005 0.010 0.007 0.004 0.116 0.003 0.006 0.007 
117 TMA-ZAIN-G-    (0)   :  0.003 0.006 0.506 0.058 0.045 0.057 0.024 0.005 0.027 0.039 0.117 0.040 0.020 0.006 0.020 0.026 
118 TMA-ZAIN-G-    (0)   :  0.003 0.006 0.672 0.009 0.014 0.009 0.005 0.004 0.010 0.009 0.014 0.015 0.211 0.004 0.008 0.007 
119 TMA-ZAIN-G-    (0)   :  0.012 0.011 0.762 0.023 0.015 0.008 0.004 0.012 0.005 0.009 0.013 0.004 0.094 0.012 0.009 0.007 
120 TMA-ZAIN-G-    (0)   :  0.003 0.009 0.745 0.013 0.014 0.010 0.010 0.004 0.009 0.012 0.011 0.026 0.107 0.007 0.012 0.008 
121 TMA-ZAIN-G-    (0)   :  0.003 0.004 0.891 0.007 0.009 0.012 0.006 0.003 0.008 0.008 0.017 0.006 0.009 0.003 0.008 0.006 
122 TMA-ZAIN-G-    (0)   :  0.005 0.004 0.710 0.012 0.038 0.046 0.045 0.004 0.015 0.058 0.012 0.008 0.013 0.004 0.020 0.007 
123 TMA-ZAIN-G-    (0)   :  0.009 0.020 0.007 0.005 0.006 0.005 0.012 0.878 0.005 0.005 0.004 0.012 0.005 0.013 0.007 0.006 
124 TMA-ZAIN-G-    (0)   :  0.003 0.005 0.007 0.004 0.007 0.911 0.006 0.003 0.017 0.008 0.003 0.006 0.007 0.004 0.005 0.003 
125 TMA-ZAIN-G-    (0)   :  0.002 0.002 0.005 0.005 0.004 0.901 0.005 0.002 0.011 0.005 0.013 0.008 0.005 0.003 0.004 0.025 
126 TMA-ZAIN-G-    (0)   :  0.003 0.004 0.006 0.004 0.006 0.909 0.005 0.003 0.013 0.007 0.003 0.014 0.010 0.003 0.004 0.006 
127 TMA-ZAIN-G-    (0)   :  0.003 0.003 0.006 0.004 0.009 0.884 0.005 0.003 0.040 0.011 0.004 0.008 0.011 0.003 0.004 0.003 
128 TMA-ZAIN-G-    (0)   :  0.003 0.004 0.015 0.005 0.010 0.895 0.005 0.003 0.012 0.011 0.011 0.006 0.006 0.003 0.008 0.005 
129 TMA-ZAIN-G-    (0)   :  0.003 0.005 0.009 0.004 0.006 0.913 0.005 0.004 0.011 0.008 0.005 0.008 0.005 0.004 0.005 0.004 
130 TMA-ZAIN-G-    (0)   :  0.002 0.005 0.007 0.005 0.004 0.907 0.005 0.004 0.005 0.005 0.004 0.015 0.009 0.004 0.005 0.014 
131 TMA-ZAIN-G-    (0)   :  0.003 0.004 0.006 0.003 0.006 0.913 0.008 0.003 0.015 0.007 0.004 0.009 0.006 0.005 0.005 0.004 
132 TMA-ZAIN-G-    (0)   :  0.002 0.003 0.015 0.007 0.009 0.883 0.006 0.003 0.010 0.012 0.015 0.006 0.008 0.003 0.007 0.012 
133 TMA-ZAIN-G-    (0)   :  0.013 0.003 0.012 0.076 0.026 0.042 0.049 0.003 0.394 0.064 0.089 0.125 0.050 0.014 0.014 0.026 
134 TMA-ZAIN-G-    (0)   :  0.008 0.003 0.009 0.064 0.013 0.261 0.040 0.004 0.086 0.072 0.068 0.236 0.099 0.008 0.005 0.023 
135 TMA-ZAIN-G-    (0)   :  0.006 0.003 0.015 0.039 0.078 0.044 0.030 0.004 0.036 0.260 0.023 0.014 0.429 0.005 0.004 0.011 
136 TMA-ZAIN-G-    (0)   :  0.005 0.003 0.058 0.029 0.121 0.027 0.005 0.006 0.024 0.158 0.472 0.007 0.056 0.004 0.008 0.016 
137 TMA-ZAIN-G-    (0)   :  0.008 0.004 0.010 0.019 0.011 0.011 0.019 0.005 0.009 0.022 0.004 0.005 0.857 0.006 0.004 0.005 
138 TMA-ZAIN-G-    (0)   :  0.003 0.004 0.044 0.014 0.105 0.255 0.004 0.004 0.064 0.217 0.014 0.024 0.223 0.003 0.004 0.019 
139 TMA-ZAIN-G-    (0)   :  0.005 0.003 0.061 0.044 0.039 0.157 0.010 0.005 0.030 0.113 0.013 0.019 0.417 0.004 0.003 0.075 
140 TMA-ZAIN-G-    (0)   :  0.004 0.004 0.039 0.014 0.307 0.019 0.005 0.004 0.038 0.390 0.009 0.007 0.143 0.004 0.011 0.004 
141 TMA-ZAIN-G-    (0)   :  0.003 0.007 0.035 0.039 0.257 0.049 0.011 0.005 0.016 0.482 0.007 0.023 0.050 0.005 0.006 0.006 
142 TMA-ZAIN-G-    (9)   :  0.003 0.004 0.059 0.014 0.382 0.013 0.006 0.003 0.017 0.332 0.011 0.006 0.136 0.003 0.007 0.004 
143 TMA-ZAIN-G-    (0)   :  0.003 0.005 0.195 0.015 0.169 0.074 0.006 0.004 0.038 0.319 0.011 0.010 0.130 0.004 0.012 0.005 
144 TMA-ZAIN-G-    (0)   :  0.008 0.004 0.077 0.009 0.127 0.054 0.013 0.003 0.131 0.198 0.007 0.012 0.293 0.011 0.028 0.026 
145 TMA-ZAIN-G-    (0)   :  0.002 0.003 0.037 0.038 0.081 0.050 0.006 0.003 0.018 0.074 0.308 0.006 0.348 0.003 0.007 0.017 
146 TMA-ZAIN-G-    (0)   :  0.003 0.003 0.006 0.020 0.285 0.005 0.004 0.003 0.005 0.640 0.005 0.004 0.009 0.003 0.003 0.003 
147 TMA-ZAIN-G-    (9)   :  0.003 0.003 0.007 0.010 0.214 0.007 0.004 0.003 0.007 0.712 0.007 0.005 0.009 0.003 0.003 0.003 
148 TMA-ZAIN-G-    (0)   :  0.003 0.003 0.004 0.010 0.206 0.020 0.005 0.003 0.018 0.667 0.004 0.032 0.006 0.004 0.003 0.014 
149 TMA-ZAIN-G-    (0)   :  0.012 0.019 0.011 0.009 0.182 0.027 0.020 0.014 0.017 0.609 0.005 0.017 0.009 0.007 0.012 0.031 
150 TMA-ZAIN-G-    (0)   :  0.009 0.041 0.031 0.010 0.187 0.012 0.011 0.009 0.010 0.510 0.067 0.012 0.027 0.006 0.010 0.047 
151 TMA-ZAIN-G-    (0)   :  0.002 0.003 0.074 0.005 0.016 0.006 0.003 0.003 0.151 0.008 0.009 0.018 0.690 0.003 0.005 0.004 
152 TMA-ZAIN-G-    (0)   :  0.002 0.004 0.179 0.005 0.039 0.007 0.003 0.005 0.011 0.013 0.006 0.017 0.696 0.003 0.005 0.004 
153 TMA-ZAIN-G-    (0)   :  0.003 0.004 0.034 0.013 0.043 0.030 0.004 0.003 0.075 0.052 0.013 0.028 0.678 0.003 0.004 0.014 
154 TMA-ZAIN-G-    (0)   :  0.002 0.004 0.019 0.004 0.020 0.007 0.004 0.003 0.006 0.007 0.004 0.004 0.906 0.003 0.003 0.004 
155 TMA-ZAIN-G-    (0)   :  0.003 0.004 0.008 0.006 0.013 0.010 0.006 0.004 0.008 0.017 0.007 0.007 0.898 0.003 0.004 0.003 
156 TMA-ZAIN-G-    (9)   :  0.003 0.005 0.029 0.004 0.040 0.034 0.003 0.006 0.054 0.027 0.003 0.072 0.702 0.005 0.004 0.010 
157 TMA-ZAIN-G-    (0)   :  0.003 0.005 0.013 0.008 0.060 0.017 0.005 0.004 0.074 0.072 0.005 0.139 0.583 0.004 0.004 0.005 
158 TMA-ZAIN-G-    (0)   :  0.003 0.004 0.045 0.017 0.367 0.007 0.004 0.003 0.011 0.121 0.005 0.004 0.394 0.006 0.005 0.005 
159 TMA-ZAIN-G-    (0)   :  0.003 0.004 0.026 0.135 0.161 0.014 0.004 0.005 0.006 0.139 0.015 0.004 0.473 0.003 0.003 0.005 
160 TMA-ZAIN-G-    (0)   :  0.003 0.005 0.079 0.108 0.091 0.008 0.005 0.004 0.005 0.053 0.026 0.005 0.593 0.003 0.004 0.009 
161 TMA-ZAIN-G-    (0)   :  0.003 0.004 0.038 0.017 0.100 0.144 0.007 0.003 0.067 0.152 0.007 0.020 0.408 0.005 0.006 0.023 
162 TMA-ZAIN-G-    (0)   :  0.011 0.017 0.007 0.006 0.007 0.005 0.010 0.013 0.008 0.007 0.005 0.003 0.877 0.005 0.008 0.010 
163 TMA-ZAIN-G-    (0)   :  0.002 0.003 0.010 0.005 0.015 0.005 0.003 0.002 0.005 0.008 0.004 0.003 0.926 0.003 0.003 0.003 
164 TMA-ZAIN-G-    (0)   :  0.005 0.006 0.137 0.007 0.088 0.010 0.013 0.004 0.006 0.035 0.009 0.004 0.656 0.004 0.006 0.009 
165 TMA-ZAIN-G-    (0)   :  0.002 0.004 0.105 0.009 0.074 0.010 0.004 0.004 0.008 0.042 0.006 0.003 0.719 0.003 0.004 0.003 
166 TMA-ZAIN-G-    (0)   :  0.002 0.003 0.031 0.025 0.298 0.047 0.005 0.003 0.029 0.143 0.012 0.005 0.380 0.003 0.004 0.010 
167 TMA-ZAIN-G-    (0)   :  0.004 0.005 0.016 0.064 0.427 0.011 0.007 0.005 0.017 0.395 0.004 0.008 0.020 0.006 0.007 0.004 
168 TMA-ZAIN-G-    (0)   :  0.003 0.005 0.012 0.027 0.528 0.006 0.006 0.004 0.008 0.352 0.008 0.019 0.006 0.005 0.005 0.006 
169 TMA-ZAIN-G-    (0)   :  0.002 0.003 0.009 0.017 0.526 0.006 0.004 0.003 0.005 0.364 0.036 0.004 0.009 0.003 0.004 0.005 
170 TMA-ZAIN-G-    (0)   :  0.012 0.012 0.029 0.021 0.348 0.039 0.006 0.032 0.057 0.287 0.013 0.058 0.039 0.035 0.009 0.004 
171 TMA-ZAIN-G-    (0)   :  0.003 0.003 0.010 0.023 0.541 0.005 0.004 0.003 0.004 0.374 0.010 0.004 0.008 0.003 0.003 0.004 
172 TMA-ZAIN-G-    (0)   :  0.004 0.003 0.007 0.010 0.421 0.031 0.005 0.003 0.228 0.242 0.005 0.015 0.012 0.006 0.005 0.003 
173 TMA-ZAIN-G-    (0)   :  0.004 0.004 0.010 0.014 0.233 0.038 0.007 0.003 0.477 0.154 0.007 0.019 0.011 0.006 0.008 0.004 
174 TMA-ZAIN-G-    (0)   :  0.003 0.003 0.037 0.021 0.165 0.439 0.005 0.003 0.087 0.131 0.041 0.004 0.047 0.003 0.005 0.007 
175 TMA-ZAIN-G-    (0)   :  0.003 0.003 0.011 0.082 0.465 0.005 0.005 0.003 0.005 0.389 0.007 0.005 0.008 0.003 0.004 0.003 
176 TMA-ZAIN-G-    (0)   :  0.003 0.003 0.007 0.019 0.511 0.005 0.004 0.003 0.005 0.411 0.005 0.004 0.010 0.003 0.003 0.003 
177 TMA-ZAIN-G-    (0)   :  0.003 0.003 0.005 0.010 0.572 0.004 0.004 0.003 0.008 0.359 0.003 0.010 0.006 0.003 0.003 0.003 
178 TMA-ZAIN-G-    (0)   :  0.004 0.004 0.017 0.013 0.454 0.010 0.005 0.005 0.209 0.211 0.003 0.034 0.014 0.006 0.007 0.004 
179 TMA-ZAIN-G-    (0)   :  0.003 0.003 0.009 0.008 0.547 0.008 0.005 0.003 0.024 0.349 0.006 0.013 0.012 0.003 0.004 0.004 
180 TMA-ZAIN-G-    (0)   :  0.007 0.004 0.056 0.005 0.042 0.392 0.028 0.004 0.230 0.060 0.097 0.027 0.016 0.006 0.015 0.010 
181 TMA-ZAIN-G-    (0)   :  0.003 0.004 0.013 0.011 0.010 0.018 0.004 0.006 0.726 0.011 0.005 0.118 0.059 0.004 0.004 0.005 
182 TMA-ZAIN-G-    (0)   :  0.003 0.005 0.018 0.005 0.022 0.370 0.006 0.007 0.296 0.039 0.003 0.171 0.040 0.005 0.005 0.005 
183 TMA-ZAIN-G-    (0)   :  0.003 0.004 0.030 0.006 0.009 0.008 0.005 0.004 0.840 0.010 0.004 0.055 0.010 0.005 0.003 0.004 
184 TMA-ZAIN-G-    (0)   :  0.011 0.026 0.025 0.012 0.017 0.019 0.021 0.023 0.688 0.019 0.008 0.039 0.055 0.009 0.012 0.016 
185 TMA-ZAIN-G-    (0)   :  0.014 0.014 0.009 0.006 0.011 0.035 0.012 0.010 0.797 0.012 0.006 0.004 0.011 0.008 0.032 0.019 
186 TMA-ZAIN-G-    (9)   :  0.005 0.004 0.008 0.010 0.017 0.046 0.006 0.003 0.839 0.013 0.006 0.005 0.015 0.006 0.011 0.006 
187 TMA-ZAIN-G-    (0)   :  0.003 0.004 0.007 0.035 0.011 0.015 0.005 0.004 0.816 0.016 0.014 0.013 0.046 0.004 0.005 0.003 
188 TMA-ZAIN-G-    (0)   :  0.002 0.003 0.030 0.043 0.006 0.017 0.003 0.003 0.824 0.008 0.021 0.006 0.020 0.003 0.005 0.004 
189 TMA-ZAIN-G-    (0)   :  0.003 0.003 0.006 0.004 0.006 0.011 0.003 0.002 0.927 0.007 0.007 0.006 0.006 0.003 0.003 0.002 
190 TMA-ZAIN-G-    (0)   :  0.003 0.003 0.028 0.025 0.043 0.010 0.004 0.003 0.780 0.035 0.019 0.023 0.005 0.006 0.006 0.005 
191 TMA-ZAIN-G-    (0)   :  0.014 0.011 0.007 0.007 0.009 0.008 0.013 0.010 0.873 0.011 0.005 0.004 0.006 0.007 0.008 0.008 
192 TMA-ZAIN-G-    (0)   :  0.011 0.003 0.005 0.014 0.008 0.017 0.017 0.005 0.865 0.010 0.004 0.017 0.010 0.008 0.003 0.004 
193 TMA-ZAIN-G-    (0)   :  0.002 0.003 0.003 0.003 0.003 0.004 0.003 0.002 0.005 0.003 0.004 0.950 0.003 0.003 0.003 0.005 
194 TMA-ZAIN-G-    (0)   :  0.007 0.003 0.005 0.006 0.010 0.038 0.005 0.002 0.090 0.008 0.014 0.758 0.004 0.012 0.020 0.017 
195 TMA-ZAIN-G-    (0)   :  0.003 0.003 0.010 0.023 0.027 0.039 0.005 0.003 0.085 0.026 0.035 0.715 0.005 0.010 0.006 0.006 
196 TMA-ZAIN-G-    (0)   :  0.003 0.003 0.012 0.006 0.007 0.011 0.004 0.003 0.022 0.007 0.015 0.882 0.008 0.004 0.007 0.007 
197 TMA-ZAIN-G-    (0)   :  0.003 0.003 0.009 0.009 0.009 0.011 0.009 0.003 0.013 0.012 0.012 0.887 0.007 0.004 0.005 0.005 
198 TMA-ZAIN-G-    (0)   :  0.003 0.003 0.008 0.008 0.011 0.007 0.004 0.003 0.020 0.013 0.007 0.892 0.010 0.003 0.003 0.005 
199 TMA-ZAIN-G-    (0)   :  0.004 0.004 0.008 0.009 0.013 0.047 0.005 0.003 0.848 0.014 0.005 0.006 0.013 0.005 0.009 0.006 
200 TMA-ZAIN-G-    (0)   :  0.748 0.014 0.004 0.003 0.004 0.003 0.007 0.014 0.006 0.003 0.004 0.054 0.002 0.114 0.016 0.004 
201 TMA-ZAIN-G-    (0)   :  0.890 0.015 0.004 0.004 0.005 0.003 0.006 0.005 0.004 0.005 0.006 0.003 0.003 0.033 0.012 0.004 
202 TMA-ZAIN-G-    (0)   :  0.806 0.010 0.006 0.003 0.007 0.005 0.004 0.024 0.015 0.006 0.004 0.039 0.006 0.057 0.007 0.002 
203 TMA-ZAIN-G-    (0)   :  0.003 0.011 0.039 0.008 0.016 0.046 0.005 0.018 0.026 0.024 0.003 0.760 0.027 0.004 0.005 0.005 
204 TMA-ZAIN-G-    (9)   :  0.759 0.004 0.005 0.016 0.017 0.008 0.071 0.006 0.007 0.021 0.011 0.007 0.004 0.035 0.006 0.024 
205 TMA-ZAIN-G-    (0)   :  0.695 0.006 0.028 0.011 0.016 0.011 0.023 0.006 0.008 0.020 0.006 0.007 0.077 0.070 0.005 0.012 
206 TMA-ZAIN-G-    (9)   :  0.575 0.010 0.014 0.007 0.023 0.008 0.148 0.016 0.022 0.017 0.009 0.055 0.005 0.067 0.011 0.013 
207 TMA-ZAIN-G-    (9)   :  0.008 0.008 0.412 0.020 0.042 0.014 0.062 0.009 0.021 0.033 0.059 0.008 0.167 0.024 0.068 0.046 
208 TMA-ZAIN-G-    (0)   :  0.003 0.003 0.147 0.021 0.264 0.006 0.002 0.003 0.040 0.341 0.060 0.004 0.084 0.004 0.012 0.005 
209 TMA-ZAIN-G-    (0)   :  0.003 0.003 0.010 0.055 0.134 0.171 0.009 0.003 0.056 0.174 0.014 0.226 0.068 0.004 0.004 0.067 
210 TMA-ZAIN-G-    (0)   :  0.003 0.005 0.018 0.051 0.080 0.057 0.012 0.003 0.096 0.139 0.095 0.342 0.068 0.005 0.009 0.016 
211 TMA-ZAIN-G-    (0)   :  0.019 0.007 0.031 0.044 0.075 0.381 0.008 0.012 0.101 0.179 0.023 0.053 0.020 0.022 0.015 0.010 
212 TMA-ZAIN-G-    (0)   :  0.004 0.003 0.041 0.005 0.262 0.051 0.015 0.004 0.268 0.240 0.016 0.026 0.043 0.004 0.011 0.006 
213 TMA-ZAIN-G-    (0)   :  0.004 0.004 0.006 0.025 0.114 0.040 0.004 0.003 0.167 0.387 0.007 0.027 0.192 0.005 0.006 0.008 
214 TMA-ZAIN-G-    (0)   :  0.004 0.003 0.007 0.080 0.103 0.198 0.005 0.003 0.138 0.152 0.052 0.028 0.207 0.005 0.005 0.010 
215 TMA-ZAIN-G-    (0)   :  0.009 0.003 0.031 0.035 0.215 0.010 0.003 0.003 0.273 0.152 0.004 0.004 0.024 0.228 0.004 0.002 
216 TMA-ZAIN-G-    (0)   :  0.005 0.003 0.009 0.016 0.114 0.142 0.005 0.003 0.542 0.077 0.006 0.020 0.029 0.006 0.008 0.015 
217 TMA-ZAIN-G-    (0)   :  0.003 0.004 0.008 0.102 0.121 0.172 0.006 0.004 0.053 0.270 0.124 0.057 0.063 0.003 0.003 0.008 
218 TMA-ZAIN-G-    (0)   :  0.004 0.008 0.006 0.004 0.011 0.013 0.005 0.005 0.006 0.006 0.009 0.003 0.007 0.894 0.014 0.006 
219 TMA-ZAIN-G-    (0)   :  0.007 0.005 0.004 0.004 0.004 0.008 0.011 0.005 0.004 0.004 0.004 0.003 0.005 0.918 0.007 0.008 
220 TMA-ZAIN-G-    (0)   :  0.005 0.074 0.204 0.005 0.010 0.005 0.010 0.008 0.005 0.007 0.009 0.004 0.009 0.505 0.133 0.005 
221 TMA-ZAIN-G-    (0)   :  0.012 0.003 0.006 0.006 0.011 0.013 0.010 0.004 0.018 0.010 0.005 0.005 0.008 0.876 0.009 0.005 
222 TMA-ZAIN-G-    (0)   :  0.006 0.038 0.015 0.007 0.015 0.013 0.020 0.006 0.007 0.010 0.012 0.004 0.014 0.820 0.006 0.008 
223 TMA-ZAIN-G-    (0)   :  0.009 0.005 0.006 0.004 0.005 0.005 0.015 0.006 0.005 0.005 0.005 0.003 0.004 0.901 0.016 0.005 
224 TMA-ZAIN-G-    (0)   :  0.012 0.022 0.006 0.005 0.006 0.031 0.106 0.008 0.013 0.007 0.005 0.008 0.006 0.749 0.011 0.007 
225 TMA-ZAIN-G-    (0)   :  0.007 0.011 0.003 0.003 0.005 0.004 0.005 0.007 0.007 0.004 0.002 0.010 0.003 0.914 0.010 0.004 
226 TMA-ZAIN-G-    (0)   :  0.007 0.006 0.008 0.008 0.010 0.004 0.009 0.015 0.011 0.008 0.005 0.021 0.008 0.864 0.011 0.005 
227 TMA-ZAIN-G-    (0)   :  0.012 0.007 0.008 0.007 0.011 0.004 0.005 0.011 0.011 0.010 0.004 0.018 0.008 0.873 0.007 0.004 
228 TMA-ZAIN-G-    (0)   :  0.011 0.006 0.014 0.026 0.024 0.007 0.016 0.016 0.010 0.021 0.008 0.006 0.011 0.805 0.016 0.005 
229 TMA-ZAIN-G-    (0)   :  0.021 0.018 0.003 0.003 0.005 0.003 0.008 0.014 0.003 0.004 0.008 0.003 0.003 0.888 0.010 0.006 
230 TMA-ZAIN-G-    (0)   :  0.007 0.025 0.007 0.026 0.038 0.054 0.305 0.027 0.020 0.040 0.013 0.010 0.005 0.403 0.011 0.010 
231 TMA-ZAIN-G-    (0)   :  0.334 0.285 0.012 0.031 0.024 0.013 0.069 0.010 0.009 0.022 0.008 0.009 0.018 0.137 0.011 0.008 
232 TMA-ZAIN-G-    (9)   :  0.473 0.134 0.011 0.007 0.017 0.035 0.020 0.051 0.015 0.011 0.027 0.006 0.012 0.169 0.005 0.009 
233 TMA-ZAIN-G-    (0)   :  0.012 0.007 0.007 0.026 0.017 0.024 0.019 0.005 0.010 0.014 0.046 0.008 0.012 0.768 0.015 0.009 
234 TMA-ZAIN-G-    (0)   :  0.037 0.218 0.010 0.005 0.008 0.004 0.005 0.022 0.005 0.006 0.007 0.013 0.008 0.613 0.006 0.031 
235 TMA-ZAIN-G-    (0)   :  0.016 0.012 0.012 0.065 0.010 0.004 0.032 0.224 0.066 0.007 0.005 0.020 0.010 0.483 0.025 0.008 
236 TMA-ZAIN-G-    (0)   :  0.020 0.007 0.014 0.012 0.012 0.008 0.049 0.034 0.012 0.014 0.007 0.024 0.012 0.766 0.007 0.004 
237 TMA-ZAIN-G-    (0)   :  0.010 0.048 0.022 0.132 0.072 0.021 0.113 0.083 0.011 0.081 0.010 0.008 0.013 0.355 0.016 0.005 
238 TMA-ZAIN-G-    (0)   :  0.017 0.011 0.029 0.021 0.018 0.015 0.006 0.035 0.014 0.023 0.004 0.006 0.026 0.765 0.005 0.003 
239 TMA-ZAIN-G-    (0)   :  0.719 0.003 0.042 0.003 0.003 0.010 0.029 0.004 0.041 0.004 0.021 0.065 0.003 0.010 0.003 0.040 
240 TMA-ZAIN-G-    (0)   :  0.934 0.004 0.002 0.005 0.005 0.003 0.009 0.004 0.003 0.005 0.003 0.004 0.003 0.008 0.003 0.006 
241 TMA-ZAIN-G-    (0)   :  0.914 0.003 0.004 0.011 0.011 0.003 0.005 0.004 0.005 0.012 0.005 0.004 0.006 0.005 0.002 0.005 
242 TMA-ZAIN-G-    (0)   :  0.931 0.003 0.006 0.006 0.008 0.003 0.003 0.004 0.005 0.007 0.005 0.003 0.006 0.005 0.003 0.003 
243 TMA-ZAIN-G-    (0)   :  0.904 0.003 0.006 0.012 0.013 0.004 0.005 0.003 0.006 0.013 0.007 0.004 0.007 0.005 0.003 0.005 
244 TMA-ZAIN-G-    (0)   :  0.893 0.003 0.011 0.012 0.015 0.003 0.003 0.005 0.007 0.013 0.008 0.003 0.015 0.004 0.003 0.003 
245 TMA-ZAIN-G-    (9)   :  0.951 0.004 0.003 0.003 0.004 0.003 0.003 0.004 0.003 0.004 0.002 0.003 0.003 0.005 0.003 0.003 
246 TMA-ZAIN-G-    (0)   :  0.952 0.002 0.003 0.003 0.003 0.003 0.005 0.003 0.003 0.003 0.003 0.003 0.003 0.005 0.004 0.003 
247 TMA-ZAIN-G-    (0)   :  0.941 0.002 0.004 0.003 0.005 0.003 0.004 0.002 0.005 0.005 0.005 0.002 0.004 0.005 0.005 0.004 
248 TMA-ZAIN-G-    (0)   :  0.910 0.003 0.008 0.006 0.008 0.003 0.004 0.005 0.009 0.007 0.004 0.010 0.006 0.008 0.005 0.004 
249 TMA-ZAIN-G-    (0)   :  0.937 0.003 0.004 0.003 0.005 0.003 0.005 0.004 0.006 0.004 0.003 0.007 0.003 0.007 0.005 0.003 
250 TMA-ZAIN-G-    (0)   :  0.941 0.003 0.005 0.003 0.003 0.003 0.005 0.002 0.006 0.003 0.006 0.004 0.003 0.007 0.004 0.003 
251 TMA-ZAIN-G-    (0)   :  0.003 0.005 0.005 0.003 0.004 0.006 0.009 0.005 0.004 0.004 0.004 0.005 0.004 0.004 0.006 0.929 
252 TMA-ZAIN-G-    (0)   :  0.003 0.004 0.017 0.023 0.037 0.004 0.004 0.003 0.005 0.024 0.018 0.004 0.007 0.005 0.003 0.838 
253 TMA-ZAIN-G-    (0)   :  0.004 0.007 0.009 0.004 0.006 0.005 0.004 0.003 0.004 0.004 0.005 0.004 0.010 0.003 0.003 0.925 
254 TMA-ZAIN-G-    (9)   :  0.003 0.011 0.039 0.007 0.017 0.013 0.006 0.005 0.007 0.012 0.009 0.005 0.023 0.004 0.005 0.835 
255 TMA-ZAIN-G-    (0)   :  0.019 0.015 0.008 0.004 0.006 0.005 0.004 0.007 0.004 0.005 0.006 0.004 0.007 0.004 0.003 0.900 
256 TMA-ZAIN-G-    (0)   :  0.011 0.011 0.007 0.007 0.011 0.009 0.019 0.005 0.008 0.011 0.005 0.027 0.007 0.006 0.004 0.852 
257 TMA-ZAIN-G-    (0)   :  0.004 0.004 0.003 0.004 0.003 0.005 0.013 0.004 0.004 0.004 0.003 0.015 0.003 0.005 0.003 0.924 
258 TMA-ZAIN-G-    (0)   :  0.003 0.004 0.004 0.003 0.003 0.003 0.006 0.003 0.003 0.003 0.004 0.005 0.003 0.003 0.003 0.947 
259 TMA-ZAIN-G-    (0)   :  0.006 0.004 0.004 0.004 0.003 0.005 0.019 0.003 0.004 0.004 0.005 0.005 0.003 0.005 0.005 0.923 
260 TMA-ZAIN-G-    (0)   :  0.005 0.004 0.004 0.004 0.004 0.006 0.015 0.003 0.004 0.005 0.009 0.006 0.003 0.003 0.005 0.920 
261 TMA-ZAIN-G-   (18)   :  0.004 0.005 0.009 0.004 0.006 0.010 0.022 0.004 0.006 0.006 0.009 0.009 0.004 0.006 0.013 0.883 
262 TMA-ZAIN-G-    (0)   :  0.003 0.004 0.003 0.003 0.003 0.005 0.008 0.004 0.003 0.003 0.003 0.006 0.003 0.004 0.003 0.940 
263 TMA-ZAIN-G-    (0)   :  0.003 0.008 0.005 0.003 0.003 0.004 0.008 0.004 0.003 0.003 0.003 0.004 0.004 0.004 0.003 0.936 
264 TMA-ZAIN-G-    (0)   :  0.003 0.013 0.006 0.004 0.004 0.004 0.008 0.004 0.003 0.004 0.004 0.006 0.005 0.004 0.004 0.925 
265 TMA-ZAIN-G-    (0)   :  0.011 0.018 0.010 0.008 0.046 0.031 0.346 0.006 0.018 0.066 0.020 0.010 0.021 0.250 0.018 0.122 
266 TMA-ZAIN-G-    (0)   :  0.009 0.009 0.040 0.009 0.020 0.120 0.018 0.007 0.035 0.023 0.016 0.030 0.018 0.011 0.051 0.584 
267 TMA-ZAIN-G-    (0)   :  0.284 0.060 0.019 0.016 0.027 0.014 0.220 0.022 0.008 0.029 0.014 0.007 0.005 0.024 0.113 0.140 
268 TMA-ZAIN-G-    (0)   :  0.796 0.092 0.005 0.004 0.005 0.004 0.009 0.046 0.003 0.005 0.004 0.003 0.004 0.006 0.009 0.005 
269 TMA-ZAIN-G-    (0)   :  0.470 0.108 0.007 0.008 0.007 0.009 0.094 0.212 0.005 0.008 0.005 0.004 0.005 0.024 0.027 0.004 
270 TMA-ZAIN-G-    (0)   :  0.581 0.045 0.008 0.005 0.006 0.006 0.192 0.095 0.004 0.006 0.004 0.004 0.004 0.020 0.013 0.005 
271 TMA-ZAIN-G-    (0)   :  0.845 0.035 0.007 0.004 0.007 0.005 0.024 0.029 0.003 0.006 0.003 0.003 0.005 0.006 0.011 0.005 
272 TMA-ZAIN-G-    (0)   :  0.775 0.025 0.005 0.006 0.006 0.006 0.034 0.028 0.005 0.006 0.003 0.004 0.004 0.063 0.028 0.003 
273 TMA-ZAIN-G-    (0)   :  0.888 0.016 0.003 0.003 0.003 0.003 0.009 0.014 0.003 0.003 0.002 0.003 0.002 0.036 0.007 0.004 
274 TMA-ZAIN-G-    (0)   :  0.697 0.115 0.004 0.013 0.007 0.005 0.009 0.010 0.031 0.008 0.008 0.041 0.008 0.020 0.016 0.008 
275 TMA-ZAIN-G-    (0)   :  0.931 0.010 0.003 0.002 0.004 0.004 0.004 0.005 0.005 0.004 0.002 0.003 0.004 0.009 0.007 0.002 
276 TMA-ZAIN-G-    (0)   :  0.936 0.004 0.004 0.004 0.004 0.002 0.006 0.013 0.003 0.004 0.004 0.003 0.004 0.005 0.003 0.002 
277 TMA-ZAIN-G-    (0)   :  0.918 0.009 0.006 0.007 0.005 0.003 0.004 0.009 0.003 0.005 0.004 0.005 0.004 0.006 0.004 0.007 
278 TMA-ZAIN-G-    (0)   :  0.936 0.005 0.003 0.004 0.003 0.003 0.010 0.005 0.003 0.003 0.003 0.003 0.002 0.007 0.004 0.004 
279 TMA-ZAIN-G-    (0)   :  0.880 0.029 0.004 0.003 0.005 0.006 0.004 0.006 0.006 0.005 0.003 0.006 0.004 0.017 0.015 0.004 
280 TMA-ZAIN-G-    (0)   :  0.646 0.122 0.004 0.004 0.006 0.011 0.007 0.041 0.008 0.006 0.002 0.009 0.006 0.110 0.015 0.003 
