

----------------------------------------------------
STRUCTURE by Pritchard, Stephens and Donnelly (2000)
     and Falush, Stephens and Pritchard (2003)
       Code by Pritchard, Falush and Hubisz
             Version 2.3.4 (Jul 2012)
----------------------------------------------------



Command line arguments:   bin\structure -m C:\Users\eschumacher\Documents\GitHub\GCC_QUAC_ZAIN\Data_Files\Structure_Files\ZAIN\ZAIN_rebinned_garden_wild_nopopinfo\50-50\mainparams -e C:\Users\eschumacher\Documents\GitHub\GCC_QUAC_ZAIN\Data_Files\Structure_Files\ZAIN\ZAIN_rebinned_garden_wild_nopopinfo\50-50\extraparams 
Input File:    C:\Users\eschumacher\Documents\GitHub\GCC_QUAC_ZAIN\Data_Files\Structure_Files\ZAIN\ZAIN_rebinned_garden_wild_nopopinfo\project_data

Run parameters:
   1133 individuals
   11 loci
   10 populations assumed
   50000 Burn-in period
   50000 Reps


--------------------------------------------
Overall proportion of membership of the
sample in each of the 10 clusters

Inferred Clusters
  1      2      3      4      5      6      7      8      9     10    
0.066  0.101  0.146  0.067  0.106  0.115  0.056  0.099  0.127  0.117  

--------------------------------------------

Allele-freq. divergence among pops (Net nucleotide distance),
computed using point estimates of P.

      1       2       3       4       5       6       7       8       9      10      
 1      -    0.1581  0.1504  0.2095  0.1271  0.1087  0.1677  0.0833  0.2006  0.1517  
 2   0.1581     -    0.2377  0.2175  0.1746  0.0694  0.1096  0.1765  0.2780  0.0426  
 3   0.1504  0.2377     -    0.2735  0.1493  0.2313  0.3400  0.0930  0.1502  0.2302  
 4   0.2095  0.2175  0.2735     -    0.1638  0.1300  0.2672  0.1805  0.3489  0.2439  
 5   0.1271  0.1746  0.1493  0.1638     -    0.1457  0.1874  0.1174  0.2190  0.1902  
 6   0.1087  0.0694  0.2313  0.1300  0.1457     -    0.1251  0.1494  0.2831  0.0540  
 7   0.1677  0.1096  0.3400  0.2672  0.1874  0.1251     -    0.2708  0.3598  0.1232  
 8   0.0833  0.1765  0.0930  0.1805  0.1174  0.1494  0.2708     -    0.1067  0.2028  
 9   0.2006  0.2780  0.1502  0.3489  0.2190  0.2831  0.3598  0.1067     -    0.3152  
10   0.1517  0.0426  0.2302  0.2439  0.1902  0.0540  0.1232  0.2028  0.3152     -    

Average distances (expected heterozygosity) between individuals in same cluster:
cluster  1  : 0.4794 
cluster  2  : 0.4025 
cluster  3  : 0.4761 
cluster  4  : 0.2632 
cluster  5  : 0.4314 
cluster  6  : 0.4373 
cluster  7  : 0.3598 
cluster  8  : 0.5312 
cluster  9  : 0.4181 
cluster 10  : 0.3783 

--------------------------------------------
Estimated Ln Prob of Data   = -21205.2
Mean value of ln likelihood = -20564.3
Variance of ln likelihood   = 1281.8
Mean value of alpha         = 0.0337

Mean value of Fst_1         = 0.2680
Mean value of Fst_2         = 0.3054
Mean value of Fst_3         = 0.3580
Mean value of Fst_4         = 0.5688
Mean value of Fst_5         = 0.4156
Mean value of Fst_6         = 0.3273
Mean value of Fst_7         = 0.4330
Mean value of Fst_8         = 0.1522
Mean value of Fst_9         = 0.4304
Mean value of Fst_10         = 0.3534


Inferred ancestry of individuals:
        Label (%Miss) :  Inferred clusters
  1 TMA-ZAIN-G-    (9)   :  0.023 0.010 0.744 0.099 0.012 0.037 0.011 0.044 0.006 0.015 
  2 TMA-ZAIN-G-    (0)   :  0.009 0.193 0.684 0.008 0.023 0.015 0.004 0.038 0.006 0.020 
  3 TMA-ZAIN-G-    (0)   :  0.018 0.045 0.007 0.034 0.011 0.261 0.103 0.005 0.003 0.512 
  4 TMA-ZAIN-G-    (0)   :  0.011 0.050 0.021 0.020 0.630 0.030 0.048 0.013 0.010 0.166 
  5 TMA-ZAIN-G-    (0)   :  0.006 0.002 0.967 0.002 0.006 0.002 0.002 0.003 0.005 0.003 
  6 TMA-ZAIN-G-    (0)   :  0.567 0.041 0.035 0.018 0.033 0.102 0.064 0.030 0.022 0.088 
  7 TMA-ZAIN-G-    (0)   :  0.021 0.369 0.015 0.049 0.027 0.242 0.009 0.014 0.007 0.247 
  8 TMA-ZAIN-G-    (0)   :  0.009 0.023 0.006 0.007 0.020 0.869 0.022 0.004 0.003 0.038 
  9 TMA-ZAIN-G-    (9)   :  0.032 0.319 0.008 0.007 0.006 0.347 0.031 0.007 0.005 0.238 
 10 TMA-ZAIN-G-    (0)   :  0.026 0.243 0.003 0.013 0.011 0.428 0.042 0.006 0.004 0.224 
 11 TMA-ZAIN-G-    (0)   :  0.007 0.516 0.007 0.009 0.008 0.190 0.005 0.007 0.006 0.245 
 12 TMA-ZAIN-G-    (0)   :  0.007 0.009 0.004 0.011 0.004 0.019 0.005 0.005 0.003 0.934 
 13 TMA-ZAIN-G-    (9)   :  0.017 0.316 0.043 0.109 0.027 0.277 0.021 0.033 0.077 0.080 
 14 TMA-ZAIN-G-    (9)   :  0.011 0.019 0.003 0.880 0.008 0.041 0.007 0.009 0.011 0.012 
 15 TMA-ZAIN-G-    (0)   :  0.008 0.006 0.003 0.908 0.005 0.046 0.008 0.007 0.003 0.007 
 16 TMA-ZAIN-G-    (0)   :  0.006 0.049 0.003 0.006 0.004 0.020 0.005 0.005 0.005 0.897 
 17 TMA-ZAIN-G-    (9)   :  0.029 0.009 0.011 0.022 0.028 0.849 0.005 0.023 0.011 0.014 
 18 TMA-ZAIN-G-    (0)   :  0.029 0.005 0.623 0.013 0.044 0.011 0.007 0.247 0.006 0.014 
 19 TMA-ZAIN-G-    (0)   :  0.172 0.015 0.015 0.014 0.007 0.046 0.006 0.673 0.025 0.027 
 20 TMA-ZAIN-G-    (0)   :  0.008 0.004 0.037 0.003 0.023 0.003 0.004 0.862 0.052 0.003 
 21 TMA-ZAIN-G-    (0)   :  0.005 0.004 0.003 0.002 0.005 0.004 0.005 0.004 0.963 0.004 
 22 TMA-ZAIN-G-    (0)   :  0.009 0.003 0.049 0.003 0.007 0.003 0.002 0.011 0.910 0.003 
 23 TMA-ZAIN-G-    (0)   :  0.026 0.006 0.018 0.006 0.005 0.009 0.003 0.040 0.880 0.006 
 24 TMA-ZAIN-G-    (9)   :  0.004 0.097 0.006 0.030 0.006 0.013 0.162 0.004 0.670 0.009 
 25 TMA-ZAIN-G-    (9)   :  0.010 0.112 0.095 0.005 0.004 0.006 0.005 0.742 0.008 0.012 
 26 TMA-ZAIN-G-    (9)   :  0.006 0.252 0.008 0.019 0.483 0.134 0.009 0.017 0.032 0.041 
 27 TMA-ZAIN-G-    (0)   :  0.726 0.008 0.061 0.065 0.020 0.014 0.009 0.074 0.016 0.006 
 28 TMA-ZAIN-G-    (0)   :  0.942 0.005 0.008 0.008 0.005 0.007 0.004 0.011 0.004 0.005 
 29 TMA-ZAIN-G-    (0)   :  0.005 0.004 0.003 0.006 0.010 0.005 0.731 0.227 0.004 0.004 
 30 TMA-ZAIN-G-    (0)   :  0.500 0.110 0.004 0.088 0.007 0.149 0.039 0.032 0.004 0.068 
 31 TMA-ZAIN-G-    (0)   :  0.007 0.009 0.890 0.006 0.050 0.004 0.006 0.012 0.012 0.005 
 32 TMA-ZAIN-G-    (9)   :  0.006 0.026 0.632 0.032 0.006 0.031 0.004 0.099 0.033 0.130 
 33 TMA-ZAIN-G-   (18)   :  0.007 0.095 0.005 0.007 0.004 0.510 0.018 0.004 0.003 0.347 
 34 TMA-ZAIN-G-    (0)   :  0.011 0.125 0.179 0.008 0.008 0.030 0.006 0.020 0.022 0.591 
 35 TMA-ZAIN-G-    (9)   :  0.017 0.192 0.017 0.067 0.013 0.189 0.075 0.017 0.004 0.410 
 36 TMA-ZAIN-G-    (0)   :  0.006 0.457 0.004 0.169 0.015 0.285 0.010 0.005 0.003 0.045 
 37 TMA-ZAIN-G-    (9)   :  0.037 0.336 0.008 0.008 0.015 0.241 0.016 0.012 0.008 0.319 
 38 TMA-ZAIN-G-   (18)   :  0.005 0.036 0.628 0.090 0.007 0.045 0.008 0.115 0.017 0.048 
 39 TMA-ZAIN-G-    (0)   :  0.008 0.828 0.003 0.004 0.008 0.052 0.012 0.004 0.005 0.077 
 40 TMA-ZAIN-G-    (0)   :  0.005 0.240 0.003 0.005 0.005 0.576 0.006 0.004 0.004 0.152 
 41 TMA-ZAIN-G-    (0)   :  0.005 0.253 0.003 0.071 0.005 0.622 0.007 0.004 0.003 0.027 
 42 TMA-ZAIN-G-    (9)   :  0.003 0.012 0.003 0.111 0.007 0.845 0.006 0.003 0.002 0.007 
 43 TMA-ZAIN-G-    (0)   :  0.003 0.005 0.003 0.958 0.005 0.010 0.008 0.003 0.002 0.004 
 44 TMA-ZAIN-G-    (0)   :  0.003 0.104 0.005 0.004 0.004 0.014 0.013 0.019 0.803 0.031 
 45 TMA-ZAIN-G-    (0)   :  0.011 0.111 0.005 0.020 0.009 0.201 0.006 0.008 0.006 0.622 
 46 TMA-ZAIN-G-    (0)   :  0.003 0.004 0.004 0.004 0.005 0.003 0.003 0.006 0.965 0.003 
 47 TMA-ZAIN-G-    (0)   :  0.004 0.003 0.004 0.004 0.964 0.004 0.004 0.004 0.003 0.005 
 48 TMA-ZAIN-G-    (0)   :  0.053 0.048 0.006 0.043 0.526 0.225 0.018 0.013 0.021 0.048 
 49 TMA-ZAIN-G-    (9)   :  0.012 0.007 0.012 0.005 0.009 0.009 0.036 0.876 0.005 0.029 
 50 TMA-ZAIN-G-    (0)   :  0.021 0.017 0.011 0.008 0.004 0.046 0.004 0.876 0.005 0.008 
 51 TMA-ZAIN-G-    (0)   :  0.019 0.008 0.006 0.057 0.018 0.017 0.007 0.856 0.007 0.006 
 52 TMA-ZAIN-G-    (0)   :  0.016 0.008 0.006 0.014 0.054 0.008 0.003 0.873 0.009 0.010 
 53 TMA-ZAIN-G-    (0)   :  0.011 0.011 0.089 0.028 0.092 0.008 0.004 0.747 0.006 0.005 
 54 TMA-ZAIN-G-    (0)   :  0.012 0.005 0.005 0.012 0.930 0.012 0.003 0.008 0.005 0.007 
 55 TMA-ZAIN-G-    (0)   :  0.032 0.006 0.005 0.030 0.842 0.038 0.003 0.025 0.009 0.010 
 56 TMA-ZAIN-G-    (0)   :  0.131 0.055 0.009 0.028 0.490 0.154 0.040 0.050 0.010 0.035 
 57 TMA-ZAIN-G-    (0)   :  0.005 0.008 0.007 0.005 0.922 0.006 0.007 0.019 0.003 0.017 
 58 TMA-ZAIN-G-    (0)   :  0.316 0.005 0.047 0.008 0.038 0.021 0.006 0.431 0.116 0.013 
 59 TMA-ZAIN-G-    (0)   :  0.045 0.084 0.620 0.012 0.045 0.057 0.030 0.018 0.033 0.055 
 60 TMA-ZAIN-G-    (0)   :  0.093 0.010 0.503 0.168 0.030 0.022 0.008 0.147 0.009 0.010 
 61 TMA-ZAIN-G-    (0)   :  0.007 0.003 0.926 0.003 0.016 0.003 0.003 0.011 0.023 0.003 
 62 TMA-ZAIN-G-    (9)   :  0.084 0.028 0.730 0.007 0.010 0.038 0.009 0.023 0.024 0.048 
 63 TMA-ZAIN-G-    (0)   :  0.008 0.004 0.930 0.007 0.014 0.006 0.003 0.015 0.007 0.006 
 64 TMA-ZAIN-G-    (0)   :  0.003 0.009 0.002 0.005 0.003 0.005 0.963 0.002 0.002 0.005 
 65 TMA-ZAIN-G-    (9)   :  0.006 0.006 0.004 0.006 0.007 0.008 0.938 0.003 0.002 0.021 
 66 TMA-ZAIN-G-    (0)   :  0.004 0.019 0.003 0.005 0.004 0.010 0.936 0.003 0.003 0.013 
 67 TMA-ZAIN-G-    (0)   :  0.014 0.079 0.004 0.003 0.005 0.012 0.830 0.009 0.013 0.031 
 68 TMA-ZAIN-G-    (0)   :  0.003 0.004 0.002 0.007 0.005 0.007 0.962 0.002 0.002 0.005 
 69 TMA-ZAIN-G-    (0)   :  0.007 0.041 0.022 0.018 0.012 0.007 0.773 0.029 0.025 0.064 
 70 TMA-ZAIN-G-    (0)   :  0.005 0.932 0.003 0.005 0.003 0.006 0.020 0.004 0.004 0.018 
 71 TMA-ZAIN-G-    (0)   :  0.004 0.958 0.003 0.003 0.003 0.006 0.004 0.003 0.003 0.013 
 72 TMA-ZAIN-G-    (0)   :  0.008 0.906 0.004 0.009 0.007 0.018 0.021 0.005 0.004 0.017 
 73 TMA-ZAIN-G-    (0)   :  0.025 0.858 0.022 0.004 0.016 0.006 0.007 0.022 0.028 0.012 
 74 TMA-ZAIN-G-    (0)   :  0.007 0.934 0.007 0.004 0.006 0.007 0.007 0.009 0.007 0.012 
 75 TMA-ZAIN-G-    (0)   :  0.007 0.933 0.005 0.006 0.009 0.007 0.006 0.006 0.003 0.019 
 76 TMA-ZAIN-G-    (0)   :  0.005 0.931 0.005 0.003 0.004 0.005 0.005 0.012 0.020 0.010 
 77 TMA-ZAIN-G-    (0)   :  0.006 0.946 0.003 0.008 0.005 0.009 0.005 0.006 0.006 0.006 
 78 TMA-ZAIN-G-    (0)   :  0.009 0.908 0.007 0.006 0.009 0.007 0.005 0.020 0.016 0.013 
 79 TMA-ZAIN-G-    (0)   :  0.005 0.935 0.004 0.007 0.008 0.007 0.004 0.012 0.011 0.007 
 80 TMA-ZAIN-G-    (0)   :  0.007 0.772 0.003 0.004 0.011 0.027 0.028 0.004 0.005 0.139 
 81 TMA-ZAIN-G-    (0)   :  0.007 0.935 0.003 0.007 0.007 0.010 0.005 0.007 0.006 0.014 
 82 TMA-ZAIN-G-    (0)   :  0.008 0.456 0.008 0.007 0.020 0.013 0.227 0.006 0.003 0.252 
 83 TMA-ZAIN-G-    (9)   :  0.039 0.023 0.046 0.005 0.015 0.012 0.046 0.016 0.032 0.765 
 84 TMA-ZAIN-G-    (0)   :  0.006 0.931 0.003 0.005 0.005 0.008 0.005 0.009 0.016 0.012 
 85 TMA-ZAIN-G-    (0)   :  0.076 0.013 0.027 0.007 0.648 0.011 0.006 0.173 0.029 0.011 
 86 TMA-ZAIN-G-    (0)   :  0.024 0.018 0.008 0.004 0.822 0.019 0.010 0.021 0.050 0.024 
 87 TMA-ZAIN-G-    (0)   :  0.028 0.013 0.034 0.005 0.599 0.010 0.005 0.094 0.201 0.011 
 88 TMA-ZAIN-G-    (0)   :  0.011 0.069 0.156 0.020 0.545 0.030 0.030 0.009 0.012 0.120 
 89 TMA-ZAIN-G-    (0)   :  0.004 0.041 0.017 0.027 0.820 0.015 0.019 0.007 0.018 0.032 
 90 TMA-ZAIN-G-    (0)   :  0.011 0.006 0.007 0.006 0.918 0.007 0.007 0.018 0.008 0.012 
 91 TMA-ZAIN-G-    (0)   :  0.017 0.009 0.025 0.009 0.898 0.010 0.007 0.010 0.007 0.009 
 92 TMA-ZAIN-G-    (0)   :  0.015 0.008 0.006 0.009 0.905 0.007 0.004 0.022 0.017 0.006 
 93 TMA-ZAIN-G-    (0)   :  0.036 0.006 0.018 0.013 0.889 0.006 0.005 0.014 0.009 0.005 
 94 TMA-ZAIN-G-    (0)   :  0.014 0.005 0.044 0.006 0.894 0.004 0.003 0.014 0.011 0.004 
 95 TMA-ZAIN-G-    (0)   :  0.921 0.007 0.007 0.015 0.004 0.009 0.007 0.019 0.005 0.005 
 96 TMA-ZAIN-G-    (0)   :  0.841 0.004 0.005 0.018 0.005 0.040 0.004 0.066 0.006 0.011 
 97 TMA-ZAIN-G-    (0)   :  0.005 0.011 0.924 0.008 0.011 0.005 0.006 0.019 0.006 0.004 
 98 TMA-ZAIN-G-    (0)   :  0.003 0.011 0.948 0.006 0.010 0.004 0.005 0.005 0.004 0.004 
 99 TMA-ZAIN-G-    (0)   :  0.009 0.033 0.757 0.007 0.004 0.037 0.019 0.006 0.014 0.114 
100 TMA-ZAIN-G-    (0)   :  0.007 0.006 0.897 0.006 0.026 0.004 0.005 0.028 0.018 0.004 
101 TMA-ZAIN-G-    (0)   :  0.006 0.013 0.932 0.006 0.009 0.005 0.006 0.009 0.004 0.009 
102 TMA-ZAIN-G-    (0)   :  0.025 0.024 0.448 0.034 0.016 0.038 0.013 0.161 0.194 0.047 
103 TMA-ZAIN-G-    (0)   :  0.020 0.011 0.842 0.008 0.010 0.011 0.006 0.059 0.014 0.020 
104 TMA-ZAIN-G-    (0)   :  0.004 0.003 0.962 0.004 0.004 0.004 0.002 0.007 0.005 0.004 
105 TMA-ZAIN-G-    (0)   :  0.020 0.012 0.865 0.008 0.010 0.013 0.006 0.025 0.009 0.032 
106 TMA-ZAIN-G-    (0)   :  0.006 0.237 0.004 0.103 0.007 0.513 0.051 0.004 0.003 0.073 
107 TMA-ZAIN-G-    (0)   :  0.005 0.508 0.004 0.010 0.005 0.016 0.010 0.005 0.003 0.433 
108 TMA-ZAIN-G-    (9)   :  0.015 0.169 0.279 0.063 0.020 0.172 0.011 0.105 0.042 0.125 
109 TMA-ZAIN-G-    (0)   :  0.062 0.012 0.300 0.022 0.071 0.192 0.173 0.008 0.006 0.154 
110 TMA-ZAIN-G-    (0)   :  0.034 0.131 0.065 0.021 0.024 0.199 0.008 0.122 0.139 0.257 
111 TMA-ZAIN-G-    (9)   :  0.033 0.045 0.519 0.004 0.028 0.019 0.015 0.078 0.086 0.174 
112 TMA-ZAIN-G-    (0)   :  0.051 0.048 0.265 0.039 0.034 0.242 0.018 0.109 0.047 0.146 
113 TMA-ZAIN-G-    (0)   :  0.004 0.021 0.912 0.005 0.016 0.006 0.010 0.005 0.008 0.012 
114 TMA-ZAIN-G-    (0)   :  0.005 0.003 0.962 0.002 0.004 0.003 0.003 0.005 0.011 0.003 
115 TMA-ZAIN-G-    (0)   :  0.005 0.003 0.965 0.003 0.004 0.003 0.003 0.004 0.005 0.004 
116 TMA-ZAIN-G-    (0)   :  0.007 0.014 0.006 0.005 0.010 0.008 0.009 0.004 0.003 0.934 
117 TMA-ZAIN-G-    (0)   :  0.043 0.128 0.008 0.088 0.065 0.235 0.242 0.012 0.004 0.175 
118 TMA-ZAIN-G-    (0)   :  0.010 0.011 0.006 0.016 0.008 0.014 0.021 0.005 0.003 0.907 
119 TMA-ZAIN-G-    (0)   :  0.020 0.045 0.024 0.006 0.010 0.008 0.028 0.020 0.018 0.821 
120 TMA-ZAIN-G-    (0)   :  0.022 0.019 0.008 0.052 0.016 0.019 0.019 0.011 0.004 0.832 
121 TMA-ZAIN-G-    (0)   :  0.039 0.043 0.015 0.023 0.021 0.063 0.130 0.007 0.003 0.656 
122 TMA-ZAIN-G-    (0)   :  0.120 0.197 0.006 0.011 0.028 0.162 0.037 0.008 0.007 0.424 
123 TMA-ZAIN-G-    (0)   :  0.007 0.005 0.936 0.012 0.005 0.004 0.004 0.014 0.009 0.005 
124 TMA-ZAIN-G-    (0)   :  0.007 0.006 0.004 0.008 0.004 0.949 0.004 0.005 0.003 0.009 
125 TMA-ZAIN-G-    (0)   :  0.005 0.007 0.002 0.028 0.067 0.841 0.036 0.004 0.002 0.007 
126 TMA-ZAIN-G-    (0)   :  0.005 0.006 0.004 0.036 0.009 0.914 0.004 0.004 0.003 0.014 
127 TMA-ZAIN-G-    (0)   :  0.005 0.005 0.003 0.009 0.004 0.955 0.006 0.003 0.003 0.008 
128 TMA-ZAIN-G-    (0)   :  0.012 0.009 0.004 0.008 0.007 0.914 0.026 0.004 0.003 0.014 
129 TMA-ZAIN-G-    (0)   :  0.006 0.006 0.006 0.017 0.006 0.936 0.006 0.004 0.003 0.009 
130 TMA-ZAIN-G-    (0)   :  0.008 0.007 0.007 0.071 0.039 0.827 0.009 0.004 0.003 0.025 
131 TMA-ZAIN-G-    (0)   :  0.008 0.006 0.004 0.016 0.005 0.941 0.004 0.005 0.003 0.008 
132 TMA-ZAIN-G-    (0)   :  0.011 0.017 0.004 0.016 0.027 0.850 0.046 0.003 0.003 0.024 
133 TMA-ZAIN-G-    (0)   :  0.010 0.065 0.003 0.092 0.039 0.662 0.059 0.012 0.010 0.048 
134 TMA-ZAIN-G-    (0)   :  0.005 0.054 0.003 0.209 0.032 0.574 0.060 0.008 0.008 0.046 
135 TMA-ZAIN-G-    (0)   :  0.004 0.182 0.004 0.019 0.015 0.353 0.026 0.005 0.006 0.386 
136 TMA-ZAIN-G-    (0)   :  0.008 0.057 0.007 0.008 0.014 0.096 0.610 0.004 0.005 0.191 
137 TMA-ZAIN-G-    (0)   :  0.004 0.097 0.006 0.006 0.009 0.107 0.006 0.008 0.008 0.751 
138 TMA-ZAIN-G-    (0)   :  0.004 0.019 0.004 0.024 0.012 0.623 0.012 0.003 0.002 0.297 
139 TMA-ZAIN-G-    (0)   :  0.004 0.041 0.005 0.015 0.064 0.434 0.013 0.004 0.004 0.415 
140 TMA-ZAIN-G-    (0)   :  0.009 0.138 0.003 0.006 0.004 0.124 0.009 0.004 0.005 0.697 
141 TMA-ZAIN-G-    (0)   :  0.007 0.449 0.006 0.023 0.007 0.115 0.008 0.006 0.003 0.376 
142 TMA-ZAIN-G-    (9)   :  0.007 0.185 0.003 0.007 0.005 0.049 0.012 0.004 0.004 0.725 
143 TMA-ZAIN-G-    (0)   :  0.010 0.063 0.004 0.010 0.006 0.255 0.014 0.004 0.003 0.632 
144 TMA-ZAIN-G-    (0)   :  0.017 0.021 0.003 0.013 0.020 0.117 0.005 0.010 0.005 0.788 
145 TMA-ZAIN-G-    (0)   :  0.008 0.125 0.003 0.007 0.013 0.050 0.295 0.003 0.002 0.493 
146 TMA-ZAIN-G-    (0)   :  0.003 0.750 0.003 0.006 0.003 0.009 0.005 0.003 0.003 0.214 
147 TMA-ZAIN-G-    (9)   :  0.004 0.570 0.003 0.006 0.005 0.017 0.011 0.003 0.003 0.377 
148 TMA-ZAIN-G-    (0)   :  0.003 0.487 0.003 0.118 0.031 0.091 0.005 0.004 0.003 0.254 
149 TMA-ZAIN-G-    (0)   :  0.016 0.268 0.023 0.035 0.087 0.119 0.008 0.013 0.014 0.419 
150 TMA-ZAIN-G-    (0)   :  0.018 0.166 0.022 0.019 0.088 0.022 0.048 0.011 0.013 0.593 
151 TMA-ZAIN-G-    (0)   :  0.005 0.009 0.003 0.014 0.004 0.050 0.010 0.003 0.002 0.898 
152 TMA-ZAIN-G-    (0)   :  0.004 0.006 0.004 0.008 0.004 0.007 0.005 0.003 0.002 0.957 
153 TMA-ZAIN-G-    (0)   :  0.004 0.016 0.004 0.026 0.009 0.092 0.016 0.003 0.002 0.827 
154 TMA-ZAIN-G-    (0)   :  0.004 0.006 0.003 0.005 0.004 0.007 0.005 0.003 0.002 0.960 
155 TMA-ZAIN-G-    (0)   :  0.004 0.024 0.004 0.006 0.003 0.016 0.009 0.003 0.003 0.927 
156 TMA-ZAIN-G-    (9)   :  0.004 0.006 0.006 0.042 0.010 0.041 0.003 0.004 0.003 0.881 
157 TMA-ZAIN-G-    (0)   :  0.004 0.015 0.005 0.097 0.007 0.073 0.007 0.004 0.003 0.785 
158 TMA-ZAIN-G-    (0)   :  0.006 0.021 0.003 0.004 0.004 0.009 0.004 0.004 0.003 0.942 
159 TMA-ZAIN-G-    (0)   :  0.004 0.247 0.004 0.004 0.004 0.009 0.011 0.003 0.002 0.711 
160 TMA-ZAIN-G-    (0)   :  0.003 0.118 0.005 0.004 0.006 0.006 0.016 0.003 0.002 0.838 
161 TMA-ZAIN-G-    (0)   :  0.006 0.032 0.003 0.020 0.018 0.129 0.006 0.005 0.003 0.778 
162 TMA-ZAIN-G-    (0)   :  0.011 0.010 0.021 0.004 0.013 0.012 0.006 0.007 0.014 0.903 
163 TMA-ZAIN-G-    (0)   :  0.003 0.007 0.003 0.003 0.003 0.007 0.004 0.003 0.002 0.966 
164 TMA-ZAIN-G-    (0)   :  0.005 0.013 0.004 0.004 0.006 0.007 0.006 0.004 0.003 0.948 
165 TMA-ZAIN-G-    (0)   :  0.004 0.017 0.004 0.003 0.003 0.011 0.005 0.003 0.002 0.947 
166 TMA-ZAIN-G-    (0)   :  0.004 0.157 0.003 0.005 0.009 0.092 0.010 0.003 0.002 0.714 
167 TMA-ZAIN-G-    (0)   :  0.008 0.805 0.005 0.008 0.005 0.036 0.005 0.006 0.004 0.119 
168 TMA-ZAIN-G-    (0)   :  0.005 0.885 0.006 0.036 0.005 0.011 0.014 0.005 0.003 0.030 
169 TMA-ZAIN-G-    (0)   :  0.004 0.841 0.004 0.005 0.005 0.007 0.085 0.003 0.003 0.043 
170 TMA-ZAIN-G-    (0)   :  0.009 0.542 0.016 0.104 0.004 0.152 0.022 0.036 0.009 0.105 
171 TMA-ZAIN-G-    (0)   :  0.003 0.929 0.003 0.004 0.004 0.006 0.019 0.003 0.003 0.027 
172 TMA-ZAIN-G-    (0)   :  0.006 0.097 0.004 0.025 0.004 0.801 0.005 0.006 0.004 0.049 
173 TMA-ZAIN-G-    (0)   :  0.007 0.056 0.003 0.022 0.005 0.856 0.006 0.006 0.004 0.034 
174 TMA-ZAIN-G-    (0)   :  0.006 0.143 0.003 0.006 0.009 0.686 0.050 0.003 0.002 0.093 
175 TMA-ZAIN-G-    (0)   :  0.004 0.939 0.004 0.004 0.005 0.006 0.006 0.003 0.003 0.026 
176 TMA-ZAIN-G-    (0)   :  0.003 0.890 0.003 0.006 0.003 0.008 0.005 0.003 0.003 0.075 
177 TMA-ZAIN-G-    (0)   :  0.004 0.732 0.004 0.029 0.003 0.034 0.004 0.006 0.003 0.182 
178 TMA-ZAIN-G-    (0)   :  0.009 0.199 0.005 0.074 0.005 0.510 0.005 0.007 0.004 0.182 
179 TMA-ZAIN-G-    (0)   :  0.005 0.460 0.004 0.042 0.005 0.142 0.008 0.005 0.003 0.327 
180 TMA-ZAIN-G-    (0)   :  0.013 0.012 0.004 0.022 0.018 0.825 0.058 0.006 0.007 0.035 
181 TMA-ZAIN-G-    (0)   :  0.004 0.015 0.005 0.186 0.005 0.712 0.006 0.003 0.003 0.063 
182 TMA-ZAIN-G-    (0)   :  0.004 0.009 0.007 0.131 0.006 0.798 0.003 0.004 0.003 0.035 
183 TMA-ZAIN-G-    (0)   :  0.004 0.020 0.005 0.252 0.004 0.664 0.006 0.005 0.003 0.039 
184 TMA-ZAIN-G-    (0)   :  0.018 0.017 0.029 0.036 0.022 0.780 0.008 0.012 0.016 0.061 
185 TMA-ZAIN-G-    (0)   :  0.051 0.008 0.013 0.005 0.020 0.854 0.005 0.011 0.022 0.011 
186 TMA-ZAIN-G-    (9)   :  0.011 0.009 0.003 0.005 0.005 0.937 0.006 0.007 0.005 0.012 
187 TMA-ZAIN-G-    (0)   :  0.004 0.031 0.004 0.017 0.003 0.899 0.011 0.005 0.003 0.022 
188 TMA-ZAIN-G-    (0)   :  0.004 0.031 0.003 0.008 0.003 0.917 0.013 0.004 0.002 0.013 
189 TMA-ZAIN-G-    (0)   :  0.004 0.006 0.002 0.011 0.003 0.951 0.010 0.003 0.003 0.007 
190 TMA-ZAIN-G-    (0)   :  0.007 0.088 0.003 0.092 0.005 0.744 0.025 0.006 0.003 0.027 
191 TMA-ZAIN-G-    (0)   :  0.012 0.015 0.013 0.005 0.011 0.900 0.005 0.010 0.021 0.007 
192 TMA-ZAIN-G-    (0)   :  0.003 0.011 0.004 0.025 0.005 0.927 0.004 0.006 0.008 0.008 
193 TMA-ZAIN-G-    (0)   :  0.003 0.003 0.003 0.971 0.004 0.005 0.003 0.003 0.002 0.003 
194 TMA-ZAIN-G-    (0)   :  0.017 0.006 0.003 0.895 0.011 0.038 0.010 0.010 0.006 0.005 
195 TMA-ZAIN-G-    (0)   :  0.005 0.038 0.003 0.823 0.005 0.059 0.036 0.011 0.002 0.017 
196 TMA-ZAIN-G-    (0)   :  0.005 0.004 0.003 0.949 0.005 0.010 0.011 0.003 0.003 0.006 
197 TMA-ZAIN-G-    (0)   :  0.005 0.008 0.003 0.947 0.006 0.010 0.009 0.004 0.003 0.007 
198 TMA-ZAIN-G-    (0)   :  0.003 0.010 0.003 0.945 0.004 0.014 0.007 0.003 0.003 0.008 
199 TMA-ZAIN-G-    (0)   :  0.011 0.009 0.003 0.007 0.006 0.939 0.004 0.005 0.004 0.012 
200 TMA-ZAIN-G-    (0)   :  0.015 0.003 0.021 0.045 0.004 0.004 0.003 0.103 0.799 0.003 
201 TMA-ZAIN-G-    (0)   :  0.010 0.004 0.007 0.003 0.004 0.004 0.005 0.026 0.934 0.003 
202 TMA-ZAIN-G-    (0)   :  0.007 0.004 0.018 0.040 0.002 0.010 0.004 0.036 0.873 0.006 
203 TMA-ZAIN-G-    (0)   :  0.006 0.016 0.024 0.849 0.006 0.061 0.004 0.004 0.003 0.027 
204 TMA-ZAIN-G-    (9)   :  0.006 0.022 0.006 0.007 0.041 0.008 0.011 0.046 0.848 0.006 
205 TMA-ZAIN-G-    (0)   :  0.005 0.028 0.007 0.007 0.015 0.009 0.006 0.123 0.707 0.092 
206 TMA-ZAIN-G-    (9)   :  0.012 0.015 0.015 0.064 0.023 0.020 0.011 0.103 0.726 0.011 
207 TMA-ZAIN-G-    (9)   :  0.115 0.043 0.012 0.010 0.094 0.029 0.058 0.036 0.010 0.593 
208 TMA-ZAIN-G-    (0)   :  0.009 0.113 0.002 0.004 0.004 0.020 0.040 0.004 0.003 0.800 
209 TMA-ZAIN-G-    (0)   :  0.004 0.130 0.003 0.233 0.056 0.436 0.017 0.004 0.003 0.114 
210 TMA-ZAIN-G-    (0)   :  0.010 0.113 0.004 0.368 0.019 0.270 0.104 0.005 0.003 0.105 
211 TMA-ZAIN-G-    (0)   :  0.024 0.114 0.012 0.105 0.013 0.577 0.034 0.028 0.023 0.071 
212 TMA-ZAIN-G-    (0)   :  0.011 0.028 0.003 0.023 0.011 0.519 0.018 0.005 0.005 0.376 
213 TMA-ZAIN-G-    (0)   :  0.005 0.065 0.004 0.030 0.008 0.582 0.007 0.005 0.004 0.291 
214 TMA-ZAIN-G-    (0)   :  0.003 0.061 0.003 0.023 0.006 0.741 0.041 0.004 0.003 0.114 
215 TMA-ZAIN-G-    (0)   :  0.006 0.321 0.003 0.005 0.003 0.309 0.005 0.258 0.009 0.081 
216 TMA-ZAIN-G-    (0)   :  0.006 0.012 0.003 0.008 0.007 0.931 0.005 0.005 0.004 0.018 
217 TMA-ZAIN-G-    (0)   :  0.003 0.219 0.004 0.085 0.007 0.480 0.120 0.004 0.003 0.075 
218 TMA-ZAIN-G-    (0)   :  0.012 0.006 0.006 0.004 0.005 0.008 0.008 0.942 0.003 0.005 
219 TMA-ZAIN-G-    (0)   :  0.007 0.004 0.005 0.003 0.008 0.005 0.003 0.953 0.006 0.004 
220 TMA-ZAIN-G-    (0)   :  0.064 0.012 0.047 0.006 0.010 0.008 0.014 0.807 0.005 0.027 
221 TMA-ZAIN-G-    (0)   :  0.011 0.009 0.004 0.006 0.006 0.017 0.005 0.920 0.013 0.009 
222 TMA-ZAIN-G-    (0)   :  0.005 0.008 0.016 0.005 0.010 0.007 0.009 0.924 0.006 0.010 
223 TMA-ZAIN-G-    (0)   :  0.016 0.004 0.006 0.003 0.006 0.005 0.005 0.943 0.008 0.004 
224 TMA-ZAIN-G-    (0)   :  0.012 0.006 0.010 0.008 0.013 0.015 0.005 0.915 0.009 0.006 
225 TMA-ZAIN-G-    (0)   :  0.010 0.003 0.009 0.009 0.004 0.005 0.002 0.947 0.007 0.003 
226 TMA-ZAIN-G-    (0)   :  0.011 0.006 0.010 0.019 0.006 0.008 0.005 0.920 0.007 0.007 
227 TMA-ZAIN-G-    (0)   :  0.008 0.007 0.009 0.017 0.004 0.007 0.004 0.923 0.012 0.009 
228 TMA-ZAIN-G-    (0)   :  0.017 0.024 0.012 0.007 0.007 0.009 0.008 0.891 0.010 0.014 
229 TMA-ZAIN-G-    (0)   :  0.008 0.004 0.013 0.003 0.006 0.003 0.007 0.936 0.019 0.003 
230 TMA-ZAIN-G-    (0)   :  0.013 0.065 0.031 0.018 0.040 0.039 0.014 0.762 0.006 0.012 
231 TMA-ZAIN-G-    (0)   :  0.015 0.026 0.092 0.010 0.023 0.013 0.011 0.382 0.381 0.048 
232 TMA-ZAIN-G-    (9)   :  0.005 0.012 0.199 0.008 0.014 0.027 0.035 0.300 0.388 0.012 
233 TMA-ZAIN-G-    (0)   :  0.016 0.021 0.005 0.007 0.015 0.012 0.042 0.859 0.013 0.011 
234 TMA-ZAIN-G-    (0)   :  0.008 0.005 0.170 0.009 0.020 0.004 0.006 0.736 0.032 0.009 
235 TMA-ZAIN-G-    (0)   :  0.039 0.036 0.089 0.021 0.013 0.029 0.005 0.738 0.015 0.015 
236 TMA-ZAIN-G-    (0)   :  0.007 0.013 0.017 0.022 0.005 0.012 0.007 0.885 0.019 0.012 
237 TMA-ZAIN-G-    (0)   :  0.023 0.256 0.122 0.010 0.014 0.035 0.014 0.484 0.008 0.035 
238 TMA-ZAIN-G-    (0)   :  0.007 0.031 0.045 0.008 0.004 0.026 0.004 0.824 0.020 0.030 
239 TMA-ZAIN-G-    (0)   :  0.003 0.004 0.005 0.137 0.033 0.035 0.018 0.008 0.752 0.004 
240 TMA-ZAIN-G-    (0)   :  0.003 0.005 0.003 0.004 0.006 0.003 0.003 0.007 0.964 0.003 
241 TMA-ZAIN-G-    (0)   :  0.002 0.011 0.004 0.004 0.005 0.004 0.005 0.005 0.953 0.007 
242 TMA-ZAIN-G-    (0)   :  0.003 0.007 0.003 0.003 0.004 0.005 0.005 0.005 0.959 0.007 
243 TMA-ZAIN-G-    (0)   :  0.003 0.013 0.003 0.004 0.006 0.006 0.009 0.005 0.944 0.008 
244 TMA-ZAIN-G-    (0)   :  0.003 0.015 0.004 0.003 0.004 0.006 0.009 0.005 0.937 0.014 
245 TMA-ZAIN-G-    (9)   :  0.003 0.003 0.003 0.003 0.003 0.003 0.002 0.005 0.971 0.003 
246 TMA-ZAIN-G-    (0)   :  0.004 0.003 0.002 0.002 0.003 0.003 0.003 0.005 0.971 0.003 
247 TMA-ZAIN-G-    (0)   :  0.004 0.004 0.002 0.002 0.004 0.004 0.005 0.004 0.966 0.004 
248 TMA-ZAIN-G-    (0)   :  0.005 0.006 0.004 0.010 0.004 0.007 0.005 0.008 0.945 0.006 
249 TMA-ZAIN-G-    (0)   :  0.005 0.003 0.003 0.007 0.004 0.005 0.003 0.006 0.961 0.003 
250 TMA-ZAIN-G-    (0)   :  0.005 0.003 0.002 0.004 0.004 0.004 0.005 0.005 0.964 0.003 
251 TMA-ZAIN-G-    (0)   :  0.006 0.003 0.005 0.006 0.960 0.005 0.004 0.004 0.003 0.005 
252 TMA-ZAIN-G-    (0)   :  0.003 0.036 0.004 0.004 0.864 0.007 0.036 0.008 0.003 0.035 
253 TMA-ZAIN-G-    (0)   :  0.003 0.004 0.005 0.005 0.958 0.004 0.006 0.003 0.003 0.009 
254 TMA-ZAIN-G-    (9)   :  0.006 0.009 0.008 0.005 0.919 0.009 0.012 0.004 0.003 0.024 
255 TMA-ZAIN-G-    (0)   :  0.003 0.004 0.010 0.004 0.939 0.004 0.009 0.003 0.016 0.008 
256 TMA-ZAIN-G-    (0)   :  0.003 0.006 0.006 0.016 0.942 0.006 0.005 0.005 0.007 0.006 
257 TMA-ZAIN-G-    (0)   :  0.003 0.003 0.004 0.012 0.961 0.004 0.003 0.004 0.003 0.003 
258 TMA-ZAIN-G-    (0)   :  0.003 0.003 0.003 0.005 0.969 0.003 0.005 0.003 0.003 0.004 
259 TMA-ZAIN-G-    (0)   :  0.005 0.003 0.003 0.005 0.963 0.004 0.005 0.004 0.004 0.003 
260 TMA-ZAIN-G-    (0)   :  0.005 0.004 0.003 0.006 0.959 0.004 0.008 0.004 0.004 0.003 
261 TMA-ZAIN-G-   (18)   :  0.011 0.004 0.004 0.007 0.942 0.006 0.011 0.005 0.004 0.005 
262 TMA-ZAIN-G-    (0)   :  0.003 0.003 0.004 0.006 0.967 0.004 0.003 0.004 0.003 0.003 
263 TMA-ZAIN-G-    (0)   :  0.004 0.003 0.006 0.005 0.964 0.003 0.003 0.004 0.003 0.004 
264 TMA-ZAIN-G-    (0)   :  0.004 0.004 0.009 0.006 0.957 0.004 0.004 0.004 0.004 0.005 
265 TMA-ZAIN-G-    (0)   :  0.036 0.027 0.010 0.011 0.591 0.030 0.030 0.231 0.012 0.021 
266 TMA-ZAIN-G-    (0)   :  0.059 0.014 0.014 0.058 0.707 0.077 0.020 0.013 0.008 0.031 
267 TMA-ZAIN-G-    (0)   :  0.104 0.023 0.019 0.007 0.498 0.011 0.014 0.026 0.287 0.011 
268 TMA-ZAIN-G-    (0)   :  0.007 0.004 0.048 0.003 0.006 0.003 0.004 0.006 0.915 0.004 
269 TMA-ZAIN-G-    (0)   :  0.025 0.008 0.229 0.004 0.009 0.006 0.005 0.033 0.675 0.006 
270 TMA-ZAIN-G-    (0)   :  0.017 0.006 0.055 0.004 0.010 0.005 0.004 0.017 0.875 0.006 
271 TMA-ZAIN-G-    (0)   :  0.009 0.005 0.030 0.003 0.007 0.004 0.003 0.007 0.926 0.006 
272 TMA-ZAIN-G-    (0)   :  0.023 0.005 0.025 0.003 0.005 0.005 0.003 0.054 0.872 0.005 
273 TMA-ZAIN-G-    (0)   :  0.007 0.003 0.017 0.003 0.004 0.003 0.002 0.048 0.911 0.003 
274 TMA-ZAIN-G-    (0)   :  0.020 0.016 0.026 0.045 0.010 0.022 0.009 0.019 0.824 0.008 
275 TMA-ZAIN-G-    (0)   :  0.007 0.003 0.007 0.003 0.003 0.004 0.002 0.008 0.961 0.003 
276 TMA-ZAIN-G-    (0)   :  0.003 0.004 0.008 0.003 0.003 0.003 0.003 0.005 0.965 0.004 
277 TMA-ZAIN-G-    (0)   :  0.005 0.006 0.010 0.005 0.006 0.003 0.005 0.006 0.952 0.004 
278 TMA-ZAIN-G-    (0)   :  0.005 0.003 0.005 0.003 0.005 0.003 0.003 0.007 0.963 0.003 
279 TMA-ZAIN-G-    (0)   :  0.015 0.004 0.010 0.006 0.004 0.006 0.002 0.015 0.933 0.004 
280 TMA-ZAIN-G-    (0)   :  0.014 0.004 0.090 0.008 0.004 0.009 0.003 0.137 0.725 0.006 
281 TMA-ZAIN-G-    (0)   :  0.009 0.004 0.037 0.006 0.004 0.005 0.003 0.013 0.914 0.004 
282 TMA-ZAIN-G-    (9)   :  0.006 0.003 0.012 0.003 0.005 0.003 0.003 0.007 0.955 0.003 
283 TMA-ZAIN-G-    (0)   :  0.075 0.009 0.073 0.004 0.120 0.010 0.006 0.061 0.625 0.018 
284 TMA-ZAIN-G-    (0)   :  0.078 0.009 0.161 0.006 0.158 0.013 0.004 0.099 0.455 0.018 
285 TMA-ZAIN-G-    (0)   :  0.025 0.021 0.031 0.012 0.029 0.021 0.023 0.021 0.801 0.017 
286 TMA-ZAIN-G-    (0)   :  0.012 0.004 0.031 0.003 0.009 0.004 0.003 0.008 0.925 0.003 
287 TMA-ZAIN-G-    (0)   :  0.015 0.010 0.022 0.013 0.006 0.011 0.010 0.008 0.901 0.005 
288 TMA-ZAIN-G-    (0)   :  0.192 0.021 0.079 0.052 0.014 0.034 0.009 0.055 0.530 0.013 
289 TMA-ZAIN-G-    (0)   :  0.025 0.016 0.022 0.027 0.010 0.016 0.015 0.012 0.848 0.008 
290 TMA-ZAIN-G-    (0)   :  0.068 0.006 0.426 0.009 0.009 0.011 0.003 0.032 0.427 0.009 
291 TMA-ZAIN-G-    (0)   :  0.037 0.004 0.011 0.004 0.008 0.006 0.004 0.910 0.011 0.005 
292 TMA-ZAIN-G-    (0)   :  0.010 0.630 0.009 0.027 0.004 0.113 0.006 0.023 0.012 0.166 
293 TMA-ZAIN-G-    (0)   :  0.014 0.187 0.004 0.026 0.026 0.094 0.023 0.016 0.013 0.597 
294 TMA-ZAIN-G-    (0)   :  0.005 0.833 0.003 0.004 0.006 0.013 0.010 0.004 0.004 0.117 
295 TMA-ZAIN-G-    (9)   :  0.017 0.776 0.004 0.005 0.007 0.013 0.013 0.008 0.007 0.149 
296 TMA-ZAIN-G-    (0)   :  0.017 0.291 0.013 0.047 0.014 0.052 0.006 0.013 0.006 0.542 
297 TMA-ZAIN-G-    (0)   :  0.012 0.099 0.006 0.123 0.027 0.075 0.027 0.008 0.006 0.617 
298 TMA-ZAIN-G-    (0)   :  0.013 0.850 0.014 0.004 0.035 0.011 0.008 0.016 0.018 0.031 
299 TMA-ZAIN-G-    (0)   :  0.003 0.952 0.003 0.004 0.003 0.006 0.008 0.005 0.004 0.011 
300 TMA-ZAIN-G-    (0)   :  0.012 0.859 0.003 0.007 0.007 0.030 0.040 0.007 0.005 0.032 
301 TMA-ZAIN-G-    (0)   :  0.008 0.773 0.005 0.035 0.006 0.077 0.032 0.010 0.007 0.047 
302 TMA-ZAIN-G-    (9)   :  0.006 0.706 0.004 0.016 0.006 0.069 0.007 0.005 0.003 0.178 
303 TMA-ZAIN-G-    (0)   :  0.011 0.003 0.010 0.055 0.022 0.017 0.002 0.870 0.005 0.004 
304 TMA-ZAIN-G-    (0)   :  0.016 0.016 0.015 0.045 0.562 0.085 0.151 0.007 0.008 0.093 
305 TMA-ZAIN-G-    (0)   :  0.009 0.245 0.004 0.015 0.009 0.047 0.021 0.004 0.004 0.643 
306 TMA-ZAIN-G-    (0)   :  0.014 0.105 0.117 0.025 0.376 0.049 0.018 0.011 0.026 0.259 
307 TMA-ZAIN-G-    (0)   :  0.009 0.015 0.011 0.015 0.403 0.132 0.312 0.005 0.012 0.086 
308 TMA-ZAIN-G-    (0)   :  0.068 0.004 0.024 0.014 0.766 0.006 0.011 0.088 0.016 0.004 
309 TMA-ZAIN-G-    (0)   :  0.005 0.021 0.004 0.033 0.004 0.904 0.008 0.004 0.003 0.014 
310 TMA-ZAIN-G-    (0)   :  0.016 0.715 0.007 0.004 0.019 0.077 0.010 0.014 0.025 0.115 
311 TMA-ZAIN-G-    (0)   :  0.028 0.169 0.041 0.020 0.055 0.116 0.007 0.030 0.009 0.525 
312 TMA-ZAIN-G-    (0)   :  0.040 0.042 0.005 0.019 0.010 0.823 0.009 0.010 0.005 0.036 
313 TMA-ZAIN-G-    (0)   :  0.011 0.125 0.012 0.020 0.665 0.072 0.030 0.004 0.004 0.057 
314 TMA-ZAIN-G-    (0)   :  0.403 0.008 0.229 0.012 0.015 0.020 0.008 0.044 0.254 0.007 
315 TMA-ZAIN-G-    (0)   :  0.030 0.314 0.006 0.007 0.019 0.062 0.056 0.021 0.390 0.095 
316 TMA-ZAIN-G-    (0)   :  0.056 0.269 0.010 0.007 0.017 0.056 0.056 0.041 0.397 0.091 
317 TMA-ZAIN-G-    (0)   :  0.129 0.024 0.055 0.009 0.020 0.007 0.005 0.723 0.022 0.007 
318 TMA-ZAIN-G-    (9)   :  0.051 0.013 0.312 0.010 0.046 0.006 0.009 0.095 0.453 0.005 
319 TMA-ZAIN-G-    (0)   :  0.025 0.004 0.015 0.423 0.009 0.009 0.004 0.409 0.097 0.005 
320 TMA-ZAIN-G-    (0)   :  0.007 0.363 0.005 0.010 0.005 0.059 0.027 0.433 0.007 0.083 
321 TMA-ZAIN-G-    (0)   :  0.399 0.068 0.027 0.007 0.010 0.325 0.014 0.013 0.039 0.099 
322 TMA-ZAIN-G-    (0)   :  0.223 0.066 0.054 0.007 0.077 0.145 0.041 0.190 0.009 0.188 
323 TMA-ZAIN-G-    (0)   :  0.009 0.007 0.008 0.065 0.011 0.030 0.023 0.828 0.009 0.010 
324 TMA-ZAIN-G-    (0)   :  0.012 0.011 0.005 0.033 0.019 0.019 0.012 0.006 0.004 0.879 
325 TMA-ZAIN-G-    (0)   :  0.015 0.011 0.004 0.006 0.008 0.016 0.006 0.902 0.021 0.012 
326 TMA-ZAIN-G-    (0)   :  0.009 0.005 0.002 0.361 0.014 0.019 0.006 0.569 0.003 0.010 
327 TMA-ZAIN-G-    (0)   :  0.007 0.009 0.003 0.878 0.013 0.048 0.028 0.004 0.003 0.007 
328 TMA-ZAIN-G-    (0)   :  0.056 0.012 0.215 0.071 0.020 0.057 0.227 0.238 0.074 0.029 
329 TMA-ZAIN-G-    (0)   :  0.013 0.388 0.005 0.039 0.030 0.384 0.085 0.012 0.007 0.037 
330 TMA-ZAIN-G-    (0)   :  0.018 0.088 0.004 0.020 0.033 0.742 0.062 0.006 0.003 0.026 
331 TMA-ZAIN-G-    (0)   :  0.017 0.167 0.016 0.008 0.123 0.519 0.007 0.064 0.058 0.021 
332 TMA-ZAIN-G-    (0)   :  0.007 0.012 0.002 0.289 0.005 0.638 0.010 0.003 0.002 0.030 
333 TMA-ZAIN-G-    (0)   :  0.003 0.004 0.003 0.967 0.004 0.008 0.003 0.004 0.002 0.003 
334 TMA-ZAIN-G-    (0)   :  0.008 0.004 0.012 0.003 0.006 0.003 0.003 0.011 0.945 0.004 
335 TMA-ZAIN-G-    (0)   :  0.006 0.005 0.003 0.003 0.004 0.004 0.005 0.004 0.961 0.005 
336 TMA-ZAIN-G-    (0)   :  0.024 0.010 0.012 0.006 0.012 0.007 0.006 0.013 0.902 0.008 
337 TMA-ZAIN-G-    (9)   :  0.040 0.007 0.075 0.003 0.007 0.005 0.004 0.017 0.836 0.007 
338 TMA-ZAIN-G-    (0)   :  0.009 0.004 0.027 0.003 0.007 0.003 0.003 0.009 0.931 0.004 
339 TMA-ZAIN-G-    (0)   :  0.004 0.002 0.014 0.002 0.004 0.002 0.002 0.006 0.962 0.002 
340 TMA-ZAIN-G-    (0)   :  0.004 0.003 0.006 0.002 0.003 0.003 0.003 0.006 0.966 0.003 
341 TMA-ZAIN-G-    (0)   :  0.006 0.004 0.009 0.003 0.003 0.005 0.004 0.004 0.957 0.005 
342 TMA-ZAIN-G-    (0)   :  0.006 0.005 0.008 0.003 0.005 0.004 0.004 0.008 0.954 0.004 
343 TMA-ZAIN-G-    (0)   :  0.005 0.003 0.026 0.003 0.003 0.004 0.002 0.009 0.942 0.003 
344 TMA-ZAIN-G-    (0)   :  0.010 0.004 0.007 0.006 0.004 0.006 0.003 0.011 0.944 0.004 
345 TMA-ZAIN-G-    (0)   :  0.004 0.003 0.004 0.003 0.004 0.003 0.003 0.005 0.969 0.003 
346 TMA-ZAIN-G-    (0)   :  0.005 0.007 0.020 0.011 0.005 0.011 0.003 0.028 0.905 0.005 
347 TMA-ZAIN-G-    (9)   :  0.007 0.003 0.007 0.003 0.003 0.003 0.003 0.006 0.963 0.003 
348 TMA-ZAIN-G-    (0)   :  0.019 0.006 0.019 0.005 0.008 0.005 0.004 0.010 0.921 0.004 
349 TMA-ZAIN-G-    (0)   :  0.005 0.004 0.014 0.004 0.004 0.003 0.003 0.008 0.951 0.003 
350 TMA-ZAIN-G-    (0)   :  0.024 0.008 0.032 0.008 0.005 0.009 0.005 0.088 0.813 0.007 
351 TMA-ZAIN-G-    (0)   :  0.008 0.004 0.008 0.004 0.005 0.003 0.004 0.006 0.956 0.003 
352 TMA-ZAIN-G-    (0)   :  0.010 0.008 0.007 0.003 0.007 0.006 0.007 0.006 0.937 0.008 
353 TMA-ZAIN-G-    (0)   :  0.015 0.005 0.040 0.012 0.005 0.012 0.003 0.035 0.866 0.007 
354 TMA-ZAIN-G-    (0)   :  0.010 0.004 0.007 0.005 0.003 0.009 0.002 0.012 0.942 0.006 
355 TMA-ZAIN-G-    (0)   :  0.009 0.007 0.012 0.007 0.003 0.013 0.004 0.007 0.926 0.012 
356 TMA-ZAIN-G-    (0)   :  0.004 0.006 0.003 0.002 0.011 0.004 0.033 0.012 0.002 0.923 
357 TMA-ZAIN-G-    (0)   :  0.014 0.083 0.007 0.341 0.010 0.092 0.066 0.007 0.004 0.377 
358 TMA-ZAIN-G-    (0)   :  0.045 0.119 0.046 0.016 0.023 0.487 0.128 0.022 0.021 0.092 
359 TMA-ZAIN-G-    (0)   :  0.021 0.066 0.008 0.004 0.081 0.013 0.280 0.086 0.022 0.419 
360 TMA-ZAIN-G-    (0)   :  0.004 0.133 0.003 0.003 0.007 0.023 0.016 0.007 0.005 0.799 
361 TMA-ZAIN-G-    (0)   :  0.013 0.046 0.009 0.020 0.010 0.763 0.019 0.006 0.003 0.111 
362 TMA-ZAIN-G-    (0)   :  0.007 0.031 0.007 0.003 0.005 0.008 0.008 0.027 0.052 0.852 
363 TMA-ZAIN-G-    (0)   :  0.050 0.356 0.005 0.059 0.017 0.386 0.016 0.031 0.009 0.072 
364 TMA-ZAIN-G-    (0)   :  0.322 0.052 0.405 0.014 0.029 0.023 0.022 0.081 0.036 0.016 
365 TMA-ZAIN-G-    (0)   :  0.127 0.088 0.010 0.004 0.004 0.121 0.026 0.026 0.123 0.470 
366 TMA-ZAIN-G-    (0)   :  0.012 0.729 0.004 0.003 0.017 0.016 0.078 0.004 0.006 0.131 
367 TMA-ZAIN-G-    (0)   :  0.024 0.018 0.086 0.038 0.066 0.664 0.007 0.020 0.006 0.071 
368 TMA-ZAIN-G-    (0)   :  0.008 0.853 0.004 0.006 0.011 0.019 0.050 0.004 0.004 0.041 
369 TMA-ZAIN-G-    (0)   :  0.006 0.011 0.002 0.015 0.005 0.922 0.022 0.003 0.003 0.012 
370 TMA-ZAIN-G-    (0)   :  0.007 0.048 0.005 0.014 0.004 0.891 0.009 0.005 0.003 0.013 
371 TMA-ZAIN-G-    (0)   :  0.006 0.161 0.005 0.009 0.006 0.010 0.027 0.004 0.003 0.769 
372 TMA-ZAIN-G-    (0)   :  0.006 0.147 0.004 0.005 0.008 0.155 0.025 0.003 0.004 0.644 
373 TMA-ZAIN-G-    (0)   :  0.009 0.005 0.003 0.472 0.006 0.482 0.006 0.007 0.004 0.006 
374 TMA-ZAIN-G-    (0)   :  0.048 0.023 0.276 0.110 0.177 0.264 0.007 0.042 0.008 0.046 
375 TMA-ZAIN-G-    (0)   :  0.016 0.019 0.016 0.039 0.006 0.173 0.009 0.683 0.006 0.031 
376 TMA-ZAIN-G-    (9)   :  0.005 0.057 0.004 0.004 0.003 0.052 0.004 0.004 0.003 0.864 
377 TMA-ZAIN-G-    (0)   :  0.004 0.181 0.003 0.006 0.005 0.039 0.022 0.003 0.002 0.736 
378 TMA-ZAIN-G-    (0)   :  0.003 0.018 0.003 0.008 0.003 0.015 0.014 0.003 0.002 0.930 
379 TMA-ZAIN-G-    (0)   :  0.003 0.008 0.003 0.013 0.009 0.010 0.012 0.003 0.002 0.936 
380 TMA-ZAIN-G-    (0)   :  0.006 0.803 0.003 0.009 0.008 0.050 0.052 0.005 0.003 0.061 
381 TMA-ZAIN-G-    (9)   :  0.523 0.171 0.008 0.017 0.065 0.033 0.074 0.066 0.010 0.035 
382 TMA-ZAIN-G-    (9)   :  0.027 0.010 0.482 0.011 0.009 0.018 0.004 0.379 0.055 0.006 
383    ZFB01    (0)   :  0.004 0.004 0.961 0.003 0.004 0.004 0.003 0.004 0.008 0.006 
384    ZFB02    (0)   :  0.004 0.003 0.936 0.002 0.007 0.003 0.003 0.006 0.031 0.004 
385    ZFB03    (0)   :  0.007 0.004 0.948 0.010 0.004 0.005 0.003 0.009 0.004 0.006 
386    ZFB04    (0)   :  0.004 0.004 0.934 0.002 0.006 0.003 0.003 0.005 0.033 0.006 
387    ZFB05    (0)   :  0.029 0.003 0.774 0.011 0.011 0.006 0.011 0.044 0.108 0.004 
388    ZFB06    (0)   :  0.022 0.003 0.856 0.010 0.008 0.006 0.010 0.035 0.046 0.004 
389    ZFB07    (9)   :  0.005 0.008 0.926 0.005 0.005 0.008 0.004 0.019 0.009 0.009 
390    ZFB08    (0)   :  0.017 0.008 0.929 0.005 0.006 0.007 0.006 0.007 0.007 0.008 
391    ZFB09    (0)   :  0.005 0.003 0.968 0.003 0.004 0.003 0.003 0.004 0.005 0.004 
392    ZFB10    (0)   :  0.005 0.016 0.905 0.002 0.006 0.010 0.006 0.005 0.010 0.033 
393    ZFB11    (0)   :  0.003 0.012 0.936 0.003 0.007 0.005 0.004 0.005 0.016 0.009 
394    ZFB12    (0)   :  0.027 0.010 0.875 0.007 0.005 0.008 0.004 0.015 0.040 0.009 
395    ZFB13    (0)   :  0.012 0.011 0.929 0.005 0.005 0.007 0.007 0.008 0.007 0.010 
396    ZFB14    (0)   :  0.004 0.005 0.963 0.003 0.005 0.004 0.003 0.004 0.004 0.006 
397    ZFB15    (0)   :  0.004 0.003 0.959 0.003 0.003 0.003 0.002 0.004 0.015 0.003 
398    ZFB16    (0)   :  0.008 0.007 0.935 0.003 0.004 0.007 0.004 0.006 0.018 0.008 
399    ZFB17    (0)   :  0.033 0.008 0.861 0.004 0.023 0.012 0.011 0.009 0.026 0.014 
400    ZFB18    (0)   :  0.003 0.004 0.969 0.002 0.004 0.003 0.003 0.004 0.003 0.004 
401    ZFB19    (0)   :  0.020 0.024 0.858 0.005 0.004 0.022 0.008 0.014 0.008 0.037 
402    ZFB20    (0)   :  0.008 0.007 0.911 0.003 0.005 0.006 0.004 0.006 0.044 0.007 
403    ZFB21    (0)   :  0.004 0.003 0.959 0.004 0.003 0.003 0.002 0.008 0.011 0.003 
404    ZFB22    (0)   :  0.013 0.009 0.846 0.003 0.008 0.012 0.012 0.008 0.075 0.014 
405    ZFB23    (0)   :  0.004 0.010 0.924 0.004 0.007 0.005 0.004 0.007 0.025 0.009 
406    ZFB24    (0)   :  0.004 0.011 0.914 0.003 0.006 0.005 0.003 0.006 0.040 0.008 
407    ZFB25    (0)   :  0.003 0.017 0.913 0.003 0.004 0.011 0.005 0.004 0.006 0.034 
408    ZFB26    (0)   :  0.004 0.030 0.852 0.004 0.009 0.011 0.005 0.010 0.053 0.022 
409    ZFB27    (0)   :  0.003 0.010 0.868 0.003 0.005 0.006 0.003 0.006 0.087 0.010 
410    ZFB28    (0)   :  0.014 0.011 0.790 0.006 0.012 0.008 0.003 0.046 0.103 0.007 
411    ZFB29    (0)   :  0.003 0.005 0.946 0.002 0.008 0.003 0.003 0.007 0.018 0.004 
412    ZFB30    (0)   :  0.011 0.008 0.736 0.012 0.005 0.011 0.014 0.052 0.144 0.007 
413    ZFB31    (0)   :  0.004 0.011 0.934 0.004 0.004 0.009 0.004 0.005 0.007 0.019 
414    ZFB32    (0)   :  0.033 0.019 0.772 0.010 0.034 0.013 0.005 0.046 0.055 0.014 
