

----------------------------------------------------
STRUCTURE by Pritchard, Stephens and Donnelly (2000)
     and Falush, Stephens and Pritchard (2003)
       Code by Pritchard, Falush and Hubisz
             Version 2.3.4 (Jul 2012)
----------------------------------------------------



Command line arguments:   bin\structure -m C:\Users\eschumacher\Documents\GitHub\GCC_QUAC_ZAIN\Data_Files\Structure_Files\ZAIN\ZAIN_rebinned_garden_wild_nopopinfo\50-50\mainparams -e C:\Users\eschumacher\Documents\GitHub\GCC_QUAC_ZAIN\Data_Files\Structure_Files\ZAIN\ZAIN_rebinned_garden_wild_nopopinfo\50-50\extraparams 
Input File:    C:\Users\eschumacher\Documents\GitHub\GCC_QUAC_ZAIN\Data_Files\Structure_Files\ZAIN\ZAIN_rebinned_garden_wild_nopopinfo\project_data

Run parameters:
   1133 individuals
   11 loci
   6 populations assumed
   50000 Burn-in period
   50000 Reps


--------------------------------------------
Overall proportion of membership of the
sample in each of the 6 clusters

Inferred Clusters
  1      2      3      4      5      6    
0.155  0.113  0.133  0.159  0.180  0.260  

--------------------------------------------

Allele-freq. divergence among pops (Net nucleotide distance),
computed using point estimates of P.

      1       2       3       4       5       6      
 1      -    0.1415  0.1422  0.0885  0.2030  0.2189  
 2   0.1415     -    0.2091  0.0963  0.1145  0.1498  
 3   0.1422  0.2091     -    0.1203  0.2645  0.2766  
 4   0.0885  0.0963  0.1203     -    0.1013  0.1400  
 5   0.2030  0.1145  0.2645  0.1013     -    0.0759  
 6   0.2189  0.1498  0.2766  0.1400  0.0759     -    

Average distances (expected heterozygosity) between individuals in same cluster:
cluster  1  : 0.4845 
cluster  2  : 0.4383 
cluster  3  : 0.4280 
cluster  4  : 0.5570 
cluster  5  : 0.4347 
cluster  6  : 0.4323 

--------------------------------------------
Estimated Ln Prob of Data   = -22210.3
Mean value of ln likelihood = -21819.7
Variance of ln likelihood   = 781.2
Mean value of alpha         = 0.0340

Mean value of Fst_1         = 0.3194
Mean value of Fst_2         = 0.4221
Mean value of Fst_3         = 0.4079
Mean value of Fst_4         = 0.1212
Mean value of Fst_5         = 0.3755
Mean value of Fst_6         = 0.2689


Inferred ancestry of individuals:
        Label (%Miss) :  Inferred clusters
  1 TMA-ZAIN-G-    (9)   :  0.805 0.025 0.006 0.073 0.073 0.018 
  2 TMA-ZAIN-G-    (0)   :  0.768 0.023 0.006 0.042 0.022 0.139 
  3 TMA-ZAIN-G-    (0)   :  0.006 0.010 0.003 0.007 0.196 0.779 
  4 TMA-ZAIN-G-    (0)   :  0.019 0.756 0.010 0.013 0.037 0.164 
  5 TMA-ZAIN-G-    (0)   :  0.979 0.006 0.005 0.004 0.002 0.003 
  6 TMA-ZAIN-G-    (0)   :  0.037 0.063 0.038 0.166 0.155 0.540 
  7 TMA-ZAIN-G-    (0)   :  0.017 0.034 0.008 0.022 0.554 0.364 
  8 TMA-ZAIN-G-    (0)   :  0.007 0.023 0.003 0.005 0.674 0.288 
  9 TMA-ZAIN-G-    (9)   :  0.012 0.006 0.005 0.014 0.243 0.720 
 10 TMA-ZAIN-G-    (0)   :  0.003 0.011 0.005 0.011 0.185 0.785 
 11 TMA-ZAIN-G-    (0)   :  0.007 0.008 0.006 0.010 0.265 0.704 
 12 TMA-ZAIN-G-    (0)   :  0.006 0.005 0.003 0.006 0.041 0.939 
 13 TMA-ZAIN-G-    (9)   :  0.056 0.019 0.101 0.032 0.583 0.209 
 14 TMA-ZAIN-G-    (9)   :  0.004 0.007 0.005 0.006 0.971 0.007 
 15 TMA-ZAIN-G-    (0)   :  0.004 0.007 0.002 0.006 0.975 0.006 
 16 TMA-ZAIN-G-    (0)   :  0.005 0.004 0.005 0.007 0.020 0.960 
 17 TMA-ZAIN-G-    (9)   :  0.015 0.035 0.018 0.059 0.853 0.021 
 18 TMA-ZAIN-G-    (0)   :  0.750 0.053 0.006 0.164 0.016 0.011 
 19 TMA-ZAIN-G-    (0)   :  0.015 0.007 0.011 0.929 0.025 0.013 
 20 TMA-ZAIN-G-    (0)   :  0.043 0.018 0.094 0.838 0.003 0.003 
 21 TMA-ZAIN-G-    (0)   :  0.003 0.005 0.980 0.004 0.003 0.005 
 22 TMA-ZAIN-G-    (0)   :  0.043 0.007 0.932 0.013 0.003 0.003 
 23 TMA-ZAIN-G-    (0)   :  0.020 0.005 0.922 0.039 0.008 0.006 
 24 TMA-ZAIN-G-    (9)   :  0.010 0.006 0.790 0.004 0.059 0.129 
 25 TMA-ZAIN-G-    (9)   :  0.130 0.004 0.011 0.804 0.008 0.042 
 26 TMA-ZAIN-G-    (9)   :  0.011 0.521 0.033 0.017 0.142 0.276 
 27 TMA-ZAIN-G-    (0)   :  0.050 0.017 0.013 0.876 0.036 0.007 
 28 TMA-ZAIN-G-    (0)   :  0.012 0.007 0.004 0.960 0.009 0.008 
 29 TMA-ZAIN-G-    (0)   :  0.004 0.056 0.004 0.379 0.043 0.514 
 30 TMA-ZAIN-G-    (0)   :  0.004 0.008 0.005 0.357 0.471 0.154 
 31 TMA-ZAIN-G-    (0)   :  0.925 0.040 0.012 0.012 0.005 0.006 
 32 TMA-ZAIN-G-    (9)   :  0.921 0.005 0.007 0.013 0.028 0.025 
 33 TMA-ZAIN-G-   (18)   :  0.007 0.004 0.003 0.006 0.311 0.668 
 34 TMA-ZAIN-G-    (0)   :  0.323 0.007 0.018 0.012 0.019 0.621 
 35 TMA-ZAIN-G-    (9)   :  0.019 0.011 0.004 0.013 0.095 0.859 
 36 TMA-ZAIN-G-    (0)   :  0.004 0.016 0.003 0.008 0.605 0.364 
 37 TMA-ZAIN-G-    (9)   :  0.011 0.014 0.007 0.020 0.071 0.878 
 38 TMA-ZAIN-G-   (18)   :  0.911 0.006 0.008 0.018 0.036 0.021 
 39 TMA-ZAIN-G-    (0)   :  0.003 0.009 0.006 0.005 0.011 0.966 
 40 TMA-ZAIN-G-    (0)   :  0.004 0.005 0.004 0.004 0.078 0.905 
 41 TMA-ZAIN-G-    (0)   :  0.003 0.005 0.003 0.005 0.742 0.242 
 42 TMA-ZAIN-G-    (9)   :  0.003 0.006 0.002 0.004 0.977 0.007 
 43 TMA-ZAIN-G-    (0)   :  0.004 0.010 0.003 0.004 0.972 0.007 
 44 TMA-ZAIN-G-    (0)   :  0.005 0.005 0.856 0.016 0.019 0.099 
 45 TMA-ZAIN-G-    (0)   :  0.007 0.015 0.008 0.013 0.407 0.550 
 46 TMA-ZAIN-G-    (0)   :  0.003 0.005 0.981 0.004 0.003 0.004 
 47 TMA-ZAIN-G-    (0)   :  0.004 0.981 0.003 0.004 0.004 0.004 
 48 TMA-ZAIN-G-    (0)   :  0.007 0.640 0.028 0.018 0.248 0.060 
 49 TMA-ZAIN-G-    (9)   :  0.021 0.012 0.006 0.922 0.006 0.032 
 50 TMA-ZAIN-G-    (0)   :  0.007 0.003 0.007 0.948 0.026 0.009 
 51 TMA-ZAIN-G-    (0)   :  0.007 0.025 0.009 0.907 0.045 0.008 
 52 TMA-ZAIN-G-    (0)   :  0.006 0.103 0.012 0.854 0.014 0.011 
 53 TMA-ZAIN-G-    (0)   :  0.122 0.175 0.009 0.654 0.029 0.010 
 54 TMA-ZAIN-G-    (0)   :  0.006 0.962 0.005 0.009 0.013 0.006 
 55 TMA-ZAIN-G-    (0)   :  0.005 0.913 0.009 0.027 0.039 0.007 
 56 TMA-ZAIN-G-    (0)   :  0.008 0.695 0.009 0.113 0.120 0.055 
 57 TMA-ZAIN-G-    (0)   :  0.008 0.958 0.003 0.016 0.005 0.010 
 58 TMA-ZAIN-G-    (0)   :  0.025 0.023 0.057 0.878 0.011 0.006 
 59 TMA-ZAIN-G-    (0)   :  0.667 0.070 0.034 0.054 0.061 0.114 
 60 TMA-ZAIN-G-    (0)   :  0.387 0.044 0.009 0.468 0.077 0.015 
 61 TMA-ZAIN-G-    (0)   :  0.946 0.015 0.023 0.009 0.003 0.004 
 62 TMA-ZAIN-G-    (9)   :  0.864 0.012 0.025 0.046 0.023 0.031 
 63 TMA-ZAIN-G-    (0)   :  0.958 0.013 0.007 0.012 0.006 0.004 
 64 TMA-ZAIN-G-    (0)   :  0.002 0.006 0.003 0.004 0.015 0.971 
 65 TMA-ZAIN-G-    (9)   :  0.003 0.017 0.003 0.004 0.022 0.951 
 66 TMA-ZAIN-G-    (0)   :  0.002 0.008 0.003 0.004 0.015 0.968 
 67 TMA-ZAIN-G-    (0)   :  0.004 0.006 0.010 0.011 0.006 0.963 
 68 TMA-ZAIN-G-    (0)   :  0.003 0.020 0.002 0.004 0.059 0.912 
 69 TMA-ZAIN-G-    (0)   :  0.008 0.011 0.014 0.010 0.007 0.950 
 70 TMA-ZAIN-G-    (0)   :  0.004 0.004 0.006 0.007 0.011 0.969 
 71 TMA-ZAIN-G-    (0)   :  0.003 0.004 0.004 0.005 0.007 0.978 
 72 TMA-ZAIN-G-    (0)   :  0.005 0.010 0.005 0.008 0.049 0.923 
 73 TMA-ZAIN-G-    (0)   :  0.026 0.018 0.042 0.044 0.007 0.863 
 74 TMA-ZAIN-G-    (0)   :  0.011 0.006 0.014 0.023 0.009 0.937 
 75 TMA-ZAIN-G-    (0)   :  0.006 0.012 0.004 0.012 0.014 0.952 
 76 TMA-ZAIN-G-    (0)   :  0.008 0.004 0.059 0.022 0.005 0.902 
 77 TMA-ZAIN-G-    (0)   :  0.004 0.010 0.011 0.013 0.035 0.927 
 78 TMA-ZAIN-G-    (0)   :  0.012 0.018 0.060 0.052 0.019 0.839 
 79 TMA-ZAIN-G-    (0)   :  0.006 0.026 0.046 0.022 0.054 0.845 
 80 TMA-ZAIN-G-    (0)   :  0.003 0.010 0.005 0.005 0.008 0.968 
 81 TMA-ZAIN-G-    (0)   :  0.004 0.014 0.013 0.014 0.020 0.936 
 82 TMA-ZAIN-G-    (0)   :  0.004 0.011 0.003 0.005 0.007 0.971 
 83 TMA-ZAIN-G-    (9)   :  0.069 0.020 0.035 0.022 0.011 0.843 
 84 TMA-ZAIN-G-    (0)   :  0.005 0.006 0.046 0.016 0.009 0.918 
 85 TMA-ZAIN-G-    (0)   :  0.026 0.788 0.025 0.142 0.009 0.010 
 86 TMA-ZAIN-G-    (0)   :  0.008 0.901 0.037 0.023 0.013 0.018 
 87 TMA-ZAIN-G-    (0)   :  0.035 0.678 0.201 0.067 0.009 0.010 
 88 TMA-ZAIN-G-    (0)   :  0.180 0.626 0.013 0.011 0.041 0.129 
 89 TMA-ZAIN-G-    (0)   :  0.018 0.906 0.018 0.006 0.021 0.031 
 90 TMA-ZAIN-G-    (0)   :  0.008 0.953 0.008 0.015 0.006 0.009 
 91 TMA-ZAIN-G-    (0)   :  0.022 0.942 0.007 0.012 0.009 0.008 
 92 TMA-ZAIN-G-    (0)   :  0.006 0.938 0.019 0.022 0.009 0.006 
 93 TMA-ZAIN-G-    (0)   :  0.017 0.939 0.009 0.022 0.008 0.005 
 94 TMA-ZAIN-G-    (0)   :  0.045 0.918 0.012 0.017 0.005 0.004 
 95 TMA-ZAIN-G-    (0)   :  0.010 0.005 0.009 0.938 0.025 0.013 
 96 TMA-ZAIN-G-    (0)   :  0.005 0.006 0.005 0.928 0.048 0.009 
 97 TMA-ZAIN-G-    (0)   :  0.959 0.010 0.007 0.011 0.005 0.007 
 98 TMA-ZAIN-G-    (0)   :  0.973 0.008 0.005 0.004 0.005 0.005 
 99 TMA-ZAIN-G-    (0)   :  0.844 0.004 0.014 0.007 0.027 0.104 
100 TMA-ZAIN-G-    (0)   :  0.933 0.024 0.017 0.017 0.005 0.005 
101 TMA-ZAIN-G-    (0)   :  0.962 0.008 0.005 0.009 0.005 0.010 
102 TMA-ZAIN-G-    (0)   :  0.660 0.013 0.170 0.074 0.044 0.040 
103 TMA-ZAIN-G-    (0)   :  0.934 0.008 0.013 0.023 0.010 0.011 
104 TMA-ZAIN-G-    (0)   :  0.977 0.004 0.006 0.006 0.004 0.003 
105 TMA-ZAIN-G-    (0)   :  0.941 0.010 0.008 0.018 0.012 0.012 
106 TMA-ZAIN-G-    (0)   :  0.003 0.006 0.003 0.004 0.738 0.246 
107 TMA-ZAIN-G-    (0)   :  0.005 0.005 0.003 0.005 0.013 0.969 
108 TMA-ZAIN-G-    (9)   :  0.457 0.029 0.052 0.049 0.273 0.141 
109 TMA-ZAIN-G-    (0)   :  0.315 0.054 0.005 0.051 0.201 0.374 
110 TMA-ZAIN-G-    (0)   :  0.091 0.025 0.169 0.125 0.331 0.260 
111 TMA-ZAIN-G-    (9)   :  0.712 0.043 0.077 0.056 0.016 0.096 
112 TMA-ZAIN-G-    (0)   :  0.317 0.031 0.043 0.135 0.292 0.181 
113 TMA-ZAIN-G-    (0)   :  0.953 0.015 0.008 0.005 0.006 0.013 
114 TMA-ZAIN-G-    (0)   :  0.973 0.005 0.012 0.005 0.003 0.003 
115 TMA-ZAIN-G-    (0)   :  0.978 0.004 0.005 0.005 0.003 0.004 
116 TMA-ZAIN-G-    (0)   :  0.008 0.013 0.003 0.004 0.009 0.964 
117 TMA-ZAIN-G-    (0)   :  0.006 0.035 0.003 0.011 0.270 0.675 
118 TMA-ZAIN-G-    (0)   :  0.007 0.009 0.003 0.005 0.011 0.966 
119 TMA-ZAIN-G-    (0)   :  0.015 0.011 0.007 0.009 0.007 0.950 
120 TMA-ZAIN-G-    (0)   :  0.011 0.015 0.004 0.010 0.021 0.938 
121 TMA-ZAIN-G-    (0)   :  0.007 0.018 0.003 0.009 0.025 0.938 
122 TMA-ZAIN-G-    (0)   :  0.006 0.026 0.007 0.013 0.050 0.898 
123 TMA-ZAIN-G-    (0)   :  0.959 0.006 0.009 0.015 0.007 0.005 
124 TMA-ZAIN-G-    (0)   :  0.005 0.005 0.003 0.006 0.971 0.010 
125 TMA-ZAIN-G-    (0)   :  0.003 0.051 0.002 0.005 0.922 0.017 
126 TMA-ZAIN-G-    (0)   :  0.005 0.007 0.003 0.004 0.972 0.009 
127 TMA-ZAIN-G-    (0)   :  0.003 0.004 0.003 0.004 0.975 0.011 
128 TMA-ZAIN-G-    (0)   :  0.004 0.008 0.003 0.006 0.951 0.029 
129 TMA-ZAIN-G-    (0)   :  0.006 0.005 0.003 0.005 0.970 0.011 
130 TMA-ZAIN-G-    (0)   :  0.006 0.025 0.003 0.005 0.949 0.012 
131 TMA-ZAIN-G-    (0)   :  0.004 0.005 0.003 0.006 0.975 0.008 
132 TMA-ZAIN-G-    (0)   :  0.004 0.033 0.003 0.006 0.864 0.090 
133 TMA-ZAIN-G-    (0)   :  0.003 0.031 0.013 0.012 0.817 0.124 
134 TMA-ZAIN-G-    (0)   :  0.003 0.021 0.008 0.005 0.906 0.058 
135 TMA-ZAIN-G-    (0)   :  0.005 0.006 0.005 0.004 0.040 0.939 
136 TMA-ZAIN-G-    (0)   :  0.003 0.018 0.004 0.004 0.021 0.949 
137 TMA-ZAIN-G-    (0)   :  0.008 0.006 0.005 0.005 0.040 0.935 
138 TMA-ZAIN-G-    (0)   :  0.005 0.012 0.003 0.004 0.568 0.409 
139 TMA-ZAIN-G-    (0)   :  0.005 0.051 0.004 0.004 0.155 0.780 
140 TMA-ZAIN-G-    (0)   :  0.004 0.005 0.005 0.006 0.051 0.930 
141 TMA-ZAIN-G-    (0)   :  0.006 0.007 0.004 0.007 0.211 0.765 
142 TMA-ZAIN-G-    (9)   :  0.004 0.006 0.004 0.005 0.034 0.948 
143 TMA-ZAIN-G-    (0)   :  0.005 0.005 0.003 0.006 0.147 0.833 
144 TMA-ZAIN-G-    (0)   :  0.004 0.037 0.005 0.017 0.115 0.823 
145 TMA-ZAIN-G-    (0)   :  0.003 0.009 0.002 0.003 0.009 0.973 
146 TMA-ZAIN-G-    (0)   :  0.004 0.004 0.003 0.004 0.009 0.977 
147 TMA-ZAIN-G-    (9)   :  0.004 0.005 0.003 0.004 0.012 0.973 
148 TMA-ZAIN-G-    (0)   :  0.004 0.045 0.003 0.004 0.263 0.681 
149 TMA-ZAIN-G-    (0)   :  0.034 0.100 0.021 0.017 0.160 0.668 
150 TMA-ZAIN-G-    (0)   :  0.026 0.098 0.016 0.013 0.025 0.821 
151 TMA-ZAIN-G-    (0)   :  0.004 0.005 0.002 0.004 0.042 0.943 
152 TMA-ZAIN-G-    (0)   :  0.006 0.005 0.002 0.004 0.014 0.968 
153 TMA-ZAIN-G-    (0)   :  0.004 0.015 0.002 0.004 0.106 0.868 
154 TMA-ZAIN-G-    (0)   :  0.005 0.006 0.003 0.004 0.011 0.971 
155 TMA-ZAIN-G-    (0)   :  0.006 0.004 0.003 0.004 0.024 0.959 
156 TMA-ZAIN-G-    (9)   :  0.025 0.021 0.003 0.006 0.359 0.585 
157 TMA-ZAIN-G-    (0)   :  0.009 0.008 0.003 0.005 0.417 0.558 
158 TMA-ZAIN-G-    (0)   :  0.004 0.005 0.004 0.006 0.010 0.972 
159 TMA-ZAIN-G-    (0)   :  0.005 0.005 0.002 0.003 0.007 0.977 
160 TMA-ZAIN-G-    (0)   :  0.007 0.005 0.003 0.003 0.005 0.978 
161 TMA-ZAIN-G-    (0)   :  0.004 0.023 0.003 0.006 0.127 0.836 
162 TMA-ZAIN-G-    (0)   :  0.041 0.018 0.017 0.012 0.010 0.902 
163 TMA-ZAIN-G-    (0)   :  0.004 0.004 0.002 0.003 0.006 0.980 
164 TMA-ZAIN-G-    (0)   :  0.006 0.009 0.003 0.004 0.010 0.966 
165 TMA-ZAIN-G-    (0)   :  0.005 0.004 0.003 0.004 0.007 0.978 
166 TMA-ZAIN-G-    (0)   :  0.004 0.007 0.002 0.004 0.025 0.958 
167 TMA-ZAIN-G-    (0)   :  0.007 0.006 0.006 0.009 0.083 0.889 
168 TMA-ZAIN-G-    (0)   :  0.007 0.008 0.004 0.006 0.033 0.942 
169 TMA-ZAIN-G-    (0)   :  0.004 0.005 0.003 0.003 0.006 0.978 
170 TMA-ZAIN-G-    (0)   :  0.023 0.005 0.011 0.029 0.249 0.684 
171 TMA-ZAIN-G-    (0)   :  0.004 0.005 0.003 0.003 0.006 0.979 
172 TMA-ZAIN-G-    (0)   :  0.004 0.004 0.005 0.007 0.878 0.103 
173 TMA-ZAIN-G-    (0)   :  0.003 0.005 0.004 0.007 0.926 0.055 
174 TMA-ZAIN-G-    (0)   :  0.003 0.007 0.003 0.004 0.122 0.861 
175 TMA-ZAIN-G-    (0)   :  0.004 0.005 0.003 0.004 0.007 0.977 
176 TMA-ZAIN-G-    (0)   :  0.004 0.004 0.003 0.004 0.012 0.972 
177 TMA-ZAIN-G-    (0)   :  0.005 0.004 0.003 0.006 0.110 0.872 
178 TMA-ZAIN-G-    (0)   :  0.005 0.004 0.004 0.007 0.893 0.087 
179 TMA-ZAIN-G-    (0)   :  0.004 0.005 0.003 0.005 0.268 0.714 
180 TMA-ZAIN-G-    (0)   :  0.004 0.017 0.007 0.008 0.856 0.108 
181 TMA-ZAIN-G-    (0)   :  0.005 0.004 0.002 0.003 0.975 0.010 
182 TMA-ZAIN-G-    (0)   :  0.006 0.005 0.003 0.004 0.975 0.007 
183 TMA-ZAIN-G-    (0)   :  0.004 0.003 0.003 0.004 0.976 0.010 
184 TMA-ZAIN-G-    (0)   :  0.048 0.032 0.020 0.017 0.844 0.039 
185 TMA-ZAIN-G-    (0)   :  0.018 0.044 0.038 0.044 0.815 0.040 
186 TMA-ZAIN-G-    (9)   :  0.004 0.006 0.007 0.013 0.931 0.039 
187 TMA-ZAIN-G-    (0)   :  0.004 0.003 0.003 0.005 0.944 0.041 
188 TMA-ZAIN-G-    (0)   :  0.003 0.003 0.003 0.004 0.933 0.053 
189 TMA-ZAIN-G-    (0)   :  0.003 0.003 0.003 0.003 0.973 0.016 
190 TMA-ZAIN-G-    (0)   :  0.003 0.005 0.003 0.007 0.939 0.043 
191 TMA-ZAIN-G-    (0)   :  0.019 0.016 0.035 0.016 0.896 0.018 
192 TMA-ZAIN-G-    (0)   :  0.004 0.006 0.009 0.005 0.964 0.012 
193 TMA-ZAIN-G-    (0)   :  0.003 0.008 0.003 0.004 0.978 0.004 
194 TMA-ZAIN-G-    (0)   :  0.003 0.012 0.004 0.005 0.972 0.004 
195 TMA-ZAIN-G-    (0)   :  0.003 0.006 0.003 0.005 0.975 0.008 
196 TMA-ZAIN-G-    (0)   :  0.003 0.006 0.003 0.004 0.978 0.005 
197 TMA-ZAIN-G-    (0)   :  0.003 0.013 0.003 0.004 0.971 0.006 
198 TMA-ZAIN-G-    (0)   :  0.003 0.006 0.003 0.003 0.978 0.006 
199 TMA-ZAIN-G-    (0)   :  0.004 0.007 0.005 0.010 0.956 0.019 
200 TMA-ZAIN-G-    (0)   :  0.017 0.004 0.927 0.038 0.012 0.003 
201 TMA-ZAIN-G-    (0)   :  0.006 0.004 0.969 0.013 0.004 0.004 
202 TMA-ZAIN-G-    (0)   :  0.014 0.003 0.949 0.012 0.018 0.004 
203 TMA-ZAIN-G-    (0)   :  0.007 0.005 0.003 0.005 0.974 0.006 
204 TMA-ZAIN-G-    (9)   :  0.005 0.040 0.921 0.015 0.009 0.010 
205 TMA-ZAIN-G-    (0)   :  0.007 0.014 0.812 0.033 0.008 0.126 
206 TMA-ZAIN-G-    (9)   :  0.016 0.023 0.866 0.033 0.046 0.017 
207 TMA-ZAIN-G-    (9)   :  0.015 0.118 0.012 0.041 0.014 0.801 
208 TMA-ZAIN-G-    (0)   :  0.003 0.004 0.003 0.004 0.006 0.980 
209 TMA-ZAIN-G-    (0)   :  0.003 0.024 0.003 0.004 0.907 0.059 
210 TMA-ZAIN-G-    (0)   :  0.004 0.013 0.003 0.005 0.894 0.081 
211 TMA-ZAIN-G-    (0)   :  0.013 0.013 0.027 0.031 0.777 0.139 
212 TMA-ZAIN-G-    (0)   :  0.004 0.013 0.006 0.008 0.663 0.306 
213 TMA-ZAIN-G-    (0)   :  0.004 0.009 0.004 0.006 0.747 0.231 
214 TMA-ZAIN-G-    (0)   :  0.003 0.006 0.003 0.004 0.385 0.598 
215 TMA-ZAIN-G-    (0)   :  0.004 0.003 0.013 0.272 0.184 0.523 
216 TMA-ZAIN-G-    (0)   :  0.003 0.008 0.005 0.008 0.927 0.048 
217 TMA-ZAIN-G-    (0)   :  0.003 0.007 0.003 0.003 0.364 0.619 
218 TMA-ZAIN-G-    (0)   :  0.005 0.004 0.004 0.974 0.006 0.006 
219 TMA-ZAIN-G-    (0)   :  0.005 0.010 0.011 0.965 0.005 0.004 
220 TMA-ZAIN-G-    (0)   :  0.068 0.010 0.005 0.890 0.006 0.021 
221 TMA-ZAIN-G-    (0)   :  0.005 0.008 0.021 0.937 0.018 0.010 
222 TMA-ZAIN-G-    (0)   :  0.036 0.019 0.010 0.914 0.008 0.014 
223 TMA-ZAIN-G-    (0)   :  0.007 0.005 0.010 0.971 0.003 0.003 
224 TMA-ZAIN-G-    (0)   :  0.013 0.015 0.018 0.933 0.016 0.005 
225 TMA-ZAIN-G-    (0)   :  0.011 0.004 0.011 0.962 0.008 0.004 
226 TMA-ZAIN-G-    (0)   :  0.015 0.006 0.009 0.953 0.011 0.006 
227 TMA-ZAIN-G-    (0)   :  0.012 0.004 0.028 0.937 0.012 0.007 
228 TMA-ZAIN-G-    (0)   :  0.015 0.007 0.011 0.946 0.007 0.013 
229 TMA-ZAIN-G-    (0)   :  0.025 0.006 0.065 0.896 0.003 0.004 
230 TMA-ZAIN-G-    (0)   :  0.033 0.058 0.008 0.807 0.066 0.028 
231 TMA-ZAIN-G-    (0)   :  0.184 0.033 0.532 0.173 0.014 0.063 
232 TMA-ZAIN-G-    (9)   :  0.312 0.016 0.476 0.095 0.049 0.052 
233 TMA-ZAIN-G-    (0)   :  0.006 0.017 0.022 0.917 0.010 0.028 
234 TMA-ZAIN-G-    (0)   :  0.322 0.018 0.047 0.600 0.006 0.007 
235 TMA-ZAIN-G-    (0)   :  0.127 0.011 0.024 0.774 0.046 0.018 
236 TMA-ZAIN-G-    (0)   :  0.088 0.007 0.070 0.806 0.019 0.011 
237 TMA-ZAIN-G-    (0)   :  0.248 0.031 0.014 0.511 0.060 0.135 
238 TMA-ZAIN-G-    (0)   :  0.060 0.005 0.032 0.864 0.017 0.022 
239 TMA-ZAIN-G-    (0)   :  0.006 0.070 0.762 0.005 0.144 0.013 
240 TMA-ZAIN-G-    (0)   :  0.004 0.006 0.979 0.004 0.003 0.003 
241 TMA-ZAIN-G-    (0)   :  0.004 0.005 0.977 0.004 0.004 0.007 
242 TMA-ZAIN-G-    (0)   :  0.003 0.004 0.978 0.004 0.004 0.007 
243 TMA-ZAIN-G-    (0)   :  0.003 0.006 0.971 0.004 0.005 0.011 
244 TMA-ZAIN-G-    (0)   :  0.004 0.004 0.968 0.005 0.005 0.014 
245 TMA-ZAIN-G-    (9)   :  0.004 0.003 0.983 0.003 0.003 0.003 
246 TMA-ZAIN-G-    (0)   :  0.002 0.003 0.984 0.004 0.003 0.003 
247 TMA-ZAIN-G-    (0)   :  0.002 0.004 0.981 0.004 0.003 0.005 
248 TMA-ZAIN-G-    (0)   :  0.004 0.004 0.971 0.006 0.008 0.006 
249 TMA-ZAIN-G-    (0)   :  0.003 0.004 0.980 0.005 0.005 0.003 
250 TMA-ZAIN-G-    (0)   :  0.003 0.004 0.980 0.006 0.004 0.004 
251 TMA-ZAIN-G-    (0)   :  0.006 0.976 0.003 0.005 0.006 0.004 
252 TMA-ZAIN-G-    (0)   :  0.004 0.893 0.003 0.010 0.012 0.078 
253 TMA-ZAIN-G-    (0)   :  0.006 0.977 0.003 0.003 0.005 0.006 
254 TMA-ZAIN-G-    (9)   :  0.008 0.960 0.003 0.005 0.007 0.016 
255 TMA-ZAIN-G-    (0)   :  0.012 0.957 0.017 0.003 0.005 0.006 
256 TMA-ZAIN-G-    (0)   :  0.006 0.970 0.006 0.004 0.008 0.006 
257 TMA-ZAIN-G-    (0)   :  0.004 0.981 0.003 0.004 0.005 0.003 
258 TMA-ZAIN-G-    (0)   :  0.003 0.983 0.003 0.003 0.004 0.004 
259 TMA-ZAIN-G-    (0)   :  0.003 0.981 0.004 0.004 0.004 0.003 
260 TMA-ZAIN-G-    (0)   :  0.004 0.978 0.004 0.004 0.004 0.005 
261 TMA-ZAIN-G-   (18)   :  0.005 0.972 0.004 0.006 0.007 0.006 
262 TMA-ZAIN-G-    (0)   :  0.004 0.981 0.003 0.004 0.005 0.003 
263 TMA-ZAIN-G-    (0)   :  0.006 0.979 0.004 0.004 0.004 0.004 
264 TMA-ZAIN-G-    (0)   :  0.008 0.975 0.004 0.004 0.004 0.005 
265 TMA-ZAIN-G-    (0)   :  0.017 0.714 0.018 0.184 0.023 0.044 
266 TMA-ZAIN-G-    (0)   :  0.021 0.737 0.010 0.031 0.161 0.041 
267 TMA-ZAIN-G-    (0)   :  0.019 0.606 0.287 0.059 0.010 0.019 
268 TMA-ZAIN-G-    (0)   :  0.075 0.006 0.906 0.007 0.003 0.004 
269 TMA-ZAIN-G-    (0)   :  0.298 0.009 0.646 0.036 0.005 0.006 
270 TMA-ZAIN-G-    (0)   :  0.080 0.012 0.878 0.021 0.005 0.006 
271 TMA-ZAIN-G-    (0)   :  0.034 0.007 0.943 0.008 0.004 0.005 
272 TMA-ZAIN-G-    (0)   :  0.029 0.005 0.902 0.055 0.005 0.005 
273 TMA-ZAIN-G-    (0)   :  0.017 0.004 0.958 0.015 0.003 0.003 
274 TMA-ZAIN-G-    (0)   :  0.035 0.010 0.896 0.022 0.027 0.010 
275 TMA-ZAIN-G-    (0)   :  0.006 0.003 0.976 0.008 0.004 0.003 
276 TMA-ZAIN-G-    (0)   :  0.008 0.003 0.979 0.004 0.002 0.003 
277 TMA-ZAIN-G-    (0)   :  0.010 0.006 0.971 0.005 0.004 0.005 
278 TMA-ZAIN-G-    (0)   :  0.006 0.005 0.978 0.006 0.003 0.003 
279 TMA-ZAIN-G-    (0)   :  0.011 0.004 0.960 0.015 0.005 0.004 
280 TMA-ZAIN-G-    (0)   :  0.100 0.004 0.841 0.041 0.010 0.005 
281 TMA-ZAIN-G-    (0)   :  0.036 0.005 0.937 0.012 0.006 0.004 
282 TMA-ZAIN-G-    (9)   :  0.014 0.006 0.968 0.007 0.003 0.003 
283 TMA-ZAIN-G-    (0)   :  0.092 0.132 0.609 0.146 0.009 0.013 
284 TMA-ZAIN-G-    (0)   :  0.189 0.169 0.445 0.176 0.011 0.011 
285 TMA-ZAIN-G-    (0)   :  0.050 0.038 0.831 0.033 0.023 0.025 
286 TMA-ZAIN-G-    (0)   :  0.033 0.010 0.939 0.011 0.003 0.004 
287 TMA-ZAIN-G-    (0)   :  0.023 0.006 0.948 0.008 0.009 0.006 
288 TMA-ZAIN-G-    (0)   :  0.114 0.016 0.601 0.194 0.055 0.020 
289 TMA-ZAIN-G-    (0)   :  0.024 0.011 0.917 0.019 0.017 0.012 
290 TMA-ZAIN-G-    (0)   :  0.427 0.010 0.453 0.091 0.012 0.006 
291 TMA-ZAIN-G-    (0)   :  0.010 0.008 0.015 0.958 0.005 0.004 
292 TMA-ZAIN-G-    (0)   :  0.012 0.006 0.015 0.021 0.195 0.750 
293 TMA-ZAIN-G-    (0)   :  0.004 0.017 0.008 0.011 0.040 0.920 
294 TMA-ZAIN-G-    (0)   :  0.003 0.006 0.004 0.004 0.009 0.972 
295 TMA-ZAIN-G-    (9)   :  0.004 0.008 0.008 0.012 0.012 0.957 
296 TMA-ZAIN-G-    (0)   :  0.018 0.014 0.007 0.016 0.155 0.791 
297 TMA-ZAIN-G-    (0)   :  0.006 0.014 0.007 0.009 0.075 0.889 
298 TMA-ZAIN-G-    (0)   :  0.016 0.065 0.029 0.017 0.016 0.858 
299 TMA-ZAIN-G-    (0)   :  0.005 0.004 0.008 0.006 0.007 0.971 
300 TMA-ZAIN-G-    (0)   :  0.003 0.007 0.007 0.007 0.025 0.951 
301 TMA-ZAIN-G-    (0)   :  0.006 0.009 0.008 0.007 0.067 0.903 
302 TMA-ZAIN-G-    (9)   :  0.004 0.006 0.003 0.006 0.138 0.841 
303 TMA-ZAIN-G-    (0)   :  0.019 0.043 0.007 0.858 0.069 0.004 
304 TMA-ZAIN-G-    (0)   :  0.015 0.585 0.008 0.010 0.179 0.202 
305 TMA-ZAIN-G-    (0)   :  0.004 0.008 0.004 0.005 0.035 0.943 
306 TMA-ZAIN-G-    (0)   :  0.157 0.410 0.026 0.012 0.078 0.316 
307 TMA-ZAIN-G-    (0)   :  0.009 0.483 0.011 0.007 0.179 0.311 
308 TMA-ZAIN-G-    (0)   :  0.031 0.817 0.021 0.118 0.008 0.006 
309 TMA-ZAIN-G-    (0)   :  0.003 0.004 0.003 0.004 0.962 0.024 
310 TMA-ZAIN-G-    (0)   :  0.008 0.021 0.036 0.018 0.013 0.905 
311 TMA-ZAIN-G-    (0)   :  0.054 0.073 0.010 0.036 0.192 0.635 
312 TMA-ZAIN-G-    (0)   :  0.005 0.011 0.005 0.026 0.879 0.074 
313 TMA-ZAIN-G-    (0)   :  0.015 0.790 0.004 0.007 0.078 0.106 
314 TMA-ZAIN-G-    (0)   :  0.273 0.017 0.180 0.496 0.024 0.009 
315 TMA-ZAIN-G-    (0)   :  0.007 0.019 0.395 0.070 0.069 0.438 
316 TMA-ZAIN-G-    (0)   :  0.011 0.019 0.388 0.130 0.047 0.405 
317 TMA-ZAIN-G-    (0)   :  0.036 0.013 0.021 0.917 0.006 0.008 
318 TMA-ZAIN-G-    (9)   :  0.355 0.046 0.446 0.136 0.007 0.010 
319 TMA-ZAIN-G-    (0)   :  0.018 0.012 0.069 0.700 0.195 0.006 
320 TMA-ZAIN-G-    (0)   :  0.006 0.007 0.009 0.480 0.062 0.436 
321 TMA-ZAIN-G-    (0)   :  0.079 0.014 0.109 0.133 0.259 0.407 
322 TMA-ZAIN-G-    (0)   :  0.056 0.083 0.009 0.493 0.071 0.288 
323 TMA-ZAIN-G-    (0)   :  0.007 0.012 0.015 0.909 0.045 0.011 
324 TMA-ZAIN-G-    (0)   :  0.010 0.037 0.004 0.010 0.069 0.870 
325 TMA-ZAIN-G-    (0)   :  0.005 0.008 0.048 0.917 0.012 0.010 
326 TMA-ZAIN-G-    (0)   :  0.003 0.042 0.004 0.635 0.301 0.016 
327 TMA-ZAIN-G-    (0)   :  0.003 0.015 0.003 0.005 0.968 0.006 
328 TMA-ZAIN-G-    (0)   :  0.232 0.020 0.100 0.339 0.213 0.095 
329 TMA-ZAIN-G-    (0)   :  0.005 0.025 0.008 0.010 0.425 0.527 
330 TMA-ZAIN-G-    (0)   :  0.004 0.038 0.003 0.008 0.661 0.286 
331 TMA-ZAIN-G-    (0)   :  0.029 0.150 0.086 0.059 0.494 0.183 
332 TMA-ZAIN-G-    (0)   :  0.003 0.004 0.002 0.004 0.971 0.016 
333 TMA-ZAIN-G-    (0)   :  0.003 0.007 0.002 0.004 0.979 0.004 
334 TMA-ZAIN-G-    (0)   :  0.012 0.007 0.964 0.011 0.003 0.004 
335 TMA-ZAIN-G-    (0)   :  0.004 0.004 0.979 0.005 0.004 0.005 
336 TMA-ZAIN-G-    (0)   :  0.013 0.011 0.942 0.017 0.008 0.009 
337 TMA-ZAIN-G-    (9)   :  0.082 0.008 0.865 0.035 0.005 0.006 
338 TMA-ZAIN-G-    (0)   :  0.033 0.006 0.945 0.009 0.004 0.004 
339 TMA-ZAIN-G-    (0)   :  0.013 0.003 0.974 0.005 0.002 0.002 
340 TMA-ZAIN-G-    (0)   :  0.007 0.003 0.980 0.005 0.003 0.003 
341 TMA-ZAIN-G-    (0)   :  0.009 0.003 0.974 0.005 0.004 0.005 
342 TMA-ZAIN-G-    (0)   :  0.008 0.005 0.972 0.008 0.004 0.004 
343 TMA-ZAIN-G-    (0)   :  0.026 0.003 0.957 0.007 0.003 0.003 
344 TMA-ZAIN-G-    (0)   :  0.008 0.005 0.965 0.012 0.006 0.005 
345 TMA-ZAIN-G-    (0)   :  0.005 0.004 0.981 0.004 0.003 0.003 
346 TMA-ZAIN-G-    (0)   :  0.031 0.005 0.931 0.017 0.009 0.006 
347 TMA-ZAIN-G-    (9)   :  0.008 0.004 0.976 0.006 0.003 0.003 
348 TMA-ZAIN-G-    (0)   :  0.018 0.010 0.947 0.015 0.005 0.005 
349 TMA-ZAIN-G-    (0)   :  0.014 0.004 0.967 0.007 0.003 0.004 
350 TMA-ZAIN-G-    (0)   :  0.027 0.005 0.892 0.063 0.008 0.006 
351 TMA-ZAIN-G-    (0)   :  0.008 0.005 0.973 0.008 0.004 0.003 
352 TMA-ZAIN-G-    (0)   :  0.008 0.008 0.964 0.007 0.005 0.008 
353 TMA-ZAIN-G-    (0)   :  0.041 0.005 0.910 0.025 0.011 0.006 
354 TMA-ZAIN-G-    (0)   :  0.008 0.003 0.967 0.011 0.007 0.004 
355 TMA-ZAIN-G-    (0)   :  0.012 0.003 0.958 0.008 0.010 0.008 
356 TMA-ZAIN-G-    (0)   :  0.003 0.018 0.002 0.012 0.003 0.961 
357 TMA-ZAIN-G-    (0)   :  0.014 0.016 0.004 0.012 0.276 0.679 
358 TMA-ZAIN-G-    (0)   :  0.049 0.027 0.028 0.033 0.272 0.590 
359 TMA-ZAIN-G-    (0)   :  0.007 0.027 0.009 0.023 0.006 0.927 
360 TMA-ZAIN-G-    (0)   :  0.004 0.005 0.003 0.005 0.006 0.977 
361 TMA-ZAIN-G-    (0)   :  0.014 0.011 0.004 0.011 0.705 0.256 
362 TMA-ZAIN-G-    (0)   :  0.005 0.004 0.013 0.007 0.005 0.965 
363 TMA-ZAIN-G-    (0)   :  0.005 0.022 0.014 0.044 0.711 0.205 
364 TMA-ZAIN-G-    (0)   :  0.178 0.018 0.015 0.753 0.017 0.020 
365 TMA-ZAIN-G-    (0)   :  0.009 0.005 0.141 0.040 0.027 0.779 
366 TMA-ZAIN-G-    (0)   :  0.004 0.015 0.006 0.005 0.006 0.965 
367 TMA-ZAIN-G-    (0)   :  0.135 0.087 0.005 0.025 0.704 0.044 
368 TMA-ZAIN-G-    (0)   :  0.004 0.012 0.004 0.005 0.016 0.959 
369 TMA-ZAIN-G-    (0)   :  0.003 0.004 0.003 0.005 0.937 0.049 
370 TMA-ZAIN-G-    (0)   :  0.008 0.005 0.003 0.008 0.890 0.086 
371 TMA-ZAIN-G-    (0)   :  0.004 0.006 0.003 0.004 0.009 0.974 
372 TMA-ZAIN-G-    (0)   :  0.005 0.006 0.003 0.003 0.018 0.965 
373 TMA-ZAIN-G-    (0)   :  0.003 0.004 0.003 0.005 0.981 0.004 
374 TMA-ZAIN-G-    (0)   :  0.316 0.184 0.008 0.064 0.402 0.025 
375 TMA-ZAIN-G-    (0)   :  0.030 0.007 0.007 0.756 0.177 0.023 
376 TMA-ZAIN-G-    (9)   :  0.005 0.004 0.003 0.005 0.010 0.973 
377 TMA-ZAIN-G-    (0)   :  0.003 0.004 0.002 0.003 0.009 0.978 
378 TMA-ZAIN-G-    (0)   :  0.005 0.004 0.002 0.003 0.012 0.974 
379 TMA-ZAIN-G-    (0)   :  0.004 0.018 0.002 0.004 0.018 0.954 
380 TMA-ZAIN-G-    (0)   :  0.003 0.006 0.003 0.004 0.014 0.971 
381 TMA-ZAIN-G-    (9)   :  0.008 0.109 0.012 0.631 0.054 0.185 
382 TMA-ZAIN-G-    (9)   :  0.733 0.009 0.054 0.190 0.009 0.005 
383    ZFB01    (0)   :  0.973 0.004 0.010 0.005 0.004 0.005 
384    ZFB02    (0)   :  0.944 0.009 0.035 0.006 0.003 0.003 
385    ZFB03    (0)   :  0.971 0.004 0.005 0.009 0.007 0.004 
386    ZFB04    (0)   :  0.945 0.007 0.035 0.005 0.003 0.004 
387    ZFB05    (0)   :  0.812 0.012 0.122 0.040 0.008 0.005 
388    ZFB06    (0)   :  0.892 0.008 0.055 0.032 0.008 0.005 
389    ZFB07    (9)   :  0.959 0.005 0.011 0.012 0.006 0.007 
390    ZFB08    (0)   :  0.968 0.006 0.005 0.008 0.006 0.006 
391    ZFB09    (0)   :  0.981 0.004 0.005 0.004 0.003 0.003 
392    ZFB10    (0)   :  0.957 0.006 0.011 0.005 0.006 0.016 
393    ZFB11    (0)   :  0.957 0.008 0.018 0.004 0.004 0.009 
394    ZFB12    (0)   :  0.929 0.004 0.031 0.020 0.009 0.007 
395    ZFB13    (0)   :  0.964 0.005 0.007 0.010 0.006 0.009 
396    ZFB14    (0)   :  0.978 0.005 0.004 0.005 0.004 0.005 
397    ZFB15    (0)   :  0.971 0.003 0.016 0.004 0.003 0.003 
398    ZFB16    (0)   :  0.960 0.004 0.018 0.007 0.004 0.006 
399    ZFB17    (0)   :  0.893 0.028 0.031 0.024 0.009 0.014 
400    ZFB18    (0)   :  0.982 0.004 0.003 0.004 0.003 0.004 
401    ZFB19    (0)   :  0.932 0.005 0.007 0.019 0.014 0.023 
402    ZFB20    (0)   :  0.941 0.004 0.038 0.007 0.004 0.005 
403    ZFB21    (0)   :  0.972 0.003 0.012 0.006 0.003 0.003 
404    ZFB22    (0)   :  0.866 0.010 0.089 0.013 0.009 0.013 
405    ZFB23    (0)   :  0.946 0.007 0.028 0.006 0.006 0.007 
406    ZFB24    (0)   :  0.938 0.007 0.039 0.005 0.004 0.008 
407    ZFB25    (0)   :  0.962 0.005 0.006 0.004 0.006 0.016 
408    ZFB26    (0)   :  0.894 0.010 0.061 0.007 0.007 0.020 
409    ZFB27    (0)   :  0.898 0.005 0.080 0.005 0.004 0.008 
410    ZFB28    (0)   :  0.842 0.012 0.098 0.032 0.009 0.007 
411    ZFB29    (0)   :  0.960 0.009 0.019 0.006 0.003 0.004 
412    ZFB30    (0)   :  0.771 0.005 0.160 0.042 0.012 0.011 
413    ZFB31    (0)   :  0.968 0.004 0.006 0.005 0.006 0.011 
414    ZFB32    (0)   :  0.838 0.036 0.055 0.044 0.014 0.012 
415    ZFB33    (0)   :  0.974 0.003 0.012 0.004 0.003 0.003 
416    ZFB34    (0)   :  0.980 0.004 0.004 0.005 0.003 0.004 
417    ZFB35    (0)   :  0.967 0.006 0.011 0.005 0.005 0.006 
418  ZFBP101    (0)   :  0.012 0.107 0.009 0.014 0.220 0.638 
419  ZFBP102    (0)   :  0.019 0.024 0.011 0.014 0.095 0.837 
420  ZFBP103    (0)   :  0.010 0.202 0.007 0.012 0.559 0.211 
421  ZFBP104    (0)   :  0.044 0.004 0.016 0.044 0.444 0.448 
422  ZFBP105    (0)   :  0.007 0.006 0.005 0.008 0.301 0.673 
423  ZFBP106    (0)   :  0.004 0.009 0.004 0.005 0.121 0.858 
424  ZFBP107    (0)   :  0.007 0.008 0.015 0.012 0.486 0.472 
425  ZFBP108    (0)   :  0.004 0.003 0.003 0.004 0.011 0.975 
426  ZFBP109    (0)   :  0.005 0.003 0.002 0.004 0.011 0.976 
427  ZFBP110    (0)   :  0.051 0.055 0.008 0.043 0.673 0.170 
428  ZFBP111    (0)   :  0.003 0.004 0.003 0.004 0.036 0.951 
429  ZFBP112    (0)   :  0.004 0.009 0.006 0.006 0.012 0.963 
430  ZFBP113    (0)   :  0.004 0.003 0.004 0.005 0.011 0.972 
431  ZFBP114    (0)   :  0.005 0.007 0.005 0.005 0.027 0.952 
432  ZFBP115    (0)   :  0.003 0.008 0.004 0.006 0.725 0.255 
433  ZFBP116    (0)   :  0.003 0.004 0.004 0.006 0.018 0.963 
434  ZFBP117    (0)   :  0.003 0.006 0.002 0.005 0.012 0.972 
435  ZFBP118    (0)   :  0.003 0.005 0.005 0.005 0.014 0.967 
436  ZFBP119    (0)   :  0.004 0.025 0.003 0.009 0.247 0.712 
437  ZFBP120    (0)   :  0.008 0.004 0.006 0.008 0.251 0.724 
438  ZFBP121    (0)   :  0.007 0.009 0.003 0.005 0.032 0.943 
439  ZFBP122    (9)   :  0.004 0.005 0.003 0.005 0.027 0.955 
440  ZFBP123    (0)   :  0.004 0.016 0.006 0.006 0.010 0.958 
441  ZFBP124    (0)   :  0.010 0.006 0.004 0.004 0.018 0.957 
442  ZFBP125    (0)   :  0.003 0.006 0.003 0.004 0.021 0.964 
443  ZFBP126    (0)   :  0.013 0.032 0.010 0.022 0.012 0.910 
444  ZFBP127    (0)   :  0.004 0.017 0.003 0.005 0.181 0.790 
445  ZFBP128    (0)   :  0.004 0.008 0.002 0.003 0.014 0.969 
446  ZFBP129    (0)   :  0.005 0.008 0.003 0.005 0.007 0.972 
447  ZFBP130    (0)   :  0.002 0.010 0.003 0.004 0.014 0.967 
448  ZFBP131    (0)   :  0.004 0.004 0.004 0.004 0.005 0.979 
449  ZFBP132    (0)   :  0.005 0.004 0.003 0.005 0.024 0.959 
450  ZFBP133    (0)   :  0.004 0.006 0.002 0.003 0.004 0.981 
451  ZFBP134    (0)   :  0.004 0.035 0.003 0.005 0.487 0.465 
452  ZFBP135    (0)   :  0.024 0.196 0.007 0.010 0.110 0.653 
453  ZFBP136    (0)   :  0.004 0.084 0.007 0.006 0.098 0.801 
454  ZFBP201    (0)   :  0.006 0.006 0.008 0.008 0.021 0.950 
455  ZFBP202    (0)   :  0.008 0.004 0.003 0.005 0.030 0.950 
456  ZFBP203    (0)   :  0.006 0.006 0.028 0.021 0.009 0.930 
457  ZFBP204    (0)   :  0.005 0.020 0.005 0.008 0.194 0.769 
458  ZFBP205    (0)   :  0.003 0.009 0.004 0.005 0.005 0.974 
459  ZFBP206    (0)   :  0.005 0.015 0.006 0.005 0.006 0.963 
460  ZFBP207    (0)   :  0.006 0.014 0.004 0.006 0.537 0.432 
461  ZFBP208    (0)   :  0.004 0.008 0.011 0.008 0.007 0.962 
462  ZFBP209    (0)   :  0.003 0.006 0.002 0.003 0.004 0.982 
463  ZFBP210    (0)   :  0.005 0.006 0.008 0.009 0.016 0.955 
464  ZFBP211    (0)   :  0.006 0.006 0.004 0.005 0.014 0.964 
465  ZFBP212    (0)   :  0.008 0.003 0.003 0.004 0.294 0.688 
466  ZFBP213    (0)   :  0.010 0.017 0.005 0.008 0.011 0.949 
467  ZFBP214    (0)   :  0.011 0.039 0.005 0.015 0.032 0.899 
468  ZFBP215    (0)   :  0.004 0.006 0.003 0.004 0.009 0.974 
469  ZFBP216    (0)   :  0.005 0.007 0.009 0.016 0.062 0.901 
470  ZFBP217    (0)   :  0.006 0.006 0.003 0.006 0.023 0.957 
471  ZFBP218    (0)   :  0.003 0.004 0.003 0.004 0.007 0.980 
472  ZFBP219    (0)   :  0.003 0.003 0.004 0.005 0.009 0.975 
473  ZFBP220    (0)   :  0.003 0.010 0.003 0.004 0.042 0.937 
474  ZFBP221    (0)   :  0.006 0.003 0.004 0.005 0.162 0.821 
475  ZFBP222    (0)   :  0.005 0.008 0.005 0.005 0.005 0.971 
476  ZFBP223    (0)   :  0.011 0.011 0.006 0.009 0.587 0.375 
477  ZFBP224    (0)   :  0.005 0.007 0.005 0.008 0.012 0.963 
478  ZFBP225    (0)   :  0.003 0.011 0.005 0.006 0.099 0.875 
479  ZFBP226    (0)   :  0.004 0.004 0.005 0.006 0.015 0.967 
480  ZFBP227    (0)   :  0.026 0.007 0.023 0.147 0.227 0.570 
481  ZFBP228    (0)   :  0.005 0.015 0.003 0.004 0.446 0.527 
482  ZFBP229    (0)   :  0.003 0.006 0.003 0.004 0.012 0.972 
483  ZFBP230    (0)   :  0.004 0.013 0.004 0.006 0.049 0.924 
484  ZFBP231    (0)   :  0.006 0.006 0.004 0.007 0.019 0.958 
485  ZFBP232    (0)   :  0.004 0.004 0.003 0.003 0.008 0.977 
486  ZFBP233    (0)   :  0.007 0.005 0.004 0.006 0.018 0.961 
487   ZFCC01    (0)   :  0.008 0.976 0.005 0.004 0.003 0.004 
488   ZFCC03    (0)   :  0.005 0.979 0.003 0.004 0.005 0.004 
489   ZFCC04    (0)   :  0.005 0.978 0.003 0.005 0.005 0.004 
490   ZFCC05    (0)   :  0.006 0.973 0.004 0.006 0.006 0.005 
491   ZFCC08    (0)   :  0.005 0.971 0.002 0.004 0.007 0.010 
492   ZFCC09    (0)   :  0.008 0.976 0.004 0.004 0.005 0.004 
493   ZFCC10    (0)   :  0.014 0.970 0.004 0.004 0.004 0.005 
494   ZFCC11    (0)   :  0.005 0.977 0.003 0.004 0.005 0.005 
495   ZFCC12    (0)   :  0.017 0.928 0.033 0.009 0.007 0.006 
496   ZFCC13    (0)   :  0.004 0.963 0.006 0.007 0.011 0.009 
497   ZFCC14    (0)   :  0.010 0.967 0.005 0.005 0.005 0.009 
498   ZFCC15    (0)   :  0.005 0.974 0.006 0.006 0.005 0.004 
499   ZFCC16    (0)   :  0.006 0.978 0.004 0.004 0.004 0.004 
500   ZFCC17    (0)   :  0.005 0.977 0.007 0.004 0.004 0.003 
501   ZFCC18    (0)   :  0.005 0.978 0.004 0.004 0.005 0.005 
502   ZFCC19    (0)   :  0.005 0.976 0.006 0.007 0.004 0.003 
503   ZFCC20    (0)   :  0.004 0.980 0.003 0.004 0.006 0.004 
504   ZFCC21    (0)   :  0.007 0.940 0.005 0.012 0.008 0.029 
505   ZFCC22    (0)   :  0.007 0.831 0.004 0.004 0.018 0.136 
506   ZFCC26    (0)   :  0.006 0.978 0.003 0.004 0.004 0.004 
507   ZFCC27    (0)   :  0.004 0.981 0.003 0.003 0.005 0.004 
508   ZFCC29    (0)   :  0.008 0.974 0.004 0.006 0.005 0.004 
509   ZFCC30    (0)   :  0.003 0.981 0.003 0.004 0.005 0.004 
510   ZFCC32    (0)   :  0.005 0.972 0.007 0.006 0.006 0.004 
511   ZFCC33    (0)   :  0.007 0.973 0.005 0.006 0.005 0.004 
512   ZFCC34    (0)   :  0.013 0.902 0.010 0.006 0.029 0.039 
513   ZFCC35    (0)   :  0.004 0.982 0.003 0.004 0.004 0.004 
514   ZFCC36    (0)   :  0.004 0.966 0.010 0.006 0.006 0.009 
515   ZFCC37    (0)   :  0.020 0.920 0.032 0.011 0.008 0.009 
516   ZFCC40    (0)   :  0.007 0.975 0.006 0.003 0.004 0.006 
517   ZFCC42    (0)   :  0.015 0.400 0.520 0.013 0.046 0.008 
518   ZFCC44    (0)   :  0.003 0.982 0.003 0.003 0.005 0.003 
519   ZFCC45    (9)   :  0.011 0.954 0.013 0.011 0.006 0.005 
520   ZFCC46    (0)   :  0.004 0.965 0.003 0.005 0.013 0.010 
521   ZFCC47    (0)   :  0.014 0.954 0.018 0.004 0.005 0.005 
522   ZFCC48    (0)   :  0.006 0.958 0.003 0.005 0.006 0.021 
523   ZFCC50    (0)   :  0.004 0.981 0.004 0.004 0.004 0.003 
524   ZFCC51    (0)   :  0.005 0.979 0.003 0.003 0.005 0.004 
525   ZFCC52    (0)   :  0.004 0.969 0.006 0.004 0.006 0.010 
526   ZFCC53    (0)   :  0.005 0.981 0.004 0.003 0.004 0.003 
527  ZFCNS01    (0)   :  0.003 0.006 0.005 0.008 0.975 0.003 
528  ZFCNS02    (0)   :  0.004 0.011 0.003 0.004 0.973 0.005 
529  ZFCNS05    (0)   :  0.005 0.012 0.003 0.005 0.966 0.008 
530  ZFCNS06    (0)   :  0.004 0.013 0.003 0.004 0.969 0.006 
531  ZFCNS07    (0)   :  0.004 0.006 0.003 0.004 0.972 0.011 
532  ZFCNS10    (0)   :  0.003 0.005 0.003 0.003 0.980 0.005 
533  ZFCNS11    (0)   :  0.003 0.007 0.004 0.005 0.977 0.004 
534  ZFCNS15    (0)   :  0.004 0.004 0.003 0.004 0.977 0.008 
535  ZFCNS17    (0)   :  0.003 0.014 0.003 0.004 0.969 0.006 
536  ZFCNS18    (0)   :  0.003 0.007 0.003 0.004 0.978 0.005 
537  ZFCNS19    (0)   :  0.004 0.011 0.003 0.004 0.974 0.004 
538  ZFCNS20    (0)   :  0.004 0.010 0.003 0.004 0.969 0.010 
539  ZFCNS21    (0)   :  0.003 0.008 0.003 0.004 0.978 0.004 
540  ZFCNS22    (0)   :  0.005 0.007 0.003 0.005 0.970 0.010 
541  ZFCNS23    (0)   :  0.007 0.025 0.008 0.008 0.945 0.007 
542  ZFCNS24    (0)   :  0.003 0.029 0.003 0.004 0.955 0.005 
543  ZFCNS25    (0)   :  0.003 0.012 0.003 0.004 0.967 0.010 
544  ZFCNS26    (0)   :  0.005 0.004 0.003 0.004 0.979 0.006 
545  ZFCNS27    (0)   :  0.004 0.004 0.003 0.004 0.971 0.014 
546  ZFCNS28    (0)   :  0.005 0.011 0.003 0.004 0.972 0.005 
547  ZFCNS29    (0)   :  0.004 0.013 0.003 0.005 0.968 0.007 
548  ZFCNS30    (0)   :  0.004 0.011 0.003 0.005 0.973 0.004 
549  ZFCNS31    (0)   :  0.004 0.005 0.003 0.004 0.979 0.005 
550  ZFCNS32    (0)   :  0.005 0.010 0.003 0.005 0.972 0.005 
551  ZFCNS33    (0)   :  0.004 0.006 0.003 0.004 0.979 0.004 
552  ZFCNS34    (0)   :  0.004 0.037 0.003 0.005 0.945 0.006 
553  ZFCNS35    (0)   :  0.005 0.007 0.003 0.004 0.977 0.005 
554  ZFCNS36    (0)   :  0.004 0.088 0.003 0.004 0.894 0.007 
555  ZFCNS37    (0)   :  0.004 0.007 0.003 0.005 0.978 0.004 
556  ZFCNS39    (0)   :  0.003 0.009 0.003 0.004 0.977 0.004 
557  ZFCNS40    (0)   :  0.003 0.038 0.003 0.004 0.944 0.007 
558  ZFCNS41    (0)   :  0.005 0.010 0.004 0.006 0.968 0.007 
559  ZFCNS42    (0)   :  0.004 0.006 0.003 0.004 0.979 0.005 
560  ZFCNS43    (0)   :  0.004 0.012 0.003 0.003 0.974 0.004 
561  ZFCNS44    (0)   :  0.003 0.007 0.003 0.003 0.980 0.004 
562  ZFCNS46    (0)   :  0.003 0.007 0.003 0.005 0.977 0.005 
563  ZFCNS47    (0)   :  0.004 0.008 0.003 0.004 0.978 0.004 
564  ZFCNS48    (0)   :  0.003 0.006 0.003 0.004 0.978 0.006 
565  ZFCNS49    (0)   :  0.003 0.003 0.003 0.003 0.982 0.006 
566   ZFCR01    (0)   :  0.514 0.015 0.027 0.379 0.007 0.060 
567   ZFCR02    (0)   :  0.210 0.031 0.012 0.674 0.017 0.056 
568   ZFCR03    (0)   :  0.414 0.072 0.122 0.296 0.010 0.086 
569   ZFCR04    (0)   :  0.791 0.026 0.040 0.071 0.036 0.036 
570   ZFCR05    (0)   :  0.177 0.021 0.015 0.774 0.005 0.008 
571   ZFCR06    (0)   :  0.180 0.029 0.009 0.525 0.146 0.112 
572   ZFCR07    (0)   :  0.031 0.014 0.010 0.904 0.035 0.007 
573   ZFCR08    (0)   :  0.211 0.149 0.078 0.435 0.010 0.119 
574   ZFCR09    (0)   :  0.127 0.043 0.470 0.054 0.115 0.191 
575   ZFCR11    (0)   :  0.136 0.010 0.011 0.790 0.041 0.012 
576   ZFCR12    (0)   :  0.018 0.011 0.005 0.801 0.140 0.024 
577   ZFCR13    (0)   :  0.010 0.007 0.003 0.944 0.011 0.025 
578   ZFCR14    (0)   :  0.055 0.014 0.006 0.907 0.007 0.012 
579   ZFCR15    (0)   :  0.086 0.022 0.011 0.831 0.013 0.037 
580   ZFCR16    (0)   :  0.093 0.011 0.006 0.852 0.006 0.031 
581   ZFCR18    (0)   :  0.893 0.030 0.006 0.040 0.012 0.018 
582   ZFCR19    (0)   :  0.131 0.022 0.080 0.653 0.016 0.097 
583   ZFCR20    (0)   :  0.616 0.026 0.047 0.182 0.019 0.110 
584   ZFCR21    (0)   :  0.019 0.017 0.004 0.935 0.010 0.015 
585   ZFCR22    (0)   :  0.010 0.006 0.005 0.963 0.005 0.012 
586   ZFCR23    (0)   :  0.037 0.005 0.038 0.743 0.045 0.133 
587   ZFCR24    (9)   :  0.161 0.015 0.021 0.310 0.014 0.479 
588   ZFCR25    (0)   :  0.017 0.006 0.007 0.962 0.004 0.004 
