

----------------------------------------------------
STRUCTURE by Pritchard, Stephens and Donnelly (2000)
     and Falush, Stephens and Pritchard (2003)
       Code by Pritchard, Falush and Hubisz
             Version 2.3.4 (Jul 2012)
----------------------------------------------------



Command line arguments:   bin\structure -m C:\Users\eschumacher\Documents\GitHub\GCC_QUAC_ZAIN\Data_Files\Structure_Files\ZAIN\ZAIN_rebinned_garden_wild_nopopinfo\50-50\mainparams -e C:\Users\eschumacher\Documents\GitHub\GCC_QUAC_ZAIN\Data_Files\Structure_Files\ZAIN\ZAIN_rebinned_garden_wild_nopopinfo\50-50\extraparams 
Input File:    C:\Users\eschumacher\Documents\GitHub\GCC_QUAC_ZAIN\Data_Files\Structure_Files\ZAIN\ZAIN_rebinned_garden_wild_nopopinfo\project_data

Run parameters:
   1133 individuals
   11 loci
   10 populations assumed
   50000 Burn-in period
   50000 Reps


--------------------------------------------
Overall proportion of membership of the
sample in each of the 10 clusters

Inferred Clusters
  1      2      3      4      5      6      7      8      9     10    
0.068  0.038  0.149  0.128  0.083  0.057  0.144  0.098  0.114  0.120  

--------------------------------------------

Allele-freq. divergence among pops (Net nucleotide distance),
computed using point estimates of P.

      1       2       3       4       5       6       7       8       9      10      
 1      -    0.2278  0.2715  0.3487  0.1900  0.2671  0.1759  0.2183  0.1310  0.2418  
 2   0.2278     -    0.2183  0.2267  0.1910  0.2643  0.1357  0.1788  0.1736  0.2136  
 3   0.2715  0.2183     -    0.1509  0.1731  0.3394  0.0949  0.2371  0.2321  0.2309  
 4   0.3487  0.2267  0.1509     -    0.2655  0.3620  0.1274  0.2818  0.2867  0.3178  
 5   0.1900  0.1910  0.1731  0.2655     -    0.2105  0.1430  0.2188  0.1837  0.2283  
 6   0.2671  0.2643  0.3394  0.3620  0.2105     -    0.2187  0.1098  0.1232  0.1221  
 7   0.1759  0.1357  0.0949  0.1274  0.1430  0.2187     -    0.1584  0.1205  0.1704  
 8   0.2183  0.1788  0.2371  0.2818  0.2188  0.1098  0.1584     -    0.0716  0.0414  
 9   0.1310  0.1736  0.2321  0.2867  0.1837  0.1232  0.1205  0.0716     -    0.0531  
10   0.2418  0.2136  0.2309  0.3178  0.2283  0.1221  0.1704  0.0414  0.0531     -    

Average distances (expected heterozygosity) between individuals in same cluster:
cluster  1  : 0.2651 
cluster  2  : 0.2677 
cluster  3  : 0.4766 
cluster  4  : 0.4167 
cluster  5  : 0.3900 
cluster  6  : 0.3593 
cluster  7  : 0.5514 
cluster  8  : 0.4034 
cluster  9  : 0.4357 
cluster 10  : 0.3785 

--------------------------------------------
Estimated Ln Prob of Data   = -21261.5
Mean value of ln likelihood = -20620.2
Variance of ln likelihood   = 1282.8
Mean value of alpha         = 0.0347

Mean value of Fst_1         = 0.5519
Mean value of Fst_2         = 0.5899
Mean value of Fst_3         = 0.3577
Mean value of Fst_4         = 0.4313
Mean value of Fst_5         = 0.4281
Mean value of Fst_6         = 0.4168
Mean value of Fst_7         = 0.1447
Mean value of Fst_8         = 0.3013
Mean value of Fst_9         = 0.3205
Mean value of Fst_10         = 0.3459


Inferred ancestry of individuals:
        Label (%Miss) :  Inferred clusters
  1 TMA-ZAIN-G-    (9)   :  0.091 0.011 0.766 0.007 0.014 0.011 0.047 0.012 0.031 0.011 
  2 TMA-ZAIN-G-    (0)   :  0.008 0.013 0.702 0.006 0.025 0.005 0.017 0.192 0.015 0.017 
  3 TMA-ZAIN-G-    (0)   :  0.031 0.011 0.006 0.003 0.011 0.099 0.008 0.043 0.300 0.487 
  4 TMA-ZAIN-G-    (0)   :  0.016 0.633 0.013 0.004 0.025 0.076 0.005 0.037 0.013 0.178 
  5 TMA-ZAIN-G-    (0)   :  0.002 0.005 0.967 0.005 0.006 0.003 0.004 0.002 0.002 0.003 
  6 TMA-ZAIN-G-    (0)   :  0.027 0.088 0.066 0.048 0.038 0.153 0.136 0.074 0.225 0.147 
  7 TMA-ZAIN-G-    (0)   :  0.054 0.134 0.016 0.006 0.013 0.008 0.013 0.251 0.225 0.279 
  8 TMA-ZAIN-G-    (0)   :  0.006 0.005 0.007 0.003 0.026 0.022 0.005 0.027 0.867 0.033 
  9 TMA-ZAIN-G-    (9)   :  0.008 0.010 0.009 0.004 0.005 0.037 0.008 0.265 0.436 0.217 
 10 TMA-ZAIN-G-    (0)   :  0.014 0.013 0.003 0.004 0.009 0.044 0.009 0.209 0.480 0.214 
 11 TMA-ZAIN-G-    (0)   :  0.013 0.024 0.006 0.006 0.006 0.007 0.008 0.383 0.170 0.377 
 12 TMA-ZAIN-G-    (0)   :  0.012 0.004 0.005 0.003 0.004 0.005 0.005 0.009 0.021 0.933 
 13 TMA-ZAIN-G-    (9)   :  0.125 0.017 0.046 0.070 0.030 0.020 0.029 0.347 0.221 0.095 
 14 TMA-ZAIN-G-    (9)   :  0.894 0.005 0.003 0.011 0.007 0.008 0.009 0.018 0.033 0.013 
 15 TMA-ZAIN-G-    (0)   :  0.894 0.004 0.003 0.003 0.006 0.009 0.006 0.007 0.061 0.007 
 16 TMA-ZAIN-G-    (0)   :  0.006 0.005 0.003 0.005 0.003 0.005 0.005 0.052 0.022 0.893 
 17 TMA-ZAIN-G-    (9)   :  0.032 0.082 0.010 0.011 0.016 0.007 0.024 0.010 0.795 0.012 
 18 TMA-ZAIN-G-    (0)   :  0.015 0.013 0.736 0.006 0.054 0.007 0.138 0.005 0.013 0.014 
 19 TMA-ZAIN-G-    (0)   :  0.012 0.033 0.014 0.014 0.004 0.005 0.852 0.012 0.034 0.020 
 20 TMA-ZAIN-G-    (0)   :  0.004 0.008 0.041 0.088 0.029 0.004 0.816 0.004 0.003 0.003 
 21 TMA-ZAIN-G-    (0)   :  0.002 0.005 0.003 0.962 0.005 0.006 0.005 0.004 0.004 0.005 
 22 TMA-ZAIN-G-    (0)   :  0.004 0.009 0.058 0.900 0.006 0.002 0.012 0.003 0.003 0.003 
 23 TMA-ZAIN-G-    (0)   :  0.007 0.009 0.019 0.905 0.004 0.004 0.030 0.007 0.008 0.007 
 24 TMA-ZAIN-G-    (9)   :  0.028 0.004 0.008 0.671 0.006 0.146 0.004 0.110 0.014 0.009 
 25 TMA-ZAIN-G-    (9)   :  0.006 0.003 0.124 0.014 0.004 0.005 0.690 0.133 0.013 0.008 
 26 TMA-ZAIN-G-    (9)   :  0.015 0.009 0.008 0.028 0.475 0.007 0.009 0.298 0.123 0.028 
 27 TMA-ZAIN-G-    (0)   :  0.058 0.027 0.077 0.013 0.019 0.010 0.767 0.006 0.016 0.007 
 28 TMA-ZAIN-G-    (0)   :  0.011 0.007 0.010 0.004 0.007 0.009 0.928 0.006 0.011 0.008 
 29 TMA-ZAIN-G-    (0)   :  0.005 0.004 0.003 0.004 0.017 0.708 0.245 0.005 0.005 0.004 
 30 TMA-ZAIN-G-    (0)   :  0.074 0.009 0.004 0.005 0.007 0.056 0.362 0.144 0.281 0.057 
 31 TMA-ZAIN-G-    (0)   :  0.006 0.021 0.871 0.012 0.055 0.006 0.013 0.008 0.004 0.005 
 32 TMA-ZAIN-G-    (9)   :  0.032 0.004 0.782 0.016 0.005 0.004 0.017 0.037 0.048 0.055 
 33 TMA-ZAIN-G-   (18)   :  0.009 0.004 0.006 0.003 0.004 0.018 0.005 0.135 0.634 0.182 
 34 TMA-ZAIN-G-    (0)   :  0.009 0.005 0.253 0.019 0.008 0.010 0.012 0.174 0.035 0.474 
 35 TMA-ZAIN-G-    (9)   :  0.069 0.010 0.022 0.004 0.014 0.089 0.013 0.264 0.253 0.262 
 36 TMA-ZAIN-G-    (0)   :  0.157 0.008 0.004 0.003 0.017 0.010 0.005 0.475 0.284 0.037 
 37 TMA-ZAIN-G-    (9)   :  0.008 0.051 0.010 0.009 0.011 0.018 0.013 0.397 0.312 0.171 
 38 TMA-ZAIN-G-   (18)   :  0.067 0.007 0.760 0.012 0.006 0.007 0.027 0.050 0.043 0.020 
 39 TMA-ZAIN-G-    (0)   :  0.004 0.007 0.003 0.005 0.008 0.011 0.005 0.813 0.064 0.079 
 40 TMA-ZAIN-G-    (0)   :  0.006 0.015 0.004 0.005 0.005 0.007 0.004 0.271 0.566 0.118 
 41 TMA-ZAIN-G-    (0)   :  0.047 0.003 0.003 0.003 0.005 0.007 0.004 0.226 0.685 0.017 
 42 TMA-ZAIN-G-    (9)   :  0.105 0.004 0.003 0.002 0.009 0.006 0.004 0.011 0.849 0.007 
 43 TMA-ZAIN-G-    (0)   :  0.957 0.004 0.003 0.003 0.005 0.010 0.003 0.004 0.008 0.004 
 44 TMA-ZAIN-G-    (0)   :  0.005 0.010 0.005 0.804 0.004 0.012 0.008 0.101 0.013 0.038 
 45 TMA-ZAIN-G-    (0)   :  0.020 0.015 0.005 0.007 0.009 0.005 0.009 0.088 0.198 0.644 
 46 TMA-ZAIN-G-    (0)   :  0.004 0.009 0.004 0.961 0.005 0.003 0.004 0.005 0.003 0.003 
 47 TMA-ZAIN-G-    (0)   :  0.004 0.014 0.004 0.004 0.955 0.004 0.004 0.003 0.004 0.005 
 48 TMA-ZAIN-G-    (0)   :  0.055 0.196 0.007 0.026 0.218 0.019 0.019 0.041 0.368 0.052 
 49 TMA-ZAIN-G-    (9)   :  0.005 0.021 0.023 0.006 0.008 0.048 0.847 0.008 0.006 0.029 
 50 TMA-ZAIN-G-    (0)   :  0.008 0.005 0.006 0.007 0.003 0.003 0.912 0.015 0.033 0.007 
 51 TMA-ZAIN-G-    (0)   :  0.094 0.019 0.008 0.010 0.019 0.005 0.812 0.010 0.016 0.006 
 52 TMA-ZAIN-G-    (0)   :  0.022 0.189 0.006 0.011 0.057 0.003 0.680 0.008 0.010 0.015 
 53 TMA-ZAIN-G-    (0)   :  0.058 0.093 0.220 0.011 0.096 0.006 0.472 0.021 0.013 0.010 
 54 TMA-ZAIN-G-    (0)   :  0.010 0.004 0.005 0.004 0.946 0.003 0.008 0.005 0.009 0.006 
 55 TMA-ZAIN-G-    (0)   :  0.020 0.004 0.004 0.007 0.903 0.003 0.023 0.005 0.023 0.008 
 56 TMA-ZAIN-G-    (0)   :  0.035 0.452 0.007 0.008 0.072 0.028 0.050 0.035 0.282 0.032 
 57 TMA-ZAIN-G-    (0)   :  0.006 0.010 0.009 0.003 0.910 0.007 0.022 0.009 0.006 0.020 
 58 TMA-ZAIN-G-    (0)   :  0.008 0.012 0.031 0.081 0.024 0.006 0.807 0.004 0.017 0.010 
 59 TMA-ZAIN-G-    (0)   :  0.011 0.070 0.624 0.028 0.026 0.029 0.027 0.075 0.054 0.056 
 60 TMA-ZAIN-G-    (0)   :  0.130 0.052 0.431 0.009 0.019 0.008 0.312 0.011 0.019 0.010 
 61 TMA-ZAIN-G-    (0)   :  0.003 0.030 0.910 0.021 0.013 0.003 0.009 0.003 0.003 0.004 
 62 TMA-ZAIN-G-    (9)   :  0.007 0.004 0.748 0.022 0.017 0.010 0.060 0.033 0.042 0.058 
 63 TMA-ZAIN-G-    (0)   :  0.007 0.013 0.931 0.007 0.012 0.003 0.012 0.004 0.005 0.006 
 64 TMA-ZAIN-G-    (0)   :  0.005 0.004 0.002 0.003 0.003 0.962 0.003 0.008 0.005 0.005 
 65 TMA-ZAIN-G-    (9)   :  0.006 0.005 0.003 0.002 0.008 0.937 0.004 0.008 0.008 0.020 
 66 TMA-ZAIN-G-    (0)   :  0.005 0.005 0.003 0.003 0.004 0.932 0.003 0.019 0.010 0.016 
 67 TMA-ZAIN-G-    (0)   :  0.003 0.004 0.004 0.013 0.006 0.832 0.011 0.086 0.013 0.027 
 68 TMA-ZAIN-G-    (0)   :  0.007 0.004 0.002 0.002 0.005 0.960 0.003 0.004 0.007 0.005 
 69 TMA-ZAIN-G-    (0)   :  0.019 0.027 0.023 0.028 0.009 0.767 0.018 0.044 0.007 0.058 
 70 TMA-ZAIN-G-    (0)   :  0.006 0.004 0.003 0.004 0.003 0.015 0.004 0.944 0.006 0.011 
 71 TMA-ZAIN-G-    (0)   :  0.004 0.003 0.003 0.003 0.003 0.005 0.003 0.960 0.006 0.009 
 72 TMA-ZAIN-G-    (0)   :  0.009 0.005 0.004 0.004 0.008 0.023 0.006 0.905 0.017 0.019 
 73 TMA-ZAIN-G-    (0)   :  0.004 0.004 0.026 0.031 0.023 0.007 0.027 0.860 0.006 0.013 
 74 TMA-ZAIN-G-    (0)   :  0.004 0.003 0.006 0.006 0.006 0.007 0.009 0.937 0.008 0.013 
 75 TMA-ZAIN-G-    (0)   :  0.006 0.005 0.005 0.003 0.010 0.007 0.006 0.939 0.007 0.013 
 76 TMA-ZAIN-G-    (0)   :  0.003 0.003 0.005 0.020 0.004 0.006 0.009 0.933 0.005 0.011 
 77 TMA-ZAIN-G-    (0)   :  0.008 0.010 0.003 0.006 0.004 0.007 0.006 0.940 0.010 0.006 
 78 TMA-ZAIN-G-    (0)   :  0.005 0.011 0.006 0.015 0.008 0.005 0.015 0.913 0.007 0.014 
 79 TMA-ZAIN-G-    (0)   :  0.008 0.037 0.004 0.011 0.005 0.004 0.008 0.907 0.008 0.008 
 80 TMA-ZAIN-G-    (0)   :  0.004 0.008 0.003 0.005 0.013 0.024 0.005 0.776 0.023 0.140 
 81 TMA-ZAIN-G-    (0)   :  0.007 0.022 0.003 0.007 0.005 0.005 0.006 0.918 0.011 0.015 
 82 TMA-ZAIN-G-    (0)   :  0.007 0.010 0.007 0.003 0.018 0.225 0.007 0.497 0.013 0.213 
 83 TMA-ZAIN-G-    (9)   :  0.006 0.005 0.065 0.035 0.022 0.069 0.024 0.036 0.021 0.718 
 84 TMA-ZAIN-G-    (0)   :  0.005 0.010 0.003 0.014 0.004 0.005 0.008 0.930 0.009 0.012 
 85 TMA-ZAIN-G-    (0)   :  0.004 0.967 0.005 0.004 0.004 0.003 0.004 0.004 0.004 0.004 
 86 TMA-ZAIN-G-    (0)   :  0.004 0.950 0.004 0.005 0.005 0.005 0.004 0.006 0.008 0.008 
 87 TMA-ZAIN-G-    (0)   :  0.003 0.967 0.005 0.005 0.003 0.003 0.004 0.004 0.003 0.003 
 88 TMA-ZAIN-G-    (0)   :  0.021 0.441 0.198 0.011 0.065 0.049 0.009 0.054 0.019 0.133 
 89 TMA-ZAIN-G-    (0)   :  0.045 0.297 0.029 0.037 0.448 0.030 0.007 0.050 0.017 0.039 
 90 TMA-ZAIN-G-    (0)   :  0.004 0.864 0.019 0.004 0.043 0.016 0.007 0.006 0.004 0.031 
 91 TMA-ZAIN-G-    (0)   :  0.012 0.856 0.041 0.006 0.037 0.011 0.010 0.010 0.008 0.009 
 92 TMA-ZAIN-G-    (0)   :  0.015 0.577 0.009 0.041 0.285 0.006 0.040 0.011 0.009 0.006 
 93 TMA-ZAIN-G-    (0)   :  0.023 0.325 0.044 0.016 0.501 0.007 0.062 0.008 0.008 0.005 
 94 TMA-ZAIN-G-    (0)   :  0.006 0.814 0.093 0.009 0.049 0.004 0.013 0.005 0.004 0.004 
 95 TMA-ZAIN-G-    (0)   :  0.027 0.005 0.008 0.006 0.005 0.017 0.884 0.017 0.022 0.009 
 96 TMA-ZAIN-G-    (0)   :  0.030 0.010 0.005 0.005 0.006 0.006 0.864 0.004 0.056 0.015 
 97 TMA-ZAIN-G-    (0)   :  0.008 0.009 0.925 0.006 0.012 0.006 0.011 0.013 0.005 0.005 
 98 TMA-ZAIN-G-    (0)   :  0.006 0.007 0.944 0.005 0.010 0.004 0.004 0.010 0.004 0.005 
 99 TMA-ZAIN-G-    (0)   :  0.007 0.005 0.754 0.013 0.004 0.021 0.006 0.024 0.043 0.122 
100 TMA-ZAIN-G-    (0)   :  0.007 0.033 0.888 0.015 0.024 0.005 0.013 0.006 0.004 0.004 
101 TMA-ZAIN-G-    (0)   :  0.006 0.004 0.926 0.005 0.012 0.006 0.008 0.013 0.005 0.013 
102 TMA-ZAIN-G-    (0)   :  0.035 0.034 0.548 0.188 0.010 0.012 0.056 0.025 0.044 0.047 
103 TMA-ZAIN-G-    (0)   :  0.009 0.028 0.867 0.014 0.006 0.006 0.030 0.010 0.012 0.018 
104 TMA-ZAIN-G-    (0)   :  0.004 0.003 0.960 0.006 0.005 0.003 0.006 0.004 0.004 0.004 
105 TMA-ZAIN-G-    (0)   :  0.008 0.040 0.859 0.008 0.007 0.006 0.018 0.011 0.014 0.028 
106 TMA-ZAIN-G-    (0)   :  0.106 0.007 0.004 0.003 0.006 0.048 0.004 0.195 0.543 0.084 
107 TMA-ZAIN-G-    (0)   :  0.011 0.005 0.004 0.003 0.006 0.011 0.004 0.427 0.019 0.509 
108 TMA-ZAIN-G-    (9)   :  0.062 0.056 0.348 0.044 0.014 0.011 0.036 0.192 0.169 0.068 
109 TMA-ZAIN-G-    (0)   :  0.021 0.011 0.311 0.005 0.050 0.189 0.054 0.012 0.201 0.145 
110 TMA-ZAIN-G-    (0)   :  0.021 0.021 0.069 0.158 0.020 0.009 0.106 0.112 0.235 0.246 
111 TMA-ZAIN-G-    (9)   :  0.004 0.006 0.527 0.104 0.028 0.015 0.076 0.052 0.019 0.169 
112 TMA-ZAIN-G-    (0)   :  0.034 0.014 0.259 0.062 0.022 0.021 0.139 0.045 0.251 0.153 
113 TMA-ZAIN-G-    (0)   :  0.005 0.006 0.901 0.008 0.022 0.010 0.005 0.021 0.006 0.015 
114 TMA-ZAIN-G-    (0)   :  0.002 0.007 0.959 0.011 0.004 0.003 0.004 0.003 0.003 0.003 
115 TMA-ZAIN-G-    (0)   :  0.004 0.003 0.965 0.006 0.004 0.003 0.005 0.004 0.003 0.004 
116 TMA-ZAIN-G-    (0)   :  0.006 0.005 0.006 0.003 0.013 0.011 0.005 0.016 0.009 0.927 
117 TMA-ZAIN-G-    (0)   :  0.072 0.053 0.009 0.003 0.050 0.267 0.015 0.144 0.226 0.161 
118 TMA-ZAIN-G-    (0)   :  0.016 0.007 0.005 0.003 0.011 0.023 0.006 0.015 0.012 0.902 
119 TMA-ZAIN-G-    (0)   :  0.006 0.005 0.026 0.021 0.013 0.038 0.024 0.079 0.011 0.777 
120 TMA-ZAIN-G-    (0)   :  0.055 0.018 0.009 0.004 0.016 0.027 0.014 0.027 0.020 0.810 
121 TMA-ZAIN-G-    (0)   :  0.023 0.015 0.015 0.003 0.028 0.177 0.011 0.056 0.096 0.575 
122 TMA-ZAIN-G-    (0)   :  0.014 0.129 0.006 0.007 0.013 0.046 0.017 0.190 0.214 0.365 
123 TMA-ZAIN-G-    (0)   :  0.011 0.009 0.937 0.010 0.005 0.004 0.009 0.005 0.005 0.005 
124 TMA-ZAIN-G-    (0)   :  0.009 0.009 0.005 0.003 0.004 0.004 0.006 0.006 0.945 0.010 
125 TMA-ZAIN-G-    (0)   :  0.027 0.008 0.002 0.002 0.097 0.038 0.004 0.006 0.808 0.007 
126 TMA-ZAIN-G-    (0)   :  0.038 0.007 0.004 0.003 0.011 0.005 0.004 0.005 0.909 0.013 
127 TMA-ZAIN-G-    (0)   :  0.010 0.006 0.003 0.003 0.004 0.006 0.004 0.005 0.950 0.010 
128 TMA-ZAIN-G-    (0)   :  0.008 0.007 0.005 0.003 0.006 0.023 0.005 0.008 0.921 0.015 
129 TMA-ZAIN-G-    (0)   :  0.014 0.009 0.006 0.003 0.007 0.006 0.005 0.006 0.936 0.008 
130 TMA-ZAIN-G-    (0)   :  0.076 0.007 0.007 0.003 0.050 0.009 0.006 0.008 0.804 0.030 
131 TMA-ZAIN-G-    (0)   :  0.014 0.011 0.004 0.003 0.005 0.004 0.006 0.006 0.939 0.008 
132 TMA-ZAIN-G-    (0)   :  0.018 0.007 0.004 0.003 0.035 0.052 0.005 0.015 0.834 0.027 
133 TMA-ZAIN-G-    (0)   :  0.124 0.048 0.003 0.013 0.024 0.082 0.013 0.075 0.564 0.052 
134 TMA-ZAIN-G-    (0)   :  0.304 0.040 0.003 0.008 0.023 0.071 0.007 0.077 0.398 0.067 
135 TMA-ZAIN-G-    (0)   :  0.020 0.028 0.005 0.006 0.013 0.028 0.004 0.198 0.220 0.478 
136 TMA-ZAIN-G-    (0)   :  0.008 0.006 0.007 0.005 0.014 0.619 0.005 0.059 0.088 0.189 
137 TMA-ZAIN-G-    (0)   :  0.006 0.020 0.006 0.009 0.007 0.006 0.006 0.113 0.065 0.762 
138 TMA-ZAIN-G-    (0)   :  0.027 0.004 0.004 0.003 0.017 0.013 0.003 0.024 0.578 0.328 
139 TMA-ZAIN-G-    (0)   :  0.019 0.013 0.005 0.005 0.075 0.014 0.004 0.053 0.361 0.452 
140 TMA-ZAIN-G-    (0)   :  0.006 0.005 0.004 0.005 0.004 0.009 0.006 0.115 0.127 0.719 
141 TMA-ZAIN-G-    (0)   :  0.025 0.013 0.006 0.004 0.006 0.007 0.006 0.407 0.091 0.436 
142 TMA-ZAIN-G-    (9)   :  0.006 0.007 0.003 0.003 0.004 0.012 0.005 0.191 0.047 0.721 
143 TMA-ZAIN-G-    (0)   :  0.010 0.006 0.004 0.003 0.005 0.013 0.005 0.041 0.257 0.656 
144 TMA-ZAIN-G-    (0)   :  0.012 0.011 0.004 0.006 0.024 0.006 0.010 0.018 0.122 0.788 
145 TMA-ZAIN-G-    (0)   :  0.007 0.006 0.003 0.002 0.016 0.256 0.004 0.104 0.039 0.564 
146 TMA-ZAIN-G-    (0)   :  0.006 0.005 0.003 0.003 0.004 0.006 0.003 0.582 0.008 0.380 
147 TMA-ZAIN-G-    (9)   :  0.007 0.006 0.003 0.003 0.005 0.012 0.004 0.439 0.010 0.510 
148 TMA-ZAIN-G-    (0)   :  0.104 0.006 0.003 0.003 0.036 0.005 0.004 0.352 0.072 0.414 
149 TMA-ZAIN-G-    (0)   :  0.036 0.035 0.024 0.015 0.077 0.007 0.012 0.168 0.083 0.543 
150 TMA-ZAIN-G-    (0)   :  0.018 0.019 0.020 0.013 0.081 0.040 0.012 0.078 0.015 0.704 
151 TMA-ZAIN-G-    (0)   :  0.017 0.003 0.003 0.002 0.005 0.010 0.004 0.010 0.043 0.904 
152 TMA-ZAIN-G-    (0)   :  0.008 0.003 0.003 0.002 0.005 0.006 0.003 0.006 0.008 0.956 
153 TMA-ZAIN-G-    (0)   :  0.025 0.004 0.004 0.002 0.010 0.013 0.003 0.019 0.082 0.838 
154 TMA-ZAIN-G-    (0)   :  0.005 0.004 0.003 0.002 0.005 0.005 0.004 0.007 0.009 0.956 
155 TMA-ZAIN-G-    (0)   :  0.007 0.005 0.004 0.003 0.003 0.009 0.004 0.020 0.014 0.932 
156 TMA-ZAIN-G-    (9)   :  0.039 0.003 0.006 0.003 0.011 0.004 0.004 0.007 0.051 0.872 
157 TMA-ZAIN-G-    (0)   :  0.094 0.005 0.004 0.003 0.006 0.007 0.004 0.017 0.061 0.799 
158 TMA-ZAIN-G-    (0)   :  0.004 0.003 0.003 0.003 0.004 0.005 0.005 0.025 0.009 0.938 
159 TMA-ZAIN-G-    (0)   :  0.004 0.004 0.005 0.002 0.005 0.010 0.003 0.222 0.008 0.737 
160 TMA-ZAIN-G-    (0)   :  0.004 0.004 0.005 0.003 0.006 0.016 0.003 0.107 0.005 0.847 
161 TMA-ZAIN-G-    (0)   :  0.020 0.006 0.003 0.003 0.020 0.006 0.006 0.025 0.111 0.800 
162 TMA-ZAIN-G-    (0)   :  0.004 0.012 0.022 0.013 0.013 0.007 0.008 0.010 0.012 0.899 
163 TMA-ZAIN-G-    (0)   :  0.003 0.003 0.003 0.002 0.003 0.004 0.003 0.007 0.007 0.965 
164 TMA-ZAIN-G-    (0)   :  0.004 0.007 0.004 0.003 0.006 0.006 0.004 0.012 0.007 0.946 
165 TMA-ZAIN-G-    (0)   :  0.004 0.003 0.004 0.003 0.004 0.006 0.003 0.012 0.010 0.952 
166 TMA-ZAIN-G-    (0)   :  0.006 0.005 0.003 0.002 0.009 0.009 0.003 0.116 0.069 0.777 
167 TMA-ZAIN-G-    (0)   :  0.008 0.007 0.005 0.005 0.005 0.005 0.007 0.746 0.044 0.168 
168 TMA-ZAIN-G-    (0)   :  0.039 0.006 0.007 0.003 0.005 0.014 0.005 0.877 0.013 0.031 
169 TMA-ZAIN-G-    (0)   :  0.005 0.006 0.004 0.003 0.005 0.085 0.003 0.848 0.007 0.033 
170 TMA-ZAIN-G-    (0)   :  0.120 0.006 0.016 0.010 0.004 0.023 0.021 0.572 0.142 0.087 
171 TMA-ZAIN-G-    (0)   :  0.004 0.005 0.003 0.003 0.003 0.015 0.003 0.938 0.006 0.020 
172 TMA-ZAIN-G-    (0)   :  0.023 0.006 0.004 0.004 0.004 0.006 0.006 0.090 0.798 0.058 
173 TMA-ZAIN-G-    (0)   :  0.020 0.007 0.004 0.004 0.004 0.007 0.007 0.048 0.868 0.031 
174 TMA-ZAIN-G-    (0)   :  0.006 0.005 0.003 0.003 0.009 0.052 0.004 0.118 0.695 0.105 
175 TMA-ZAIN-G-    (0)   :  0.006 0.006 0.004 0.003 0.004 0.007 0.003 0.905 0.007 0.056 
176 TMA-ZAIN-G-    (0)   :  0.005 0.006 0.004 0.003 0.004 0.006 0.004 0.862 0.009 0.098 
177 TMA-ZAIN-G-    (0)   :  0.037 0.005 0.004 0.003 0.003 0.004 0.005 0.662 0.034 0.243 
178 TMA-ZAIN-G-    (0)   :  0.080 0.006 0.005 0.004 0.004 0.005 0.008 0.175 0.475 0.238 
179 TMA-ZAIN-G-    (0)   :  0.041 0.007 0.003 0.003 0.005 0.009 0.005 0.372 0.135 0.420 
180 TMA-ZAIN-G-    (0)   :  0.018 0.036 0.004 0.007 0.011 0.067 0.007 0.010 0.809 0.030 
181 TMA-ZAIN-G-    (0)   :  0.184 0.004 0.004 0.003 0.005 0.007 0.004 0.018 0.711 0.059 
182 TMA-ZAIN-G-    (0)   :  0.143 0.006 0.007 0.003 0.005 0.003 0.005 0.009 0.783 0.035 
183 TMA-ZAIN-G-    (0)   :  0.258 0.005 0.005 0.003 0.004 0.006 0.004 0.020 0.664 0.032 
184 TMA-ZAIN-G-    (0)   :  0.028 0.021 0.031 0.016 0.020 0.008 0.013 0.015 0.806 0.041 
185 TMA-ZAIN-G-    (0)   :  0.005 0.016 0.013 0.022 0.026 0.005 0.020 0.009 0.876 0.009 
186 TMA-ZAIN-G-    (9)   :  0.005 0.005 0.004 0.005 0.005 0.005 0.008 0.011 0.940 0.012 
187 TMA-ZAIN-G-    (0)   :  0.022 0.004 0.004 0.003 0.003 0.016 0.005 0.047 0.871 0.024 
188 TMA-ZAIN-G-    (0)   :  0.007 0.003 0.003 0.003 0.004 0.017 0.004 0.051 0.897 0.012 
189 TMA-ZAIN-G-    (0)   :  0.009 0.003 0.002 0.003 0.003 0.011 0.003 0.006 0.953 0.007 
190 TMA-ZAIN-G-    (0)   :  0.085 0.004 0.003 0.003 0.005 0.023 0.008 0.074 0.772 0.022 
191 TMA-ZAIN-G-    (0)   :  0.005 0.016 0.014 0.019 0.010 0.005 0.009 0.014 0.899 0.008 
192 TMA-ZAIN-G-    (0)   :  0.024 0.018 0.004 0.011 0.004 0.005 0.005 0.015 0.907 0.008 
193 TMA-ZAIN-G-    (0)   :  0.970 0.004 0.003 0.002 0.004 0.004 0.003 0.004 0.004 0.003 
194 TMA-ZAIN-G-    (0)   :  0.900 0.005 0.002 0.006 0.013 0.011 0.014 0.007 0.037 0.005 
195 TMA-ZAIN-G-    (0)   :  0.823 0.004 0.003 0.003 0.006 0.033 0.009 0.039 0.064 0.016 
196 TMA-ZAIN-G-    (0)   :  0.950 0.004 0.003 0.003 0.005 0.010 0.004 0.005 0.011 0.006 
197 TMA-ZAIN-G-    (0)   :  0.943 0.007 0.003 0.003 0.005 0.010 0.004 0.009 0.010 0.007 
198 TMA-ZAIN-G-    (0)   :  0.948 0.004 0.003 0.003 0.004 0.007 0.003 0.009 0.011 0.008 
199 TMA-ZAIN-G-    (0)   :  0.006 0.004 0.003 0.004 0.006 0.005 0.006 0.007 0.947 0.012 
200 TMA-ZAIN-G-    (0)   :  0.049 0.006 0.016 0.880 0.004 0.003 0.032 0.003 0.004 0.003 
201 TMA-ZAIN-G-    (0)   :  0.003 0.006 0.007 0.951 0.004 0.005 0.014 0.004 0.003 0.004 
202 TMA-ZAIN-G-    (0)   :  0.036 0.004 0.016 0.909 0.002 0.003 0.012 0.004 0.009 0.006 
203 TMA-ZAIN-G-    (0)   :  0.865 0.005 0.023 0.003 0.006 0.004 0.005 0.015 0.047 0.028 
204 TMA-ZAIN-G-    (9)   :  0.008 0.084 0.005 0.823 0.027 0.011 0.014 0.016 0.007 0.006 
205 TMA-ZAIN-G-    (0)   :  0.008 0.024 0.007 0.776 0.013 0.008 0.023 0.026 0.010 0.107 
206 TMA-ZAIN-G-    (9)   :  0.061 0.144 0.014 0.685 0.013 0.011 0.031 0.013 0.019 0.010 
207 TMA-ZAIN-G-    (9)   :  0.011 0.090 0.012 0.010 0.078 0.058 0.041 0.036 0.034 0.629 
208 TMA-ZAIN-G-    (0)   :  0.004 0.002 0.003 0.003 0.004 0.036 0.005 0.059 0.017 0.867 
209 TMA-ZAIN-G-    (0)   :  0.277 0.009 0.003 0.003 0.064 0.015 0.004 0.169 0.316 0.141 
210 TMA-ZAIN-G-    (0)   :  0.411 0.014 0.004 0.003 0.015 0.115 0.006 0.130 0.188 0.113 
211 TMA-ZAIN-G-    (0)   :  0.098 0.009 0.014 0.022 0.014 0.035 0.029 0.134 0.569 0.075 
212 TMA-ZAIN-G-    (0)   :  0.021 0.024 0.003 0.005 0.008 0.017 0.006 0.023 0.513 0.381 
213 TMA-ZAIN-G-    (0)   :  0.034 0.005 0.004 0.004 0.009 0.007 0.005 0.069 0.460 0.402 
214 TMA-ZAIN-G-    (0)   :  0.033 0.005 0.003 0.003 0.008 0.052 0.004 0.090 0.642 0.159 
215 TMA-ZAIN-G-    (0)   :  0.005 0.003 0.004 0.012 0.003 0.005 0.197 0.377 0.334 0.060 
216 TMA-ZAIN-G-    (0)   :  0.009 0.005 0.003 0.004 0.007 0.005 0.006 0.014 0.923 0.023 
217 TMA-ZAIN-G-    (0)   :  0.095 0.007 0.004 0.003 0.009 0.138 0.004 0.239 0.396 0.105 
218 TMA-ZAIN-G-    (0)   :  0.004 0.005 0.006 0.004 0.004 0.011 0.946 0.007 0.008 0.005 
219 TMA-ZAIN-G-    (0)   :  0.004 0.018 0.005 0.011 0.008 0.003 0.938 0.004 0.006 0.004 
220 TMA-ZAIN-G-    (0)   :  0.007 0.012 0.069 0.004 0.007 0.013 0.838 0.014 0.009 0.027 
221 TMA-ZAIN-G-    (0)   :  0.007 0.013 0.004 0.022 0.006 0.007 0.897 0.010 0.023 0.011 
222 TMA-ZAIN-G-    (0)   :  0.005 0.027 0.037 0.010 0.014 0.016 0.855 0.010 0.010 0.016 
223 TMA-ZAIN-G-    (0)   :  0.003 0.011 0.007 0.010 0.005 0.004 0.949 0.004 0.003 0.003 
224 TMA-ZAIN-G-    (0)   :  0.009 0.118 0.015 0.017 0.009 0.005 0.800 0.006 0.016 0.005 
225 TMA-ZAIN-G-    (0)   :  0.011 0.006 0.012 0.010 0.004 0.003 0.942 0.003 0.005 0.004 
226 TMA-ZAIN-G-    (0)   :  0.019 0.009 0.016 0.009 0.005 0.005 0.914 0.008 0.008 0.007 
227 TMA-ZAIN-G-    (0)   :  0.022 0.006 0.011 0.024 0.005 0.004 0.902 0.009 0.010 0.008 
228 TMA-ZAIN-G-    (0)   :  0.007 0.018 0.018 0.013 0.006 0.008 0.882 0.025 0.008 0.015 
229 TMA-ZAIN-G-    (0)   :  0.003 0.008 0.026 0.076 0.006 0.011 0.860 0.005 0.003 0.003 
230 TMA-ZAIN-G-    (0)   :  0.018 0.358 0.046 0.008 0.015 0.020 0.429 0.057 0.041 0.008 
231 TMA-ZAIN-G-    (0)   :  0.011 0.072 0.168 0.491 0.018 0.013 0.121 0.039 0.014 0.053 
232 TMA-ZAIN-G-    (9)   :  0.012 0.020 0.265 0.517 0.012 0.053 0.050 0.018 0.039 0.014 
233 TMA-ZAIN-G-    (0)   :  0.009 0.027 0.005 0.022 0.013 0.041 0.838 0.024 0.011 0.010 
234 TMA-ZAIN-G-    (0)   :  0.011 0.007 0.267 0.050 0.032 0.007 0.605 0.006 0.004 0.011 
235 TMA-ZAIN-G-    (0)   :  0.026 0.031 0.144 0.024 0.008 0.005 0.675 0.043 0.029 0.014 
236 TMA-ZAIN-G-    (0)   :  0.031 0.090 0.120 0.069 0.005 0.007 0.639 0.014 0.012 0.012 
237 TMA-ZAIN-G-    (0)   :  0.009 0.177 0.243 0.012 0.006 0.013 0.265 0.227 0.024 0.024 
238 TMA-ZAIN-G-    (0)   :  0.007 0.007 0.053 0.036 0.004 0.005 0.800 0.034 0.022 0.029 
239 TMA-ZAIN-G-    (0)   :  0.130 0.024 0.005 0.752 0.030 0.015 0.005 0.005 0.030 0.004 
240 TMA-ZAIN-G-    (0)   :  0.004 0.008 0.004 0.961 0.006 0.003 0.004 0.004 0.003 0.003 
241 TMA-ZAIN-G-    (0)   :  0.004 0.006 0.004 0.951 0.005 0.005 0.004 0.011 0.005 0.006 
242 TMA-ZAIN-G-    (0)   :  0.003 0.003 0.003 0.957 0.004 0.006 0.004 0.007 0.005 0.007 
243 TMA-ZAIN-G-    (0)   :  0.004 0.005 0.003 0.941 0.005 0.009 0.004 0.015 0.006 0.008 
244 TMA-ZAIN-G-    (0)   :  0.004 0.003 0.004 0.933 0.004 0.009 0.004 0.016 0.007 0.016 
245 TMA-ZAIN-G-    (9)   :  0.003 0.003 0.003 0.971 0.003 0.002 0.004 0.004 0.003 0.003 
246 TMA-ZAIN-G-    (0)   :  0.002 0.005 0.003 0.970 0.003 0.003 0.004 0.003 0.003 0.003 
247 TMA-ZAIN-G-    (0)   :  0.002 0.004 0.002 0.964 0.005 0.006 0.005 0.004 0.004 0.004 
248 TMA-ZAIN-G-    (0)   :  0.010 0.004 0.004 0.948 0.004 0.005 0.006 0.006 0.007 0.007 
249 TMA-ZAIN-G-    (0)   :  0.007 0.004 0.003 0.963 0.003 0.003 0.005 0.003 0.004 0.004 
250 TMA-ZAIN-G-    (0)   :  0.004 0.004 0.002 0.964 0.003 0.006 0.005 0.003 0.004 0.003 
251 TMA-ZAIN-G-    (0)   :  0.005 0.009 0.006 0.003 0.957 0.004 0.005 0.003 0.004 0.004 
252 TMA-ZAIN-G-    (0)   :  0.004 0.004 0.003 0.003 0.883 0.025 0.006 0.035 0.007 0.029 
253 TMA-ZAIN-G-    (0)   :  0.004 0.004 0.004 0.004 0.960 0.005 0.003 0.004 0.004 0.008 
254 TMA-ZAIN-G-    (9)   :  0.005 0.006 0.006 0.003 0.928 0.011 0.004 0.009 0.008 0.019 
255 TMA-ZAIN-G-    (0)   :  0.004 0.004 0.009 0.015 0.943 0.007 0.004 0.004 0.004 0.007 
256 TMA-ZAIN-G-    (0)   :  0.024 0.021 0.007 0.011 0.903 0.005 0.005 0.007 0.008 0.009 
257 TMA-ZAIN-G-    (0)   :  0.013 0.014 0.004 0.005 0.947 0.003 0.004 0.004 0.004 0.003 
258 TMA-ZAIN-G-    (0)   :  0.005 0.006 0.003 0.003 0.966 0.004 0.003 0.003 0.003 0.003 
259 TMA-ZAIN-G-    (0)   :  0.006 0.020 0.004 0.006 0.944 0.005 0.005 0.004 0.004 0.003 
260 TMA-ZAIN-G-    (0)   :  0.006 0.017 0.003 0.005 0.944 0.009 0.004 0.004 0.004 0.004 
261 TMA-ZAIN-G-   (18)   :  0.008 0.021 0.005 0.005 0.926 0.010 0.007 0.005 0.008 0.006 
262 TMA-ZAIN-G-    (0)   :  0.006 0.010 0.004 0.003 0.961 0.003 0.004 0.003 0.003 0.003 
263 TMA-ZAIN-G-    (0)   :  0.004 0.008 0.005 0.004 0.961 0.003 0.004 0.003 0.003 0.004 
264 TMA-ZAIN-G-    (0)   :  0.006 0.007 0.008 0.004 0.956 0.004 0.004 0.004 0.003 0.005 
265 TMA-ZAIN-G-    (0)   :  0.014 0.391 0.017 0.016 0.203 0.029 0.244 0.024 0.030 0.031 
266 TMA-ZAIN-G-    (0)   :  0.066 0.024 0.013 0.010 0.657 0.029 0.031 0.020 0.108 0.043 
267 TMA-ZAIN-G-    (0)   :  0.007 0.298 0.027 0.352 0.180 0.016 0.070 0.025 0.012 0.013 
268 TMA-ZAIN-G-    (0)   :  0.003 0.009 0.069 0.892 0.005 0.004 0.007 0.004 0.004 0.004 
269 TMA-ZAIN-G-    (0)   :  0.004 0.071 0.232 0.635 0.005 0.005 0.029 0.008 0.005 0.006 
270 TMA-ZAIN-G-    (0)   :  0.004 0.149 0.070 0.738 0.005 0.004 0.015 0.006 0.005 0.005 
271 TMA-ZAIN-G-    (0)   :  0.003 0.022 0.031 0.912 0.005 0.004 0.009 0.005 0.004 0.006 
272 TMA-ZAIN-G-    (0)   :  0.003 0.033 0.027 0.859 0.004 0.003 0.056 0.005 0.005 0.005 
273 TMA-ZAIN-G-    (0)   :  0.003 0.009 0.014 0.944 0.004 0.002 0.015 0.003 0.003 0.003 
274 TMA-ZAIN-G-    (0)   :  0.050 0.008 0.027 0.828 0.008 0.010 0.019 0.014 0.025 0.009 
275 TMA-ZAIN-G-    (0)   :  0.003 0.003 0.007 0.964 0.002 0.002 0.007 0.003 0.004 0.003 
276 TMA-ZAIN-G-    (0)   :  0.003 0.006 0.008 0.962 0.003 0.003 0.004 0.004 0.003 0.004 
277 TMA-ZAIN-G-    (0)   :  0.005 0.004 0.010 0.951 0.007 0.005 0.005 0.005 0.003 0.004 
278 TMA-ZAIN-G-    (0)   :  0.004 0.008 0.006 0.961 0.005 0.003 0.006 0.003 0.003 0.003 
279 TMA-ZAIN-G-    (0)   :  0.006 0.004 0.011 0.942 0.004 0.003 0.017 0.004 0.006 0.005 
280 TMA-ZAIN-G-    (0)   :  0.009 0.007 0.097 0.808 0.003 0.003 0.053 0.005 0.009 0.006 
281 TMA-ZAIN-G-    (0)   :  0.006 0.009 0.039 0.914 0.004 0.003 0.010 0.004 0.005 0.004 
282 TMA-ZAIN-G-    (9)   :  0.003 0.007 0.012 0.953 0.005 0.003 0.007 0.003 0.003 0.003 
283 TMA-ZAIN-G-    (0)   :  0.005 0.033 0.080 0.622 0.119 0.007 0.094 0.011 0.012 0.018 
284 TMA-ZAIN-G-    (0)   :  0.006 0.052 0.175 0.447 0.118 0.004 0.150 0.011 0.016 0.020 
285 TMA-ZAIN-G-    (0)   :  0.011 0.006 0.032 0.804 0.032 0.028 0.023 0.023 0.026 0.016 
286 TMA-ZAIN-G-    (0)   :  0.003 0.011 0.037 0.916 0.009 0.003 0.010 0.004 0.004 0.004 
287 TMA-ZAIN-G-    (0)   :  0.015 0.007 0.026 0.899 0.006 0.011 0.008 0.011 0.011 0.005 
288 TMA-ZAIN-G-    (0)   :  0.062 0.010 0.085 0.571 0.016 0.010 0.160 0.025 0.045 0.016 
289 TMA-ZAIN-G-    (0)   :  0.026 0.011 0.022 0.848 0.011 0.016 0.019 0.019 0.020 0.009 
290 TMA-ZAIN-G-    (0)   :  0.010 0.008 0.437 0.439 0.009 0.003 0.065 0.007 0.014 0.009 
291 TMA-ZAIN-G-    (0)   :  0.005 0.010 0.010 0.014 0.007 0.003 0.936 0.004 0.005 0.004 
292 TMA-ZAIN-G-    (0)   :  0.028 0.009 0.011 0.014 0.005 0.007 0.017 0.601 0.112 0.196 
293 TMA-ZAIN-G-    (0)   :  0.025 0.079 0.005 0.013 0.015 0.023 0.014 0.100 0.074 0.652 
294 TMA-ZAIN-G-    (0)   :  0.005 0.014 0.003 0.005 0.005 0.011 0.005 0.750 0.010 0.192 
295 TMA-ZAIN-G-    (9)   :  0.005 0.018 0.004 0.008 0.006 0.013 0.010 0.744 0.014 0.178 
296 TMA-ZAIN-G-    (0)   :  0.047 0.045 0.011 0.006 0.009 0.006 0.013 0.160 0.041 0.661 
297 TMA-ZAIN-G-    (0)   :  0.117 0.021 0.005 0.006 0.024 0.025 0.009 0.101 0.086 0.607 
298 TMA-ZAIN-G-    (0)   :  0.004 0.143 0.009 0.012 0.014 0.009 0.010 0.727 0.010 0.061 
299 TMA-ZAIN-G-    (0)   :  0.004 0.003 0.004 0.005 0.003 0.008 0.004 0.950 0.006 0.013 
300 TMA-ZAIN-G-    (0)   :  0.008 0.010 0.003 0.007 0.006 0.047 0.008 0.817 0.047 0.048 
301 TMA-ZAIN-G-    (0)   :  0.036 0.016 0.005 0.007 0.004 0.032 0.009 0.772 0.072 0.048 
302 TMA-ZAIN-G-    (9)   :  0.017 0.013 0.004 0.004 0.005 0.007 0.006 0.647 0.058 0.240 
303 TMA-ZAIN-G-    (0)   :  0.121 0.010 0.019 0.007 0.028 0.002 0.773 0.004 0.031 0.004 
304 TMA-ZAIN-G-    (0)   :  0.040 0.015 0.016 0.009 0.526 0.139 0.009 0.018 0.132 0.097 
305 TMA-ZAIN-G-    (0)   :  0.013 0.020 0.003 0.004 0.009 0.019 0.005 0.137 0.040 0.749 
306 TMA-ZAIN-G-    (0)   :  0.020 0.009 0.077 0.028 0.408 0.015 0.012 0.073 0.038 0.321 
307 TMA-ZAIN-G-    (0)   :  0.014 0.013 0.011 0.013 0.361 0.333 0.006 0.016 0.135 0.098 
308 TMA-ZAIN-G-    (0)   :  0.017 0.015 0.037 0.026 0.727 0.015 0.145 0.005 0.007 0.005 
309 TMA-ZAIN-G-    (0)   :  0.023 0.005 0.004 0.003 0.003 0.007 0.004 0.014 0.920 0.016 
310 TMA-ZAIN-G-    (0)   :  0.004 0.054 0.006 0.024 0.010 0.011 0.013 0.688 0.051 0.139 
311 TMA-ZAIN-G-    (0)   :  0.018 0.114 0.035 0.007 0.027 0.007 0.024 0.168 0.115 0.483 
312 TMA-ZAIN-G-    (0)   :  0.022 0.006 0.005 0.005 0.009 0.009 0.020 0.050 0.834 0.039 
313 TMA-ZAIN-G-    (0)   :  0.026 0.030 0.011 0.005 0.544 0.035 0.006 0.180 0.083 0.080 
314 TMA-ZAIN-G-    (0)   :  0.015 0.021 0.312 0.224 0.013 0.010 0.359 0.008 0.029 0.009 
315 TMA-ZAIN-G-    (0)   :  0.008 0.027 0.007 0.390 0.015 0.045 0.030 0.293 0.088 0.098 
316 TMA-ZAIN-G-    (0)   :  0.008 0.022 0.010 0.383 0.013 0.049 0.096 0.251 0.060 0.108 
317 TMA-ZAIN-G-    (0)   :  0.007 0.010 0.041 0.021 0.014 0.004 0.873 0.020 0.005 0.006 
318 TMA-ZAIN-G-    (9)   :  0.010 0.033 0.339 0.404 0.033 0.010 0.145 0.014 0.006 0.005 
319 TMA-ZAIN-G-    (0)   :  0.474 0.029 0.026 0.138 0.006 0.004 0.305 0.005 0.009 0.004 
320 TMA-ZAIN-G-    (0)   :  0.010 0.012 0.007 0.009 0.005 0.015 0.392 0.444 0.038 0.069 
321 TMA-ZAIN-G-    (0)   :  0.007 0.024 0.065 0.102 0.010 0.023 0.107 0.063 0.497 0.102 
322 TMA-ZAIN-G-    (0)   :  0.008 0.023 0.066 0.009 0.048 0.032 0.402 0.078 0.138 0.196 
323 TMA-ZAIN-G-    (0)   :  0.058 0.008 0.007 0.017 0.011 0.019 0.841 0.006 0.026 0.008 
324 TMA-ZAIN-G-    (0)   :  0.032 0.020 0.006 0.004 0.016 0.011 0.008 0.010 0.021 0.873 
325 TMA-ZAIN-G-    (0)   :  0.006 0.013 0.004 0.047 0.007 0.005 0.881 0.011 0.015 0.012 
326 TMA-ZAIN-G-    (0)   :  0.359 0.006 0.003 0.004 0.018 0.005 0.573 0.006 0.015 0.012 
327 TMA-ZAIN-G-    (0)   :  0.873 0.008 0.003 0.003 0.011 0.035 0.005 0.008 0.046 0.007 
328 TMA-ZAIN-G-    (0)   :  0.079 0.017 0.264 0.098 0.019 0.244 0.174 0.010 0.073 0.021 
329 TMA-ZAIN-G-    (0)   :  0.049 0.090 0.005 0.007 0.018 0.128 0.009 0.359 0.292 0.044 
330 TMA-ZAIN-G-    (0)   :  0.019 0.015 0.003 0.003 0.030 0.050 0.009 0.068 0.771 0.031 
331 TMA-ZAIN-G-    (0)   :  0.008 0.296 0.008 0.018 0.013 0.005 0.014 0.066 0.559 0.013 
332 TMA-ZAIN-G-    (0)   :  0.296 0.003 0.003 0.002 0.005 0.011 0.004 0.013 0.634 0.028 
333 TMA-ZAIN-G-    (0)   :  0.963 0.003 0.003 0.002 0.004 0.003 0.003 0.004 0.010 0.003 
334 TMA-ZAIN-G-    (0)   :  0.003 0.014 0.013 0.939 0.006 0.003 0.011 0.004 0.003 0.004 
335 TMA-ZAIN-G-    (0)   :  0.003 0.009 0.004 0.955 0.004 0.006 0.005 0.006 0.004 0.005 
336 TMA-ZAIN-G-    (0)   :  0.005 0.081 0.012 0.845 0.007 0.006 0.018 0.010 0.008 0.009 
337 TMA-ZAIN-G-    (9)   :  0.003 0.013 0.078 0.834 0.006 0.004 0.042 0.006 0.006 0.007 
338 TMA-ZAIN-G-    (0)   :  0.003 0.009 0.035 0.923 0.006 0.003 0.010 0.004 0.003 0.004 
339 TMA-ZAIN-G-    (0)   :  0.002 0.004 0.014 0.963 0.004 0.002 0.005 0.002 0.002 0.002 
340 TMA-ZAIN-G-    (0)   :  0.002 0.012 0.006 0.960 0.003 0.003 0.005 0.003 0.003 0.003 
341 TMA-ZAIN-G-    (0)   :  0.004 0.005 0.009 0.957 0.003 0.004 0.005 0.004 0.005 0.005 
342 TMA-ZAIN-G-    (0)   :  0.003 0.039 0.008 0.922 0.004 0.004 0.006 0.005 0.004 0.005 
343 TMA-ZAIN-G-    (0)   :  0.003 0.005 0.028 0.942 0.002 0.002 0.006 0.003 0.004 0.004 
344 TMA-ZAIN-G-    (0)   :  0.006 0.005 0.008 0.946 0.005 0.003 0.013 0.005 0.005 0.005 
345 TMA-ZAIN-G-    (0)   :  0.003 0.005 0.005 0.967 0.004 0.003 0.004 0.003 0.003 0.003 
346 TMA-ZAIN-G-    (0)   :  0.011 0.005 0.030 0.910 0.004 0.003 0.014 0.008 0.011 0.004 
347 TMA-ZAIN-G-    (9)   :  0.003 0.004 0.008 0.963 0.003 0.003 0.006 0.003 0.003 0.003 
348 TMA-ZAIN-G-    (0)   :  0.005 0.012 0.022 0.919 0.008 0.004 0.014 0.006 0.005 0.005 
349 TMA-ZAIN-G-    (0)   :  0.004 0.004 0.014 0.951 0.005 0.003 0.007 0.004 0.003 0.004 
350 TMA-ZAIN-G-    (0)   :  0.008 0.018 0.028 0.866 0.004 0.005 0.044 0.008 0.010 0.008 
351 TMA-ZAIN-G-    (0)   :  0.004 0.005 0.007 0.958 0.004 0.004 0.007 0.004 0.003 0.003 
352 TMA-ZAIN-G-    (0)   :  0.004 0.047 0.008 0.902 0.005 0.007 0.007 0.007 0.006 0.008 
353 TMA-ZAIN-G-    (0)   :  0.014 0.007 0.037 0.885 0.006 0.003 0.023 0.006 0.012 0.008 
354 TMA-ZAIN-G-    (0)   :  0.006 0.003 0.007 0.949 0.003 0.002 0.011 0.004 0.009 0.007 
355 TMA-ZAIN-G-    (0)   :  0.007 0.004 0.013 0.928 0.003 0.004 0.008 0.007 0.012 0.012 
356 TMA-ZAIN-G-    (0)   :  0.002 0.004 0.003 0.002 0.012 0.037 0.012 0.007 0.004 0.917 
357 TMA-ZAIN-G-    (0)   :  0.336 0.017 0.009 0.003 0.009 0.063 0.009 0.072 0.110 0.371 
358 TMA-ZAIN-G-    (0)   :  0.019 0.044 0.043 0.020 0.018 0.132 0.031 0.121 0.481 0.090 
359 TMA-ZAIN-G-    (0)   :  0.004 0.169 0.008 0.017 0.029 0.423 0.041 0.054 0.008 0.246 
360 TMA-ZAIN-G-    (0)   :  0.003 0.013 0.003 0.006 0.006 0.017 0.006 0.146 0.022 0.778 
361 TMA-ZAIN-G-    (0)   :  0.020 0.009 0.010 0.003 0.012 0.020 0.007 0.033 0.797 0.089 
362 TMA-ZAIN-G-    (0)   :  0.003 0.007 0.007 0.062 0.005 0.010 0.019 0.036 0.008 0.842 
363 TMA-ZAIN-G-    (0)   :  0.074 0.091 0.004 0.008 0.011 0.015 0.029 0.286 0.387 0.095 
364 TMA-ZAIN-G-    (0)   :  0.012 0.063 0.258 0.017 0.010 0.014 0.558 0.036 0.018 0.015 
365 TMA-ZAIN-G-    (0)   :  0.004 0.007 0.011 0.155 0.004 0.035 0.069 0.059 0.132 0.522 
366 TMA-ZAIN-G-    (0)   :  0.004 0.041 0.004 0.006 0.012 0.094 0.005 0.588 0.018 0.228 
367 TMA-ZAIN-G-    (0)   :  0.036 0.036 0.092 0.006 0.056 0.007 0.021 0.018 0.672 0.057 
368 TMA-ZAIN-G-    (0)   :  0.007 0.015 0.004 0.005 0.010 0.065 0.005 0.825 0.016 0.049 
369 TMA-ZAIN-G-    (0)   :  0.015 0.006 0.003 0.003 0.004 0.024 0.004 0.013 0.917 0.011 
370 TMA-ZAIN-G-    (0)   :  0.016 0.007 0.005 0.003 0.004 0.008 0.004 0.024 0.916 0.013 
371 TMA-ZAIN-G-    (0)   :  0.009 0.006 0.005 0.003 0.006 0.029 0.004 0.235 0.011 0.692 
372 TMA-ZAIN-G-    (0)   :  0.005 0.008 0.004 0.004 0.007 0.029 0.004 0.138 0.162 0.640 
373 TMA-ZAIN-G-    (0)   :  0.506 0.004 0.003 0.004 0.006 0.006 0.007 0.005 0.452 0.006 
374 TMA-ZAIN-G-    (0)   :  0.128 0.019 0.303 0.009 0.126 0.007 0.060 0.024 0.270 0.054 
375 TMA-ZAIN-G-    (0)   :  0.049 0.010 0.040 0.011 0.006 0.010 0.639 0.017 0.192 0.024 
376 TMA-ZAIN-G-    (9)   :  0.004 0.005 0.004 0.003 0.003 0.005 0.005 0.057 0.045 0.871 
377 TMA-ZAIN-G-    (0)   :  0.006 0.004 0.003 0.002 0.005 0.023 0.003 0.195 0.038 0.721 
378 TMA-ZAIN-G-    (0)   :  0.008 0.003 0.003 0.002 0.004 0.015 0.003 0.023 0.017 0.923 
379 TMA-ZAIN-G-    (0)   :  0.012 0.003 0.003 0.002 0.010 0.011 0.003 0.008 0.010 0.937 
380 TMA-ZAIN-G-    (0)   :  0.008 0.010 0.003 0.003 0.007 0.051 0.005 0.817 0.051 0.045 
381 TMA-ZAIN-G-    (9)   :  0.014 0.101 0.010 0.009 0.041 0.091 0.523 0.132 0.036 0.043 
382 TMA-ZAIN-G-    (9)   :  0.010 0.035 0.667 0.065 0.007 0.004 0.178 0.013 0.016 0.005 
383    ZFB01    (0)   :  0.003 0.003 0.960 0.008 0.004 0.003 0.004 0.005 0.004 0.006 
384    ZFB02    (0)   :  0.003 0.007 0.926 0.036 0.009 0.003 0.006 0.003 0.003 0.004 
385    ZFB03    (0)   :  0.009 0.006 0.951 0.005 0.004 0.003 0.007 0.004 0.005 0.005 
386    ZFB04    (0)   :  0.002 0.010 0.923 0.039 0.005 0.003 0.004 0.004 0.004 0.006 
387    ZFB05    (0)   :  0.012 0.059 0.750 0.107 0.007 0.011 0.040 0.003 0.006 0.004 
388    ZFB06    (0)   :  0.012 0.019 0.848 0.050 0.006 0.013 0.039 0.003 0.007 0.004 
389    ZFB07    (9)   :  0.006 0.008 0.931 0.011 0.004 0.004 0.011 0.008 0.008 0.009 
390    ZFB08    (0)   :  0.005 0.009 0.937 0.006 0.005 0.007 0.009 0.007 0.007 0.008 
391    ZFB09    (0)   :  0.003 0.003 0.967 0.005 0.004 0.003 0.005 0.003 0.003 0.004 
392    ZFB10    (0)   :  0.003 0.009 0.904 0.012 0.005 0.006 0.005 0.016 0.010 0.031 
393    ZFB11    (0)   :  0.003 0.010 0.924 0.020 0.007 0.004 0.005 0.013 0.004 0.009 
394    ZFB12    (0)   :  0.008 0.004 0.890 0.040 0.004 0.004 0.021 0.011 0.009 0.009 
395    ZFB13    (0)   :  0.005 0.013 0.925 0.007 0.004 0.007 0.011 0.010 0.007 0.010 
396    ZFB14    (0)   :  0.003 0.006 0.958 0.004 0.005 0.004 0.005 0.006 0.004 0.006 
397    ZFB15    (0)   :  0.003 0.004 0.960 0.015 0.003 0.002 0.005 0.003 0.003 0.003 
398    ZFB16    (0)   :  0.003 0.014 0.932 0.016 0.003 0.004 0.007 0.006 0.007 0.007 
399    ZFB17    (0)   :  0.004 0.051 0.842 0.024 0.015 0.012 0.019 0.008 0.012 0.013 
400    ZFB18    (0)   :  0.003 0.003 0.968 0.004 0.004 0.003 0.004 0.004 0.003 0.005 
401    ZFB19    (0)   :  0.005 0.007 0.866 0.007 0.004 0.008 0.018 0.024 0.023 0.038 
402    ZFB20    (0)   :  0.003 0.017 0.900 0.046 0.003 0.004 0.007 0.006 0.006 0.007 
403    ZFB21    (0)   :  0.004 0.005 0.960 0.011 0.003 0.002 0.006 0.003 0.003 0.003 
404    ZFB22    (0)   :  0.004 0.007 0.844 0.078 0.008 0.011 0.011 0.009 0.013 0.015 
405    ZFB23    (0)   :  0.005 0.013 0.913 0.028 0.005 0.003 0.006 0.012 0.005 0.010 
406    ZFB24    (0)   :  0.003 0.015 0.900 0.043 0.006 0.004 0.005 0.011 0.005 0.008 
407    ZFB25    (0)   :  0.004 0.004 0.909 0.005 0.004 0.005 0.004 0.017 0.012 0.035 
408    ZFB26    (0)   :  0.004 0.036 0.818 0.058 0.006 0.005 0.006 0.033 0.010 0.024 
409    ZFB27    (0)   :  0.003 0.005 0.861 0.092 0.006 0.004 0.004 0.010 0.006 0.010 
410    ZFB28    (0)   :  0.006 0.015 0.789 0.114 0.011 0.003 0.035 0.011 0.008 0.008 
411    ZFB29    (0)   :  0.002 0.020 0.929 0.022 0.007 0.003 0.006 0.005 0.003 0.004 
412    ZFB30    (0)   :  0.013 0.007 0.725 0.176 0.005 0.013 0.037 0.008 0.010 0.007 
413    ZFB31    (0)   :  0.004 0.004 0.929 0.007 0.004 0.005 0.004 0.013 0.008 0.022 
414    ZFB32    (0)   :  0.010 0.038 0.767 0.058 0.024 0.005 0.045 0.026 0.013 0.014 
