

----------------------------------------------------
STRUCTURE by Pritchard, Stephens and Donnelly (2000)
     and Falush, Stephens and Pritchard (2003)
       Code by Pritchard, Falush and Hubisz
             Version 2.3.4 (Jul 2012)
----------------------------------------------------



Command line arguments:   bin\structure -m C:\Users\eschumacher\Documents\GitHub\GCC_QUAC_ZAIN\Data_Files\Structure_Files\ZAIN\ZAIN_rebinned_garden_wild_nopopinfo\50-50\mainparams -e C:\Users\eschumacher\Documents\GitHub\GCC_QUAC_ZAIN\Data_Files\Structure_Files\ZAIN\ZAIN_rebinned_garden_wild_nopopinfo\50-50\extraparams 
Input File:    C:\Users\eschumacher\Documents\GitHub\GCC_QUAC_ZAIN\Data_Files\Structure_Files\ZAIN\ZAIN_rebinned_garden_wild_nopopinfo\project_data

Run parameters:
   1133 individuals
   11 loci
   3 populations assumed
   50000 Burn-in period
   50000 Reps


--------------------------------------------
Overall proportion of membership of the
sample in each of the 3 clusters

Inferred Clusters
  1      2      3    
0.389  0.432  0.179  

--------------------------------------------

Allele-freq. divergence among pops (Net nucleotide distance),
computed using point estimates of P.

      1       2       3      
 1      -    0.1595  0.1056  
 2   0.1595     -    0.1175  
 3   0.1056  0.1175     -    

Average distances (expected heterozygosity) between individuals in same cluster:
cluster  1  : 0.4577 
cluster  2  : 0.5645 
cluster  3  : 0.4512 

--------------------------------------------
Estimated Ln Prob of Data   = -24537.8
Mean value of ln likelihood = -24302.0
Variance of ln likelihood   = 471.8
Mean value of alpha         = 0.0438

Mean value of Fst_1         = 0.2585
Mean value of Fst_2         = 0.1626
Mean value of Fst_3         = 0.3388


Inferred ancestry of individuals:
        Label (%Miss) :  Inferred clusters
  1 TMA-ZAIN-G-    (9)   :  0.026 0.925 0.049 
  2 TMA-ZAIN-G-    (0)   :  0.138 0.759 0.103 
  3 TMA-ZAIN-G-    (0)   :  0.972 0.006 0.022 
  4 TMA-ZAIN-G-    (0)   :  0.148 0.029 0.822 
  5 TMA-ZAIN-G-    (0)   :  0.005 0.988 0.007 
  6 TMA-ZAIN-G-    (0)   :  0.704 0.122 0.174 
  7 TMA-ZAIN-G-    (0)   :  0.897 0.016 0.087 
  8 TMA-ZAIN-G-    (0)   :  0.971 0.006 0.024 
  9 TMA-ZAIN-G-    (9)   :  0.982 0.009 0.009 
 10 TMA-ZAIN-G-    (0)   :  0.979 0.006 0.015 
 11 TMA-ZAIN-G-    (0)   :  0.981 0.008 0.012 
 12 TMA-ZAIN-G-    (0)   :  0.987 0.005 0.008 
 13 TMA-ZAIN-G-    (9)   :  0.832 0.110 0.058 
 14 TMA-ZAIN-G-    (9)   :  0.109 0.009 0.882 
 15 TMA-ZAIN-G-    (0)   :  0.157 0.006 0.836 
 16 TMA-ZAIN-G-    (0)   :  0.988 0.006 0.006 
 17 TMA-ZAIN-G-    (9)   :  0.850 0.020 0.130 
 18 TMA-ZAIN-G-    (0)   :  0.010 0.955 0.035 
 19 TMA-ZAIN-G-    (0)   :  0.065 0.907 0.028 
 20 TMA-ZAIN-G-    (0)   :  0.004 0.985 0.010 
 21 TMA-ZAIN-G-    (0)   :  0.009 0.983 0.007 
 22 TMA-ZAIN-G-    (0)   :  0.003 0.991 0.006 
 23 TMA-ZAIN-G-    (0)   :  0.008 0.986 0.006 
 24 TMA-ZAIN-G-    (9)   :  0.136 0.835 0.030 
 25 TMA-ZAIN-G-    (9)   :  0.127 0.868 0.005 
 26 TMA-ZAIN-G-    (9)   :  0.382 0.036 0.582 
 27 TMA-ZAIN-G-    (0)   :  0.024 0.744 0.231 
 28 TMA-ZAIN-G-    (0)   :  0.024 0.945 0.031 
 29 TMA-ZAIN-G-    (0)   :  0.658 0.241 0.101 
 30 TMA-ZAIN-G-    (0)   :  0.769 0.190 0.041 
 31 TMA-ZAIN-G-    (0)   :  0.007 0.967 0.026 
 32 TMA-ZAIN-G-    (9)   :  0.160 0.823 0.017 
 33 TMA-ZAIN-G-   (18)   :  0.987 0.005 0.007 
 34 TMA-ZAIN-G-    (0)   :  0.844 0.139 0.017 
 35 TMA-ZAIN-G-    (9)   :  0.970 0.009 0.021 
 36 TMA-ZAIN-G-    (0)   :  0.965 0.006 0.029 
 37 TMA-ZAIN-G-    (9)   :  0.973 0.010 0.016 
 38 TMA-ZAIN-G-   (18)   :  0.153 0.784 0.063 
 39 TMA-ZAIN-G-    (0)   :  0.983 0.007 0.010 
 40 TMA-ZAIN-G-    (0)   :  0.989 0.005 0.006 
 41 TMA-ZAIN-G-    (0)   :  0.978 0.004 0.017 
 42 TMA-ZAIN-G-    (9)   :  0.893 0.004 0.102 
 43 TMA-ZAIN-G-    (0)   :  0.021 0.005 0.974 
 44 TMA-ZAIN-G-    (0)   :  0.043 0.947 0.010 
 45 TMA-ZAIN-G-    (0)   :  0.966 0.009 0.025 
 46 TMA-ZAIN-G-    (0)   :  0.006 0.986 0.008 
 47 TMA-ZAIN-G-    (0)   :  0.007 0.008 0.985 
 48 TMA-ZAIN-G-    (0)   :  0.128 0.019 0.854 
 49 TMA-ZAIN-G-    (9)   :  0.060 0.928 0.012 
 50 TMA-ZAIN-G-    (0)   :  0.105 0.885 0.010 
 51 TMA-ZAIN-G-    (0)   :  0.064 0.655 0.281 
 52 TMA-ZAIN-G-    (0)   :  0.064 0.727 0.209 
 53 TMA-ZAIN-G-    (0)   :  0.025 0.667 0.308 
 54 TMA-ZAIN-G-    (0)   :  0.007 0.010 0.983 
 55 TMA-ZAIN-G-    (0)   :  0.008 0.015 0.977 
 56 TMA-ZAIN-G-    (0)   :  0.101 0.029 0.870 
 57 TMA-ZAIN-G-    (0)   :  0.010 0.017 0.973 
 58 TMA-ZAIN-G-    (0)   :  0.023 0.903 0.074 
 59 TMA-ZAIN-G-    (0)   :  0.064 0.901 0.035 
 60 TMA-ZAIN-G-    (0)   :  0.021 0.853 0.125 
 61 TMA-ZAIN-G-    (0)   :  0.006 0.982 0.012 
 62 TMA-ZAIN-G-    (9)   :  0.034 0.943 0.023 
 63 TMA-ZAIN-G-    (0)   :  0.008 0.949 0.043 
 64 TMA-ZAIN-G-    (0)   :  0.985 0.004 0.011 
 65 TMA-ZAIN-G-    (9)   :  0.955 0.004 0.040 
 66 TMA-ZAIN-G-    (0)   :  0.983 0.004 0.013 
 67 TMA-ZAIN-G-    (0)   :  0.983 0.010 0.007 
 68 TMA-ZAIN-G-    (0)   :  0.963 0.003 0.034 
 69 TMA-ZAIN-G-    (0)   :  0.967 0.018 0.014 
 70 TMA-ZAIN-G-    (0)   :  0.987 0.006 0.007 
 71 TMA-ZAIN-G-    (0)   :  0.990 0.005 0.005 
 72 TMA-ZAIN-G-    (0)   :  0.981 0.007 0.013 
 73 TMA-ZAIN-G-    (0)   :  0.892 0.088 0.020 
 74 TMA-ZAIN-G-    (0)   :  0.972 0.020 0.009 
 75 TMA-ZAIN-G-    (0)   :  0.978 0.008 0.014 
 76 TMA-ZAIN-G-    (0)   :  0.957 0.038 0.005 
 77 TMA-ZAIN-G-    (0)   :  0.979 0.009 0.012 
 78 TMA-ZAIN-G-    (0)   :  0.930 0.052 0.018 
 79 TMA-ZAIN-G-    (0)   :  0.947 0.025 0.028 
 80 TMA-ZAIN-G-    (0)   :  0.983 0.006 0.011 
 81 TMA-ZAIN-G-    (0)   :  0.975 0.011 0.015 
 82 TMA-ZAIN-G-    (0)   :  0.983 0.005 0.012 
 83 TMA-ZAIN-G-    (9)   :  0.866 0.103 0.030 
 84 TMA-ZAIN-G-    (0)   :  0.969 0.023 0.008 
 85 TMA-ZAIN-G-    (0)   :  0.020 0.551 0.430 
 86 TMA-ZAIN-G-    (0)   :  0.055 0.323 0.622 
 87 TMA-ZAIN-G-    (0)   :  0.013 0.883 0.104 
 88 TMA-ZAIN-G-    (0)   :  0.148 0.219 0.632 
 89 TMA-ZAIN-G-    (0)   :  0.019 0.023 0.958 
 90 TMA-ZAIN-G-    (0)   :  0.014 0.044 0.942 
 91 TMA-ZAIN-G-    (0)   :  0.013 0.069 0.918 
 92 TMA-ZAIN-G-    (0)   :  0.010 0.038 0.952 
 93 TMA-ZAIN-G-    (0)   :  0.007 0.062 0.932 
 94 TMA-ZAIN-G-    (0)   :  0.008 0.367 0.625 
 95 TMA-ZAIN-G-    (0)   :  0.030 0.953 0.017 
 96 TMA-ZAIN-G-    (0)   :  0.235 0.641 0.124 
 97 TMA-ZAIN-G-    (0)   :  0.008 0.981 0.011 
 98 TMA-ZAIN-G-    (0)   :  0.008 0.981 0.011 
 99 TMA-ZAIN-G-    (0)   :  0.115 0.879 0.007 
100 TMA-ZAIN-G-    (0)   :  0.005 0.976 0.018 
101 TMA-ZAIN-G-    (0)   :  0.016 0.974 0.010 
102 TMA-ZAIN-G-    (0)   :  0.029 0.947 0.023 
103 TMA-ZAIN-G-    (0)   :  0.014 0.974 0.012 
104 TMA-ZAIN-G-    (0)   :  0.007 0.984 0.009 
105 TMA-ZAIN-G-    (0)   :  0.016 0.968 0.016 
106 TMA-ZAIN-G-    (0)   :  0.983 0.005 0.012 
107 TMA-ZAIN-G-    (0)   :  0.987 0.005 0.008 
108 TMA-ZAIN-G-    (9)   :  0.378 0.414 0.208 
109 TMA-ZAIN-G-    (0)   :  0.431 0.284 0.286 
110 TMA-ZAIN-G-    (0)   :  0.428 0.512 0.060 
111 TMA-ZAIN-G-    (9)   :  0.062 0.918 0.020 
112 TMA-ZAIN-G-    (0)   :  0.349 0.512 0.139 
113 TMA-ZAIN-G-    (0)   :  0.031 0.949 0.019 
114 TMA-ZAIN-G-    (0)   :  0.005 0.990 0.005 
115 TMA-ZAIN-G-    (0)   :  0.009 0.980 0.011 
116 TMA-ZAIN-G-    (0)   :  0.980 0.006 0.014 
117 TMA-ZAIN-G-    (0)   :  0.877 0.006 0.117 
118 TMA-ZAIN-G-    (0)   :  0.978 0.006 0.016 
119 TMA-ZAIN-G-    (0)   :  0.978 0.013 0.009 
120 TMA-ZAIN-G-    (0)   :  0.965 0.009 0.025 
121 TMA-ZAIN-G-    (0)   :  0.969 0.006 0.025 
122 TMA-ZAIN-G-    (0)   :  0.960 0.009 0.031 
123 TMA-ZAIN-G-    (0)   :  0.009 0.974 0.017 
124 TMA-ZAIN-G-    (0)   :  0.972 0.008 0.020 
125 TMA-ZAIN-G-    (0)   :  0.337 0.004 0.659 
126 TMA-ZAIN-G-    (0)   :  0.821 0.005 0.173 
127 TMA-ZAIN-G-    (0)   :  0.981 0.005 0.014 
128 TMA-ZAIN-G-    (0)   :  0.975 0.006 0.019 
129 TMA-ZAIN-G-    (0)   :  0.960 0.008 0.032 
130 TMA-ZAIN-G-    (0)   :  0.282 0.006 0.712 
131 TMA-ZAIN-G-    (0)   :  0.961 0.008 0.032 
132 TMA-ZAIN-G-    (0)   :  0.861 0.005 0.135 
133 TMA-ZAIN-G-    (0)   :  0.850 0.008 0.142 
134 TMA-ZAIN-G-    (0)   :  0.770 0.005 0.224 
135 TMA-ZAIN-G-    (0)   :  0.984 0.006 0.010 
136 TMA-ZAIN-G-    (0)   :  0.969 0.005 0.026 
137 TMA-ZAIN-G-    (0)   :  0.983 0.008 0.009 
138 TMA-ZAIN-G-    (0)   :  0.977 0.004 0.018 
139 TMA-ZAIN-G-    (0)   :  0.965 0.005 0.029 
140 TMA-ZAIN-G-    (0)   :  0.988 0.006 0.006 
141 TMA-ZAIN-G-    (0)   :  0.981 0.007 0.012 
142 TMA-ZAIN-G-    (9)   :  0.988 0.005 0.007 
143 TMA-ZAIN-G-    (0)   :  0.987 0.005 0.008 
144 TMA-ZAIN-G-    (0)   :  0.975 0.007 0.018 
145 TMA-ZAIN-G-    (0)   :  0.985 0.003 0.012 
146 TMA-ZAIN-G-    (0)   :  0.989 0.005 0.006 
147 TMA-ZAIN-G-    (9)   :  0.988 0.005 0.007 
148 TMA-ZAIN-G-    (0)   :  0.972 0.004 0.024 
149 TMA-ZAIN-G-    (0)   :  0.879 0.039 0.082 
150 TMA-ZAIN-G-    (0)   :  0.917 0.034 0.049 
151 TMA-ZAIN-G-    (0)   :  0.985 0.004 0.011 
152 TMA-ZAIN-G-    (0)   :  0.985 0.004 0.011 
153 TMA-ZAIN-G-    (0)   :  0.984 0.004 0.011 
154 TMA-ZAIN-G-    (0)   :  0.986 0.005 0.009 
155 TMA-ZAIN-G-    (0)   :  0.989 0.005 0.006 
156 TMA-ZAIN-G-    (9)   :  0.961 0.006 0.033 
157 TMA-ZAIN-G-    (0)   :  0.978 0.005 0.017 
158 TMA-ZAIN-G-    (0)   :  0.986 0.006 0.008 
159 TMA-ZAIN-G-    (0)   :  0.988 0.004 0.007 
160 TMA-ZAIN-G-    (0)   :  0.987 0.005 0.008 
161 TMA-ZAIN-G-    (0)   :  0.983 0.004 0.013 
162 TMA-ZAIN-G-    (0)   :  0.947 0.031 0.022 
163 TMA-ZAIN-G-    (0)   :  0.991 0.004 0.005 
164 TMA-ZAIN-G-    (0)   :  0.982 0.006 0.012 
165 TMA-ZAIN-G-    (0)   :  0.990 0.005 0.006 
166 TMA-ZAIN-G-    (0)   :  0.988 0.004 0.009 
167 TMA-ZAIN-G-    (0)   :  0.980 0.010 0.010 
168 TMA-ZAIN-G-    (0)   :  0.979 0.006 0.015 
169 TMA-ZAIN-G-    (0)   :  0.988 0.005 0.007 
170 TMA-ZAIN-G-    (0)   :  0.972 0.016 0.012 
171 TMA-ZAIN-G-    (0)   :  0.989 0.005 0.006 
172 TMA-ZAIN-G-    (0)   :  0.982 0.006 0.011 
173 TMA-ZAIN-G-    (0)   :  0.977 0.007 0.016 
174 TMA-ZAIN-G-    (0)   :  0.988 0.004 0.009 
175 TMA-ZAIN-G-    (0)   :  0.987 0.005 0.008 
176 TMA-ZAIN-G-    (0)   :  0.988 0.005 0.007 
177 TMA-ZAIN-G-    (0)   :  0.986 0.005 0.009 
178 TMA-ZAIN-G-    (0)   :  0.971 0.008 0.021 
179 TMA-ZAIN-G-    (0)   :  0.984 0.004 0.011 
180 TMA-ZAIN-G-    (0)   :  0.953 0.006 0.041 
181 TMA-ZAIN-G-    (0)   :  0.952 0.006 0.043 
182 TMA-ZAIN-G-    (0)   :  0.715 0.010 0.275 
183 TMA-ZAIN-G-    (0)   :  0.936 0.006 0.058 
184 TMA-ZAIN-G-    (0)   :  0.813 0.038 0.149 
185 TMA-ZAIN-G-    (0)   :  0.868 0.048 0.084 
186 TMA-ZAIN-G-    (9)   :  0.980 0.009 0.011 
187 TMA-ZAIN-G-    (0)   :  0.983 0.006 0.011 
188 TMA-ZAIN-G-    (0)   :  0.986 0.005 0.010 
189 TMA-ZAIN-G-    (0)   :  0.989 0.004 0.007 
190 TMA-ZAIN-G-    (0)   :  0.972 0.006 0.022 
191 TMA-ZAIN-G-    (0)   :  0.943 0.036 0.020 
192 TMA-ZAIN-G-    (0)   :  0.980 0.007 0.013 
193 TMA-ZAIN-G-    (0)   :  0.012 0.005 0.984 
194 TMA-ZAIN-G-    (0)   :  0.015 0.006 0.979 
195 TMA-ZAIN-G-    (0)   :  0.365 0.006 0.628 
196 TMA-ZAIN-G-    (0)   :  0.070 0.006 0.925 
197 TMA-ZAIN-G-    (0)   :  0.029 0.005 0.966 
198 TMA-ZAIN-G-    (0)   :  0.113 0.005 0.882 
199 TMA-ZAIN-G-    (0)   :  0.972 0.007 0.021 
200 TMA-ZAIN-G-    (0)   :  0.005 0.983 0.012 
201 TMA-ZAIN-G-    (0)   :  0.007 0.987 0.006 
202 TMA-ZAIN-G-    (0)   :  0.009 0.981 0.010 
203 TMA-ZAIN-G-    (0)   :  0.142 0.012 0.846 
204 TMA-ZAIN-G-    (9)   :  0.017 0.935 0.048 
205 TMA-ZAIN-G-    (0)   :  0.034 0.946 0.020 
206 TMA-ZAIN-G-    (9)   :  0.012 0.901 0.087 
207 TMA-ZAIN-G-    (9)   :  0.867 0.023 0.110 
208 TMA-ZAIN-G-    (0)   :  0.991 0.004 0.005 
209 TMA-ZAIN-G-    (0)   :  0.776 0.004 0.220 
210 TMA-ZAIN-G-    (0)   :  0.845 0.005 0.149 
211 TMA-ZAIN-G-    (0)   :  0.947 0.015 0.039 
212 TMA-ZAIN-G-    (0)   :  0.971 0.005 0.023 
213 TMA-ZAIN-G-    (0)   :  0.979 0.006 0.015 
214 TMA-ZAIN-G-    (0)   :  0.981 0.005 0.015 
215 TMA-ZAIN-G-    (0)   :  0.868 0.127 0.005 
216 TMA-ZAIN-G-    (0)   :  0.969 0.006 0.025 
217 TMA-ZAIN-G-    (0)   :  0.979 0.004 0.016 
218 TMA-ZAIN-G-    (0)   :  0.048 0.941 0.011 
219 TMA-ZAIN-G-    (0)   :  0.011 0.971 0.019 
220 TMA-ZAIN-G-    (0)   :  0.022 0.968 0.010 
221 TMA-ZAIN-G-    (0)   :  0.025 0.951 0.024 
222 TMA-ZAIN-G-    (0)   :  0.027 0.952 0.021 
223 TMA-ZAIN-G-    (0)   :  0.007 0.986 0.007 
224 TMA-ZAIN-G-    (0)   :  0.044 0.886 0.070 
225 TMA-ZAIN-G-    (0)   :  0.007 0.983 0.010 
226 TMA-ZAIN-G-    (0)   :  0.012 0.964 0.023 
227 TMA-ZAIN-G-    (0)   :  0.012 0.974 0.014 
228 TMA-ZAIN-G-    (0)   :  0.047 0.937 0.016 
229 TMA-ZAIN-G-    (0)   :  0.009 0.985 0.006 
230 TMA-ZAIN-G-    (0)   :  0.241 0.491 0.268 
231 TMA-ZAIN-G-    (0)   :  0.019 0.966 0.015 
232 TMA-ZAIN-G-    (9)   :  0.015 0.974 0.011 
233 TMA-ZAIN-G-    (0)   :  0.162 0.790 0.048 
234 TMA-ZAIN-G-    (0)   :  0.008 0.972 0.020 
235 TMA-ZAIN-G-    (0)   :  0.074 0.890 0.037 
236 TMA-ZAIN-G-    (0)   :  0.015 0.969 0.015 
237 TMA-ZAIN-G-    (0)   :  0.139 0.814 0.046 
238 TMA-ZAIN-G-    (0)   :  0.013 0.979 0.008 
239 TMA-ZAIN-G-    (0)   :  0.023 0.729 0.249 
240 TMA-ZAIN-G-    (0)   :  0.005 0.985 0.010 
241 TMA-ZAIN-G-    (0)   :  0.013 0.977 0.009 
242 TMA-ZAIN-G-    (0)   :  0.012 0.983 0.005 
243 TMA-ZAIN-G-    (0)   :  0.022 0.969 0.009 
244 TMA-ZAIN-G-    (0)   :  0.023 0.971 0.006 
245 TMA-ZAIN-G-    (9)   :  0.006 0.988 0.005 
246 TMA-ZAIN-G-    (0)   :  0.005 0.990 0.005 
247 TMA-ZAIN-G-    (0)   :  0.010 0.984 0.006 
248 TMA-ZAIN-G-    (0)   :  0.009 0.983 0.008 
249 TMA-ZAIN-G-    (0)   :  0.006 0.986 0.007 
250 TMA-ZAIN-G-    (0)   :  0.007 0.987 0.006 
251 TMA-ZAIN-G-    (0)   :  0.006 0.007 0.987 
252 TMA-ZAIN-G-    (0)   :  0.079 0.009 0.911 
253 TMA-ZAIN-G-    (0)   :  0.010 0.008 0.983 
254 TMA-ZAIN-G-    (9)   :  0.031 0.009 0.960 
255 TMA-ZAIN-G-    (0)   :  0.009 0.031 0.960 
256 TMA-ZAIN-G-    (0)   :  0.009 0.010 0.981 
257 TMA-ZAIN-G-    (0)   :  0.004 0.006 0.990 
258 TMA-ZAIN-G-    (0)   :  0.005 0.005 0.990 
259 TMA-ZAIN-G-    (0)   :  0.005 0.007 0.988 
260 TMA-ZAIN-G-    (0)   :  0.005 0.007 0.988 
261 TMA-ZAIN-G-   (18)   :  0.008 0.007 0.985 
262 TMA-ZAIN-G-    (0)   :  0.004 0.005 0.990 
263 TMA-ZAIN-G-    (0)   :  0.006 0.009 0.985 
264 TMA-ZAIN-G-    (0)   :  0.006 0.009 0.985 
265 TMA-ZAIN-G-    (0)   :  0.071 0.179 0.750 
266 TMA-ZAIN-G-    (0)   :  0.019 0.011 0.970 
267 TMA-ZAIN-G-    (0)   :  0.023 0.781 0.196 
268 TMA-ZAIN-G-    (0)   :  0.005 0.990 0.005 
269 TMA-ZAIN-G-    (0)   :  0.006 0.986 0.008 
270 TMA-ZAIN-G-    (0)   :  0.007 0.985 0.008 
271 TMA-ZAIN-G-    (0)   :  0.005 0.989 0.006 
272 TMA-ZAIN-G-    (0)   :  0.006 0.989 0.005 
273 TMA-ZAIN-G-    (0)   :  0.004 0.991 0.005 
274 TMA-ZAIN-G-    (0)   :  0.010 0.976 0.014 
275 TMA-ZAIN-G-    (0)   :  0.004 0.992 0.004 
276 TMA-ZAIN-G-    (0)   :  0.004 0.992 0.004 
277 TMA-ZAIN-G-    (0)   :  0.005 0.988 0.007 
278 TMA-ZAIN-G-    (0)   :  0.005 0.990 0.006 
279 TMA-ZAIN-G-    (0)   :  0.005 0.990 0.005 
280 TMA-ZAIN-G-    (0)   :  0.005 0.989 0.006 
281 TMA-ZAIN-G-    (0)   :  0.005 0.988 0.006 
282 TMA-ZAIN-G-    (9)   :  0.004 0.991 0.005 
283 TMA-ZAIN-G-    (0)   :  0.005 0.983 0.012 
284 TMA-ZAIN-G-    (0)   :  0.006 0.976 0.018 
285 TMA-ZAIN-G-    (0)   :  0.008 0.982 0.011 
286 TMA-ZAIN-G-    (0)   :  0.003 0.991 0.006 
287 TMA-ZAIN-G-    (0)   :  0.007 0.985 0.008 
288 TMA-ZAIN-G-    (0)   :  0.017 0.964 0.019 
289 TMA-ZAIN-G-    (0)   :  0.010 0.978 0.013 
290 TMA-ZAIN-G-    (0)   :  0.007 0.985 0.008 
291 TMA-ZAIN-G-    (0)   :  0.008 0.979 0.012 
292 TMA-ZAIN-G-    (0)   :  0.976 0.016 0.009 
293 TMA-ZAIN-G-    (0)   :  0.969 0.008 0.023 
294 TMA-ZAIN-G-    (0)   :  0.986 0.005 0.009 
295 TMA-ZAIN-G-    (9)   :  0.981 0.008 0.011 
296 TMA-ZAIN-G-    (0)   :  0.963 0.013 0.024 
297 TMA-ZAIN-G-    (0)   :  0.969 0.008 0.022 
298 TMA-ZAIN-G-    (0)   :  0.925 0.030 0.045 
299 TMA-ZAIN-G-    (0)   :  0.987 0.008 0.005 
300 TMA-ZAIN-G-    (0)   :  0.985 0.006 0.009 
301 TMA-ZAIN-G-    (0)   :  0.978 0.009 0.013 
302 TMA-ZAIN-G-    (9)   :  0.983 0.006 0.011 
303 TMA-ZAIN-G-    (0)   :  0.013 0.740 0.247 
304 TMA-ZAIN-G-    (0)   :  0.053 0.012 0.935 
305 TMA-ZAIN-G-    (0)   :  0.982 0.006 0.012 
306 TMA-ZAIN-G-    (0)   :  0.388 0.150 0.462 
307 TMA-ZAIN-G-    (0)   :  0.182 0.012 0.806 
308 TMA-ZAIN-G-    (0)   :  0.009 0.200 0.791 
309 TMA-ZAIN-G-    (0)   :  0.983 0.006 0.011 
310 TMA-ZAIN-G-    (0)   :  0.961 0.021 0.018 
311 TMA-ZAIN-G-    (0)   :  0.878 0.032 0.090 
312 TMA-ZAIN-G-    (0)   :  0.949 0.012 0.039 
313 TMA-ZAIN-G-    (0)   :  0.126 0.011 0.863 
314 TMA-ZAIN-G-    (0)   :  0.011 0.976 0.014 
315 TMA-ZAIN-G-    (0)   :  0.504 0.481 0.015 
316 TMA-ZAIN-G-    (0)   :  0.438 0.547 0.015 
317 TMA-ZAIN-G-    (0)   :  0.028 0.953 0.019 
318 TMA-ZAIN-G-    (9)   :  0.008 0.973 0.019 
319 TMA-ZAIN-G-    (0)   :  0.025 0.477 0.498 
320 TMA-ZAIN-G-    (0)   :  0.682 0.306 0.012 
321 TMA-ZAIN-G-    (0)   :  0.652 0.330 0.018 
322 TMA-ZAIN-G-    (0)   :  0.519 0.363 0.118 
323 TMA-ZAIN-G-    (0)   :  0.109 0.776 0.116 
324 TMA-ZAIN-G-    (0)   :  0.875 0.009 0.117 
325 TMA-ZAIN-G-    (0)   :  0.015 0.971 0.014 
326 TMA-ZAIN-G-    (0)   :  0.099 0.467 0.433 
327 TMA-ZAIN-G-    (0)   :  0.029 0.005 0.966 
328 TMA-ZAIN-G-    (0)   :  0.190 0.673 0.137 
329 TMA-ZAIN-G-    (0)   :  0.935 0.008 0.057 
330 TMA-ZAIN-G-    (0)   :  0.886 0.005 0.109 
331 TMA-ZAIN-G-    (0)   :  0.642 0.152 0.205 
332 TMA-ZAIN-G-    (0)   :  0.916 0.004 0.080 
333 TMA-ZAIN-G-    (0)   :  0.027 0.006 0.967 
334 TMA-ZAIN-G-    (0)   :  0.005 0.989 0.006 
335 TMA-ZAIN-G-    (0)   :  0.007 0.989 0.005 
336 TMA-ZAIN-G-    (0)   :  0.009 0.982 0.009 
337 TMA-ZAIN-G-    (9)   :  0.007 0.988 0.006 
338 TMA-ZAIN-G-    (0)   :  0.004 0.992 0.005 
339 TMA-ZAIN-G-    (0)   :  0.003 0.993 0.004 
340 TMA-ZAIN-G-    (0)   :  0.005 0.991 0.004 
341 TMA-ZAIN-G-    (0)   :  0.006 0.990 0.004 
342 TMA-ZAIN-G-    (0)   :  0.006 0.988 0.006 
343 TMA-ZAIN-G-    (0)   :  0.004 0.992 0.004 
344 TMA-ZAIN-G-    (0)   :  0.005 0.988 0.006 
345 TMA-ZAIN-G-    (0)   :  0.003 0.992 0.004 
346 TMA-ZAIN-G-    (0)   :  0.004 0.991 0.005 
347 TMA-ZAIN-G-    (9)   :  0.004 0.991 0.005 
348 TMA-ZAIN-G-    (0)   :  0.006 0.986 0.008 
349 TMA-ZAIN-G-    (0)   :  0.004 0.990 0.005 
350 TMA-ZAIN-G-    (0)   :  0.008 0.986 0.007 
351 TMA-ZAIN-G-    (0)   :  0.005 0.989 0.006 
352 TMA-ZAIN-G-    (0)   :  0.008 0.986 0.007 
353 TMA-ZAIN-G-    (0)   :  0.006 0.987 0.007 
354 TMA-ZAIN-G-    (0)   :  0.005 0.991 0.004 
355 TMA-ZAIN-G-    (0)   :  0.009 0.986 0.005 
356 TMA-ZAIN-G-    (0)   :  0.975 0.008 0.017 
357 TMA-ZAIN-G-    (0)   :  0.955 0.008 0.038 
358 TMA-ZAIN-G-    (0)   :  0.895 0.056 0.049 
359 TMA-ZAIN-G-    (0)   :  0.957 0.028 0.015 
360 TMA-ZAIN-G-    (0)   :  0.988 0.005 0.006 
361 TMA-ZAIN-G-    (0)   :  0.964 0.008 0.028 
362 TMA-ZAIN-G-    (0)   :  0.982 0.013 0.005 
363 TMA-ZAIN-G-    (0)   :  0.891 0.014 0.095 
364 TMA-ZAIN-G-    (0)   :  0.023 0.955 0.021 
365 TMA-ZAIN-G-    (0)   :  0.740 0.253 0.006 
366 TMA-ZAIN-G-    (0)   :  0.976 0.007 0.017 
367 TMA-ZAIN-G-    (0)   :  0.467 0.022 0.511 
368 TMA-ZAIN-G-    (0)   :  0.978 0.006 0.016 
369 TMA-ZAIN-G-    (0)   :  0.982 0.004 0.014 
370 TMA-ZAIN-G-    (0)   :  0.980 0.007 0.013 
371 TMA-ZAIN-G-    (0)   :  0.987 0.005 0.007 
372 TMA-ZAIN-G-    (0)   :  0.987 0.005 0.008 
373 TMA-ZAIN-G-    (0)   :  0.192 0.009 0.800 
374 TMA-ZAIN-G-    (0)   :  0.087 0.238 0.675 
375 TMA-ZAIN-G-    (0)   :  0.375 0.544 0.080 
376 TMA-ZAIN-G-    (9)   :  0.990 0.005 0.005 
377 TMA-ZAIN-G-    (0)   :  0.991 0.004 0.006 
378 TMA-ZAIN-G-    (0)   :  0.989 0.004 0.006 
379 TMA-ZAIN-G-    (0)   :  0.987 0.004 0.009 
380 TMA-ZAIN-G-    (0)   :  0.988 0.004 0.008 
381 TMA-ZAIN-G-    (9)   :  0.255 0.569 0.176 
382 TMA-ZAIN-G-    (9)   :  0.009 0.983 0.008 
383    ZFB01    (0)   :  0.009 0.984 0.007 
384    ZFB02    (0)   :  0.004 0.987 0.008 
385    ZFB03    (0)   :  0.010 0.974 0.015 
386    ZFB04    (0)   :  0.005 0.989 0.005 
387    ZFB05    (0)   :  0.004 0.985 0.011 
388    ZFB06    (0)   :  0.004 0.988 0.008 
389    ZFB07    (9)   :  0.014 0.978 0.008 
390    ZFB08    (0)   :  0.009 0.980 0.011 
391    ZFB09    (0)   :  0.006 0.987 0.007 
392    ZFB10    (0)   :  0.020 0.972 0.008 
393    ZFB11    (0)   :  0.017 0.976 0.007 
394    ZFB12    (0)   :  0.009 0.984 0.007 
395    ZFB13    (0)   :  0.012 0.980 0.008 
396    ZFB14    (0)   :  0.014 0.977 0.009 
397    ZFB15    (0)   :  0.004 0.992 0.004 
398    ZFB16    (0)   :  0.005 0.990 0.004 
399    ZFB17    (0)   :  0.005 0.988 0.006 
400    ZFB18    (0)   :  0.010 0.983 0.008 
401    ZFB19    (0)   :  0.037 0.956 0.008 
402    ZFB20    (0)   :  0.005 0.991 0.004 
403    ZFB21    (0)   :  0.004 0.990 0.005 
404    ZFB22    (0)   :  0.007 0.989 0.005 
405    ZFB23    (0)   :  0.013 0.978 0.010 
406    ZFB24    (0)   :  0.011 0.982 0.006 
407    ZFB25    (0)   :  0.058 0.932 0.010 
408    ZFB26    (0)   :  0.027 0.964 0.009 
409    ZFB27    (0)   :  0.015 0.980 0.005 
410    ZFB28    (0)   :  0.009 0.979 0.011 
411    ZFB29    (0)   :  0.006 0.988 0.006 
412    ZFB30    (0)   :  0.009 0.984 0.007 
413    ZFB31    (0)   :  0.045 0.946 0.009 
414    ZFB32    (0)   :  0.018 0.946 0.036 
415    ZFB33    (0)   :  0.005 0.990 0.005 
416    ZFB34    (0)   :  0.008 0.982 0.010 
417    ZFB35    (0)   :  0.010 0.981 0.009 
418  ZFBP101    (0)   :  0.860 0.013 0.127 
419  ZFBP102    (0)   :  0.962 0.016 0.022 
420  ZFBP103    (0)   :  0.662 0.007 0.331 
421  ZFBP104    (0)   :  0.910 0.083 0.007 
422  ZFBP105    (0)   :  0.981 0.008 0.010 
423  ZFBP106    (0)   :  0.981 0.005 0.014 
424  ZFBP107    (0)   :  0.973 0.014 0.013 
425  ZFBP108    (0)   :  0.990 0.005 0.006 
426  ZFBP109    (0)   :  0.991 0.004 0.005 
427  ZFBP110    (0)   :  0.713 0.021 0.266 
428  ZFBP111    (0)   :  0.989 0.004 0.007 
429  ZFBP112    (0)   :  0.982 0.007 0.011 
430  ZFBP113    (0)   :  0.989 0.006 0.005 
431  ZFBP114    (0)   :  0.986 0.006 0.008 
432  ZFBP115    (0)   :  0.978 0.005 0.017 
433  ZFBP116    (0)   :  0.988 0.005 0.007 
434  ZFBP117    (0)   :  0.987 0.004 0.010 
435  ZFBP118    (0)   :  0.987 0.006 0.006 
436  ZFBP119    (0)   :  0.962 0.005 0.033 
437  ZFBP120    (0)   :  0.984 0.009 0.007 
438  ZFBP121    (0)   :  0.982 0.006 0.012 
439  ZFBP122    (9)   :  0.987 0.005 0.008 
440  ZFBP123    (0)   :  0.977 0.007 0.015 
441  ZFBP124    (0)   :  0.983 0.008 0.009 
442  ZFBP125    (0)   :  0.988 0.004 0.008 
443  ZFBP126    (0)   :  0.956 0.019 0.025 
444  ZFBP127    (0)   :  0.982 0.004 0.014 
445  ZFBP128    (0)   :  0.985 0.004 0.010 
446  ZFBP129    (0)   :  0.986 0.005 0.009 
447  ZFBP130    (0)   :  0.984 0.004 0.012 
448  ZFBP131    (0)   :  0.989 0.006 0.006 
449  ZFBP132    (0)   :  0.987 0.005 0.008 
450  ZFBP133    (0)   :  0.989 0.004 0.007 
451  ZFBP134    (0)   :  0.973 0.005 0.022 
452  ZFBP135    (0)   :  0.744 0.014 0.242 
453  ZFBP136    (0)   :  0.882 0.008 0.110 
454  ZFBP201    (0)   :  0.980 0.008 0.012 
455  ZFBP202    (0)   :  0.987 0.006 0.007 
456  ZFBP203    (0)   :  0.970 0.022 0.008 
457  ZFBP204    (0)   :  0.965 0.007 0.028 
458  ZFBP205    (0)   :  0.984 0.006 0.010 
459  ZFBP206    (0)   :  0.975 0.009 0.016 
460  ZFBP207    (0)   :  0.961 0.005 0.034 
461  ZFBP208    (0)   :  0.979 0.011 0.010 
462  ZFBP209    (0)   :  0.989 0.003 0.008 
463  ZFBP210    (0)   :  0.979 0.009 0.012 
464  ZFBP211    (0)   :  0.986 0.006 0.008 
465  ZFBP212    (0)   :  0.988 0.005 0.006 
466  ZFBP213    (0)   :  0.968 0.011 0.021 
467  ZFBP214    (0)   :  0.898 0.009 0.093 
468  ZFBP215    (0)   :  0.987 0.005 0.008 
469  ZFBP216    (0)   :  0.983 0.010 0.007 
470  ZFBP217    (0)   :  0.983 0.005 0.013 
471  ZFBP218    (0)   :  0.991 0.005 0.005 
472  ZFBP219    (0)   :  0.990 0.005 0.005 
473  ZFBP220    (0)   :  0.983 0.004 0.013 
474  ZFBP221    (0)   :  0.989 0.005 0.006 
475  ZFBP222    (0)   :  0.981 0.008 0.011 
476  ZFBP223    (0)   :  0.953 0.008 0.039 
477  ZFBP224    (0)   :  0.984 0.007 0.009 
478  ZFBP225    (0)   :  0.977 0.005 0.018 
479  ZFBP226    (0)   :  0.987 0.006 0.006 
480  ZFBP227    (0)   :  0.866 0.123 0.011 
481  ZFBP228    (0)   :  0.978 0.005 0.017 
482  ZFBP229    (0)   :  0.988 0.004 0.008 
483  ZFBP230    (0)   :  0.980 0.005 0.015 
484  ZFBP231    (0)   :  0.985 0.007 0.008 
485  ZFBP232    (0)   :  0.989 0.005 0.006 
486  ZFBP233    (0)   :  0.985 0.007 0.008 
487   ZFCC01    (0)   :  0.005 0.012 0.982 
488   ZFCC03    (0)   :  0.006 0.005 0.989 
489   ZFCC04    (0)   :  0.006 0.009 0.985 
490   ZFCC05    (0)   :  0.008 0.009 0.983 
491   ZFCC08    (0)   :  0.017 0.005 0.978 
492   ZFCC09    (0)   :  0.005 0.008 0.987 
493   ZFCC10    (0)   :  0.007 0.015 0.978 
494   ZFCC11    (0)   :  0.006 0.006 0.987 
495   ZFCC12    (0)   :  0.006 0.068 0.926 
496   ZFCC13    (0)   :  0.013 0.010 0.977 
497   ZFCC14    (0)   :  0.010 0.018 0.972 
498   ZFCC15    (0)   :  0.007 0.011 0.982 
499   ZFCC16    (0)   :  0.005 0.011 0.984 
500   ZFCC17    (0)   :  0.005 0.013 0.983 
501   ZFCC18    (0)   :  0.006 0.008 0.986 
502   ZFCC19    (0)   :  0.005 0.020 0.975 
503   ZFCC20    (0)   :  0.006 0.006 0.989 
504   ZFCC21    (0)   :  0.072 0.028 0.901 
505   ZFCC22    (0)   :  0.301 0.013 0.685 
506   ZFCC26    (0)   :  0.005 0.008 0.987 
507   ZFCC27    (0)   :  0.005 0.005 0.990 
508   ZFCC29    (0)   :  0.006 0.016 0.978 
509   ZFCC30    (0)   :  0.005 0.004 0.990 
510   ZFCC32    (0)   :  0.006 0.017 0.976 
511   ZFCC33    (0)   :  0.005 0.015 0.980 
512   ZFCC34    (0)   :  0.036 0.019 0.946 
513   ZFCC35    (0)   :  0.007 0.006 0.988 
514   ZFCC36    (0)   :  0.015 0.018 0.968 
515   ZFCC37    (0)   :  0.010 0.083 0.906 
516   ZFCC40    (0)   :  0.008 0.013 0.979 
517   ZFCC42    (0)   :  0.009 0.463 0.528 
518   ZFCC44    (0)   :  0.005 0.005 0.990 
519   ZFCC45    (9)   :  0.006 0.048 0.945 
520   ZFCC46    (0)   :  0.015 0.006 0.979 
521   ZFCC47    (0)   :  0.007 0.041 0.952 
522   ZFCC48    (0)   :  0.048 0.012 0.940 
523   ZFCC50    (0)   :  0.005 0.011 0.984 
524   ZFCC51    (0)   :  0.005 0.006 0.989 
525   ZFCC52    (0)   :  0.014 0.008 0.978 
526   ZFCC53    (0)   :  0.004 0.006 0.990 
527  ZFCNS01    (0)   :  0.022 0.011 0.968 
528  ZFCNS02    (0)   :  0.014 0.005 0.981 
529  ZFCNS05    (0)   :  0.021 0.007 0.973 
530  ZFCNS06    (0)   :  0.018 0.006 0.976 
531  ZFCNS07    (0)   :  0.395 0.007 0.598 
532  ZFCNS10    (0)   :  0.080 0.005 0.915 
533  ZFCNS11    (0)   :  0.014 0.007 0.980 
534  ZFCNS15    (0)   :  0.840 0.008 0.152 
535  ZFCNS17    (0)   :  0.013 0.004 0.983 
536  ZFCNS18    (0)   :  0.030 0.005 0.965 
537  ZFCNS19    (0)   :  0.008 0.005 0.987 
538  ZFCNS20    (0)   :  0.129 0.006 0.865 
539  ZFCNS21    (0)   :  0.010 0.005 0.985 
540  ZFCNS22    (0)   :  0.157 0.008 0.836 
541  ZFCNS23    (0)   :  0.013 0.007 0.980 
542  ZFCNS24    (0)   :  0.010 0.004 0.986 
543  ZFCNS25    (0)   :  0.071 0.005 0.924 
544  ZFCNS26    (0)   :  0.320 0.008 0.672 
545  ZFCNS27    (0)   :  0.920 0.007 0.072 
546  ZFCNS28    (0)   :  0.022 0.007 0.971 
547  ZFCNS29    (0)   :  0.017 0.006 0.978 
548  ZFCNS30    (0)   :  0.011 0.006 0.983 
549  ZFCNS31    (0)   :  0.053 0.006 0.941 
550  ZFCNS32    (0)   :  0.040 0.007 0.953 
551  ZFCNS33    (0)   :  0.030 0.005 0.965 
552  ZFCNS34    (0)   :  0.008 0.005 0.987 
553  ZFCNS35    (0)   :  0.024 0.008 0.968 
554  ZFCNS36    (0)   :  0.009 0.004 0.987 
555  ZFCNS37    (0)   :  0.030 0.006 0.963 
556  ZFCNS39    (0)   :  0.012 0.004 0.984 
557  ZFCNS40    (0)   :  0.019 0.004 0.977 
558  ZFCNS41    (0)   :  0.137 0.012 0.852 
559  ZFCNS42    (0)   :  0.066 0.006 0.928 
560  ZFCNS43    (0)   :  0.009 0.005 0.986 
561  ZFCNS44    (0)   :  0.020 0.005 0.974 
562  ZFCNS46    (0)   :  0.028 0.006 0.967 
563  ZFCNS47    (0)   :  0.013 0.005 0.982 
564  ZFCNS48    (0)   :  0.042 0.005 0.952 
565  ZFCNS49    (0)   :  0.802 0.007 0.191 
566   ZFCR01    (0)   :  0.027 0.962 0.011 
567   ZFCR02    (0)   :  0.117 0.859 0.024 
568   ZFCR03    (0)   :  0.032 0.956 0.012 
569   ZFCR04    (0)   :  0.021 0.960 0.018 
570   ZFCR05    (0)   :  0.009 0.977 0.014 
571   ZFCR06    (0)   :  0.298 0.593 0.109 
572   ZFCR07    (0)   :  0.043 0.703 0.253 
573   ZFCR08    (0)   :  0.053 0.905 0.042 
574   ZFCR09    (0)   :  0.065 0.896 0.039 
575   ZFCR11    (0)   :  0.074 0.893 0.032 
576   ZFCR12    (0)   :  0.116 0.569 0.314 
577   ZFCR13    (0)   :  0.142 0.838 0.020 
578   ZFCR14    (0)   :  0.035 0.933 0.032 
579   ZFCR15    (0)   :  0.028 0.957 0.015 
580   ZFCR16    (0)   :  0.070 0.916 0.015 
581   ZFCR18    (0)   :  0.010 0.978 0.011 
582   ZFCR19    (0)   :  0.115 0.855 0.030 
583   ZFCR20    (0)   :  0.065 0.920 0.014 
584   ZFCR21    (0)   :  0.030 0.937 0.033 
585   ZFCR22    (0)   :  0.043 0.942 0.014 
586   ZFCR23    (0)   :  0.072 0.922 0.006 
587   ZFCR24    (9)   :  0.437 0.553 0.010 
588   ZFCR25    (0)   :  0.014 0.976 0.010 
589   ZFCR26    (0)   :  0.069 0.902 0.029 
590   ZFCR27    (9)   :  0.005 0.989 0.006 
591   ZFCR28    (0)   :  0.463 0.509 0.027 
592   ZFCR29    (0)   :  0.020 0.972 0.008 
593   ZFCR30    (0)   :  0.035 0.939 0.026 
594   ZFCR31    (0)   :  0.129 0.816 0.055 
595   ZFCR33    (0)   :  0.040 0.861 0.099 
596   ZFCR34    (0)   :  0.092 0.838 0.070 
597   ZFCR35    (0)   :  0.008 0.979 0.014 
598   ZFCR36    (0)   :  0.014 0.963 0.023 
599   ZFCR37    (0)   :  0.011 0.947 0.041 
600   ZFCR38    (0)   :  0.019 0.927 0.054 
601   ZFCR39    (0)   :  0.165 0.816 0.020 
602   ZFCR40    (0)   :  0.020 0.951 0.028 
603   ZFCR41    (0)   :  0.081 0.509 0.411 
604   ZFCR42    (0)   :  0.137 0.672 0.191 
605   ZFCR43    (0)   :  0.096 0.893 0.011 
606  ZFENP25    (0)   :  0.015 0.970 0.015 
607  ZFENP26    (0)   :  0.008 0.981 0.011 
608  ZFENP27    (0)   :  0.023 0.604 0.373 
609  ZFENP28    (0)   :  0.009 0.965 0.025 
610  ZFENP29    (0)   :  0.009 0.971 0.020 
611  ZFENP30    (0)   :  0.012 0.920 0.068 
612  ZFENP31    (0)   :  0.013 0.953 0.035 
613  ZFENP32    (0)   :  0.015 0.950 0.035 
614  ZFENP33    (0)   :  0.010 0.981 0.009 
615  ZFENP34    (0)   :  0.007 0.975 0.018 
616  ZFENP35    (0)   :  0.014 0.970 0.016 
617  ZFENP36    (0)   :  0.005 0.987 0.008 
618  ZFENP37    (0)   :  0.009 0.976 0.014 
619  ZFENP38    (0)   :  0.023 0.881 0.097 
620  ZFENP39    (0)   :  0.007 0.972 0.021 
621  ZFENP40    (0)   :  0.009 0.979 0.012 
622  ZFENP41    (0)   :  0.011 0.924 0.066 
623  ZFENP42    (0)   :  0.009 0.978 0.014 
624  ZFENP43    (0)   :  0.038 0.746 0.217 
625  ZFENP44    (0)   :  0.015 0.944 0.041 
626  ZFENP45    (0)   :  0.351 0.617 0.032 
627  ZFENP46    (0)   :  0.019 0.973 0.008 
628  ZFENP47    (0)   :  0.032 0.950 0.018 
629  ZFENP48    (0)   :  0.017 0.949 0.033 
630  ZFENP49    (0)   :  0.030 0.937 0.033 
631  ZFENP50    (0)   :  0.154 0.839 0.007 
632  ZFENP51    (0)   :  0.012 0.980 0.009 
633  ZFENP52    (0)   :  0.038 0.863 0.099 
634  ZFENP53    (0)   :  0.051 0.931 0.018 
635  ZFENP54    (0)   :  0.239 0.732 0.029 
636  ZFENP55    (0)   :  0.009 0.985 0.006 
637  ZFENP56    (0)   :  0.016 0.949 0.034 
638  ZFENP57    (0)   :  0.007 0.980 0.013 
639  ZFENP58    (0)   :  0.040 0.812 0.149 
640  ZFENP59    (0)   :  0.010 0.928 0.062 
641  ZFENP60    (0)   :  0.010 0.980 0.010 
642  ZFENP61    (0)   :  0.006 0.977 0.018 
643 ZFFDSP01    (0)   :  0.985 0.005 0.009 
644 ZFFDSP02    (0)   :  0.988 0.004 0.007 
645 ZFFDSP04    (0)   :  0.989 0.005 0.006 
646 ZFFDSP05    (0)   :  0.989 0.005 0.006 
647 ZFFDSP06    (0)   :  0.989 0.004 0.007 
648 ZFFDSP07    (0)   :  0.976 0.007 0.018 
649 ZFFDSP08    (0)   :  0.976 0.005 0.019 
650 ZFFDSP10    (0)   :  0.987 0.005 0.008 
651 ZFFDSP11    (0)   :  0.988 0.006 0.006 
652 ZFFDSP12    (0)   :  0.990 0.004 0.006 
653 ZFFDSP13    (0)   :  0.964 0.007 0.029 
654 ZFFDSP14    (0)   :  0.986 0.005 0.009 
655 ZFFDSP16    (0)   :  0.979 0.008 0.014 
656 ZFFDSP17    (0)   :  0.989 0.004 0.007 
657 ZFFDSP18    (0)   :  0.986 0.005 0.009 
658 ZFFDSP19    (0)   :  0.969 0.005 0.025 
659 ZFFDSP21    (0)   :  0.972 0.005 0.023 
660 ZFFDSP22    (0)   :  0.990 0.004 0.006 
661 ZFFDSP23    (0)   :  0.990 0.004 0.006 
662 ZFFDSP24    (0)   :  0.986 0.005 0.009 
663 ZFFDSP26    (9)   :  0.987 0.005 0.008 
664 ZFFDSP27    (0)   :  0.988 0.005 0.007 
665 ZFFDSP28    (0)   :  0.935 0.046 0.020 
666 ZFFDSP30    (0)   :  0.968 0.009 0.022 
667 ZFFDSP31    (0)   :  0.986 0.005 0.008 
668 ZFFDSP32    (0)   :  0.990 0.004 0.006 
669 ZFFDSP33    (0)   :  0.991 0.004 0.004 
670 ZFFDSP34    (0)   :  0.987 0.004 0.009 
671 ZFFDSP35    (0)   :  0.988 0.005 0.007 
672 ZFFDSP37    (0)   :  0.988 0.005 0.006 
673 ZFFDSP38    (0)   :  0.989 0.005 0.006 
674 ZFFDSP39    (0)   :  0.990 0.004 0.005 
675 ZFFDSP40    (0)   :  0.989 0.005 0.007 
676 ZFFDSP42    (0)   :  0.988 0.004 0.008 
677 ZFFDSP43    (0)   :  0.989 0.004 0.007 
678 ZFFDSP44    (0)   :  0.988 0.005 0.007 
679 ZFFDSP45    (0)   :  0.988 0.004 0.008 
680 ZFFDSP46    (0)   :  0.987 0.005 0.008 
681 ZFFDSP47    (0)   :  0.988 0.004 0.008 
682 ZFFDSP48    (0)   :  0.987 0.005 0.009 
683    ZFI01    (0)   :  0.008 0.972 0.019 
684    ZFI02    (0)   :  0.013 0.977 0.011 
685    ZFI03    (0)   :  0.007 0.975 0.018 
686    ZFI04    (0)   :  0.007 0.984 0.009 
687    ZFI05    (0)   :  0.013 0.961 0.026 
688    ZFI06    (0)   :  0.035 0.941 0.024 
689    ZFI07    (0)   :  0.007 0.984 0.009 
690    ZFI08    (0)   :  0.005 0.986 0.008 
691    ZFI09    (0)   :  0.008 0.982 0.011 
692    ZFI10    (0)   :  0.019 0.951 0.030 
693    ZFI11    (0)   :  0.005 0.984 0.011 
694    ZFI12    (0)   :  0.009 0.960 0.030 
695    ZFI13    (0)   :  0.008 0.978 0.015 
696    ZFI14    (0)   :  0.027 0.956 0.017 
697    ZFI15    (0)   :  0.007 0.982 0.011 
698    ZFI16    (0)   :  0.007 0.979 0.014 
699    ZFI17    (0)   :  0.008 0.983 0.010 
700    ZFI18    (0)   :  0.005 0.987 0.007 
701    ZFI19    (9)   :  0.006 0.986 0.009 
702    ZFI20    (0)   :  0.010 0.980 0.010 
703    ZFI21    (0)   :  0.038 0.941 0.022 
704    ZFI22    (0)   :  0.013 0.973 0.014 
705    ZFI23    (0)   :  0.008 0.978 0.014 
706    ZFI24    (0)   :  0.010 0.958 0.032 
707    ZFI25    (0)   :  0.013 0.973 0.015 
708    ZFI26    (0)   :  0.006 0.981 0.013 
709    ZFI27    (0)   :  0.012 0.944 0.044 
710    ZFK01    (0)   :  0.014 0.019 0.968 
711    ZFK02    (0)   :  0.011 0.023 0.966 
712    ZFK03    (0)   :  0.012 0.034 0.953 
713    ZFK04    (0)   :  0.014 0.239 0.746 
714    ZFK05    (0)   :  0.008 0.177 0.815 
715    ZFK06    (0)   :  0.013 0.273 0.715 
716    ZFK07    (0)   :  0.014 0.014 0.973 
717    ZFK08    (0)   :  0.017 0.775 0.208 
718    ZFK10    (0)   :  0.012 0.155 0.833 
719    ZFK11    (0)   :  0.011 0.111 0.878 
720    ZFK12    (0)   :  0.027 0.020 0.953 
721    ZFK13    (0)   :  0.086 0.022 0.892 
722    ZFK14    (0)   :  0.018 0.011 0.972 
723    ZFK15    (0)   :  0.051 0.137 0.812 
724    ZFK16    (0)   :  0.045 0.013 0.942 
725   ZFLB01    (0)   :  0.014 0.980 0.007 
726   ZFLB02    (0)   :  0.006 0.989 0.005 
727   ZFLB03    (0)   :  0.011 0.957 0.032 
728   ZFLB04    (0)   :  0.046 0.876 0.079 
729   ZFLB05    (0)   :  0.008 0.984 0.008 
730   ZFLB06    (0)   :  0.012 0.974 0.014 
731   ZFLB07    (0)   :  0.046 0.884 0.071 
732   ZFLB08    (0)   :  0.006 0.988 0.006 
733   ZFLB09    (9)   :  0.009 0.982 0.009 
734   ZFLB10    (0)   :  0.009 0.981 0.010 
735   ZFLB11    (0)   :  0.013 0.971 0.016 
736   ZFLB12    (0)   :  0.005 0.988 0.007 
737   ZFLB13    (0)   :  0.011 0.975 0.014 
738  ZFLTI01    (0)   :  0.850 0.005 0.145 
739  ZFLTI02    (0)   :  0.286 0.006 0.708 
740  ZFLTI03    (0)   :  0.897 0.005 0.098 
741  ZFLTI04    (0)   :  0.830 0.008 0.162 
742  ZFLTI05    (0)   :  0.902 0.005 0.093 
743  ZFLTI06    (0)   :  0.982 0.005 0.013 
744  ZFLTI07    (0)   :  0.971 0.005 0.024 
745  ZFLTI08    (0)   :  0.858 0.009 0.133 
746  ZFLTI09    (0)   :  0.970 0.006 0.024 
747  ZFLTI10    (0)   :  0.962 0.005 0.033 
748  ZFLTI11    (0)   :  0.979 0.005 0.016 
749  ZFLTI12    (0)   :  0.924 0.005 0.072 
750  ZFLTI13    (0)   :  0.422 0.006 0.572 
751  ZFLTI14    (0)   :  0.073 0.007 0.920 
752 ZFONF101    (0)   :  0.993 0.004 0.003 
753 ZFONF102    (0)   :  0.989 0.006 0.004 
754 ZFONF103    (0)   :  0.974 0.006 0.020 
755 ZFONF104    (0)   :  0.991 0.003 0.006 
756 ZFONF105    (0)   :  0.989 0.004 0.007 
757 ZFONF106    (0)   :  0.990 0.004 0.005 
758 ZFONF107    (0)   :  0.944 0.037 0.020 
759 ZFONF108    (0)   :  0.971 0.010 0.019 
760 ZFONF109    (9)   :  0.978 0.007 0.015 
761 ZFONF110    (0)   :  0.991 0.003 0.006 
762 ZFONF111    (0)   :  0.973 0.018 0.010 
763 ZFONF112    (0)   :  0.987 0.004 0.008 
764 ZFONF113    (9)   :  0.985 0.007 0.008 
765 ZFONF115    (0)   :  0.986 0.005 0.009 
766 ZFONF116    (0)   :  0.986 0.005 0.009 
767 ZFONF117    (0)   :  0.979 0.005 0.016 
768 ZFONF118    (0)   :  0.980 0.006 0.014 
769 ZFONF119    (0)   :  0.981 0.006 0.013 
770 ZFONF120    (0)   :  0.972 0.006 0.022 
771 ZFONF121    (0)   :  0.987 0.005 0.007 
772 ZFONF122    (0)   :  0.957 0.008 0.035 
773 ZFONF123    (0)   :  0.981 0.012 0.007 
774 ZFONF124    (0)   :  0.987 0.005 0.008 
775 ZFONF125    (0)   :  0.970 0.014 0.017 
776 ZFONF126    (0)   :  0.980 0.005 0.015 
777 ZFONF201    (0)   :  0.751 0.150 0.098 
778 ZFONF202    (0)   :  0.986 0.004 0.011 
779 ZFONF203    (0)   :  0.977 0.010 0.013 
780 ZFONF204    (0)   :  0.655 0.047 0.298 
781 ZFONF206    (0)   :  0.764 0.212 0.024 
782 ZFONF207    (0)   :  0.970 0.012 0.018 
783 ZFONF208    (0)   :  0.965 0.011 0.025 
784 ZFONF209    (0)   :  0.684 0.021 0.295 
785 ZFONF210    (0)   :  0.978 0.004 0.018 
786 ZFONF211    (0)   :  0.971 0.005 0.023 
787 ZFONF212    (0)   :  0.990 0.004 0.005 
788 ZFONF214    (0)   :  0.983 0.005 0.013 
789 ZFONF215    (0)   :  0.989 0.003 0.007 
790 ZFONF216    (0)   :  0.983 0.005 0.013 
791 ZFONF217    (0)   :  0.982 0.004 0.014 
792 ZFONF218    (0)   :  0.975 0.018 0.007 
793 ZFONF219    (0)   :  0.990 0.004 0.005 
794 ZFONF220    (0)   :  0.981 0.005 0.014 
795 ZFONF222    (0)   :  0.974 0.009 0.017 
796 ZFONF223    (0)   :  0.981 0.012 0.007 
797 ZFONF224    (0)   :  0.984 0.006 0.010 
798 ZFONF225    (0)   :  0.989 0.003 0.007 
799 ZFONF226    (0)   :  0.984 0.005 0.011 
800 ZFONF227    (0)   :  0.989 0.003 0.008 
801 ZFONF228    (0)   :  0.990 0.004 0.006 
802 ZFONF230    (0)   :  0.990 0.003 0.007 
803 ZFONF231    (0)   :  0.966 0.004 0.030 
804 ZFONF232    (0)   :  0.990 0.005 0.005 
805 ZFONF233    (0)   :  0.977 0.006 0.017 
806 ZFONF234    (0)   :  0.972 0.017 0.011 
807 ZFONF235    (0)   :  0.979 0.004 0.017 
808 ZFONF236    (0)   :  0.837 0.040 0.123 
809 ZFONF238    (0)   :  0.984 0.007 0.009 
810 ZFONF239    (0)   :  0.837 0.052 0.111 
811 ZFONF240    (0)   :  0.975 0.003 0.022 
812 ZFONF241    (0)   :  0.980 0.012 0.008 
813 ZFONF242    (0)   :  0.978 0.006 0.017 
814 ZFONF243    (0)   :  0.976 0.005 0.019 
815 ZFONF244    (0)   :  0.985 0.004 0.011 
816 ZFONF245    (0)   :  0.978 0.004 0.018 
817   ZFOS01    (0)   :  0.032 0.007 0.962 
818   ZFOS02    (0)   :  0.032 0.039 0.929 
819   ZFOS03    (0)   :  0.016 0.062 0.922 
820   ZFOS04    (0)   :  0.060 0.015 0.925 
821   ZFOS05    (0)   :  0.036 0.008 0.956 
822   ZFOS06    (0)   :  0.015 0.009 0.977 
823   ZFOS07    (0)   :  0.010 0.023 0.967 
824   ZFOS08    (0)   :  0.015 0.021 0.964 
825   ZFOS09    (0)   :  0.112 0.065 0.824 
826   ZFOS10    (0)   :  0.005 0.097 0.898 
827   ZFOS11    (0)   :  0.022 0.038 0.940 
828   ZFOS12    (0)   :  0.039 0.311 0.650 
829   ZFOS13    (0)   :  0.019 0.017 0.963 
830   ZFOS14    (0)   :  0.013 0.100 0.888 
831   ZFOS15    (0)   :  0.005 0.010 0.984 
832   ZFOS16    (0)   :  0.029 0.020 0.950 
833   ZFOS17    (0)   :  0.007 0.020 0.973 
834   ZFOS18    (0)   :  0.006 0.016 0.978 
835   ZFOS19    (0)   :  0.006 0.012 0.983 
836   ZFOS20    (0)   :  0.008 0.018 0.974 
837   ZFOS21    (0)   :  0.019 0.011 0.971 
838   ZFOS22    (0)   :  0.011 0.007 0.983 
839   ZFOS23    (0)   :  0.004 0.396 0.600 
840   ZFOS24    (0)   :  0.005 0.006 0.990 
