

----------------------------------------------------
STRUCTURE by Pritchard, Stephens and Donnelly (2000)
     and Falush, Stephens and Pritchard (2003)
       Code by Pritchard, Falush and Hubisz
             Version 2.3.4 (Jul 2012)
----------------------------------------------------



Command line arguments:   bin\structure -m C:\Users\eschumacher\Documents\GitHub\GCC_QUAC_ZAIN\Data_Files\Structure_Files\ZAIN\ZAIN_rebinned_garden_wild_nopopinfo\50-50\mainparams -e C:\Users\eschumacher\Documents\GitHub\GCC_QUAC_ZAIN\Data_Files\Structure_Files\ZAIN\ZAIN_rebinned_garden_wild_nopopinfo\50-50\extraparams 
Input File:    C:\Users\eschumacher\Documents\GitHub\GCC_QUAC_ZAIN\Data_Files\Structure_Files\ZAIN\ZAIN_rebinned_garden_wild_nopopinfo\project_data

Run parameters:
   1133 individuals
   11 loci
   6 populations assumed
   50000 Burn-in period
   50000 Reps


--------------------------------------------
Overall proportion of membership of the
sample in each of the 6 clusters

Inferred Clusters
  1      2      3      4      5      6    
0.114  0.260  0.180  0.154  0.159  0.133  

--------------------------------------------

Allele-freq. divergence among pops (Net nucleotide distance),
computed using point estimates of P.

      1       2       3       4       5       6      
 1      -    0.1494  0.1141  0.1414  0.0959  0.2088  
 2   0.1494     -    0.0757  0.2191  0.1398  0.2766  
 3   0.1141  0.0757     -    0.2029  0.1012  0.2644  
 4   0.1414  0.2191  0.2029     -    0.0883  0.1423  
 5   0.0959  0.1398  0.1012  0.0883     -    0.1199  
 6   0.2088  0.2766  0.2644  0.1423  0.1199     -    

Average distances (expected heterozygosity) between individuals in same cluster:
cluster  1  : 0.4388 
cluster  2  : 0.4322 
cluster  3  : 0.4349 
cluster  4  : 0.4842 
cluster  5  : 0.5577 
cluster  6  : 0.4281 

--------------------------------------------
Estimated Ln Prob of Data   = -22210.9
Mean value of ln likelihood = -21821.2
Variance of ln likelihood   = 779.3
Mean value of alpha         = 0.0338

Mean value of Fst_1         = 0.4155
Mean value of Fst_2         = 0.2692
Mean value of Fst_3         = 0.3752
Mean value of Fst_4         = 0.3208
Mean value of Fst_5         = 0.1177
Mean value of Fst_6         = 0.4062


Inferred ancestry of individuals:
        Label (%Miss) :  Inferred clusters
  1 TMA-ZAIN-G-    (9)   :  0.025 0.016 0.066 0.808 0.080 0.006 
  2 TMA-ZAIN-G-    (0)   :  0.024 0.136 0.023 0.765 0.046 0.007 
  3 TMA-ZAIN-G-    (0)   :  0.011 0.787 0.186 0.006 0.008 0.003 
  4 TMA-ZAIN-G-    (0)   :  0.782 0.145 0.034 0.019 0.012 0.009 
  5 TMA-ZAIN-G-    (0)   :  0.006 0.003 0.002 0.979 0.004 0.005 
  6 TMA-ZAIN-G-    (0)   :  0.060 0.527 0.159 0.036 0.177 0.041 
  7 TMA-ZAIN-G-    (0)   :  0.036 0.368 0.555 0.018 0.015 0.008 
  8 TMA-ZAIN-G-    (0)   :  0.020 0.330 0.634 0.007 0.006 0.003 
  9 TMA-ZAIN-G-    (9)   :  0.006 0.737 0.223 0.012 0.017 0.005 
 10 TMA-ZAIN-G-    (0)   :  0.012 0.781 0.187 0.004 0.012 0.004 
 11 TMA-ZAIN-G-    (0)   :  0.008 0.690 0.281 0.007 0.009 0.006 
 12 TMA-ZAIN-G-    (0)   :  0.005 0.937 0.042 0.006 0.006 0.003 
 13 TMA-ZAIN-G-    (9)   :  0.020 0.200 0.590 0.050 0.031 0.109 
 14 TMA-ZAIN-G-    (9)   :  0.007 0.007 0.971 0.003 0.006 0.005 
 15 TMA-ZAIN-G-    (0)   :  0.006 0.005 0.976 0.004 0.007 0.002 
 16 TMA-ZAIN-G-    (0)   :  0.004 0.958 0.022 0.004 0.007 0.005 
 17 TMA-ZAIN-G-    (9)   :  0.035 0.022 0.865 0.017 0.044 0.018 
 18 TMA-ZAIN-G-    (0)   :  0.058 0.010 0.018 0.752 0.155 0.006 
 19 TMA-ZAIN-G-    (0)   :  0.007 0.014 0.029 0.012 0.929 0.010 
 20 TMA-ZAIN-G-    (0)   :  0.019 0.003 0.003 0.042 0.843 0.090 
 21 TMA-ZAIN-G-    (0)   :  0.006 0.005 0.003 0.003 0.004 0.979 
 22 TMA-ZAIN-G-    (0)   :  0.008 0.003 0.003 0.049 0.012 0.926 
 23 TMA-ZAIN-G-    (0)   :  0.005 0.006 0.008 0.022 0.045 0.914 
 24 TMA-ZAIN-G-    (9)   :  0.007 0.123 0.056 0.010 0.004 0.799 
 25 TMA-ZAIN-G-    (9)   :  0.004 0.032 0.008 0.115 0.832 0.010 
 26 TMA-ZAIN-G-    (9)   :  0.516 0.290 0.133 0.010 0.017 0.035 
 27 TMA-ZAIN-G-    (0)   :  0.021 0.007 0.039 0.056 0.864 0.013 
 28 TMA-ZAIN-G-    (0)   :  0.007 0.007 0.011 0.009 0.962 0.004 
 29 TMA-ZAIN-G-    (0)   :  0.057 0.532 0.035 0.004 0.368 0.004 
 30 TMA-ZAIN-G-    (0)   :  0.007 0.169 0.441 0.004 0.374 0.005 
 31 TMA-ZAIN-G-    (0)   :  0.042 0.006 0.005 0.922 0.012 0.014 
 32 TMA-ZAIN-G-    (9)   :  0.005 0.021 0.027 0.924 0.017 0.006 
 33 TMA-ZAIN-G-   (18)   :  0.005 0.662 0.316 0.008 0.007 0.003 
 34 TMA-ZAIN-G-    (0)   :  0.008 0.622 0.018 0.325 0.011 0.016 
 35 TMA-ZAIN-G-    (9)   :  0.012 0.864 0.089 0.017 0.013 0.004 
 36 TMA-ZAIN-G-    (0)   :  0.014 0.358 0.614 0.004 0.007 0.003 
 37 TMA-ZAIN-G-    (9)   :  0.013 0.880 0.071 0.011 0.018 0.007 
 38 TMA-ZAIN-G-   (18)   :  0.006 0.019 0.040 0.896 0.029 0.010 
 39 TMA-ZAIN-G-    (0)   :  0.008 0.962 0.015 0.003 0.005 0.006 
 40 TMA-ZAIN-G-    (0)   :  0.005 0.898 0.085 0.004 0.004 0.004 
 41 TMA-ZAIN-G-    (0)   :  0.005 0.256 0.728 0.003 0.006 0.003 
 42 TMA-ZAIN-G-    (9)   :  0.006 0.007 0.978 0.003 0.003 0.002 
 43 TMA-ZAIN-G-    (0)   :  0.012 0.006 0.971 0.004 0.005 0.003 
 44 TMA-ZAIN-G-    (0)   :  0.005 0.100 0.020 0.005 0.016 0.854 
 45 TMA-ZAIN-G-    (0)   :  0.016 0.539 0.418 0.007 0.011 0.008 
 46 TMA-ZAIN-G-    (0)   :  0.005 0.003 0.003 0.004 0.004 0.981 
 47 TMA-ZAIN-G-    (0)   :  0.980 0.005 0.004 0.004 0.004 0.003 
 48 TMA-ZAIN-G-    (0)   :  0.666 0.065 0.213 0.006 0.023 0.027 
 49 TMA-ZAIN-G-    (9)   :  0.012 0.032 0.005 0.021 0.924 0.006 
 50 TMA-ZAIN-G-    (0)   :  0.003 0.009 0.023 0.006 0.952 0.006 
 51 TMA-ZAIN-G-    (0)   :  0.025 0.008 0.048 0.007 0.904 0.009 
 52 TMA-ZAIN-G-    (0)   :  0.102 0.010 0.014 0.006 0.856 0.012 
 53 TMA-ZAIN-G-    (0)   :  0.176 0.012 0.029 0.143 0.630 0.010 
 54 TMA-ZAIN-G-    (0)   :  0.963 0.006 0.012 0.004 0.009 0.005 
 55 TMA-ZAIN-G-    (0)   :  0.911 0.008 0.039 0.005 0.030 0.008 
 56 TMA-ZAIN-G-    (0)   :  0.681 0.059 0.131 0.008 0.111 0.010 
 57 TMA-ZAIN-G-    (0)   :  0.960 0.009 0.005 0.007 0.015 0.003 
 58 TMA-ZAIN-G-    (0)   :  0.028 0.007 0.013 0.025 0.873 0.054 
 59 TMA-ZAIN-G-    (0)   :  0.072 0.112 0.060 0.673 0.049 0.035 
 60 TMA-ZAIN-G-    (0)   :  0.038 0.014 0.086 0.381 0.473 0.008 
 61 TMA-ZAIN-G-    (0)   :  0.016 0.003 0.003 0.947 0.008 0.022 
 62 TMA-ZAIN-G-    (9)   :  0.012 0.030 0.024 0.865 0.043 0.025 
 63 TMA-ZAIN-G-    (0)   :  0.011 0.005 0.006 0.958 0.013 0.007 
 64 TMA-ZAIN-G-    (0)   :  0.005 0.970 0.016 0.002 0.004 0.003 
 65 TMA-ZAIN-G-    (9)   :  0.019 0.946 0.025 0.003 0.004 0.003 
 66 TMA-ZAIN-G-    (0)   :  0.007 0.968 0.016 0.002 0.004 0.003 
 67 TMA-ZAIN-G-    (0)   :  0.005 0.965 0.006 0.004 0.011 0.010 
 68 TMA-ZAIN-G-    (0)   :  0.021 0.908 0.063 0.002 0.003 0.002 
 69 TMA-ZAIN-G-    (0)   :  0.011 0.951 0.007 0.007 0.008 0.015 
 70 TMA-ZAIN-G-    (0)   :  0.005 0.972 0.009 0.003 0.007 0.005 
 71 TMA-ZAIN-G-    (0)   :  0.004 0.979 0.007 0.003 0.004 0.004 
 72 TMA-ZAIN-G-    (0)   :  0.010 0.932 0.041 0.004 0.008 0.005 
 73 TMA-ZAIN-G-    (0)   :  0.018 0.863 0.008 0.028 0.044 0.039 
 74 TMA-ZAIN-G-    (0)   :  0.007 0.934 0.008 0.010 0.026 0.015 
 75 TMA-ZAIN-G-    (0)   :  0.013 0.954 0.012 0.006 0.011 0.004 
 76 TMA-ZAIN-G-    (0)   :  0.003 0.906 0.005 0.008 0.023 0.055 
 77 TMA-ZAIN-G-    (0)   :  0.009 0.931 0.031 0.004 0.011 0.013 
 78 TMA-ZAIN-G-    (0)   :  0.020 0.852 0.016 0.011 0.044 0.057 
 79 TMA-ZAIN-G-    (0)   :  0.027 0.827 0.070 0.006 0.023 0.047 
 80 TMA-ZAIN-G-    (0)   :  0.010 0.966 0.010 0.003 0.005 0.006 
 81 TMA-ZAIN-G-    (0)   :  0.014 0.935 0.020 0.004 0.014 0.013 
 82 TMA-ZAIN-G-    (0)   :  0.009 0.973 0.007 0.004 0.004 0.002 
 83 TMA-ZAIN-G-    (9)   :  0.021 0.842 0.010 0.072 0.023 0.032 
 84 TMA-ZAIN-G-    (0)   :  0.006 0.917 0.010 0.005 0.013 0.048 
 85 TMA-ZAIN-G-    (0)   :  0.803 0.009 0.008 0.026 0.130 0.024 
 86 TMA-ZAIN-G-    (0)   :  0.909 0.019 0.012 0.008 0.020 0.032 
 87 TMA-ZAIN-G-    (0)   :  0.665 0.011 0.009 0.036 0.069 0.210 
 88 TMA-ZAIN-G-    (0)   :  0.635 0.118 0.042 0.183 0.010 0.013 
 89 TMA-ZAIN-G-    (0)   :  0.906 0.033 0.021 0.017 0.006 0.017 
 90 TMA-ZAIN-G-    (0)   :  0.954 0.010 0.007 0.008 0.013 0.008 
 91 TMA-ZAIN-G-    (0)   :  0.939 0.008 0.011 0.023 0.012 0.007 
 92 TMA-ZAIN-G-    (0)   :  0.939 0.006 0.010 0.006 0.020 0.019 
 93 TMA-ZAIN-G-    (0)   :  0.934 0.005 0.009 0.017 0.026 0.010 
 94 TMA-ZAIN-G-    (0)   :  0.924 0.004 0.005 0.039 0.018 0.010 
 95 TMA-ZAIN-G-    (0)   :  0.005 0.013 0.024 0.009 0.941 0.008 
 96 TMA-ZAIN-G-    (0)   :  0.007 0.009 0.046 0.004 0.928 0.005 
 97 TMA-ZAIN-G-    (0)   :  0.011 0.006 0.005 0.958 0.012 0.007 
 98 TMA-ZAIN-G-    (0)   :  0.009 0.006 0.004 0.972 0.005 0.004 
 99 TMA-ZAIN-G-    (0)   :  0.004 0.097 0.029 0.849 0.007 0.015 
100 TMA-ZAIN-G-    (0)   :  0.025 0.004 0.005 0.933 0.015 0.018 
101 TMA-ZAIN-G-    (0)   :  0.008 0.010 0.005 0.964 0.008 0.005 
102 TMA-ZAIN-G-    (0)   :  0.014 0.039 0.043 0.662 0.073 0.169 
103 TMA-ZAIN-G-    (0)   :  0.008 0.011 0.010 0.924 0.032 0.015 
104 TMA-ZAIN-G-    (0)   :  0.004 0.003 0.004 0.977 0.006 0.006 
105 TMA-ZAIN-G-    (0)   :  0.011 0.012 0.011 0.936 0.022 0.007 
106 TMA-ZAIN-G-    (0)   :  0.006 0.270 0.714 0.003 0.004 0.003 
107 TMA-ZAIN-G-    (0)   :  0.005 0.972 0.011 0.004 0.005 0.003 
108 TMA-ZAIN-G-    (9)   :  0.029 0.139 0.289 0.435 0.055 0.053 
109 TMA-ZAIN-G-    (0)   :  0.061 0.377 0.190 0.316 0.051 0.005 
110 TMA-ZAIN-G-    (0)   :  0.029 0.247 0.341 0.086 0.130 0.167 
111 TMA-ZAIN-G-    (9)   :  0.032 0.096 0.015 0.714 0.064 0.078 
112 TMA-ZAIN-G-    (0)   :  0.029 0.188 0.301 0.324 0.112 0.048 
113 TMA-ZAIN-G-    (0)   :  0.016 0.016 0.005 0.950 0.005 0.008 
114 TMA-ZAIN-G-    (0)   :  0.005 0.003 0.002 0.974 0.005 0.011 
115 TMA-ZAIN-G-    (0)   :  0.004 0.004 0.003 0.980 0.005 0.005 
116 TMA-ZAIN-G-    (0)   :  0.013 0.964 0.009 0.007 0.004 0.002 
117 TMA-ZAIN-G-    (0)   :  0.039 0.664 0.277 0.006 0.012 0.003 
118 TMA-ZAIN-G-    (0)   :  0.010 0.964 0.012 0.006 0.006 0.003 
119 TMA-ZAIN-G-    (0)   :  0.011 0.952 0.007 0.014 0.009 0.007 
120 TMA-ZAIN-G-    (0)   :  0.017 0.936 0.022 0.010 0.011 0.004 
121 TMA-ZAIN-G-    (0)   :  0.016 0.935 0.030 0.007 0.008 0.003 
122 TMA-ZAIN-G-    (0)   :  0.027 0.890 0.055 0.006 0.016 0.006 
123 TMA-ZAIN-G-    (0)   :  0.006 0.005 0.007 0.964 0.009 0.010 
124 TMA-ZAIN-G-    (0)   :  0.005 0.009 0.972 0.005 0.006 0.003 
125 TMA-ZAIN-G-    (0)   :  0.046 0.016 0.928 0.003 0.005 0.002 
126 TMA-ZAIN-G-    (0)   :  0.008 0.010 0.971 0.004 0.004 0.003 
127 TMA-ZAIN-G-    (0)   :  0.004 0.013 0.974 0.003 0.004 0.003 
128 TMA-ZAIN-G-    (0)   :  0.007 0.035 0.946 0.004 0.006 0.003 
129 TMA-ZAIN-G-    (0)   :  0.005 0.010 0.971 0.006 0.004 0.003 
130 TMA-ZAIN-G-    (0)   :  0.024 0.014 0.946 0.006 0.006 0.003 
131 TMA-ZAIN-G-    (0)   :  0.005 0.009 0.973 0.004 0.006 0.003 
132 TMA-ZAIN-G-    (0)   :  0.037 0.092 0.859 0.004 0.006 0.003 
133 TMA-ZAIN-G-    (0)   :  0.032 0.119 0.824 0.003 0.011 0.011 
134 TMA-ZAIN-G-    (0)   :  0.024 0.061 0.899 0.003 0.006 0.007 
135 TMA-ZAIN-G-    (0)   :  0.007 0.937 0.042 0.005 0.004 0.005 
136 TMA-ZAIN-G-    (0)   :  0.018 0.953 0.017 0.003 0.005 0.004 
137 TMA-ZAIN-G-    (0)   :  0.006 0.941 0.035 0.008 0.005 0.005 
138 TMA-ZAIN-G-    (0)   :  0.013 0.383 0.592 0.005 0.003 0.003 
139 TMA-ZAIN-G-    (0)   :  0.052 0.765 0.169 0.006 0.004 0.004 
140 TMA-ZAIN-G-    (0)   :  0.004 0.924 0.057 0.004 0.006 0.005 
141 TMA-ZAIN-G-    (0)   :  0.008 0.780 0.195 0.006 0.006 0.004 
142 TMA-ZAIN-G-    (9)   :  0.005 0.960 0.022 0.004 0.005 0.003 
143 TMA-ZAIN-G-    (0)   :  0.005 0.834 0.146 0.005 0.006 0.003 
144 TMA-ZAIN-G-    (0)   :  0.034 0.838 0.105 0.004 0.015 0.005 
145 TMA-ZAIN-G-    (0)   :  0.010 0.970 0.011 0.003 0.004 0.002 
146 TMA-ZAIN-G-    (0)   :  0.004 0.977 0.008 0.004 0.004 0.003 
147 TMA-ZAIN-G-    (9)   :  0.004 0.976 0.009 0.003 0.004 0.004 
148 TMA-ZAIN-G-    (0)   :  0.038 0.661 0.290 0.004 0.004 0.003 
149 TMA-ZAIN-G-    (0)   :  0.104 0.659 0.166 0.035 0.018 0.017 
150 TMA-ZAIN-G-    (0)   :  0.100 0.820 0.024 0.027 0.014 0.015 
151 TMA-ZAIN-G-    (0)   :  0.006 0.934 0.049 0.004 0.004 0.002 
152 TMA-ZAIN-G-    (0)   :  0.006 0.969 0.014 0.005 0.004 0.002 
153 TMA-ZAIN-G-    (0)   :  0.017 0.856 0.116 0.004 0.004 0.003 
154 TMA-ZAIN-G-    (0)   :  0.006 0.971 0.012 0.005 0.004 0.002 
155 TMA-ZAIN-G-    (0)   :  0.004 0.962 0.019 0.007 0.004 0.003 
156 TMA-ZAIN-G-    (9)   :  0.024 0.572 0.369 0.026 0.006 0.003 
157 TMA-ZAIN-G-    (0)   :  0.009 0.562 0.411 0.010 0.005 0.003 
158 TMA-ZAIN-G-    (0)   :  0.005 0.971 0.010 0.004 0.006 0.003 
159 TMA-ZAIN-G-    (0)   :  0.005 0.977 0.007 0.005 0.003 0.002 
160 TMA-ZAIN-G-    (0)   :  0.006 0.977 0.005 0.006 0.003 0.002 
161 TMA-ZAIN-G-    (0)   :  0.023 0.846 0.119 0.004 0.007 0.003 
162 TMA-ZAIN-G-    (0)   :  0.022 0.904 0.009 0.037 0.011 0.017 
163 TMA-ZAIN-G-    (0)   :  0.004 0.980 0.007 0.004 0.003 0.002 
164 TMA-ZAIN-G-    (0)   :  0.008 0.970 0.008 0.006 0.004 0.003 
165 TMA-ZAIN-G-    (0)   :  0.004 0.975 0.008 0.006 0.004 0.003 
166 TMA-ZAIN-G-    (0)   :  0.007 0.966 0.018 0.003 0.004 0.002 
167 TMA-ZAIN-G-    (0)   :  0.007 0.895 0.074 0.008 0.010 0.006 
168 TMA-ZAIN-G-    (0)   :  0.007 0.944 0.032 0.007 0.006 0.004 
169 TMA-ZAIN-G-    (0)   :  0.005 0.980 0.006 0.003 0.003 0.003 
170 TMA-ZAIN-G-    (0)   :  0.005 0.683 0.251 0.020 0.029 0.012 
171 TMA-ZAIN-G-    (0)   :  0.005 0.979 0.006 0.004 0.003 0.003 
172 TMA-ZAIN-G-    (0)   :  0.005 0.093 0.889 0.003 0.006 0.004 
173 TMA-ZAIN-G-    (0)   :  0.005 0.051 0.930 0.003 0.007 0.004 
174 TMA-ZAIN-G-    (0)   :  0.007 0.882 0.102 0.003 0.004 0.002 
175 TMA-ZAIN-G-    (0)   :  0.005 0.974 0.009 0.004 0.004 0.003 
176 TMA-ZAIN-G-    (0)   :  0.004 0.974 0.011 0.004 0.004 0.003 
177 TMA-ZAIN-G-    (0)   :  0.004 0.868 0.114 0.005 0.006 0.004 
178 TMA-ZAIN-G-    (0)   :  0.005 0.103 0.877 0.005 0.006 0.004 
179 TMA-ZAIN-G-    (0)   :  0.005 0.721 0.261 0.004 0.005 0.003 
180 TMA-ZAIN-G-    (0)   :  0.015 0.101 0.865 0.004 0.007 0.007 
181 TMA-ZAIN-G-    (0)   :  0.004 0.011 0.974 0.004 0.004 0.003 
182 TMA-ZAIN-G-    (0)   :  0.005 0.008 0.974 0.007 0.004 0.003 
183 TMA-ZAIN-G-    (0)   :  0.004 0.009 0.977 0.004 0.004 0.003 
184 TMA-ZAIN-G-    (0)   :  0.035 0.051 0.834 0.044 0.017 0.019 
185 TMA-ZAIN-G-    (0)   :  0.047 0.045 0.812 0.020 0.039 0.038 
186 TMA-ZAIN-G-    (9)   :  0.007 0.047 0.921 0.004 0.015 0.007 
187 TMA-ZAIN-G-    (0)   :  0.003 0.041 0.945 0.004 0.005 0.003 
188 TMA-ZAIN-G-    (0)   :  0.003 0.040 0.947 0.003 0.005 0.003 
189 TMA-ZAIN-G-    (0)   :  0.003 0.015 0.973 0.002 0.003 0.003 
190 TMA-ZAIN-G-    (0)   :  0.004 0.039 0.945 0.003 0.006 0.003 
191 TMA-ZAIN-G-    (0)   :  0.018 0.019 0.895 0.020 0.013 0.035 
192 TMA-ZAIN-G-    (0)   :  0.006 0.010 0.965 0.004 0.005 0.010 
193 TMA-ZAIN-G-    (0)   :  0.008 0.004 0.978 0.003 0.004 0.003 
194 TMA-ZAIN-G-    (0)   :  0.012 0.005 0.971 0.003 0.006 0.003 
195 TMA-ZAIN-G-    (0)   :  0.005 0.008 0.976 0.003 0.005 0.003 
196 TMA-ZAIN-G-    (0)   :  0.006 0.005 0.979 0.003 0.004 0.003 
197 TMA-ZAIN-G-    (0)   :  0.011 0.007 0.972 0.003 0.004 0.003 
198 TMA-ZAIN-G-    (0)   :  0.006 0.007 0.977 0.003 0.004 0.003 
199 TMA-ZAIN-G-    (0)   :  0.007 0.022 0.954 0.004 0.009 0.004 
200 TMA-ZAIN-G-    (0)   :  0.004 0.003 0.012 0.015 0.036 0.930 
201 TMA-ZAIN-G-    (0)   :  0.005 0.004 0.003 0.006 0.014 0.969 
202 TMA-ZAIN-G-    (0)   :  0.003 0.005 0.017 0.013 0.013 0.949 
203 TMA-ZAIN-G-    (0)   :  0.006 0.006 0.974 0.007 0.004 0.003 
204 TMA-ZAIN-G-    (9)   :  0.042 0.008 0.007 0.005 0.014 0.924 
205 TMA-ZAIN-G-    (0)   :  0.014 0.120 0.009 0.007 0.040 0.810 
206 TMA-ZAIN-G-    (9)   :  0.023 0.018 0.045 0.015 0.033 0.866 
207 TMA-ZAIN-G-    (9)   :  0.113 0.806 0.015 0.014 0.040 0.012 
208 TMA-ZAIN-G-    (0)   :  0.004 0.981 0.006 0.002 0.004 0.003 
209 TMA-ZAIN-G-    (0)   :  0.028 0.075 0.887 0.003 0.004 0.003 
210 TMA-ZAIN-G-    (0)   :  0.013 0.094 0.882 0.004 0.005 0.003 
211 TMA-ZAIN-G-    (0)   :  0.012 0.129 0.791 0.013 0.030 0.025 
212 TMA-ZAIN-G-    (0)   :  0.013 0.350 0.620 0.004 0.007 0.005 
213 TMA-ZAIN-G-    (0)   :  0.007 0.244 0.736 0.004 0.005 0.004 
214 TMA-ZAIN-G-    (0)   :  0.007 0.605 0.377 0.003 0.005 0.004 
215 TMA-ZAIN-G-    (0)   :  0.003 0.540 0.166 0.004 0.274 0.013 
216 TMA-ZAIN-G-    (0)   :  0.008 0.055 0.920 0.003 0.008 0.005 
217 TMA-ZAIN-G-    (0)   :  0.007 0.616 0.368 0.003 0.003 0.003 
218 TMA-ZAIN-G-    (0)   :  0.005 0.006 0.006 0.005 0.973 0.004 
219 TMA-ZAIN-G-    (0)   :  0.011 0.004 0.005 0.004 0.963 0.012 
220 TMA-ZAIN-G-    (0)   :  0.009 0.020 0.006 0.065 0.896 0.004 
221 TMA-ZAIN-G-    (0)   :  0.008 0.011 0.019 0.005 0.933 0.024 
222 TMA-ZAIN-G-    (0)   :  0.019 0.015 0.008 0.030 0.922 0.008 
223 TMA-ZAIN-G-    (0)   :  0.007 0.003 0.003 0.007 0.969 0.010 
224 TMA-ZAIN-G-    (0)   :  0.015 0.005 0.015 0.013 0.936 0.016 
225 TMA-ZAIN-G-    (0)   :  0.005 0.003 0.007 0.011 0.964 0.010 
226 TMA-ZAIN-G-    (0)   :  0.006 0.006 0.009 0.014 0.957 0.008 
227 TMA-ZAIN-G-    (0)   :  0.005 0.006 0.013 0.013 0.938 0.024 
228 TMA-ZAIN-G-    (0)   :  0.008 0.014 0.009 0.014 0.942 0.013 
229 TMA-ZAIN-G-    (0)   :  0.007 0.004 0.003 0.027 0.900 0.060 
230 TMA-ZAIN-G-    (0)   :  0.056 0.037 0.083 0.051 0.763 0.009 
231 TMA-ZAIN-G-    (0)   :  0.035 0.064 0.015 0.176 0.184 0.527 
232 TMA-ZAIN-G-    (9)   :  0.016 0.051 0.048 0.303 0.099 0.483 
233 TMA-ZAIN-G-    (0)   :  0.016 0.030 0.011 0.005 0.920 0.019 
234 TMA-ZAIN-G-    (0)   :  0.020 0.008 0.007 0.289 0.622 0.053 
235 TMA-ZAIN-G-    (0)   :  0.011 0.016 0.052 0.127 0.769 0.024 
236 TMA-ZAIN-G-    (0)   :  0.008 0.011 0.018 0.085 0.803 0.074 
237 TMA-ZAIN-G-    (0)   :  0.033 0.153 0.059 0.259 0.480 0.016 
238 TMA-ZAIN-G-    (0)   :  0.006 0.019 0.020 0.060 0.861 0.034 
239 TMA-ZAIN-G-    (0)   :  0.072 0.012 0.145 0.005 0.005 0.761 
240 TMA-ZAIN-G-    (0)   :  0.007 0.003 0.003 0.004 0.004 0.979 
241 TMA-ZAIN-G-    (0)   :  0.005 0.007 0.004 0.004 0.004 0.976 
242 TMA-ZAIN-G-    (0)   :  0.004 0.006 0.004 0.003 0.004 0.979 
243 TMA-ZAIN-G-    (0)   :  0.006 0.011 0.005 0.003 0.005 0.970 
244 TMA-ZAIN-G-    (0)   :  0.004 0.015 0.005 0.004 0.004 0.968 
245 TMA-ZAIN-G-    (9)   :  0.003 0.003 0.003 0.004 0.004 0.984 
246 TMA-ZAIN-G-    (0)   :  0.004 0.003 0.003 0.003 0.004 0.984 
247 TMA-ZAIN-G-    (0)   :  0.004 0.005 0.003 0.002 0.004 0.981 
248 TMA-ZAIN-G-    (0)   :  0.004 0.006 0.008 0.004 0.006 0.972 
249 TMA-ZAIN-G-    (0)   :  0.003 0.003 0.006 0.003 0.005 0.980 
250 TMA-ZAIN-G-    (0)   :  0.003 0.003 0.004 0.003 0.005 0.982 
251 TMA-ZAIN-G-    (0)   :  0.978 0.004 0.005 0.005 0.005 0.003 
252 TMA-ZAIN-G-    (0)   :  0.895 0.076 0.012 0.004 0.010 0.003 
253 TMA-ZAIN-G-    (0)   :  0.977 0.006 0.005 0.005 0.003 0.004 
254 TMA-ZAIN-G-    (9)   :  0.961 0.015 0.008 0.007 0.004 0.003 
255 TMA-ZAIN-G-    (0)   :  0.960 0.006 0.004 0.011 0.003 0.016 
256 TMA-ZAIN-G-    (0)   :  0.968 0.007 0.009 0.006 0.004 0.007 
257 TMA-ZAIN-G-    (0)   :  0.982 0.003 0.005 0.004 0.003 0.003 
258 TMA-ZAIN-G-    (0)   :  0.984 0.004 0.004 0.003 0.003 0.003 
259 TMA-ZAIN-G-    (0)   :  0.981 0.004 0.004 0.003 0.004 0.004 
260 TMA-ZAIN-G-    (0)   :  0.980 0.004 0.005 0.003 0.004 0.004 
261 TMA-ZAIN-G-   (18)   :  0.973 0.006 0.007 0.004 0.006 0.004 
262 TMA-ZAIN-G-    (0)   :  0.982 0.003 0.004 0.004 0.004 0.003 
263 TMA-ZAIN-G-    (0)   :  0.978 0.004 0.004 0.007 0.004 0.003 
264 TMA-ZAIN-G-    (0)   :  0.975 0.004 0.005 0.008 0.004 0.004 
265 TMA-ZAIN-G-    (0)   :  0.716 0.039 0.023 0.017 0.190 0.015 
266 TMA-ZAIN-G-    (0)   :  0.738 0.037 0.160 0.022 0.031 0.011 
267 TMA-ZAIN-G-    (0)   :  0.615 0.016 0.012 0.020 0.058 0.279 
268 TMA-ZAIN-G-    (0)   :  0.005 0.004 0.003 0.064 0.007 0.916 
269 TMA-ZAIN-G-    (0)   :  0.009 0.007 0.005 0.298 0.026 0.655 
270 TMA-ZAIN-G-    (0)   :  0.010 0.005 0.005 0.066 0.019 0.894 
271 TMA-ZAIN-G-    (0)   :  0.007 0.005 0.004 0.031 0.009 0.944 
272 TMA-ZAIN-G-    (0)   :  0.006 0.005 0.005 0.030 0.042 0.913 
273 TMA-ZAIN-G-    (0)   :  0.004 0.003 0.003 0.017 0.014 0.959 
274 TMA-ZAIN-G-    (0)   :  0.010 0.011 0.028 0.033 0.022 0.897 
275 TMA-ZAIN-G-    (0)   :  0.003 0.003 0.004 0.007 0.007 0.977 
276 TMA-ZAIN-G-    (0)   :  0.003 0.004 0.003 0.008 0.004 0.978 
277 TMA-ZAIN-G-    (0)   :  0.006 0.004 0.004 0.009 0.006 0.970 
278 TMA-ZAIN-G-    (0)   :  0.005 0.003 0.003 0.006 0.006 0.977 
279 TMA-ZAIN-G-    (0)   :  0.004 0.004 0.005 0.011 0.016 0.959 
280 TMA-ZAIN-G-    (0)   :  0.004 0.005 0.010 0.100 0.048 0.834 
281 TMA-ZAIN-G-    (0)   :  0.005 0.004 0.005 0.039 0.014 0.932 
282 TMA-ZAIN-G-    (9)   :  0.005 0.003 0.003 0.012 0.007 0.970 
283 TMA-ZAIN-G-    (0)   :  0.150 0.012 0.009 0.100 0.112 0.618 
284 TMA-ZAIN-G-    (0)   :  0.191 0.010 0.012 0.169 0.182 0.437 
285 TMA-ZAIN-G-    (0)   :  0.042 0.025 0.024 0.043 0.040 0.826 
286 TMA-ZAIN-G-    (0)   :  0.009 0.003 0.003 0.032 0.010 0.942 
287 TMA-ZAIN-G-    (0)   :  0.006 0.006 0.009 0.021 0.008 0.949 
288 TMA-ZAIN-G-    (0)   :  0.014 0.022 0.053 0.116 0.191 0.604 
289 TMA-ZAIN-G-    (0)   :  0.010 0.011 0.017 0.025 0.018 0.919 
290 TMA-ZAIN-G-    (0)   :  0.009 0.006 0.012 0.446 0.093 0.434 
291 TMA-ZAIN-G-    (0)   :  0.008 0.004 0.005 0.011 0.958 0.014 
292 TMA-ZAIN-G-    (0)   :  0.006 0.716 0.231 0.011 0.021 0.015 
293 TMA-ZAIN-G-    (0)   :  0.017 0.914 0.047 0.005 0.009 0.008 
294 TMA-ZAIN-G-    (0)   :  0.007 0.973 0.008 0.003 0.005 0.004 
295 TMA-ZAIN-G-    (9)   :  0.008 0.958 0.012 0.004 0.010 0.008 
296 TMA-ZAIN-G-    (0)   :  0.013 0.789 0.160 0.019 0.013 0.007 
297 TMA-ZAIN-G-    (0)   :  0.014 0.887 0.077 0.006 0.009 0.006 
298 TMA-ZAIN-G-    (0)   :  0.063 0.868 0.013 0.015 0.018 0.023 
299 TMA-ZAIN-G-    (0)   :  0.004 0.971 0.007 0.005 0.006 0.007 
300 TMA-ZAIN-G-    (0)   :  0.007 0.949 0.027 0.003 0.008 0.007 
301 TMA-ZAIN-G-    (0)   :  0.009 0.892 0.079 0.006 0.006 0.008 
302 TMA-ZAIN-G-    (9)   :  0.007 0.865 0.114 0.005 0.006 0.004 
303 TMA-ZAIN-G-    (0)   :  0.041 0.004 0.064 0.017 0.868 0.007 
304 TMA-ZAIN-G-    (0)   :  0.588 0.196 0.180 0.016 0.012 0.008 
305 TMA-ZAIN-G-    (0)   :  0.008 0.943 0.037 0.004 0.005 0.004 
306 TMA-ZAIN-G-    (0)   :  0.393 0.333 0.082 0.155 0.011 0.027 
307 TMA-ZAIN-G-    (0)   :  0.485 0.303 0.185 0.009 0.009 0.010 
308 TMA-ZAIN-G-    (0)   :  0.821 0.007 0.010 0.032 0.111 0.019 
309 TMA-ZAIN-G-    (0)   :  0.004 0.019 0.967 0.003 0.004 0.003 
310 TMA-ZAIN-G-    (0)   :  0.020 0.907 0.014 0.007 0.017 0.035 
311 TMA-ZAIN-G-    (0)   :  0.065 0.672 0.156 0.057 0.040 0.010 
312 TMA-ZAIN-G-    (0)   :  0.011 0.095 0.856 0.005 0.028 0.006 
313 TMA-ZAIN-G-    (0)   :  0.795 0.107 0.076 0.012 0.006 0.005 
314 TMA-ZAIN-G-    (0)   :  0.018 0.010 0.021 0.243 0.535 0.173 
315 TMA-ZAIN-G-    (0)   :  0.020 0.449 0.068 0.007 0.047 0.410 
316 TMA-ZAIN-G-    (0)   :  0.017 0.412 0.046 0.012 0.126 0.387 
317 TMA-ZAIN-G-    (0)   :  0.011 0.007 0.006 0.038 0.919 0.019 
318 TMA-ZAIN-G-    (9)   :  0.046 0.009 0.007 0.341 0.158 0.438 
319 TMA-ZAIN-G-    (0)   :  0.012 0.005 0.194 0.015 0.709 0.064 
320 TMA-ZAIN-G-    (0)   :  0.007 0.425 0.070 0.006 0.481 0.011 
321 TMA-ZAIN-G-    (0)   :  0.015 0.403 0.261 0.073 0.133 0.115 
322 TMA-ZAIN-G-    (0)   :  0.090 0.277 0.080 0.059 0.487 0.007 
323 TMA-ZAIN-G-    (0)   :  0.012 0.011 0.042 0.006 0.914 0.015 
324 TMA-ZAIN-G-    (0)   :  0.030 0.881 0.062 0.011 0.012 0.004 
325 TMA-ZAIN-G-    (0)   :  0.008 0.011 0.012 0.005 0.911 0.053 
326 TMA-ZAIN-G-    (0)   :  0.044 0.013 0.301 0.002 0.636 0.004 
327 TMA-ZAIN-G-    (0)   :  0.016 0.005 0.969 0.003 0.004 0.003 
328 TMA-ZAIN-G-    (0)   :  0.018 0.101 0.209 0.232 0.350 0.091 
329 TMA-ZAIN-G-    (0)   :  0.028 0.542 0.407 0.004 0.011 0.007 
330 TMA-ZAIN-G-    (0)   :  0.034 0.261 0.690 0.004 0.008 0.003 
331 TMA-ZAIN-G-    (0)   :  0.161 0.180 0.488 0.034 0.060 0.078 
332 TMA-ZAIN-G-    (0)   :  0.004 0.012 0.975 0.003 0.004 0.002 
333 TMA-ZAIN-G-    (0)   :  0.007 0.004 0.979 0.003 0.004 0.003 
334 TMA-ZAIN-G-    (0)   :  0.007 0.003 0.003 0.013 0.011 0.962 
335 TMA-ZAIN-G-    (0)   :  0.004 0.005 0.004 0.004 0.006 0.977 
336 TMA-ZAIN-G-    (0)   :  0.013 0.009 0.007 0.014 0.018 0.938 
337 TMA-ZAIN-G-    (9)   :  0.007 0.006 0.005 0.070 0.036 0.876 
338 TMA-ZAIN-G-    (0)   :  0.006 0.003 0.003 0.033 0.009 0.945 
339 TMA-ZAIN-G-    (0)   :  0.004 0.002 0.002 0.014 0.005 0.973 
340 TMA-ZAIN-G-    (0)   :  0.003 0.003 0.003 0.006 0.005 0.979 
341 TMA-ZAIN-G-    (0)   :  0.003 0.004 0.005 0.009 0.005 0.974 
342 TMA-ZAIN-G-    (0)   :  0.005 0.004 0.004 0.008 0.007 0.973 
343 TMA-ZAIN-G-    (0)   :  0.003 0.003 0.004 0.028 0.007 0.956 
344 TMA-ZAIN-G-    (0)   :  0.005 0.004 0.006 0.007 0.011 0.967 
345 TMA-ZAIN-G-    (0)   :  0.004 0.003 0.003 0.004 0.004 0.982 
346 TMA-ZAIN-G-    (0)   :  0.005 0.006 0.011 0.031 0.016 0.932 
347 TMA-ZAIN-G-    (9)   :  0.003 0.003 0.003 0.008 0.006 0.976 
348 TMA-ZAIN-G-    (0)   :  0.009 0.005 0.005 0.021 0.014 0.946 
349 TMA-ZAIN-G-    (0)   :  0.005 0.004 0.003 0.015 0.007 0.966 
350 TMA-ZAIN-G-    (0)   :  0.005 0.008 0.008 0.029 0.058 0.891 
351 TMA-ZAIN-G-    (0)   :  0.005 0.003 0.004 0.008 0.007 0.973 
352 TMA-ZAIN-G-    (0)   :  0.008 0.008 0.005 0.008 0.007 0.964 
353 TMA-ZAIN-G-    (0)   :  0.005 0.006 0.012 0.044 0.029 0.904 
354 TMA-ZAIN-G-    (0)   :  0.003 0.005 0.007 0.007 0.011 0.968 
355 TMA-ZAIN-G-    (0)   :  0.003 0.008 0.010 0.014 0.008 0.956 
356 TMA-ZAIN-G-    (0)   :  0.019 0.958 0.003 0.003 0.015 0.002 
357 TMA-ZAIN-G-    (0)   :  0.015 0.659 0.298 0.014 0.010 0.004 
358 TMA-ZAIN-G-    (0)   :  0.031 0.567 0.290 0.045 0.038 0.028 
359 TMA-ZAIN-G-    (0)   :  0.023 0.929 0.006 0.007 0.026 0.009 
360 TMA-ZAIN-G-    (0)   :  0.006 0.976 0.006 0.004 0.005 0.003 
361 TMA-ZAIN-G-    (0)   :  0.012 0.231 0.731 0.012 0.011 0.003 
362 TMA-ZAIN-G-    (0)   :  0.005 0.966 0.005 0.005 0.007 0.012 
363 TMA-ZAIN-G-    (0)   :  0.023 0.239 0.671 0.006 0.050 0.012 
364 TMA-ZAIN-G-    (0)   :  0.018 0.019 0.019 0.178 0.751 0.016 
365 TMA-ZAIN-G-    (0)   :  0.005 0.779 0.029 0.009 0.042 0.137 
366 TMA-ZAIN-G-    (0)   :  0.014 0.965 0.007 0.004 0.005 0.006 
367 TMA-ZAIN-G-    (0)   :  0.092 0.052 0.706 0.120 0.024 0.006 
368 TMA-ZAIN-G-    (0)   :  0.011 0.961 0.014 0.004 0.006 0.005 
369 TMA-ZAIN-G-    (0)   :  0.006 0.055 0.930 0.003 0.005 0.003 
370 TMA-ZAIN-G-    (0)   :  0.005 0.107 0.867 0.008 0.010 0.003 
371 TMA-ZAIN-G-    (0)   :  0.005 0.974 0.008 0.005 0.004 0.004 
372 TMA-ZAIN-G-    (0)   :  0.005 0.958 0.025 0.005 0.004 0.003 
373 TMA-ZAIN-G-    (0)   :  0.005 0.004 0.980 0.003 0.005 0.003 
374 TMA-ZAIN-G-    (0)   :  0.185 0.022 0.408 0.327 0.049 0.008 
375 TMA-ZAIN-G-    (0)   :  0.008 0.022 0.176 0.037 0.751 0.008 
376 TMA-ZAIN-G-    (9)   :  0.003 0.972 0.011 0.006 0.005 0.003 
377 TMA-ZAIN-G-    (0)   :  0.004 0.980 0.008 0.003 0.003 0.002 
378 TMA-ZAIN-G-    (0)   :  0.005 0.974 0.012 0.004 0.003 0.002 
379 TMA-ZAIN-G-    (0)   :  0.018 0.955 0.017 0.004 0.004 0.002 
380 TMA-ZAIN-G-    (0)   :  0.006 0.971 0.013 0.003 0.004 0.003 
381 TMA-ZAIN-G-    (9)   :  0.108 0.186 0.053 0.009 0.633 0.011 
382 TMA-ZAIN-G-    (9)   :  0.009 0.006 0.010 0.724 0.192 0.059 
383    ZFB01    (0)   :  0.004 0.004 0.004 0.977 0.004 0.008 
384    ZFB02    (0)   :  0.009 0.003 0.003 0.953 0.005 0.027 
385    ZFB03    (0)   :  0.005 0.004 0.007 0.972 0.008 0.004 
386    ZFB04    (0)   :  0.006 0.004 0.003 0.945 0.005 0.036 
387    ZFB05    (0)   :  0.011 0.005 0.007 0.814 0.042 0.121 
388    ZFB06    (0)   :  0.007 0.005 0.008 0.894 0.035 0.051 
389    ZFB07    (9)   :  0.005 0.007 0.007 0.958 0.012 0.011 
390    ZFB08    (0)   :  0.006 0.007 0.006 0.968 0.008 0.006 
391    ZFB09    (0)   :  0.004 0.003 0.003 0.980 0.005 0.005 
392    ZFB10    (0)   :  0.006 0.016 0.006 0.956 0.005 0.011 
393    ZFB11    (0)   :  0.008 0.009 0.004 0.958 0.004 0.017 
394    ZFB12    (0)   :  0.005 0.007 0.009 0.925 0.017 0.036 
395    ZFB13    (0)   :  0.005 0.008 0.006 0.963 0.011 0.006 
396    ZFB14    (0)   :  0.005 0.005 0.004 0.978 0.005 0.004 
397    ZFB15    (0)   :  0.003 0.003 0.003 0.970 0.005 0.016 
398    ZFB16    (0)   :  0.004 0.005 0.005 0.963 0.007 0.016 
399    ZFB17    (0)   :  0.028 0.014 0.009 0.893 0.023 0.033 
400    ZFB18    (0)   :  0.004 0.004 0.003 0.982 0.004 0.004 
401    ZFB19    (0)   :  0.004 0.025 0.013 0.930 0.021 0.007 
402    ZFB20    (0)   :  0.004 0.005 0.004 0.939 0.006 0.040 
403    ZFB21    (0)   :  0.003 0.003 0.003 0.972 0.006 0.012 
404    ZFB22    (0)   :  0.010 0.013 0.008 0.851 0.013 0.105 
405    ZFB23    (0)   :  0.006 0.008 0.005 0.948 0.007 0.027 
406    ZFB24    (0)   :  0.007 0.008 0.004 0.941 0.005 0.036 
407    ZFB25    (0)   :  0.005 0.016 0.007 0.961 0.004 0.006 
408    ZFB26    (0)   :  0.010 0.021 0.007 0.891 0.006 0.064 
409    ZFB27    (0)   :  0.005 0.008 0.005 0.893 0.004 0.085 
410    ZFB28    (0)   :  0.013 0.006 0.008 0.841 0.033 0.099 
411    ZFB29    (0)   :  0.010 0.004 0.003 0.959 0.006 0.020 
412    ZFB30    (0)   :  0.006 0.011 0.011 0.770 0.040 0.162 
413    ZFB31    (0)   :  0.005 0.011 0.006 0.966 0.005 0.006 
414    ZFB32    (0)   :  0.032 0.013 0.013 0.840 0.044 0.058 
415    ZFB33    (0)   :  0.003 0.003 0.003 0.975 0.004 0.012 
416    ZFB34    (0)   :  0.005 0.004 0.003 0.980 0.005 0.004 
417    ZFB35    (0)   :  0.006 0.006 0.005 0.969 0.005 0.010 
418  ZFBP101    (0)   :  0.103 0.656 0.206 0.012 0.015 0.008 
419  ZFBP102    (0)   :  0.023 0.830 0.107 0.015 0.013 0.012 
420  ZFBP103    (0)   :  0.180 0.193 0.600 0.010 0.011 0.007 
421  ZFBP104    (0)   :  0.004 0.470 0.421 0.048 0.042 0.015 
422  ZFBP105    (0)   :  0.006 0.682 0.290 0.008 0.008 0.006 
423  ZFBP106    (0)   :  0.008 0.861 0.118 0.004 0.005 0.004 
424  ZFBP107    (0)   :  0.008 0.462 0.500 0.006 0.010 0.014 
425  ZFBP108    (0)   :  0.004 0.974 0.012 0.004 0.004 0.003 
426  ZFBP109    (0)   :  0.004 0.976 0.010 0.004 0.003 0.002 
427  ZFBP110    (0)   :  0.051 0.170 0.681 0.050 0.040 0.008 
428  ZFBP111    (0)   :  0.005 0.960 0.026 0.003 0.004 0.003 
429  ZFBP112    (0)   :  0.009 0.963 0.013 0.004 0.005 0.006 
430  ZFBP113    (0)   :  0.003 0.973 0.010 0.004 0.005 0.004 
431  ZFBP114    (0)   :  0.007 0.941 0.038 0.004 0.005 0.005 
432  ZFBP115    (0)   :  0.009 0.275 0.703 0.003 0.007 0.004 
433  ZFBP116    (0)   :  0.005 0.963 0.018 0.003 0.006 0.004 
434  ZFBP117    (0)   :  0.007 0.971 0.012 0.004 0.005 0.003 
435  ZFBP118    (0)   :  0.005 0.966 0.015 0.003 0.005 0.005 
436  ZFBP119    (0)   :  0.028 0.714 0.243 0.004 0.008 0.003 
437  ZFBP120    (0)   :  0.004 0.717 0.259 0.007 0.008 0.006 
438  ZFBP121    (0)   :  0.009 0.944 0.032 0.006 0.005 0.003 
439  ZFBP122    (9)   :  0.005 0.963 0.019 0.004 0.005 0.004 
440  ZFBP123    (0)   :  0.016 0.959 0.009 0.004 0.006 0.007 
441  ZFBP124    (0)   :  0.005 0.961 0.016 0.009 0.005 0.004 
442  ZFBP125    (0)   :  0.006 0.967 0.019 0.003 0.004 0.003 
443  ZFBP126    (0)   :  0.031 0.914 0.013 0.011 0.020 0.011 
444  ZFBP127    (0)   :  0.016 0.779 0.194 0.003 0.005 0.003 
445  ZFBP128    (0)   :  0.007 0.970 0.013 0.004 0.003 0.002 
446  ZFBP129    (0)   :  0.008 0.972 0.008 0.006 0.005 0.003 
447  ZFBP130    (0)   :  0.010 0.963 0.017 0.002 0.005 0.003 
448  ZFBP131    (0)   :  0.004 0.979 0.005 0.004 0.004 0.004 
449  ZFBP132    (0)   :  0.004 0.960 0.024 0.004 0.004 0.003 
450  ZFBP133    (0)   :  0.007 0.981 0.005 0.003 0.003 0.002 
451  ZFBP134    (0)   :  0.036 0.445 0.506 0.004 0.005 0.004 
452  ZFBP135    (0)   :  0.204 0.674 0.086 0.021 0.011 0.005 
453  ZFBP136    (0)   :  0.085 0.798 0.100 0.004 0.006 0.007 
454  ZFBP201    (0)   :  0.006 0.949 0.021 0.007 0.010 0.007 
455  ZFBP202    (0)   :  0.004 0.952 0.027 0.009 0.005 0.003 
456  ZFBP203    (0)   :  0.006 0.931 0.010 0.005 0.020 0.027 
457  ZFBP204    (0)   :  0.016 0.798 0.169 0.005 0.007 0.005 
458  ZFBP205    (0)   :  0.008 0.975 0.005 0.003 0.004 0.004 
459  ZFBP206    (0)   :  0.015 0.962 0.006 0.005 0.005 0.006 
460  ZFBP207    (0)   :  0.017 0.405 0.562 0.007 0.005 0.004 
461  ZFBP208    (0)   :  0.009 0.959 0.008 0.004 0.009 0.012 
462  ZFBP209    (0)   :  0.006 0.982 0.004 0.003 0.003 0.002 
463  ZFBP210    (0)   :  0.006 0.954 0.017 0.005 0.009 0.008 
464  ZFBP211    (0)   :  0.006 0.964 0.015 0.006 0.005 0.003 
465  ZFBP212    (0)   :  0.003 0.677 0.307 0.006 0.004 0.003 
466  ZFBP213    (0)   :  0.018 0.950 0.010 0.008 0.008 0.006 
467  ZFBP214    (0)   :  0.044 0.891 0.033 0.012 0.015 0.004 
468  ZFBP215    (0)   :  0.007 0.971 0.012 0.005 0.004 0.003 
469  ZFBP216    (0)   :  0.006 0.910 0.052 0.005 0.019 0.008 
470  ZFBP217    (0)   :  0.006 0.956 0.024 0.005 0.006 0.003 
471  ZFBP218    (0)   :  0.003 0.980 0.007 0.003 0.004 0.003 
472  ZFBP219    (0)   :  0.004 0.973 0.010 0.003 0.005 0.005 
473  ZFBP220    (0)   :  0.010 0.939 0.040 0.003 0.005 0.004 
474  ZFBP221    (0)   :  0.003 0.833 0.150 0.006 0.005 0.003 
475  ZFBP222    (0)   :  0.008 0.972 0.005 0.005 0.005 0.006 
476  ZFBP223    (0)   :  0.014 0.394 0.565 0.011 0.010 0.005 
477  ZFBP224    (0)   :  0.007 0.966 0.010 0.006 0.006 0.005 
478  ZFBP225    (0)   :  0.012 0.891 0.082 0.003 0.007 0.006 
479  ZFBP226    (0)   :  0.004 0.966 0.015 0.004 0.006 0.005 
480  ZFBP227    (0)   :  0.008 0.613 0.195 0.029 0.131 0.024 
481  ZFBP228    (0)   :  0.016 0.543 0.428 0.005 0.004 0.003 
482  ZFBP229    (0)   :  0.006 0.973 0.011 0.003 0.005 0.003 
483  ZFBP230    (0)   :  0.013 0.935 0.040 0.003 0.006 0.004 
484  ZFBP231    (0)   :  0.006 0.958 0.019 0.006 0.006 0.004 
485  ZFBP232    (0)   :  0.004 0.978 0.008 0.004 0.003 0.003 
486  ZFBP233    (0)   :  0.006 0.959 0.019 0.006 0.006 0.004 
487   ZFCC01    (0)   :  0.975 0.004 0.004 0.009 0.004 0.004 
488   ZFCC03    (0)   :  0.979 0.005 0.005 0.005 0.004 0.003 
489   ZFCC04    (0)   :  0.978 0.004 0.004 0.005 0.004 0.004 
490   ZFCC05    (0)   :  0.971 0.005 0.007 0.007 0.006 0.005 
491   ZFCC08    (0)   :  0.972 0.010 0.006 0.005 0.004 0.003 
492   ZFCC09    (0)   :  0.977 0.004 0.005 0.007 0.003 0.003 
493   ZFCC10    (0)   :  0.971 0.005 0.004 0.013 0.003 0.004 
494   ZFCC11    (0)   :  0.977 0.004 0.006 0.005 0.004 0.004 
495   ZFCC12    (0)   :  0.930 0.006 0.009 0.015 0.009 0.030 
496   ZFCC13    (0)   :  0.963 0.008 0.012 0.004 0.006 0.007 
497   ZFCC14    (0)   :  0.967 0.009 0.005 0.011 0.005 0.005 
498   ZFCC15    (0)   :  0.974 0.004 0.005 0.005 0.006 0.005 
499   ZFCC16    (0)   :  0.979 0.004 0.004 0.005 0.004 0.004 
500   ZFCC17    (0)   :  0.977 0.003 0.004 0.005 0.004 0.007 
501   ZFCC18    (0)   :  0.979 0.004 0.005 0.005 0.004 0.003 
502   ZFCC19    (0)   :  0.977 0.003 0.003 0.004 0.006 0.006 
503   ZFCC20    (0)   :  0.979 0.004 0.006 0.004 0.004 0.003 
504   ZFCC21    (0)   :  0.945 0.027 0.007 0.006 0.009 0.005 
505   ZFCC22    (0)   :  0.835 0.129 0.021 0.007 0.004 0.004 
506   ZFCC26    (0)   :  0.979 0.004 0.005 0.005 0.005 0.003 
507   ZFCC27    (0)   :  0.982 0.003 0.005 0.004 0.003 0.003 
508   ZFCC29    (0)   :  0.973 0.004 0.005 0.007 0.006 0.004 
509   ZFCC30    (0)   :  0.981 0.004 0.005 0.003 0.004 0.003 
510   ZFCC32    (0)   :  0.971 0.004 0.006 0.005 0.006 0.007 
511   ZFCC33    (0)   :  0.973 0.004 0.004 0.006 0.007 0.005 
512   ZFCC34    (0)   :  0.906 0.035 0.028 0.014 0.006 0.011 
513   ZFCC35    (0)   :  0.982 0.004 0.004 0.004 0.004 0.003 
514   ZFCC36    (0)   :  0.964 0.008 0.007 0.004 0.007 0.010 
515   ZFCC37    (0)   :  0.926 0.007 0.008 0.018 0.012 0.029 
516   ZFCC40    (0)   :  0.977 0.005 0.004 0.006 0.003 0.005 
517   ZFCC42    (0)   :  0.390 0.008 0.051 0.018 0.014 0.518 
518   ZFCC44    (0)   :  0.982 0.003 0.005 0.003 0.003 0.003 
519   ZFCC45    (9)   :  0.955 0.005 0.005 0.012 0.011 0.013 
520   ZFCC46    (0)   :  0.968 0.010 0.011 0.004 0.004 0.003 
521   ZFCC47    (0)   :  0.957 0.005 0.005 0.011 0.004 0.017 
522   ZFCC48    (0)   :  0.955 0.025 0.007 0.006 0.004 0.003 
523   ZFCC50    (0)   :  0.981 0.003 0.004 0.004 0.004 0.004 
524   ZFCC51    (0)   :  0.981 0.003 0.005 0.004 0.003 0.003 
525   ZFCC52    (0)   :  0.970 0.011 0.006 0.004 0.004 0.006 
526   ZFCC53    (0)   :  0.982 0.003 0.004 0.004 0.003 0.003 
527  ZFCNS01    (0)   :  0.006 0.004 0.976 0.003 0.007 0.005 
528  ZFCNS02    (0)   :  0.010 0.005 0.975 0.003 0.004 0.003 
529  ZFCNS05    (0)   :  0.012 0.007 0.967 0.006 0.005 0.003 
530  ZFCNS06    (0)   :  0.014 0.007 0.968 0.004 0.004 0.003 
531  ZFCNS07    (0)   :  0.006 0.013 0.969 0.004 0.004 0.003 
532  ZFCNS10    (0)   :  0.006 0.006 0.979 0.003 0.004 0.003 
533  ZFCNS11    (0)   :  0.007 0.004 0.976 0.003 0.006 0.004 
534  ZFCNS15    (0)   :  0.004 0.010 0.974 0.004 0.004 0.003 
535  ZFCNS17    (0)   :  0.016 0.006 0.968 0.003 0.004 0.003 
536  ZFCNS18    (0)   :  0.007 0.005 0.979 0.003 0.003 0.003 
537  ZFCNS19    (0)   :  0.012 0.004 0.974 0.004 0.004 0.003 
538  ZFCNS20    (0)   :  0.010 0.012 0.967 0.004 0.005 0.003 
539  ZFCNS21    (0)   :  0.010 0.004 0.976 0.004 0.004 0.003 
540  ZFCNS22    (0)   :  0.008 0.009 0.970 0.005 0.005 0.003 
541  ZFCNS23    (0)   :  0.025 0.007 0.947 0.006 0.008 0.008 
542  ZFCNS24    (0)   :  0.028 0.005 0.957 0.003 0.004 0.003 
543  ZFCNS25    (0)   :  0.011 0.008 0.971 0.003 0.004 0.003 
544  ZFCNS26    (0)   :  0.004 0.006 0.979 0.004 0.004 0.003 
545  ZFCNS27    (0)   :  0.004 0.011 0.974 0.003 0.005 0.003 
546  ZFCNS28    (0)   :  0.009 0.006 0.973 0.005 0.004 0.003 
547  ZFCNS29    (0)   :  0.016 0.006 0.966 0.004 0.004 0.003 
548  ZFCNS30    (0)   :  0.012 0.005 0.972 0.004 0.004 0.003 
549  ZFCNS31    (0)   :  0.005 0.005 0.979 0.004 0.004 0.003 
550  ZFCNS32    (0)   :  0.009 0.005 0.973 0.004 0.004 0.003 
551  ZFCNS33    (0)   :  0.005 0.004 0.980 0.004 0.004 0.003 
552  ZFCNS34    (0)   :  0.034 0.006 0.949 0.004 0.004 0.003 
553  ZFCNS35    (0)   :  0.006 0.005 0.978 0.005 0.004 0.003 
554  ZFCNS36    (0)   :  0.088 0.006 0.894 0.004 0.005 0.003 
555  ZFCNS37    (0)   :  0.006 0.005 0.978 0.004 0.004 0.003 
556  ZFCNS39    (0)   :  0.010 0.004 0.976 0.003 0.004 0.002 
557  ZFCNS40    (0)   :  0.031 0.007 0.952 0.003 0.004 0.003 
558  ZFCNS41    (0)   :  0.010 0.007 0.968 0.005 0.007 0.004 
559  ZFCNS42    (0)   :  0.006 0.005 0.980 0.003 0.004 0.003 
560  ZFCNS43    (0)   :  0.010 0.004 0.975 0.003 0.004 0.003 
561  ZFCNS44    (0)   :  0.007 0.004 0.981 0.003 0.003 0.003 
562  ZFCNS46    (0)   :  0.007 0.005 0.977 0.004 0.005 0.003 
563  ZFCNS47    (0)   :  0.008 0.005 0.977 0.004 0.003 0.003 
564  ZFCNS48    (0)   :  0.007 0.006 0.977 0.004 0.004 0.003 
565  ZFCNS49    (0)   :  0.003 0.006 0.981 0.004 0.003 0.003 
566   ZFCR01    (0)   :  0.016 0.061 0.007 0.500 0.390 0.026 
567   ZFCR02    (0)   :  0.037 0.056 0.015 0.215 0.665 0.012 
568   ZFCR03    (0)   :  0.066 0.080 0.009 0.398 0.322 0.126 
569   ZFCR04    (0)   :  0.025 0.038 0.035 0.782 0.078 0.042 
570   ZFCR05    (0)   :  0.022 0.006 0.005 0.152 0.801 0.014 
571   ZFCR06    (0)   :  0.028 0.115 0.131 0.150 0.566 0.010 
572   ZFCR07    (0)   :  0.013 0.006 0.041 0.028 0.901 0.011 
573   ZFCR08    (0)   :  0.151 0.112 0.010 0.187 0.454 0.085 
574   ZFCR09    (0)   :  0.035 0.202 0.112 0.126 0.058 0.466 
575   ZFCR11    (0)   :  0.012 0.011 0.040 0.123 0.805 0.010 
576   ZFCR12    (0)   :  0.011 0.024 0.136 0.018 0.806 0.005 
577   ZFCR13    (0)   :  0.007 0.022 0.011 0.011 0.945 0.003 
578   ZFCR14    (0)   :  0.013 0.010 0.008 0.052 0.913 0.005 
579   ZFCR15    (0)   :  0.023 0.035 0.014 0.102 0.814 0.012 
580   ZFCR16    (0)   :  0.012 0.033 0.005 0.097 0.847 0.006 
581   ZFCR18    (0)   :  0.028 0.019 0.013 0.894 0.040 0.006 
582   ZFCR19    (0)   :  0.024 0.098 0.016 0.136 0.647 0.080 
583   ZFCR20    (0)   :  0.026 0.119 0.018 0.605 0.186 0.047 
584   ZFCR21    (0)   :  0.019 0.017 0.010 0.017 0.933 0.004 
585   ZFCR22    (0)   :  0.006 0.011 0.005 0.008 0.964 0.005 
586   ZFCR23    (0)   :  0.004 0.136 0.042 0.039 0.741 0.038 
587   ZFCR24    (9)   :  0.014 0.477 0.014 0.154 0.322 0.019 
588   ZFCR25    (0)   :  0.006 0.004 0.004 0.016 0.963 0.006 
