

----------------------------------------------------
STRUCTURE by Pritchard, Stephens and Donnelly (2000)
     and Falush, Stephens and Pritchard (2003)
       Code by Pritchard, Falush and Hubisz
             Version 2.3.4 (Jul 2012)
----------------------------------------------------



Command line arguments:   bin\structure -m C:\Users\eschumacher\Documents\GitHub\GCC_QUAC_ZAIN\Data_Files\Structure_Files\ZAIN\ZAIN_rebinned_garden_wild_nopopinfo\50-50\mainparams -e C:\Users\eschumacher\Documents\GitHub\GCC_QUAC_ZAIN\Data_Files\Structure_Files\ZAIN\ZAIN_rebinned_garden_wild_nopopinfo\50-50\extraparams 
Input File:    C:\Users\eschumacher\Documents\GitHub\GCC_QUAC_ZAIN\Data_Files\Structure_Files\ZAIN\ZAIN_rebinned_garden_wild_nopopinfo\project_data

Run parameters:
   1133 individuals
   11 loci
   9 populations assumed
   50000 Burn-in period
   50000 Reps


--------------------------------------------
Overall proportion of membership of the
sample in each of the 9 clusters

Inferred Clusters
  1      2      3      4      5      6      7      8      9    
0.132  0.150  0.108  0.057  0.148  0.101  0.117  0.120  0.068  

--------------------------------------------

Allele-freq. divergence among pops (Net nucleotide distance),
computed using point estimates of P.

      1       2       3       4       5       6       7       8       9      
 1      -    0.1465  0.2153  0.3563  0.1233  0.2742  0.2789  0.3100  0.3436  
 2   0.1465     -    0.1472  0.3369  0.0932  0.2342  0.2281  0.2270  0.2700  
 3   0.2153  0.1472     -    0.1857  0.1041  0.1719  0.1434  0.1867  0.1625  
 4   0.3563  0.3369  0.1857     -    0.2164  0.1092  0.1234  0.1215  0.2662  
 5   0.1233  0.0932  0.1041  0.2164     -    0.1540  0.1173  0.1662  0.1745  
 6   0.2742  0.2342  0.1719  0.1092  0.1540     -    0.0690  0.0412  0.2164  
 7   0.2789  0.2281  0.1434  0.1234  0.1173  0.0690     -    0.0523  0.1291  
 8   0.3100  0.2270  0.1867  0.1215  0.1662  0.0412  0.0523     -    0.2402  
 9   0.3436  0.2700  0.1625  0.2662  0.1745  0.2164  0.1291  0.2402     -    

Average distances (expected heterozygosity) between individuals in same cluster:
cluster  1  : 0.4211 
cluster  2  : 0.4772 
cluster  3  : 0.4325 
cluster  4  : 0.3600 
cluster  5  : 0.5504 
cluster  6  : 0.4042 
cluster  7  : 0.4375 
cluster  8  : 0.3811 
cluster  9  : 0.2649 

--------------------------------------------
Estimated Ln Prob of Data   = -21423.7
Mean value of ln likelihood = -20846.6
Variance of ln likelihood   = 1154.2
Mean value of alpha         = 0.0346

Mean value of Fst_1         = 0.4234
Mean value of Fst_2         = 0.3512
Mean value of Fst_3         = 0.4137
Mean value of Fst_4         = 0.4229
Mean value of Fst_5         = 0.1438
Mean value of Fst_6         = 0.2939
Mean value of Fst_7         = 0.3120
Mean value of Fst_8         = 0.3342
Mean value of Fst_9         = 0.5501


Inferred ancestry of individuals:
        Label (%Miss) :  Inferred clusters
  1 TMA-ZAIN-G-    (9)   :  0.006 0.764 0.014 0.012 0.045 0.009 0.033 0.014 0.104 
  2 TMA-ZAIN-G-    (0)   :  0.006 0.716 0.025 0.005 0.017 0.185 0.014 0.024 0.008 
  3 TMA-ZAIN-G-    (0)   :  0.003 0.007 0.012 0.107 0.007 0.045 0.271 0.516 0.032 
  4 TMA-ZAIN-G-    (0)   :  0.010 0.019 0.650 0.042 0.011 0.055 0.031 0.164 0.018 
  5 TMA-ZAIN-G-    (0)   :  0.005 0.972 0.006 0.003 0.004 0.003 0.002 0.003 0.002 
  6 TMA-ZAIN-G-    (0)   :  0.048 0.076 0.067 0.157 0.159 0.071 0.217 0.179 0.027 
  7 TMA-ZAIN-G-    (0)   :  0.007 0.015 0.031 0.010 0.016 0.310 0.279 0.279 0.053 
  8 TMA-ZAIN-G-    (0)   :  0.003 0.007 0.018 0.024 0.005 0.024 0.876 0.035 0.007 
  9 TMA-ZAIN-G-    (9)   :  0.005 0.009 0.006 0.037 0.009 0.304 0.369 0.254 0.008 
 10 TMA-ZAIN-G-    (0)   :  0.005 0.003 0.012 0.046 0.011 0.254 0.424 0.232 0.013 
 11 TMA-ZAIN-G-    (0)   :  0.006 0.006 0.008 0.007 0.009 0.364 0.230 0.360 0.010 
 12 TMA-ZAIN-G-    (0)   :  0.003 0.004 0.004 0.005 0.005 0.009 0.017 0.940 0.012 
 13 TMA-ZAIN-G-    (9)   :  0.079 0.047 0.030 0.018 0.030 0.323 0.260 0.098 0.114 
 14 TMA-ZAIN-G-    (9)   :  0.011 0.003 0.007 0.008 0.009 0.018 0.035 0.012 0.896 
 15 TMA-ZAIN-G-    (0)   :  0.003 0.004 0.006 0.009 0.006 0.007 0.062 0.006 0.898 
 16 TMA-ZAIN-G-    (0)   :  0.004 0.003 0.004 0.005 0.006 0.053 0.019 0.899 0.006 
 17 TMA-ZAIN-G-    (9)   :  0.013 0.012 0.032 0.006 0.033 0.012 0.847 0.018 0.028 
 18 TMA-ZAIN-G-    (0)   :  0.006 0.749 0.047 0.009 0.141 0.006 0.013 0.015 0.014 
 19 TMA-ZAIN-G-    (0)   :  0.012 0.013 0.006 0.006 0.889 0.011 0.030 0.019 0.013 
 20 TMA-ZAIN-G-    (0)   :  0.088 0.042 0.023 0.004 0.830 0.004 0.003 0.003 0.003 
 21 TMA-ZAIN-G-    (0)   :  0.966 0.003 0.005 0.005 0.005 0.004 0.005 0.005 0.002 
 22 TMA-ZAIN-G-    (0)   :  0.912 0.056 0.007 0.002 0.011 0.003 0.003 0.003 0.003 
 23 TMA-ZAIN-G-    (0)   :  0.907 0.020 0.005 0.003 0.035 0.006 0.008 0.007 0.008 
 24 TMA-ZAIN-G-    (9)   :  0.673 0.007 0.006 0.142 0.004 0.115 0.015 0.011 0.027 
 25 TMA-ZAIN-G-    (9)   :  0.013 0.107 0.004 0.005 0.727 0.113 0.012 0.012 0.007 
 26 TMA-ZAIN-G-    (9)   :  0.033 0.009 0.489 0.008 0.012 0.254 0.131 0.040 0.025 
 27 TMA-ZAIN-G-    (0)   :  0.013 0.066 0.022 0.011 0.797 0.006 0.015 0.007 0.063 
 28 TMA-ZAIN-G-    (0)   :  0.004 0.011 0.007 0.008 0.931 0.007 0.011 0.008 0.013 
 29 TMA-ZAIN-G-    (0)   :  0.004 0.003 0.011 0.722 0.240 0.004 0.005 0.004 0.006 
 30 TMA-ZAIN-G-    (0)   :  0.005 0.004 0.008 0.054 0.371 0.148 0.271 0.066 0.072 
 31 TMA-ZAIN-G-    (0)   :  0.012 0.895 0.052 0.006 0.012 0.008 0.004 0.005 0.006 
 32 TMA-ZAIN-G-    (9)   :  0.023 0.752 0.005 0.004 0.017 0.030 0.037 0.093 0.041 
 33 TMA-ZAIN-G-   (18)   :  0.003 0.006 0.004 0.016 0.005 0.108 0.523 0.325 0.010 
 34 TMA-ZAIN-G-    (0)   :  0.023 0.210 0.007 0.008 0.014 0.121 0.032 0.576 0.009 
 35 TMA-ZAIN-G-    (9)   :  0.004 0.020 0.013 0.085 0.013 0.167 0.203 0.426 0.070 
 36 TMA-ZAIN-G-    (0)   :  0.003 0.004 0.015 0.010 0.006 0.440 0.329 0.040 0.152 
 37 TMA-ZAIN-G-    (9)   :  0.008 0.010 0.018 0.017 0.014 0.330 0.249 0.346 0.008 
 38 TMA-ZAIN-G-   (18)   :  0.016 0.745 0.007 0.007 0.040 0.031 0.043 0.034 0.076 
 39 TMA-ZAIN-G-    (0)   :  0.005 0.003 0.010 0.014 0.005 0.826 0.059 0.075 0.004 
 40 TMA-ZAIN-G-    (0)   :  0.005 0.003 0.006 0.007 0.004 0.289 0.507 0.174 0.005 
 41 TMA-ZAIN-G-    (0)   :  0.003 0.003 0.005 0.007 0.005 0.233 0.661 0.024 0.059 
 42 TMA-ZAIN-G-    (9)   :  0.002 0.003 0.007 0.006 0.003 0.010 0.851 0.007 0.110 
 43 TMA-ZAIN-G-    (0)   :  0.003 0.003 0.004 0.007 0.004 0.004 0.008 0.004 0.962 
 44 TMA-ZAIN-G-    (0)   :  0.811 0.005 0.005 0.011 0.008 0.109 0.012 0.035 0.005 
 45 TMA-ZAIN-G-    (0)   :  0.007 0.005 0.010 0.005 0.009 0.097 0.200 0.647 0.020 
 46 TMA-ZAIN-G-    (0)   :  0.970 0.003 0.006 0.003 0.004 0.005 0.003 0.003 0.004 
 47 TMA-ZAIN-G-    (0)   :  0.003 0.004 0.968 0.004 0.004 0.003 0.004 0.005 0.004 
 48 TMA-ZAIN-G-    (0)   :  0.027 0.007 0.542 0.017 0.020 0.045 0.258 0.048 0.035 
 49 TMA-ZAIN-G-    (9)   :  0.006 0.020 0.011 0.044 0.868 0.008 0.007 0.031 0.005 
 50 TMA-ZAIN-G-    (0)   :  0.007 0.006 0.003 0.003 0.916 0.016 0.032 0.008 0.008 
 51 TMA-ZAIN-G-    (0)   :  0.009 0.007 0.026 0.006 0.823 0.011 0.017 0.006 0.095 
 52 TMA-ZAIN-G-    (0)   :  0.014 0.007 0.109 0.003 0.810 0.010 0.010 0.014 0.023 
 53 TMA-ZAIN-G-    (0)   :  0.010 0.172 0.177 0.005 0.554 0.019 0.013 0.007 0.043 
 54 TMA-ZAIN-G-    (0)   :  0.005 0.005 0.938 0.004 0.010 0.005 0.012 0.008 0.013 
 55 TMA-ZAIN-G-    (0)   :  0.009 0.005 0.864 0.003 0.033 0.006 0.039 0.011 0.031 
 56 TMA-ZAIN-G-    (0)   :  0.011 0.012 0.576 0.038 0.094 0.054 0.159 0.037 0.020 
 57 TMA-ZAIN-G-    (0)   :  0.003 0.008 0.923 0.008 0.018 0.010 0.006 0.018 0.006 
 58 TMA-ZAIN-G-    (0)   :  0.085 0.031 0.026 0.005 0.812 0.005 0.018 0.010 0.007 
 59 TMA-ZAIN-G-    (0)   :  0.033 0.638 0.041 0.036 0.035 0.075 0.058 0.072 0.012 
 60 TMA-ZAIN-G-    (0)   :  0.010 0.434 0.029 0.008 0.338 0.010 0.021 0.010 0.141 
 61 TMA-ZAIN-G-    (0)   :  0.021 0.936 0.017 0.003 0.008 0.004 0.004 0.004 0.003 
 62 TMA-ZAIN-G-    (9)   :  0.026 0.783 0.010 0.010 0.036 0.035 0.037 0.055 0.007 
 63 TMA-ZAIN-G-    (0)   :  0.007 0.944 0.013 0.003 0.011 0.004 0.005 0.006 0.006 
 64 TMA-ZAIN-G-    (0)   :  0.002 0.002 0.003 0.965 0.003 0.008 0.006 0.005 0.006 
 65 TMA-ZAIN-G-    (9)   :  0.003 0.003 0.006 0.945 0.004 0.008 0.008 0.018 0.005 
 66 TMA-ZAIN-G-    (0)   :  0.003 0.003 0.005 0.936 0.003 0.022 0.010 0.014 0.005 
 67 TMA-ZAIN-G-    (0)   :  0.013 0.004 0.005 0.837 0.010 0.082 0.013 0.032 0.003 
 68 TMA-ZAIN-G-    (0)   :  0.002 0.002 0.005 0.965 0.003 0.004 0.007 0.005 0.007 
 69 TMA-ZAIN-G-    (0)   :  0.028 0.023 0.012 0.778 0.019 0.043 0.009 0.069 0.019 
 70 TMA-ZAIN-G-    (0)   :  0.004 0.003 0.003 0.019 0.005 0.925 0.008 0.028 0.005 
 71 TMA-ZAIN-G-    (0)   :  0.003 0.003 0.004 0.005 0.004 0.964 0.006 0.009 0.003 
 72 TMA-ZAIN-G-    (0)   :  0.004 0.004 0.008 0.025 0.006 0.898 0.024 0.021 0.009 
 73 TMA-ZAIN-G-    (0)   :  0.032 0.026 0.017 0.006 0.027 0.866 0.007 0.014 0.004 
 74 TMA-ZAIN-G-    (0)   :  0.007 0.006 0.005 0.006 0.008 0.944 0.007 0.013 0.004 
 75 TMA-ZAIN-G-    (0)   :  0.003 0.005 0.010 0.007 0.005 0.945 0.007 0.013 0.005 
 76 TMA-ZAIN-G-    (0)   :  0.021 0.005 0.004 0.006 0.009 0.936 0.005 0.011 0.003 
 77 TMA-ZAIN-G-    (0)   :  0.005 0.003 0.005 0.006 0.006 0.952 0.009 0.006 0.007 
 78 TMA-ZAIN-G-    (0)   :  0.017 0.007 0.009 0.005 0.015 0.919 0.007 0.015 0.006 
 79 TMA-ZAIN-G-    (0)   :  0.013 0.004 0.008 0.004 0.009 0.941 0.007 0.007 0.007 
 80 TMA-ZAIN-G-    (0)   :  0.005 0.003 0.011 0.024 0.005 0.795 0.021 0.132 0.004 
 81 TMA-ZAIN-G-    (0)   :  0.006 0.003 0.006 0.005 0.007 0.939 0.012 0.013 0.008 
 82 TMA-ZAIN-G-    (0)   :  0.003 0.008 0.017 0.223 0.007 0.505 0.014 0.215 0.008 
 83 TMA-ZAIN-G-    (9)   :  0.037 0.057 0.020 0.043 0.023 0.033 0.017 0.765 0.006 
 84 TMA-ZAIN-G-    (0)   :  0.015 0.004 0.005 0.005 0.008 0.938 0.009 0.012 0.005 
 85 TMA-ZAIN-G-    (0)   :  0.022 0.028 0.762 0.007 0.146 0.011 0.009 0.009 0.007 
 86 TMA-ZAIN-G-    (0)   :  0.061 0.008 0.825 0.011 0.022 0.020 0.019 0.029 0.005 
 87 TMA-ZAIN-G-    (0)   :  0.197 0.032 0.663 0.005 0.060 0.015 0.012 0.012 0.005 
 88 TMA-ZAIN-G-    (0)   :  0.012 0.179 0.534 0.039 0.010 0.068 0.030 0.106 0.022 
 89 TMA-ZAIN-G-    (0)   :  0.023 0.021 0.810 0.020 0.006 0.040 0.018 0.029 0.034 
 90 TMA-ZAIN-G-    (0)   :  0.009 0.008 0.930 0.007 0.015 0.006 0.007 0.012 0.006 
 91 TMA-ZAIN-G-    (0)   :  0.008 0.025 0.909 0.009 0.012 0.010 0.010 0.009 0.009 
 92 TMA-ZAIN-G-    (0)   :  0.019 0.006 0.917 0.004 0.023 0.008 0.007 0.006 0.011 
 93 TMA-ZAIN-G-    (0)   :  0.010 0.018 0.911 0.006 0.025 0.006 0.006 0.004 0.014 
 94 TMA-ZAIN-G-    (0)   :  0.011 0.047 0.898 0.004 0.021 0.005 0.004 0.004 0.006 
 95 TMA-ZAIN-G-    (0)   :  0.007 0.009 0.005 0.018 0.885 0.016 0.025 0.010 0.025 
 96 TMA-ZAIN-G-    (0)   :  0.005 0.005 0.006 0.005 0.879 0.005 0.054 0.015 0.026 
 97 TMA-ZAIN-G-    (0)   :  0.006 0.934 0.011 0.007 0.013 0.012 0.005 0.005 0.007 
 98 TMA-ZAIN-G-    (0)   :  0.004 0.954 0.008 0.004 0.004 0.010 0.004 0.004 0.006 
 99 TMA-ZAIN-G-    (0)   :  0.015 0.760 0.004 0.020 0.007 0.024 0.041 0.121 0.007 
100 TMA-ZAIN-G-    (0)   :  0.017 0.910 0.028 0.005 0.019 0.006 0.004 0.004 0.007 
101 TMA-ZAIN-G-    (0)   :  0.005 0.937 0.010 0.006 0.009 0.012 0.005 0.010 0.005 
102 TMA-ZAIN-G-    (0)   :  0.188 0.574 0.014 0.013 0.061 0.029 0.040 0.049 0.032 
103 TMA-ZAIN-G-    (0)   :  0.013 0.886 0.008 0.006 0.033 0.011 0.012 0.021 0.008 
104 TMA-ZAIN-G-    (0)   :  0.006 0.965 0.004 0.002 0.006 0.004 0.004 0.004 0.004 
105 TMA-ZAIN-G-    (0)   :  0.011 0.891 0.010 0.006 0.022 0.012 0.014 0.025 0.008 
106 TMA-ZAIN-G-    (0)   :  0.003 0.004 0.007 0.049 0.005 0.212 0.533 0.078 0.109 
107 TMA-ZAIN-G-    (0)   :  0.003 0.004 0.006 0.011 0.004 0.443 0.021 0.498 0.010 
108 TMA-ZAIN-G-    (9)   :  0.055 0.336 0.027 0.012 0.048 0.157 0.172 0.118 0.076 
109 TMA-ZAIN-G-    (0)   :  0.005 0.322 0.054 0.183 0.043 0.015 0.201 0.154 0.023 
110 TMA-ZAIN-G-    (0)   :  0.175 0.069 0.022 0.009 0.097 0.120 0.221 0.267 0.020 
111 TMA-ZAIN-G-    (9)   :  0.092 0.567 0.027 0.016 0.059 0.056 0.019 0.159 0.004 
112 TMA-ZAIN-G-    (0)   :  0.059 0.276 0.027 0.022 0.130 0.045 0.238 0.166 0.038 
113 TMA-ZAIN-G-    (0)   :  0.008 0.914 0.016 0.010 0.005 0.020 0.006 0.015 0.005 
114 TMA-ZAIN-G-    (0)   :  0.010 0.966 0.004 0.003 0.005 0.003 0.003 0.003 0.002 
115 TMA-ZAIN-G-    (0)   :  0.005 0.969 0.004 0.003 0.005 0.003 0.003 0.004 0.004 
116 TMA-ZAIN-G-    (0)   :  0.003 0.006 0.011 0.012 0.004 0.013 0.010 0.935 0.005 
117 TMA-ZAIN-G-    (0)   :  0.004 0.010 0.060 0.260 0.020 0.156 0.237 0.172 0.082 
118 TMA-ZAIN-G-    (0)   :  0.003 0.006 0.008 0.023 0.007 0.012 0.014 0.911 0.016 
119 TMA-ZAIN-G-    (0)   :  0.020 0.026 0.009 0.035 0.024 0.060 0.009 0.810 0.006 
120 TMA-ZAIN-G-    (0)   :  0.005 0.008 0.016 0.021 0.013 0.023 0.023 0.837 0.055 
121 TMA-ZAIN-G-    (0)   :  0.004 0.012 0.023 0.150 0.011 0.051 0.085 0.643 0.021 
122 TMA-ZAIN-G-    (0)   :  0.008 0.006 0.030 0.038 0.018 0.189 0.174 0.526 0.013 
123 TMA-ZAIN-G-    (0)   :  0.011 0.939 0.006 0.004 0.014 0.005 0.005 0.005 0.012 
124 TMA-ZAIN-G-    (0)   :  0.003 0.005 0.005 0.004 0.005 0.006 0.952 0.010 0.009 
125 TMA-ZAIN-G-    (0)   :  0.002 0.003 0.064 0.040 0.005 0.008 0.842 0.007 0.030 
126 TMA-ZAIN-G-    (0)   :  0.003 0.005 0.010 0.005 0.005 0.006 0.908 0.018 0.041 
127 TMA-ZAIN-G-    (0)   :  0.003 0.003 0.004 0.006 0.003 0.005 0.955 0.010 0.011 
128 TMA-ZAIN-G-    (0)   :  0.003 0.004 0.007 0.022 0.005 0.009 0.929 0.013 0.008 
129 TMA-ZAIN-G-    (0)   :  0.003 0.006 0.007 0.006 0.005 0.007 0.943 0.007 0.016 
130 TMA-ZAIN-G-    (0)   :  0.003 0.007 0.041 0.011 0.006 0.008 0.814 0.027 0.083 
131 TMA-ZAIN-G-    (0)   :  0.003 0.004 0.005 0.005 0.006 0.006 0.947 0.008 0.016 
132 TMA-ZAIN-G-    (0)   :  0.003 0.004 0.025 0.042 0.005 0.016 0.862 0.026 0.017 
133 TMA-ZAIN-G-    (0)   :  0.013 0.003 0.035 0.075 0.015 0.071 0.621 0.053 0.114 
134 TMA-ZAIN-G-    (0)   :  0.009 0.004 0.030 0.063 0.007 0.062 0.494 0.070 0.261 
135 TMA-ZAIN-G-    (0)   :  0.007 0.004 0.017 0.026 0.004 0.164 0.285 0.471 0.020 
136 TMA-ZAIN-G-    (0)   :  0.005 0.007 0.015 0.622 0.005 0.057 0.094 0.186 0.008 
137 TMA-ZAIN-G-    (0)   :  0.009 0.006 0.009 0.006 0.006 0.103 0.076 0.778 0.006 
138 TMA-ZAIN-G-    (0)   :  0.003 0.004 0.013 0.012 0.003 0.020 0.599 0.322 0.025 
139 TMA-ZAIN-G-    (0)   :  0.005 0.005 0.068 0.012 0.004 0.063 0.402 0.425 0.018 
140 TMA-ZAIN-G-    (0)   :  0.004 0.003 0.004 0.009 0.006 0.120 0.113 0.734 0.007 
141 TMA-ZAIN-G-    (0)   :  0.004 0.006 0.008 0.007 0.006 0.459 0.108 0.376 0.027 
142 TMA-ZAIN-G-    (9)   :  0.003 0.003 0.005 0.014 0.005 0.210 0.054 0.699 0.006 
143 TMA-ZAIN-G-    (0)   :  0.003 0.004 0.006 0.014 0.005 0.073 0.281 0.604 0.010 
144 TMA-ZAIN-G-    (0)   :  0.005 0.004 0.023 0.006 0.012 0.014 0.118 0.805 0.014 
145 TMA-ZAIN-G-    (0)   :  0.002 0.003 0.013 0.287 0.005 0.121 0.047 0.516 0.007 
146 TMA-ZAIN-G-    (0)   :  0.003 0.004 0.004 0.006 0.003 0.615 0.010 0.349 0.006 
147 TMA-ZAIN-G-    (9)   :  0.003 0.003 0.005 0.012 0.004 0.422 0.022 0.523 0.007 
148 TMA-ZAIN-G-    (0)   :  0.003 0.003 0.031 0.005 0.004 0.352 0.127 0.370 0.105 
149 TMA-ZAIN-G-    (0)   :  0.018 0.026 0.083 0.008 0.013 0.173 0.177 0.474 0.029 
150 TMA-ZAIN-G-    (0)   :  0.015 0.022 0.080 0.043 0.013 0.116 0.034 0.659 0.018 
151 TMA-ZAIN-G-    (0)   :  0.002 0.003 0.004 0.011 0.004 0.010 0.042 0.909 0.015 
152 TMA-ZAIN-G-    (0)   :  0.002 0.004 0.004 0.006 0.003 0.006 0.008 0.958 0.008 
153 TMA-ZAIN-G-    (0)   :  0.003 0.004 0.010 0.014 0.003 0.021 0.085 0.835 0.026 
154 TMA-ZAIN-G-    (0)   :  0.002 0.003 0.005 0.005 0.003 0.006 0.009 0.961 0.005 
155 TMA-ZAIN-G-    (0)   :  0.003 0.004 0.003 0.009 0.004 0.020 0.014 0.936 0.006 
156 TMA-ZAIN-G-    (9)   :  0.003 0.006 0.009 0.004 0.004 0.007 0.051 0.878 0.039 
157 TMA-ZAIN-G-    (0)   :  0.003 0.005 0.006 0.006 0.004 0.015 0.072 0.791 0.099 
158 TMA-ZAIN-G-    (0)   :  0.003 0.003 0.004 0.004 0.005 0.021 0.012 0.943 0.004 
159 TMA-ZAIN-G-    (0)   :  0.002 0.004 0.005 0.010 0.003 0.243 0.009 0.720 0.004 
160 TMA-ZAIN-G-    (0)   :  0.003 0.004 0.006 0.015 0.003 0.108 0.006 0.851 0.004 
161 TMA-ZAIN-G-    (0)   :  0.003 0.003 0.018 0.006 0.005 0.032 0.120 0.793 0.019 
162 TMA-ZAIN-G-    (0)   :  0.015 0.022 0.013 0.006 0.008 0.009 0.013 0.910 0.004 
163 TMA-ZAIN-G-    (0)   :  0.002 0.003 0.003 0.004 0.003 0.008 0.006 0.967 0.003 
164 TMA-ZAIN-G-    (0)   :  0.003 0.004 0.006 0.006 0.004 0.009 0.008 0.956 0.004 
165 TMA-ZAIN-G-    (0)   :  0.003 0.004 0.003 0.006 0.003 0.013 0.010 0.955 0.003 
166 TMA-ZAIN-G-    (0)   :  0.003 0.003 0.008 0.009 0.004 0.164 0.084 0.720 0.006 
167 TMA-ZAIN-G-    (0)   :  0.005 0.005 0.005 0.005 0.007 0.775 0.044 0.146 0.007 
168 TMA-ZAIN-G-    (0)   :  0.004 0.006 0.005 0.011 0.005 0.898 0.012 0.024 0.036 
169 TMA-ZAIN-G-    (0)   :  0.003 0.004 0.006 0.073 0.003 0.874 0.007 0.025 0.005 
170 TMA-ZAIN-G-    (0)   :  0.009 0.014 0.004 0.023 0.020 0.576 0.149 0.090 0.114 
171 TMA-ZAIN-G-    (0)   :  0.003 0.003 0.004 0.014 0.003 0.948 0.005 0.016 0.004 
172 TMA-ZAIN-G-    (0)   :  0.004 0.004 0.004 0.005 0.006 0.089 0.816 0.052 0.020 
173 TMA-ZAIN-G-    (0)   :  0.004 0.004 0.005 0.006 0.006 0.045 0.878 0.032 0.020 
174 TMA-ZAIN-G-    (0)   :  0.003 0.003 0.009 0.059 0.004 0.140 0.666 0.111 0.006 
175 TMA-ZAIN-G-    (0)   :  0.003 0.004 0.005 0.007 0.003 0.926 0.006 0.041 0.005 
176 TMA-ZAIN-G-    (0)   :  0.003 0.004 0.004 0.005 0.004 0.861 0.010 0.103 0.006 
177 TMA-ZAIN-G-    (0)   :  0.003 0.005 0.004 0.004 0.005 0.668 0.034 0.245 0.032 
178 TMA-ZAIN-G-    (0)   :  0.004 0.005 0.005 0.005 0.007 0.193 0.488 0.216 0.077 
179 TMA-ZAIN-G-    (0)   :  0.003 0.003 0.005 0.008 0.005 0.406 0.137 0.394 0.039 
180 TMA-ZAIN-G-    (0)   :  0.007 0.004 0.019 0.065 0.007 0.010 0.836 0.033 0.019 
181 TMA-ZAIN-G-    (0)   :  0.003 0.005 0.004 0.007 0.004 0.019 0.756 0.044 0.158 
182 TMA-ZAIN-G-    (0)   :  0.003 0.007 0.006 0.003 0.005 0.010 0.800 0.036 0.131 
183 TMA-ZAIN-G-    (0)   :  0.003 0.005 0.004 0.006 0.004 0.017 0.677 0.032 0.252 
184 TMA-ZAIN-G-    (0)   :  0.017 0.032 0.024 0.009 0.013 0.013 0.789 0.067 0.036 
185 TMA-ZAIN-G-    (0)   :  0.024 0.015 0.025 0.006 0.021 0.008 0.885 0.012 0.004 
186 TMA-ZAIN-G-    (9)   :  0.005 0.003 0.005 0.006 0.009 0.010 0.946 0.011 0.005 
187 TMA-ZAIN-G-    (0)   :  0.003 0.004 0.003 0.013 0.005 0.036 0.895 0.023 0.019 
188 TMA-ZAIN-G-    (0)   :  0.003 0.003 0.004 0.014 0.004 0.050 0.899 0.012 0.011 
189 TMA-ZAIN-G-    (0)   :  0.003 0.003 0.002 0.010 0.003 0.007 0.956 0.006 0.010 
190 TMA-ZAIN-G-    (0)   :  0.003 0.003 0.005 0.027 0.007 0.077 0.763 0.023 0.092 
191 TMA-ZAIN-G-    (0)   :  0.023 0.015 0.013 0.005 0.010 0.016 0.906 0.008 0.005 
192 TMA-ZAIN-G-    (0)   :  0.009 0.004 0.005 0.005 0.005 0.012 0.924 0.008 0.027 
193 TMA-ZAIN-G-    (0)   :  0.002 0.003 0.004 0.004 0.003 0.003 0.005 0.003 0.973 
194 TMA-ZAIN-G-    (0)   :  0.006 0.002 0.011 0.011 0.013 0.006 0.041 0.005 0.905 
195 TMA-ZAIN-G-    (0)   :  0.002 0.003 0.006 0.033 0.009 0.039 0.067 0.016 0.824 
196 TMA-ZAIN-G-    (0)   :  0.003 0.003 0.005 0.011 0.004 0.005 0.011 0.006 0.951 
197 TMA-ZAIN-G-    (0)   :  0.003 0.003 0.006 0.009 0.004 0.009 0.012 0.007 0.947 
198 TMA-ZAIN-G-    (0)   :  0.003 0.003 0.005 0.007 0.003 0.010 0.011 0.009 0.950 
199 TMA-ZAIN-G-    (0)   :  0.004 0.003 0.006 0.005 0.006 0.007 0.950 0.012 0.007 
200 TMA-ZAIN-G-    (0)   :  0.890 0.015 0.004 0.003 0.031 0.003 0.005 0.003 0.047 
201 TMA-ZAIN-G-    (0)   :  0.957 0.006 0.004 0.004 0.014 0.004 0.004 0.004 0.003 
202 TMA-ZAIN-G-    (0)   :  0.911 0.016 0.003 0.003 0.013 0.004 0.009 0.006 0.035 
203 TMA-ZAIN-G-    (0)   :  0.003 0.022 0.006 0.004 0.004 0.015 0.052 0.031 0.863 
204 TMA-ZAIN-G-    (9)   :  0.881 0.004 0.047 0.012 0.014 0.020 0.007 0.006 0.009 
205 TMA-ZAIN-G-    (0)   :  0.796 0.007 0.015 0.007 0.023 0.030 0.009 0.107 0.008 
206 TMA-ZAIN-G-    (9)   :  0.810 0.016 0.025 0.011 0.025 0.015 0.020 0.012 0.066 
207 TMA-ZAIN-G-    (9)   :  0.013 0.015 0.130 0.058 0.053 0.041 0.040 0.639 0.010 
208 TMA-ZAIN-G-    (0)   :  0.003 0.003 0.004 0.040 0.004 0.084 0.035 0.823 0.004 
209 TMA-ZAIN-G-    (0)   :  0.003 0.003 0.050 0.018 0.004 0.153 0.372 0.119 0.279 
210 TMA-ZAIN-G-    (0)   :  0.003 0.004 0.017 0.102 0.006 0.124 0.242 0.112 0.390 
211 TMA-ZAIN-G-    (0)   :  0.024 0.013 0.015 0.034 0.031 0.122 0.570 0.084 0.107 
212 TMA-ZAIN-G-    (0)   :  0.005 0.003 0.011 0.019 0.006 0.027 0.524 0.382 0.023 
213 TMA-ZAIN-G-    (0)   :  0.004 0.003 0.009 0.007 0.004 0.078 0.535 0.323 0.036 
214 TMA-ZAIN-G-    (0)   :  0.003 0.003 0.007 0.042 0.004 0.069 0.693 0.149 0.029 
215 TMA-ZAIN-G-    (0)   :  0.013 0.004 0.003 0.006 0.195 0.313 0.384 0.076 0.006 
216 TMA-ZAIN-G-    (0)   :  0.005 0.003 0.008 0.005 0.006 0.012 0.930 0.021 0.010 
217 TMA-ZAIN-G-    (0)   :  0.003 0.003 0.008 0.123 0.004 0.238 0.419 0.092 0.108 
218 TMA-ZAIN-G-    (0)   :  0.004 0.006 0.005 0.011 0.952 0.007 0.007 0.004 0.004 
219 TMA-ZAIN-G-    (0)   :  0.012 0.004 0.010 0.003 0.952 0.004 0.006 0.004 0.004 
220 TMA-ZAIN-G-    (0)   :  0.005 0.068 0.009 0.013 0.850 0.010 0.007 0.032 0.006 
221 TMA-ZAIN-G-    (0)   :  0.022 0.005 0.007 0.007 0.905 0.010 0.025 0.011 0.007 
222 TMA-ZAIN-G-    (0)   :  0.010 0.034 0.019 0.014 0.881 0.011 0.009 0.016 0.006 
223 TMA-ZAIN-G-    (0)   :  0.009 0.008 0.006 0.004 0.960 0.004 0.003 0.004 0.003 
224 TMA-ZAIN-G-    (0)   :  0.019 0.017 0.017 0.005 0.900 0.006 0.020 0.005 0.010 
225 TMA-ZAIN-G-    (0)   :  0.012 0.011 0.004 0.002 0.947 0.004 0.005 0.004 0.012 
226 TMA-ZAIN-G-    (0)   :  0.009 0.016 0.006 0.005 0.923 0.007 0.007 0.007 0.019 
227 TMA-ZAIN-G-    (0)   :  0.024 0.014 0.005 0.004 0.905 0.009 0.008 0.009 0.022 
228 TMA-ZAIN-G-    (0)   :  0.011 0.015 0.007 0.008 0.906 0.024 0.008 0.013 0.007 
229 TMA-ZAIN-G-    (0)   :  0.061 0.030 0.007 0.011 0.877 0.005 0.003 0.003 0.003 
230 TMA-ZAIN-G-    (0)   :  0.008 0.062 0.062 0.016 0.668 0.094 0.055 0.012 0.023 
231 TMA-ZAIN-G-    (0)   :  0.560 0.133 0.030 0.013 0.135 0.041 0.014 0.062 0.012 
232 TMA-ZAIN-G-    (9)   :  0.530 0.265 0.014 0.051 0.058 0.016 0.041 0.012 0.013 
233 TMA-ZAIN-G-    (0)   :  0.024 0.005 0.016 0.039 0.861 0.025 0.011 0.009 0.009 
234 TMA-ZAIN-G-    (0)   :  0.050 0.301 0.021 0.007 0.591 0.007 0.005 0.008 0.010 
235 TMA-ZAIN-G-    (0)   :  0.027 0.140 0.012 0.004 0.704 0.043 0.031 0.013 0.025 
236 TMA-ZAIN-G-    (0)   :  0.060 0.076 0.008 0.008 0.785 0.015 0.011 0.011 0.027 
237 TMA-ZAIN-G-    (0)   :  0.014 0.242 0.016 0.017 0.345 0.298 0.028 0.027 0.013 
238 TMA-ZAIN-G-    (0)   :  0.035 0.053 0.005 0.005 0.810 0.034 0.025 0.027 0.008 
239 TMA-ZAIN-G-    (0)   :  0.759 0.006 0.033 0.017 0.005 0.004 0.034 0.004 0.140 
240 TMA-ZAIN-G-    (0)   :  0.968 0.004 0.006 0.003 0.005 0.005 0.003 0.003 0.004 
241 TMA-ZAIN-G-    (0)   :  0.956 0.004 0.005 0.005 0.004 0.012 0.005 0.006 0.004 
242 TMA-ZAIN-G-    (0)   :  0.962 0.003 0.004 0.005 0.004 0.007 0.005 0.007 0.003 
243 TMA-ZAIN-G-    (0)   :  0.946 0.003 0.005 0.009 0.004 0.015 0.006 0.009 0.004 
244 TMA-ZAIN-G-    (0)   :  0.935 0.004 0.004 0.009 0.004 0.017 0.007 0.016 0.003 
245 TMA-ZAIN-G-    (9)   :  0.974 0.004 0.003 0.003 0.004 0.004 0.003 0.003 0.003 
246 TMA-ZAIN-G-    (0)   :  0.975 0.003 0.003 0.003 0.005 0.003 0.003 0.003 0.003 
247 TMA-ZAIN-G-    (0)   :  0.968 0.002 0.004 0.006 0.004 0.004 0.004 0.004 0.002 
248 TMA-ZAIN-G-    (0)   :  0.950 0.004 0.004 0.005 0.007 0.007 0.007 0.007 0.010 
249 TMA-ZAIN-G-    (0)   :  0.967 0.003 0.003 0.003 0.006 0.003 0.005 0.004 0.007 
250 TMA-ZAIN-G-    (0)   :  0.968 0.003 0.003 0.006 0.005 0.003 0.004 0.004 0.004 
251 TMA-ZAIN-G-    (0)   :  0.003 0.005 0.965 0.005 0.004 0.004 0.004 0.004 0.006 
252 TMA-ZAIN-G-    (0)   :  0.003 0.004 0.870 0.033 0.006 0.038 0.008 0.034 0.006 
253 TMA-ZAIN-G-    (0)   :  0.003 0.005 0.961 0.006 0.003 0.004 0.004 0.009 0.005 
254 TMA-ZAIN-G-    (9)   :  0.004 0.009 0.919 0.014 0.004 0.008 0.008 0.029 0.005 
255 TMA-ZAIN-G-    (0)   :  0.017 0.011 0.940 0.008 0.004 0.004 0.004 0.007 0.005 
256 TMA-ZAIN-G-    (0)   :  0.007 0.006 0.943 0.005 0.004 0.006 0.006 0.006 0.017 
257 TMA-ZAIN-G-    (0)   :  0.004 0.004 0.963 0.003 0.004 0.003 0.004 0.003 0.013 
258 TMA-ZAIN-G-    (0)   :  0.003 0.003 0.972 0.005 0.003 0.003 0.003 0.003 0.005 
259 TMA-ZAIN-G-    (0)   :  0.005 0.004 0.967 0.005 0.004 0.003 0.004 0.003 0.006 
260 TMA-ZAIN-G-    (0)   :  0.004 0.004 0.962 0.009 0.004 0.004 0.004 0.004 0.006 
261 TMA-ZAIN-G-   (18)   :  0.004 0.005 0.950 0.011 0.006 0.005 0.007 0.005 0.008 
262 TMA-ZAIN-G-    (0)   :  0.003 0.004 0.970 0.003 0.003 0.003 0.004 0.003 0.007 
263 TMA-ZAIN-G-    (0)   :  0.004 0.006 0.966 0.004 0.004 0.003 0.004 0.005 0.005 
264 TMA-ZAIN-G-    (0)   :  0.003 0.009 0.960 0.004 0.004 0.004 0.004 0.006 0.006 
265 TMA-ZAIN-G-    (0)   :  0.016 0.015 0.637 0.035 0.212 0.022 0.025 0.025 0.012 
266 TMA-ZAIN-G-    (0)   :  0.009 0.013 0.728 0.022 0.026 0.016 0.092 0.034 0.060 
267 TMA-ZAIN-G-    (0)   :  0.274 0.023 0.585 0.014 0.054 0.021 0.011 0.012 0.007 
268 TMA-ZAIN-G-    (0)   :  0.896 0.072 0.006 0.004 0.007 0.005 0.003 0.004 0.003 
269 TMA-ZAIN-G-    (0)   :  0.669 0.263 0.009 0.005 0.030 0.008 0.006 0.006 0.004 
270 TMA-ZAIN-G-    (0)   :  0.870 0.071 0.013 0.004 0.020 0.006 0.005 0.006 0.004 
271 TMA-ZAIN-G-    (0)   :  0.932 0.032 0.007 0.003 0.008 0.005 0.004 0.006 0.003 
272 TMA-ZAIN-G-    (0)   :  0.897 0.028 0.006 0.003 0.048 0.006 0.005 0.005 0.003 
273 TMA-ZAIN-G-    (0)   :  0.949 0.017 0.004 0.002 0.016 0.003 0.003 0.003 0.003 
274 TMA-ZAIN-G-    (0)   :  0.838 0.032 0.010 0.009 0.018 0.015 0.021 0.008 0.048 
275 TMA-ZAIN-G-    (0)   :  0.966 0.007 0.003 0.002 0.008 0.003 0.004 0.004 0.003 
276 TMA-ZAIN-G-    (0)   :  0.968 0.008 0.003 0.003 0.005 0.004 0.003 0.004 0.002 
277 TMA-ZAIN-G-    (0)   :  0.954 0.010 0.006 0.005 0.006 0.006 0.003 0.004 0.005 
278 TMA-ZAIN-G-    (0)   :  0.968 0.006 0.005 0.003 0.006 0.003 0.003 0.003 0.003 
279 TMA-ZAIN-G-    (0)   :  0.945 0.011 0.004 0.003 0.015 0.004 0.006 0.005 0.006 
280 TMA-ZAIN-G-    (0)   :  0.816 0.095 0.004 0.003 0.053 0.005 0.009 0.006 0.009 
281 TMA-ZAIN-G-    (0)   :  0.924 0.036 0.005 0.003 0.012 0.004 0.005 0.004 0.006 
282 TMA-ZAIN-G-    (9)   :  0.960 0.013 0.005 0.003 0.007 0.003 0.003 0.003 0.003 
283 TMA-ZAIN-G-    (0)   :  0.644 0.083 0.134 0.006 0.088 0.011 0.011 0.018 0.004 
284 TMA-ZAIN-G-    (0)   :  0.455 0.178 0.149 0.004 0.166 0.009 0.014 0.018 0.006 
285 TMA-ZAIN-G-    (0)   :  0.815 0.034 0.031 0.026 0.021 0.021 0.024 0.016 0.011 
286 TMA-ZAIN-G-    (0)   :  0.928 0.036 0.008 0.003 0.011 0.004 0.003 0.004 0.003 
287 TMA-ZAIN-G-    (0)   :  0.910 0.027 0.006 0.010 0.008 0.010 0.010 0.005 0.014 
288 TMA-ZAIN-G-    (0)   :  0.589 0.090 0.013 0.011 0.153 0.025 0.043 0.013 0.063 
289 TMA-ZAIN-G-    (0)   :  0.867 0.022 0.011 0.015 0.016 0.017 0.016 0.008 0.028 
290 TMA-ZAIN-G-    (0)   :  0.450 0.431 0.009 0.003 0.069 0.006 0.013 0.009 0.010 
291 TMA-ZAIN-G-    (0)   :  0.013 0.011 0.008 0.003 0.947 0.004 0.005 0.004 0.005 
292 TMA-ZAIN-G-    (0)   :  0.013 0.010 0.005 0.006 0.019 0.625 0.110 0.181 0.031 
293 TMA-ZAIN-G-    (0)   :  0.015 0.004 0.027 0.021 0.015 0.126 0.130 0.637 0.025 
294 TMA-ZAIN-G-    (0)   :  0.004 0.003 0.007 0.011 0.005 0.806 0.012 0.148 0.004 
295 TMA-ZAIN-G-    (9)   :  0.007 0.004 0.008 0.014 0.010 0.774 0.019 0.158 0.006 
296 TMA-ZAIN-G-    (0)   :  0.007 0.012 0.014 0.007 0.013 0.189 0.092 0.621 0.046 
297 TMA-ZAIN-G-    (0)   :  0.006 0.006 0.027 0.027 0.010 0.098 0.085 0.621 0.119 
298 TMA-ZAIN-G-    (0)   :  0.018 0.012 0.040 0.007 0.015 0.853 0.012 0.038 0.004 
299 TMA-ZAIN-G-    (0)   :  0.004 0.003 0.003 0.008 0.004 0.955 0.006 0.012 0.004 
300 TMA-ZAIN-G-    (0)   :  0.006 0.003 0.007 0.043 0.008 0.845 0.039 0.042 0.007 
301 TMA-ZAIN-G-    (0)   :  0.007 0.005 0.006 0.032 0.007 0.766 0.080 0.059 0.039 
302 TMA-ZAIN-G-    (9)   :  0.003 0.004 0.006 0.007 0.006 0.631 0.065 0.259 0.018 
303 TMA-ZAIN-G-    (0)   :  0.007 0.019 0.032 0.002 0.782 0.004 0.030 0.005 0.119 
304 TMA-ZAIN-G-    (0)   :  0.009 0.018 0.561 0.162 0.009 0.019 0.108 0.073 0.042 
305 TMA-ZAIN-G-    (0)   :  0.004 0.003 0.010 0.022 0.005 0.144 0.078 0.719 0.013 
306 TMA-ZAIN-G-    (0)   :  0.033 0.106 0.375 0.016 0.012 0.066 0.071 0.298 0.023 
307 TMA-ZAIN-G-    (0)   :  0.011 0.011 0.408 0.292 0.006 0.016 0.128 0.109 0.019 
308 TMA-ZAIN-G-    (0)   :  0.017 0.030 0.780 0.015 0.128 0.004 0.006 0.004 0.016 
309 TMA-ZAIN-G-    (0)   :  0.003 0.004 0.004 0.006 0.005 0.019 0.923 0.013 0.023 
310 TMA-ZAIN-G-    (0)   :  0.027 0.007 0.018 0.010 0.017 0.741 0.063 0.114 0.004 
311 TMA-ZAIN-G-    (0)   :  0.009 0.047 0.061 0.008 0.030 0.214 0.146 0.467 0.018 
312 TMA-ZAIN-G-    (0)   :  0.005 0.005 0.009 0.009 0.019 0.047 0.842 0.042 0.022 
313 TMA-ZAIN-G-    (0)   :  0.005 0.012 0.663 0.031 0.006 0.123 0.073 0.068 0.019 
314 TMA-ZAIN-G-    (0)   :  0.240 0.368 0.020 0.011 0.295 0.009 0.026 0.010 0.021 
315 TMA-ZAIN-G-    (0)   :  0.395 0.008 0.020 0.037 0.029 0.352 0.066 0.086 0.007 
316 TMA-ZAIN-G-    (0)   :  0.411 0.010 0.015 0.053 0.072 0.273 0.069 0.091 0.006 
317 TMA-ZAIN-G-    (0)   :  0.022 0.039 0.013 0.004 0.887 0.018 0.005 0.006 0.007 
318 TMA-ZAIN-G-    (9)   :  0.424 0.359 0.045 0.010 0.126 0.014 0.006 0.006 0.010 
319 TMA-ZAIN-G-    (0)   :  0.170 0.025 0.009 0.004 0.278 0.006 0.010 0.005 0.494 
320 TMA-ZAIN-G-    (0)   :  0.009 0.007 0.005 0.014 0.402 0.455 0.046 0.052 0.010 
321 TMA-ZAIN-G-    (0)   :  0.112 0.065 0.011 0.024 0.113 0.087 0.457 0.124 0.007 
322 TMA-ZAIN-G-    (0)   :  0.009 0.067 0.056 0.036 0.410 0.067 0.141 0.208 0.008 
323 TMA-ZAIN-G-    (0)   :  0.015 0.007 0.012 0.019 0.847 0.006 0.028 0.007 0.058 
324 TMA-ZAIN-G-    (0)   :  0.004 0.006 0.017 0.010 0.007 0.010 0.019 0.894 0.033 
325 TMA-ZAIN-G-    (0)   :  0.049 0.005 0.008 0.006 0.889 0.011 0.014 0.013 0.006 
326 TMA-ZAIN-G-    (0)   :  0.004 0.003 0.013 0.005 0.569 0.006 0.018 0.013 0.369 
327 TMA-ZAIN-G-    (0)   :  0.003 0.003 0.012 0.033 0.005 0.007 0.046 0.007 0.883 
328 TMA-ZAIN-G-    (0)   :  0.110 0.277 0.019 0.235 0.171 0.012 0.075 0.023 0.078 
329 TMA-ZAIN-G-    (0)   :  0.007 0.005 0.031 0.075 0.010 0.425 0.349 0.054 0.045 
330 TMA-ZAIN-G-    (0)   :  0.003 0.004 0.035 0.053 0.008 0.075 0.775 0.028 0.017 
331 TMA-ZAIN-G-    (0)   :  0.067 0.022 0.135 0.006 0.042 0.159 0.538 0.021 0.009 
332 TMA-ZAIN-G-    (0)   :  0.002 0.003 0.004 0.010 0.004 0.014 0.604 0.036 0.321 
333 TMA-ZAIN-G-    (0)   :  0.002 0.003 0.004 0.004 0.003 0.004 0.008 0.003 0.969 
334 TMA-ZAIN-G-    (0)   :  0.951 0.012 0.007 0.003 0.012 0.004 0.004 0.004 0.003 
335 TMA-ZAIN-G-    (0)   :  0.964 0.003 0.004 0.006 0.005 0.005 0.004 0.005 0.003 
336 TMA-ZAIN-G-    (0)   :  0.917 0.012 0.013 0.006 0.019 0.011 0.009 0.008 0.005 
337 TMA-ZAIN-G-    (9)   :  0.840 0.083 0.008 0.004 0.041 0.007 0.006 0.007 0.004 
338 TMA-ZAIN-G-    (0)   :  0.936 0.030 0.006 0.003 0.009 0.004 0.004 0.004 0.004 
339 TMA-ZAIN-G-    (0)   :  0.963 0.016 0.004 0.002 0.006 0.002 0.002 0.002 0.002 
340 TMA-ZAIN-G-    (0)   :  0.971 0.006 0.003 0.003 0.005 0.003 0.003 0.003 0.002 
341 TMA-ZAIN-G-    (0)   :  0.963 0.008 0.003 0.004 0.005 0.004 0.005 0.005 0.004 
342 TMA-ZAIN-G-    (0)   :  0.960 0.007 0.005 0.004 0.006 0.005 0.004 0.004 0.003 
343 TMA-ZAIN-G-    (0)   :  0.947 0.027 0.003 0.002 0.007 0.003 0.004 0.003 0.003 
344 TMA-ZAIN-G-    (0)   :  0.951 0.008 0.005 0.003 0.013 0.004 0.006 0.004 0.006 
345 TMA-ZAIN-G-    (0)   :  0.971 0.004 0.005 0.003 0.005 0.003 0.003 0.003 0.003 
346 TMA-ZAIN-G-    (0)   :  0.918 0.024 0.005 0.003 0.015 0.008 0.011 0.006 0.011 
347 TMA-ZAIN-G-    (9)   :  0.966 0.008 0.003 0.003 0.007 0.003 0.003 0.003 0.003 
348 TMA-ZAIN-G-    (0)   :  0.933 0.020 0.009 0.004 0.014 0.006 0.005 0.004 0.005 
349 TMA-ZAIN-G-    (0)   :  0.955 0.015 0.005 0.004 0.007 0.005 0.003 0.004 0.004 
350 TMA-ZAIN-G-    (0)   :  0.885 0.025 0.005 0.005 0.046 0.009 0.009 0.008 0.008 
351 TMA-ZAIN-G-    (0)   :  0.963 0.007 0.005 0.003 0.007 0.004 0.003 0.003 0.004 
352 TMA-ZAIN-G-    (0)   :  0.946 0.007 0.008 0.007 0.008 0.008 0.006 0.007 0.004 
353 TMA-ZAIN-G-    (0)   :  0.882 0.043 0.005 0.003 0.029 0.005 0.011 0.008 0.013 
354 TMA-ZAIN-G-    (0)   :  0.953 0.007 0.003 0.002 0.011 0.004 0.009 0.006 0.005 
355 TMA-ZAIN-G-    (0)   :  0.936 0.012 0.003 0.004 0.009 0.006 0.013 0.011 0.007 
356 TMA-ZAIN-G-    (0)   :  0.002 0.003 0.011 0.044 0.010 0.008 0.004 0.915 0.002 
357 TMA-ZAIN-G-    (0)   :  0.003 0.008 0.010 0.063 0.009 0.069 0.112 0.374 0.352 
358 TMA-ZAIN-G-    (0)   :  0.023 0.049 0.025 0.113 0.034 0.100 0.522 0.119 0.015 
359 TMA-ZAIN-G-    (0)   :  0.030 0.011 0.089 0.332 0.069 0.089 0.011 0.364 0.004 
360 TMA-ZAIN-G-    (0)   :  0.005 0.003 0.007 0.016 0.006 0.142 0.024 0.794 0.003 
361 TMA-ZAIN-G-    (0)   :  0.004 0.009 0.012 0.019 0.008 0.040 0.751 0.129 0.028 
362 TMA-ZAIN-G-    (0)   :  0.057 0.008 0.005 0.010 0.020 0.039 0.008 0.851 0.003 
363 TMA-ZAIN-G-    (0)   :  0.010 0.005 0.017 0.017 0.031 0.311 0.451 0.103 0.056 
364 TMA-ZAIN-G-    (0)   :  0.016 0.234 0.019 0.015 0.636 0.036 0.018 0.015 0.011 
365 TMA-ZAIN-G-    (0)   :  0.154 0.011 0.004 0.034 0.072 0.064 0.110 0.547 0.004 
366 TMA-ZAIN-G-    (0)   :  0.007 0.004 0.020 0.071 0.006 0.690 0.014 0.186 0.004 
367 TMA-ZAIN-G-    (0)   :  0.006 0.097 0.056 0.006 0.023 0.021 0.685 0.067 0.038 
368 TMA-ZAIN-G-    (0)   :  0.005 0.004 0.011 0.051 0.005 0.875 0.014 0.030 0.006 
369 TMA-ZAIN-G-    (0)   :  0.003 0.002 0.005 0.022 0.005 0.012 0.929 0.011 0.013 
370 TMA-ZAIN-G-    (0)   :  0.003 0.005 0.004 0.008 0.006 0.040 0.898 0.019 0.017 
371 TMA-ZAIN-G-    (0)   :  0.004 0.006 0.006 0.027 0.004 0.207 0.012 0.727 0.009 
372 TMA-ZAIN-G-    (0)   :  0.004 0.004 0.008 0.033 0.004 0.163 0.180 0.601 0.005 
373 TMA-ZAIN-G-    (0)   :  0.004 0.004 0.006 0.006 0.008 0.006 0.486 0.006 0.475 
374 TMA-ZAIN-G-    (0)   :  0.010 0.317 0.175 0.007 0.053 0.026 0.231 0.055 0.125 
375 TMA-ZAIN-G-    (0)   :  0.009 0.044 0.008 0.010 0.632 0.022 0.199 0.025 0.051 
376 TMA-ZAIN-G-    (9)   :  0.003 0.004 0.003 0.004 0.005 0.061 0.042 0.874 0.004 
377 TMA-ZAIN-G-    (0)   :  0.002 0.003 0.005 0.022 0.003 0.212 0.034 0.713 0.006 
378 TMA-ZAIN-G-    (0)   :  0.002 0.003 0.003 0.014 0.003 0.019 0.014 0.932 0.008 
379 TMA-ZAIN-G-    (0)   :  0.002 0.003 0.009 0.013 0.003 0.007 0.011 0.938 0.013 
380 TMA-ZAIN-G-    (0)   :  0.004 0.003 0.008 0.055 0.005 0.811 0.053 0.053 0.008 
381 TMA-ZAIN-G-    (9)   :  0.010 0.009 0.077 0.112 0.559 0.138 0.034 0.045 0.015 
382 TMA-ZAIN-G-    (9)   :  0.065 0.669 0.009 0.003 0.211 0.011 0.013 0.006 0.012 
383    ZFB01    (0)   :  0.009 0.962 0.004 0.003 0.004 0.005 0.004 0.006 0.003 
384    ZFB02    (0)   :  0.033 0.937 0.009 0.003 0.005 0.003 0.003 0.004 0.002 
385    ZFB03    (0)   :  0.005 0.955 0.005 0.003 0.008 0.004 0.006 0.005 0.010 
386    ZFB04    (0)   :  0.041 0.929 0.006 0.003 0.005 0.004 0.004 0.006 0.002 
387    ZFB05    (0)   :  0.117 0.798 0.014 0.012 0.034 0.003 0.006 0.004 0.012 
388    ZFB06    (0)   :  0.052 0.870 0.008 0.012 0.033 0.003 0.007 0.004 0.012 
389    ZFB07    (9)   :  0.009 0.939 0.005 0.004 0.011 0.008 0.007 0.010 0.006 
390    ZFB08    (0)   :  0.006 0.947 0.006 0.006 0.009 0.007 0.006 0.008 0.004 
391    ZFB09    (0)   :  0.005 0.971 0.004 0.003 0.005 0.003 0.003 0.004 0.003 
392    ZFB10    (0)   :  0.009 0.912 0.007 0.007 0.004 0.016 0.011 0.032 0.002 
393    ZFB11    (0)   :  0.017 0.938 0.008 0.003 0.004 0.011 0.005 0.011 0.003 
394    ZFB12    (0)   :  0.042 0.891 0.005 0.004 0.021 0.011 0.009 0.009 0.008 
395    ZFB13    (0)   :  0.007 0.939 0.005 0.006 0.011 0.010 0.007 0.011 0.004 
396    ZFB14    (0)   :  0.004 0.964 0.005 0.004 0.004 0.005 0.004 0.006 0.003 
397    ZFB15    (0)   :  0.014 0.964 0.003 0.002 0.004 0.003 0.003 0.004 0.002 
398    ZFB16    (0)   :  0.018 0.942 0.005 0.004 0.008 0.007 0.007 0.007 0.003 
399    ZFB17    (0)   :  0.029 0.872 0.025 0.013 0.020 0.009 0.013 0.015 0.004 
400    ZFB18    (0)   :  0.004 0.970 0.004 0.003 0.004 0.004 0.003 0.005 0.003 
401    ZFB19    (0)   :  0.007 0.861 0.005 0.009 0.025 0.027 0.021 0.040 0.005 
402    ZFB20    (0)   :  0.041 0.921 0.004 0.004 0.007 0.007 0.006 0.008 0.003 
403    ZFB21    (0)   :  0.013 0.961 0.003 0.002 0.008 0.003 0.003 0.003 0.004 
404    ZFB22    (0)   :  0.085 0.844 0.009 0.012 0.011 0.009 0.013 0.014 0.004 
405    ZFB23    (0)   :  0.029 0.924 0.007 0.004 0.006 0.010 0.005 0.010 0.004 
406    ZFB24    (0)   :  0.040 0.917 0.007 0.004 0.005 0.011 0.005 0.009 0.003 
407    ZFB25    (0)   :  0.006 0.914 0.004 0.005 0.004 0.018 0.011 0.034 0.004 
408    ZFB26    (0)   :  0.060 0.848 0.010 0.005 0.007 0.032 0.010 0.023 0.004 
409    ZFB27    (0)   :  0.084 0.874 0.005 0.003 0.005 0.010 0.006 0.010 0.003 
410    ZFB28    (0)   :  0.103 0.810 0.013 0.003 0.037 0.012 0.009 0.009 0.006 
411    ZFB29    (0)   :  0.018 0.949 0.009 0.003 0.006 0.006 0.003 0.004 0.002 
412    ZFB30    (0)   :  0.159 0.744 0.005 0.015 0.036 0.008 0.012 0.007 0.013 
413    ZFB31    (0)   :  0.007 0.932 0.004 0.005 0.004 0.013 0.008 0.022 0.004 
414    ZFB32    (0)   :  0.059 0.796 0.034 0.005 0.047 0.019 0.014 0.015 0.010 
415    ZFB33    (0)   :  0.013 0.964 0.003 0.003 0.004 0.004 0.003 0.004 0.003 
416    ZFB34    (0)   :  0.004 0.970 0.005 0.003 0.005 0.003 0.003 0.005 0.003 
417    ZFB35    (0)   :  0.010 0.950 0.007 0.004 0.005 0.007 0.006 0.008 0.005 
418  ZFBP101    (0)   :  0.007 0.010 0.117 0.058 0.011 0.151 0.474 0.150 0.021 
419  ZFBP102    (0)   :  0.009 0.013 0.019 0.014 0.011 0.377 0.454 0.097 0.006 
420  ZFBP103    (0)   :  0.006 0.007 0.139 0.013 0.008 0.027 0.660 0.118 0.023 
421  ZFBP104    (0)   :  0.016 0.036 0.004 0.009 0.035 0.071 0.621 0.196 0.011 
422  ZFBP105    (0)   :  0.005 0.006 0.005 0.005 0.006 0.774 0.107 0.083 0.010 
423  ZFBP106    (0)   :  0.003 0.004 0.009 0.014 0.005 0.560 0.083 0.300 0.022 
424  ZFBP107    (0)   :  0.010 0.005 0.008 0.006 0.010 0.411 0.418 0.116 0.016 
425  ZFBP108    (0)   :  0.003 0.003 0.004 0.007 0.003 0.121 0.014 0.835 0.009 
426  ZFBP109    (0)   :  0.002 0.006 0.004 0.006 0.003 0.575 0.030 0.367 0.006 
427  ZFBP110    (0)   :  0.008 0.038 0.040 0.006 0.038 0.220 0.251 0.273 0.126 
428  ZFBP111    (0)   :  0.003 0.003 0.005 0.123 0.005 0.129 0.216 0.506 0.011 
429  ZFBP112    (0)   :  0.006 0.004 0.021 0.092 0.005 0.077 0.046 0.731 0.017 
430  ZFBP113    (0)   :  0.004 0.003 0.003 0.004 0.005 0.014 0.012 0.951 0.004 
431  ZFBP114    (0)   :  0.004 0.003 0.004 0.006 0.004 0.904 0.056 0.013 0.005 
432  ZFBP115    (0)   :  0.003 0.003 0.009 0.014 0.005 0.067 0.857 0.024 0.019 
433  ZFBP116    (0)   :  0.004 0.003 0.006 0.007 0.006 0.100 0.040 0.826 0.007 
434  ZFBP117    (0)   :  0.003 0.003 0.008 0.011 0.004 0.356 0.023 0.583 0.009 
435  ZFBP118    (0)   :  0.004 0.003 0.004 0.010 0.006 0.745 0.082 0.138 0.006 
436  ZFBP119    (0)   :  0.003 0.004 0.024 0.022 0.008 0.610 0.256 0.055 0.018 
437  ZFBP120    (0)   :  0.005 0.007 0.004 0.006 0.006 0.521 0.188 0.248 0.015 
438  ZFBP121    (0)   :  0.003 0.006 0.007 0.005 0.004 0.789 0.026 0.154 0.006 
439  ZFBP122    (9)   :  0.004 0.003 0.005 0.013 0.005 0.247 0.034 0.681 0.007 
440  ZFBP123    (0)   :  0.007 0.004 0.020 0.026 0.006 0.131 0.016 0.785 0.006 
441  ZFBP124    (0)   :  0.004 0.010 0.005 0.005 0.005 0.802 0.030 0.133 0.006 
442  ZFBP125    (0)   :  0.002 0.003 0.008 0.021 0.004 0.778 0.057 0.115 0.012 
443  ZFBP126    (0)   :  0.013 0.011 0.027 0.006 0.020 0.091 0.048 0.780 0.004 
444  ZFBP127    (0)   :  0.003 0.003 0.015 0.005 0.005 0.303 0.132 0.480 0.054 
445  ZFBP128    (0)   :  0.003 0.004 0.020 0.053 0.003 0.096 0.043 0.757 0.021 
446  ZFBP129    (0)   :  0.003 0.007 0.012 0.029 0.004 0.824 0.008 0.108 0.006 
447  ZFBP130    (0)   :  0.003 0.002 0.033 0.166 0.004 0.598 0.090 0.084 0.019 
448  ZFBP131    (0)   :  0.004 0.004 0.005 0.007 0.004 0.513 0.007 0.453 0.003 
