

----------------------------------------------------
STRUCTURE by Pritchard, Stephens and Donnelly (2000)
     and Falush, Stephens and Pritchard (2003)
       Code by Pritchard, Falush and Hubisz
             Version 2.3.4 (Jul 2012)
----------------------------------------------------



Command line arguments:   bin\structure -m C:\Users\eschumacher\Documents\GitHub\GCC_QUAC_ZAIN\Data_Files\Structure_Files\ZAIN\ZAIN_rebinned_garden_wild_nopopinfo\50-50\mainparams -e C:\Users\eschumacher\Documents\GitHub\GCC_QUAC_ZAIN\Data_Files\Structure_Files\ZAIN\ZAIN_rebinned_garden_wild_nopopinfo\50-50\extraparams 
Input File:    C:\Users\eschumacher\Documents\GitHub\GCC_QUAC_ZAIN\Data_Files\Structure_Files\ZAIN\ZAIN_rebinned_garden_wild_nopopinfo\project_data

Run parameters:
   1133 individuals
   11 loci
   6 populations assumed
   50000 Burn-in period
   50000 Reps


--------------------------------------------
Overall proportion of membership of the
sample in each of the 6 clusters

Inferred Clusters
  1      2      3      4      5      6    
0.226  0.231  0.141  0.166  0.068  0.167  

--------------------------------------------

Allele-freq. divergence among pops (Net nucleotide distance),
computed using point estimates of P.

      1       2       3       4       5       6      
 1      -    0.1331  0.1337  0.0890  0.1686  0.0883  
 2   0.1331     -    0.2712  0.0852  0.0917  0.2075  
 3   0.1337  0.2712     -    0.2656  0.3344  0.1352  
 4   0.0890  0.0852  0.2656     -    0.1428  0.2049  
 5   0.1686  0.0917  0.3344  0.1428     -    0.3091  
 6   0.0883  0.2075  0.1352  0.2049  0.3091     -    

Average distances (expected heterozygosity) between individuals in same cluster:
cluster  1  : 0.5444 
cluster  2  : 0.4177 
cluster  3  : 0.4301 
cluster  4  : 0.4252 
cluster  5  : 0.3739 
cluster  6  : 0.4917 

--------------------------------------------
Estimated Ln Prob of Data   = -22649.3
Mean value of ln likelihood = -22183.5
Variance of ln likelihood   = 931.5
Mean value of alpha         = 0.0372

Mean value of Fst_1         = 0.1399
Mean value of Fst_2         = 0.2875
Mean value of Fst_3         = 0.4193
Mean value of Fst_4         = 0.3845
Mean value of Fst_5         = 0.4037
Mean value of Fst_6         = 0.3048


Inferred ancestry of individuals:
        Label (%Miss) :  Inferred clusters
  1 TMA-ZAIN-G-    (9)   :  0.040 0.018 0.006 0.066 0.021 0.850 
  2 TMA-ZAIN-G-    (0)   :  0.024 0.142 0.007 0.012 0.007 0.808 
  3 TMA-ZAIN-G-    (0)   :  0.013 0.462 0.004 0.258 0.251 0.012 
  4 TMA-ZAIN-G-    (0)   :  0.390 0.245 0.027 0.083 0.171 0.085 
  5 TMA-ZAIN-G-    (0)   :  0.006 0.003 0.005 0.003 0.003 0.980 
  6 TMA-ZAIN-G-    (0)   :  0.233 0.200 0.038 0.180 0.248 0.099 
  7 TMA-ZAIN-G-    (0)   :  0.026 0.640 0.008 0.298 0.013 0.015 
  8 TMA-ZAIN-G-    (0)   :  0.010 0.220 0.003 0.677 0.080 0.010 
  9 TMA-ZAIN-G-    (9)   :  0.009 0.837 0.006 0.088 0.048 0.012 
 10 TMA-ZAIN-G-    (0)   :  0.014 0.750 0.005 0.167 0.061 0.004 
 11 TMA-ZAIN-G-    (0)   :  0.009 0.820 0.006 0.153 0.007 0.006 
 12 TMA-ZAIN-G-    (0)   :  0.005 0.961 0.003 0.021 0.006 0.005 
 13 TMA-ZAIN-G-    (9)   :  0.039 0.490 0.099 0.302 0.017 0.054 
 14 TMA-ZAIN-G-    (9)   :  0.008 0.008 0.006 0.969 0.007 0.004 
 15 TMA-ZAIN-G-    (0)   :  0.007 0.006 0.003 0.971 0.008 0.005 
 16 TMA-ZAIN-G-    (0)   :  0.005 0.967 0.005 0.013 0.006 0.004 
 17 TMA-ZAIN-G-    (9)   :  0.065 0.025 0.025 0.859 0.007 0.020 
 18 TMA-ZAIN-G-    (0)   :  0.302 0.010 0.008 0.017 0.009 0.654 
 19 TMA-ZAIN-G-    (0)   :  0.735 0.043 0.084 0.089 0.007 0.043 
 20 TMA-ZAIN-G-    (0)   :  0.828 0.003 0.116 0.003 0.003 0.047 
 21 TMA-ZAIN-G-    (0)   :  0.006 0.005 0.976 0.004 0.006 0.003 
 22 TMA-ZAIN-G-    (0)   :  0.011 0.003 0.944 0.003 0.003 0.037 
 23 TMA-ZAIN-G-    (0)   :  0.013 0.007 0.945 0.009 0.004 0.023 
 24 TMA-ZAIN-G-    (9)   :  0.005 0.048 0.702 0.030 0.206 0.008 
 25 TMA-ZAIN-G-    (9)   :  0.283 0.127 0.018 0.009 0.011 0.552 
 26 TMA-ZAIN-G-    (9)   :  0.313 0.326 0.078 0.250 0.018 0.015 
 27 TMA-ZAIN-G-    (0)   :  0.588 0.012 0.024 0.117 0.019 0.240 
 28 TMA-ZAIN-G-    (0)   :  0.942 0.008 0.006 0.015 0.008 0.022 
 29 TMA-ZAIN-G-    (0)   :  0.308 0.005 0.004 0.006 0.674 0.003 
 30 TMA-ZAIN-G-    (0)   :  0.319 0.207 0.007 0.402 0.058 0.006 
 31 TMA-ZAIN-G-    (0)   :  0.025 0.007 0.014 0.005 0.006 0.943 
 32 TMA-ZAIN-G-    (9)   :  0.008 0.043 0.008 0.018 0.005 0.918 
 33 TMA-ZAIN-G-   (18)   :  0.005 0.808 0.003 0.156 0.020 0.008 
 34 TMA-ZAIN-G-    (0)   :  0.010 0.710 0.023 0.009 0.012 0.235 
 35 TMA-ZAIN-G-    (9)   :  0.015 0.721 0.004 0.135 0.089 0.036 
 36 TMA-ZAIN-G-    (0)   :  0.011 0.606 0.003 0.363 0.012 0.005 
 37 TMA-ZAIN-G-    (9)   :  0.013 0.910 0.008 0.039 0.020 0.011 
 38 TMA-ZAIN-G-   (18)   :  0.007 0.025 0.007 0.023 0.008 0.930 
 39 TMA-ZAIN-G-    (0)   :  0.007 0.963 0.006 0.009 0.012 0.003 
 40 TMA-ZAIN-G-    (0)   :  0.004 0.962 0.004 0.019 0.007 0.004 
 41 TMA-ZAIN-G-    (0)   :  0.006 0.353 0.003 0.624 0.010 0.003 
 42 TMA-ZAIN-G-    (9)   :  0.004 0.009 0.002 0.975 0.006 0.003 
 43 TMA-ZAIN-G-    (0)   :  0.007 0.006 0.003 0.969 0.011 0.004 
 44 TMA-ZAIN-G-    (0)   :  0.010 0.102 0.846 0.012 0.024 0.006 
 45 TMA-ZAIN-G-    (0)   :  0.010 0.896 0.007 0.074 0.007 0.006 
 46 TMA-ZAIN-G-    (0)   :  0.005 0.004 0.980 0.004 0.003 0.004 
 47 TMA-ZAIN-G-    (0)   :  0.965 0.007 0.005 0.009 0.008 0.007 
 48 TMA-ZAIN-G-    (0)   :  0.408 0.067 0.058 0.418 0.037 0.012 
 49 TMA-ZAIN-G-    (9)   :  0.924 0.012 0.009 0.007 0.032 0.016 
 50 TMA-ZAIN-G-    (0)   :  0.800 0.044 0.029 0.103 0.003 0.021 
 51 TMA-ZAIN-G-    (0)   :  0.924 0.009 0.013 0.031 0.009 0.014 
 52 TMA-ZAIN-G-    (0)   :  0.960 0.013 0.011 0.006 0.003 0.007 
 53 TMA-ZAIN-G-    (0)   :  0.901 0.007 0.009 0.011 0.004 0.068 
 54 TMA-ZAIN-G-    (0)   :  0.956 0.006 0.004 0.020 0.006 0.008 
 55 TMA-ZAIN-G-    (0)   :  0.945 0.005 0.005 0.034 0.004 0.006 
 56 TMA-ZAIN-G-    (0)   :  0.690 0.073 0.013 0.150 0.060 0.014 
 57 TMA-ZAIN-G-    (0)   :  0.946 0.014 0.004 0.008 0.013 0.015 
 58 TMA-ZAIN-G-    (0)   :  0.785 0.012 0.129 0.023 0.007 0.044 
 59 TMA-ZAIN-G-    (0)   :  0.057 0.112 0.040 0.054 0.047 0.690 
 60 TMA-ZAIN-G-    (0)   :  0.246 0.019 0.011 0.119 0.014 0.591 
 61 TMA-ZAIN-G-    (0)   :  0.015 0.004 0.023 0.004 0.004 0.951 
 62 TMA-ZAIN-G-    (9)   :  0.024 0.037 0.020 0.019 0.014 0.885 
 63 TMA-ZAIN-G-    (0)   :  0.017 0.005 0.008 0.006 0.003 0.961 
 64 TMA-ZAIN-G-    (0)   :  0.003 0.007 0.003 0.006 0.979 0.003 
 65 TMA-ZAIN-G-    (9)   :  0.005 0.012 0.003 0.007 0.970 0.004 
 66 TMA-ZAIN-G-    (0)   :  0.004 0.016 0.003 0.007 0.967 0.003 
 67 TMA-ZAIN-G-    (0)   :  0.010 0.044 0.013 0.007 0.921 0.004 
 68 TMA-ZAIN-G-    (0)   :  0.004 0.006 0.003 0.008 0.977 0.003 
 69 TMA-ZAIN-G-    (0)   :  0.022 0.064 0.031 0.013 0.847 0.023 
 70 TMA-ZAIN-G-    (0)   :  0.007 0.869 0.006 0.011 0.104 0.005 
 71 TMA-ZAIN-G-    (0)   :  0.004 0.978 0.004 0.005 0.006 0.003 
 72 TMA-ZAIN-G-    (0)   :  0.012 0.871 0.005 0.042 0.064 0.005 
 73 TMA-ZAIN-G-    (0)   :  0.037 0.875 0.045 0.007 0.007 0.029 
 74 TMA-ZAIN-G-    (0)   :  0.013 0.942 0.015 0.008 0.012 0.010 
 75 TMA-ZAIN-G-    (0)   :  0.010 0.962 0.004 0.011 0.008 0.005 
 76 TMA-ZAIN-G-    (0)   :  0.012 0.906 0.059 0.005 0.010 0.008 
 77 TMA-ZAIN-G-    (0)   :  0.009 0.949 0.011 0.018 0.009 0.004 
 78 TMA-ZAIN-G-    (0)   :  0.036 0.885 0.051 0.009 0.008 0.011 
 79 TMA-ZAIN-G-    (0)   :  0.019 0.918 0.034 0.019 0.006 0.005 
 80 TMA-ZAIN-G-    (0)   :  0.007 0.946 0.006 0.011 0.028 0.003 
 81 TMA-ZAIN-G-    (0)   :  0.011 0.955 0.011 0.012 0.006 0.004 
 82 TMA-ZAIN-G-    (0)   :  0.010 0.741 0.004 0.010 0.227 0.007 
 83 TMA-ZAIN-G-    (9)   :  0.025 0.682 0.039 0.012 0.156 0.087 
 84 TMA-ZAIN-G-    (0)   :  0.011 0.933 0.037 0.008 0.007 0.005 
 85 TMA-ZAIN-G-    (0)   :  0.872 0.014 0.048 0.013 0.010 0.043 
 86 TMA-ZAIN-G-    (0)   :  0.663 0.064 0.194 0.030 0.033 0.016 
 87 TMA-ZAIN-G-    (0)   :  0.366 0.021 0.523 0.013 0.008 0.070 
 88 TMA-ZAIN-G-    (0)   :  0.205 0.183 0.029 0.082 0.118 0.383 
 89 TMA-ZAIN-G-    (0)   :  0.537 0.051 0.159 0.094 0.092 0.068 
 90 TMA-ZAIN-G-    (0)   :  0.940 0.015 0.012 0.008 0.013 0.012 
 91 TMA-ZAIN-G-    (0)   :  0.872 0.022 0.013 0.028 0.029 0.036 
 92 TMA-ZAIN-G-    (0)   :  0.946 0.007 0.022 0.011 0.006 0.008 
 93 TMA-ZAIN-G-    (0)   :  0.949 0.005 0.008 0.012 0.009 0.015 
 94 TMA-ZAIN-G-    (0)   :  0.910 0.006 0.020 0.006 0.005 0.052 
 95 TMA-ZAIN-G-    (0)   :  0.871 0.022 0.013 0.051 0.024 0.019 
 96 TMA-ZAIN-G-    (0)   :  0.861 0.015 0.011 0.099 0.006 0.009 
 97 TMA-ZAIN-G-    (0)   :  0.012 0.007 0.007 0.006 0.006 0.962 
 98 TMA-ZAIN-G-    (0)   :  0.006 0.006 0.004 0.005 0.004 0.975 
 99 TMA-ZAIN-G-    (0)   :  0.006 0.077 0.016 0.021 0.028 0.853 
100 TMA-ZAIN-G-    (0)   :  0.024 0.005 0.019 0.005 0.005 0.942 
101 TMA-ZAIN-G-    (0)   :  0.009 0.011 0.006 0.005 0.005 0.964 
102 TMA-ZAIN-G-    (0)   :  0.045 0.054 0.214 0.048 0.015 0.624 
103 TMA-ZAIN-G-    (0)   :  0.020 0.014 0.016 0.011 0.006 0.934 
104 TMA-ZAIN-G-    (0)   :  0.006 0.004 0.007 0.004 0.003 0.976 
105 TMA-ZAIN-G-    (0)   :  0.023 0.017 0.010 0.013 0.006 0.932 
106 TMA-ZAIN-G-    (0)   :  0.005 0.254 0.003 0.688 0.046 0.004 
107 TMA-ZAIN-G-    (0)   :  0.005 0.967 0.003 0.011 0.010 0.004 
108 TMA-ZAIN-G-    (9)   :  0.029 0.227 0.040 0.162 0.019 0.522 
109 TMA-ZAIN-G-    (0)   :  0.137 0.096 0.005 0.136 0.289 0.335 
110 TMA-ZAIN-G-    (0)   :  0.119 0.425 0.155 0.195 0.012 0.094 
111 TMA-ZAIN-G-    (9)   :  0.078 0.110 0.071 0.012 0.027 0.703 
112 TMA-ZAIN-G-    (0)   :  0.197 0.183 0.052 0.245 0.028 0.295 
113 TMA-ZAIN-G-    (0)   :  0.009 0.017 0.008 0.005 0.009 0.950 
114 TMA-ZAIN-G-    (0)   :  0.005 0.004 0.012 0.003 0.003 0.974 
115 TMA-ZAIN-G-    (0)   :  0.005 0.004 0.006 0.004 0.003 0.978 
116 TMA-ZAIN-G-    (0)   :  0.007 0.943 0.003 0.008 0.031 0.008 
117 TMA-ZAIN-G-    (0)   :  0.042 0.288 0.005 0.349 0.303 0.013 
118 TMA-ZAIN-G-    (0)   :  0.009 0.911 0.003 0.020 0.049 0.007 
119 TMA-ZAIN-G-    (0)   :  0.015 0.884 0.008 0.008 0.065 0.020 
120 TMA-ZAIN-G-    (0)   :  0.016 0.881 0.004 0.046 0.041 0.011 
121 TMA-ZAIN-G-    (0)   :  0.019 0.574 0.004 0.073 0.307 0.023 
122 TMA-ZAIN-G-    (0)   :  0.024 0.841 0.008 0.057 0.064 0.006 
123 TMA-ZAIN-G-    (0)   :  0.008 0.006 0.009 0.008 0.004 0.965 
124 TMA-ZAIN-G-    (0)   :  0.006 0.016 0.003 0.964 0.005 0.006 
125 TMA-ZAIN-G-    (0)   :  0.014 0.011 0.002 0.926 0.043 0.003 
126 TMA-ZAIN-G-    (0)   :  0.006 0.016 0.003 0.965 0.006 0.005 
127 TMA-ZAIN-G-    (0)   :  0.005 0.017 0.003 0.964 0.008 0.003 
128 TMA-ZAIN-G-    (0)   :  0.007 0.024 0.003 0.895 0.066 0.005 
129 TMA-ZAIN-G-    (0)   :  0.005 0.012 0.003 0.964 0.008 0.007 
130 TMA-ZAIN-G-    (0)   :  0.013 0.014 0.003 0.953 0.010 0.008 
131 TMA-ZAIN-G-    (0)   :  0.005 0.012 0.003 0.969 0.006 0.005 
132 TMA-ZAIN-G-    (0)   :  0.015 0.062 0.003 0.811 0.104 0.005 
133 TMA-ZAIN-G-    (0)   :  0.047 0.118 0.017 0.721 0.093 0.004 
134 TMA-ZAIN-G-    (0)   :  0.015 0.076 0.010 0.830 0.065 0.004 
135 TMA-ZAIN-G-    (0)   :  0.007 0.920 0.005 0.043 0.021 0.004 
136 TMA-ZAIN-G-    (0)   :  0.008 0.170 0.005 0.037 0.772 0.009 
137 TMA-ZAIN-G-    (0)   :  0.005 0.965 0.004 0.013 0.007 0.005 
138 TMA-ZAIN-G-    (0)   :  0.008 0.665 0.003 0.300 0.019 0.005 
139 TMA-ZAIN-G-    (0)   :  0.012 0.874 0.004 0.083 0.022 0.005 
140 TMA-ZAIN-G-    (0)   :  0.006 0.954 0.004 0.021 0.011 0.004 
141 TMA-ZAIN-G-    (0)   :  0.006 0.915 0.004 0.061 0.008 0.006 
142 TMA-ZAIN-G-    (9)   :  0.005 0.953 0.004 0.019 0.015 0.004 
143 TMA-ZAIN-G-    (0)   :  0.006 0.893 0.003 0.073 0.020 0.005 
144 TMA-ZAIN-G-    (0)   :  0.022 0.925 0.006 0.036 0.007 0.004 
145 TMA-ZAIN-G-    (0)   :  0.008 0.659 0.002 0.019 0.308 0.004 
146 TMA-ZAIN-G-    (0)   :  0.004 0.974 0.003 0.008 0.007 0.004 
147 TMA-ZAIN-G-    (9)   :  0.004 0.968 0.004 0.009 0.012 0.004 
148 TMA-ZAIN-G-    (0)   :  0.010 0.909 0.004 0.068 0.005 0.004 
149 TMA-ZAIN-G-    (0)   :  0.046 0.824 0.027 0.056 0.008 0.040 
150 TMA-ZAIN-G-    (0)   :  0.042 0.841 0.023 0.017 0.043 0.034 
151 TMA-ZAIN-G-    (0)   :  0.005 0.936 0.003 0.034 0.018 0.004 
152 TMA-ZAIN-G-    (0)   :  0.005 0.966 0.003 0.011 0.010 0.005 
153 TMA-ZAIN-G-    (0)   :  0.007 0.922 0.002 0.047 0.017 0.004 
154 TMA-ZAIN-G-    (0)   :  0.005 0.972 0.002 0.009 0.007 0.004 
155 TMA-ZAIN-G-    (0)   :  0.004 0.964 0.003 0.013 0.011 0.005 
156 TMA-ZAIN-G-    (9)   :  0.008 0.871 0.003 0.099 0.006 0.013 
157 TMA-ZAIN-G-    (0)   :  0.006 0.824 0.003 0.151 0.010 0.006 
158 TMA-ZAIN-G-    (0)   :  0.005 0.974 0.003 0.008 0.006 0.004 
159 TMA-ZAIN-G-    (0)   :  0.004 0.973 0.003 0.006 0.010 0.004 
160 TMA-ZAIN-G-    (0)   :  0.004 0.968 0.003 0.005 0.015 0.005 
161 TMA-ZAIN-G-    (0)   :  0.009 0.939 0.003 0.039 0.007 0.004 
162 TMA-ZAIN-G-    (0)   :  0.014 0.917 0.017 0.007 0.007 0.037 
163 TMA-ZAIN-G-    (0)   :  0.004 0.979 0.002 0.006 0.006 0.004 
164 TMA-ZAIN-G-    (0)   :  0.007 0.966 0.004 0.007 0.011 0.006 
165 TMA-ZAIN-G-    (0)   :  0.004 0.973 0.003 0.007 0.008 0.005 
166 TMA-ZAIN-G-    (0)   :  0.005 0.969 0.002 0.011 0.010 0.003 
167 TMA-ZAIN-G-    (0)   :  0.007 0.959 0.006 0.017 0.005 0.006 
168 TMA-ZAIN-G-    (0)   :  0.006 0.916 0.004 0.030 0.037 0.007 
169 TMA-ZAIN-G-    (0)   :  0.006 0.624 0.004 0.010 0.351 0.006 
170 TMA-ZAIN-G-    (0)   :  0.012 0.763 0.012 0.163 0.032 0.018 
171 TMA-ZAIN-G-    (0)   :  0.004 0.931 0.003 0.006 0.051 0.004 
172 TMA-ZAIN-G-    (0)   :  0.006 0.330 0.005 0.648 0.008 0.004 
173 TMA-ZAIN-G-    (0)   :  0.008 0.171 0.005 0.803 0.010 0.004 
174 TMA-ZAIN-G-    (0)   :  0.006 0.761 0.003 0.118 0.109 0.004 
175 TMA-ZAIN-G-    (0)   :  0.004 0.966 0.003 0.007 0.014 0.004 
176 TMA-ZAIN-G-    (0)   :  0.005 0.972 0.004 0.008 0.008 0.003 
177 TMA-ZAIN-G-    (0)   :  0.005 0.955 0.004 0.027 0.005 0.004 
178 TMA-ZAIN-G-    (0)   :  0.006 0.511 0.005 0.466 0.006 0.006 
179 TMA-ZAIN-G-    (0)   :  0.005 0.915 0.003 0.065 0.009 0.003 
180 TMA-ZAIN-G-    (0)   :  0.013 0.054 0.009 0.784 0.135 0.005 
181 TMA-ZAIN-G-    (0)   :  0.005 0.018 0.003 0.962 0.007 0.005 
182 TMA-ZAIN-G-    (0)   :  0.006 0.013 0.003 0.969 0.004 0.006 
183 TMA-ZAIN-G-    (0)   :  0.004 0.013 0.003 0.969 0.006 0.004 
184 TMA-ZAIN-G-    (0)   :  0.026 0.067 0.022 0.819 0.013 0.054 
185 TMA-ZAIN-G-    (0)   :  0.066 0.091 0.044 0.762 0.014 0.023 
186 TMA-ZAIN-G-    (9)   :  0.014 0.053 0.007 0.911 0.012 0.004 
187 TMA-ZAIN-G-    (0)   :  0.005 0.106 0.004 0.859 0.021 0.005 
188 TMA-ZAIN-G-    (0)   :  0.005 0.108 0.003 0.856 0.024 0.004 
189 TMA-ZAIN-G-    (0)   :  0.003 0.011 0.003 0.965 0.014 0.003 
190 TMA-ZAIN-G-    (0)   :  0.007 0.072 0.004 0.878 0.037 0.003 
191 TMA-ZAIN-G-    (0)   :  0.018 0.045 0.036 0.870 0.009 0.022 
192 TMA-ZAIN-G-    (0)   :  0.007 0.019 0.013 0.950 0.006 0.004 
193 TMA-ZAIN-G-    (0)   :  0.006 0.004 0.003 0.978 0.005 0.004 
194 TMA-ZAIN-G-    (0)   :  0.008 0.004 0.004 0.974 0.007 0.003 
195 TMA-ZAIN-G-    (0)   :  0.007 0.014 0.003 0.959 0.014 0.004 
196 TMA-ZAIN-G-    (0)   :  0.005 0.006 0.003 0.974 0.008 0.004 
197 TMA-ZAIN-G-    (0)   :  0.006 0.007 0.003 0.971 0.009 0.004 
198 TMA-ZAIN-G-    (0)   :  0.005 0.007 0.003 0.973 0.009 0.003 
199 TMA-ZAIN-G-    (0)   :  0.011 0.061 0.005 0.911 0.009 0.004 
200 TMA-ZAIN-G-    (0)   :  0.012 0.003 0.950 0.014 0.003 0.017 
201 TMA-ZAIN-G-    (0)   :  0.008 0.004 0.973 0.004 0.005 0.006 
202 TMA-ZAIN-G-    (0)   :  0.006 0.006 0.953 0.019 0.003 0.013 
203 TMA-ZAIN-G-    (0)   :  0.005 0.009 0.003 0.971 0.004 0.007 
204 TMA-ZAIN-G-    (9)   :  0.037 0.011 0.925 0.009 0.014 0.006 
205 TMA-ZAIN-G-    (0)   :  0.034 0.130 0.810 0.009 0.009 0.008 
206 TMA-ZAIN-G-    (9)   :  0.041 0.016 0.866 0.044 0.015 0.018 
207 TMA-ZAIN-G-    (9)   :  0.140 0.709 0.013 0.023 0.100 0.016 
208 TMA-ZAIN-G-    (0)   :  0.005 0.927 0.003 0.011 0.051 0.003 
209 TMA-ZAIN-G-    (0)   :  0.008 0.089 0.003 0.881 0.015 0.004 
210 TMA-ZAIN-G-    (0)   :  0.010 0.132 0.003 0.763 0.087 0.004 
211 TMA-ZAIN-G-    (0)   :  0.037 0.277 0.024 0.613 0.036 0.013 
212 TMA-ZAIN-G-    (0)   :  0.010 0.579 0.006 0.366 0.034 0.004 
213 TMA-ZAIN-G-    (0)   :  0.010 0.772 0.004 0.203 0.008 0.004 
214 TMA-ZAIN-G-    (0)   :  0.008 0.508 0.004 0.409 0.068 0.003 
215 TMA-ZAIN-G-    (0)   :  0.130 0.761 0.020 0.076 0.008 0.005 
216 TMA-ZAIN-G-    (0)   :  0.010 0.116 0.006 0.856 0.009 0.003 
217 TMA-ZAIN-G-    (0)   :  0.006 0.413 0.003 0.430 0.144 0.004 
218 TMA-ZAIN-G-    (0)   :  0.942 0.008 0.009 0.009 0.025 0.007 
219 TMA-ZAIN-G-    (0)   :  0.963 0.004 0.018 0.006 0.004 0.005 
220 TMA-ZAIN-G-    (0)   :  0.715 0.016 0.007 0.011 0.012 0.238 
221 TMA-ZAIN-G-    (0)   :  0.931 0.008 0.034 0.016 0.007 0.005 
222 TMA-ZAIN-G-    (0)   :  0.927 0.008 0.019 0.010 0.009 0.026 
223 TMA-ZAIN-G-    (0)   :  0.956 0.004 0.021 0.004 0.004 0.010 
224 TMA-ZAIN-G-    (0)   :  0.901 0.007 0.031 0.033 0.006 0.022 
225 TMA-ZAIN-G-    (0)   :  0.908 0.005 0.038 0.015 0.003 0.031 
226 TMA-ZAIN-G-    (0)   :  0.882 0.010 0.027 0.022 0.007 0.053 
227 TMA-ZAIN-G-    (0)   :  0.747 0.017 0.170 0.036 0.005 0.026 
228 TMA-ZAIN-G-    (0)   :  0.850 0.037 0.046 0.011 0.013 0.043 
229 TMA-ZAIN-G-    (0)   :  0.481 0.006 0.397 0.004 0.036 0.076 
230 TMA-ZAIN-G-    (0)   :  0.869 0.025 0.007 0.053 0.016 0.031 
231 TMA-ZAIN-G-    (0)   :  0.122 0.082 0.604 0.014 0.015 0.163 
232 TMA-ZAIN-G-    (9)   :  0.061 0.025 0.505 0.042 0.057 0.309 
233 TMA-ZAIN-G-    (0)   :  0.886 0.010 0.059 0.009 0.028 0.007 
234 TMA-ZAIN-G-    (0)   :  0.426 0.007 0.084 0.008 0.005 0.469 
235 TMA-ZAIN-G-    (0)   :  0.319 0.050 0.061 0.127 0.006 0.439 
236 TMA-ZAIN-G-    (0)   :  0.251 0.019 0.270 0.033 0.011 0.415 
237 TMA-ZAIN-G-    (0)   :  0.316 0.164 0.023 0.054 0.044 0.399 
238 TMA-ZAIN-G-    (0)   :  0.621 0.035 0.121 0.020 0.007 0.196 
239 TMA-ZAIN-G-    (0)   :  0.035 0.007 0.757 0.157 0.036 0.007 
240 TMA-ZAIN-G-    (0)   :  0.005 0.004 0.981 0.004 0.003 0.004 
241 TMA-ZAIN-G-    (0)   :  0.005 0.010 0.972 0.004 0.005 0.004 
242 TMA-ZAIN-G-    (0)   :  0.004 0.008 0.974 0.004 0.006 0.004 
243 TMA-ZAIN-G-    (0)   :  0.005 0.013 0.964 0.005 0.010 0.003 
244 TMA-ZAIN-G-    (0)   :  0.004 0.020 0.954 0.005 0.012 0.005 
245 TMA-ZAIN-G-    (9)   :  0.004 0.004 0.982 0.003 0.003 0.004 
246 TMA-ZAIN-G-    (0)   :  0.004 0.003 0.983 0.003 0.003 0.003 
247 TMA-ZAIN-G-    (0)   :  0.005 0.005 0.978 0.004 0.007 0.002 
248 TMA-ZAIN-G-    (0)   :  0.006 0.008 0.970 0.008 0.005 0.004 
249 TMA-ZAIN-G-    (0)   :  0.005 0.004 0.979 0.006 0.004 0.003 
250 TMA-ZAIN-G-    (0)   :  0.004 0.004 0.978 0.005 0.007 0.003 
251 TMA-ZAIN-G-    (0)   :  0.956 0.005 0.004 0.015 0.008 0.012 
252 TMA-ZAIN-G-    (0)   :  0.835 0.029 0.005 0.014 0.110 0.007 
253 TMA-ZAIN-G-    (0)   :  0.897 0.023 0.006 0.021 0.034 0.019 
254 TMA-ZAIN-G-    (9)   :  0.619 0.108 0.007 0.023 0.172 0.071 
255 TMA-ZAIN-G-    (0)   :  0.789 0.018 0.031 0.022 0.098 0.042 
256 TMA-ZAIN-G-    (0)   :  0.848 0.017 0.015 0.076 0.016 0.027 
257 TMA-ZAIN-G-    (0)   :  0.964 0.004 0.005 0.017 0.005 0.005 
258 TMA-ZAIN-G-    (0)   :  0.963 0.006 0.004 0.008 0.014 0.005 
259 TMA-ZAIN-G-    (0)   :  0.962 0.004 0.007 0.009 0.012 0.005 
260 TMA-ZAIN-G-    (0)   :  0.915 0.006 0.007 0.010 0.054 0.008 
261 TMA-ZAIN-G-   (18)   :  0.938 0.007 0.005 0.016 0.029 0.006 
262 TMA-ZAIN-G-    (0)   :  0.969 0.005 0.004 0.012 0.005 0.006 
263 TMA-ZAIN-G-    (0)   :  0.961 0.006 0.005 0.009 0.007 0.012 
264 TMA-ZAIN-G-    (0)   :  0.940 0.009 0.005 0.010 0.012 0.024 
265 TMA-ZAIN-G-    (0)   :  0.897 0.032 0.015 0.025 0.023 0.008 
266 TMA-ZAIN-G-    (0)   :  0.800 0.016 0.010 0.132 0.032 0.011 
267 TMA-ZAIN-G-    (0)   :  0.502 0.023 0.405 0.014 0.027 0.030 
268 TMA-ZAIN-G-    (0)   :  0.007 0.004 0.917 0.003 0.004 0.064 
269 TMA-ZAIN-G-    (0)   :  0.013 0.006 0.749 0.005 0.005 0.222 
270 TMA-ZAIN-G-    (0)   :  0.013 0.006 0.908 0.005 0.005 0.063 
271 TMA-ZAIN-G-    (0)   :  0.008 0.006 0.944 0.004 0.004 0.035 
272 TMA-ZAIN-G-    (0)   :  0.010 0.005 0.950 0.004 0.003 0.027 
273 TMA-ZAIN-G-    (0)   :  0.008 0.003 0.969 0.003 0.002 0.015 
274 TMA-ZAIN-G-    (0)   :  0.016 0.013 0.888 0.041 0.011 0.031 
275 TMA-ZAIN-G-    (0)   :  0.005 0.004 0.978 0.004 0.002 0.007 
276 TMA-ZAIN-G-    (0)   :  0.004 0.004 0.976 0.003 0.003 0.009 
277 TMA-ZAIN-G-    (0)   :  0.007 0.005 0.968 0.004 0.005 0.011 
278 TMA-ZAIN-G-    (0)   :  0.007 0.003 0.977 0.003 0.003 0.006 
279 TMA-ZAIN-G-    (0)   :  0.008 0.005 0.967 0.006 0.003 0.011 
280 TMA-ZAIN-G-    (0)   :  0.010 0.006 0.860 0.010 0.003 0.112 
281 TMA-ZAIN-G-    (0)   :  0.007 0.005 0.937 0.006 0.003 0.042 
282 TMA-ZAIN-G-    (9)   :  0.007 0.003 0.969 0.003 0.003 0.014 
283 TMA-ZAIN-G-    (0)   :  0.211 0.020 0.641 0.010 0.009 0.109 
284 TMA-ZAIN-G-    (0)   :  0.366 0.017 0.419 0.011 0.005 0.182 
285 TMA-ZAIN-G-    (0)   :  0.034 0.027 0.830 0.027 0.032 0.050 
286 TMA-ZAIN-G-    (0)   :  0.011 0.003 0.953 0.004 0.003 0.025 
287 TMA-ZAIN-G-    (0)   :  0.007 0.008 0.940 0.012 0.010 0.023 
288 TMA-ZAIN-G-    (0)   :  0.071 0.030 0.689 0.072 0.013 0.125 
289 TMA-ZAIN-G-    (0)   :  0.013 0.012 0.910 0.023 0.017 0.025 
290 TMA-ZAIN-G-    (0)   :  0.029 0.009 0.480 0.014 0.004 0.465 
291 TMA-ZAIN-G-    (0)   :  0.951 0.004 0.021 0.007 0.004 0.013 
292 TMA-ZAIN-G-    (0)   :  0.012 0.902 0.014 0.056 0.006 0.010 
293 TMA-ZAIN-G-    (0)   :  0.017 0.878 0.009 0.057 0.034 0.005 
294 TMA-ZAIN-G-    (0)   :  0.006 0.962 0.005 0.007 0.016 0.003 
295 TMA-ZAIN-G-    (9)   :  0.011 0.945 0.008 0.011 0.020 0.004 
296 TMA-ZAIN-G-    (0)   :  0.013 0.910 0.007 0.049 0.007 0.014 
297 TMA-ZAIN-G-    (0)   :  0.018 0.836 0.006 0.106 0.028 0.006 
298 TMA-ZAIN-G-    (0)   :  0.025 0.924 0.021 0.008 0.011 0.012 
299 TMA-ZAIN-G-    (0)   :  0.006 0.964 0.008 0.006 0.012 0.005 
300 TMA-ZAIN-G-    (0)   :  0.010 0.855 0.007 0.032 0.091 0.003 
301 TMA-ZAIN-G-    (0)   :  0.008 0.884 0.009 0.070 0.023 0.006 
302 TMA-ZAIN-G-    (9)   :  0.006 0.942 0.004 0.035 0.009 0.004 
303 TMA-ZAIN-G-    (0)   :  0.871 0.007 0.010 0.032 0.003 0.077 
304 TMA-ZAIN-G-    (0)   :  0.500 0.055 0.016 0.063 0.311 0.053 
305 TMA-ZAIN-G-    (0)   :  0.007 0.943 0.005 0.021 0.020 0.004 
306 TMA-ZAIN-G-    (0)   :  0.160 0.452 0.050 0.107 0.031 0.201 
307 TMA-ZAIN-G-    (0)   :  0.241 0.031 0.030 0.033 0.635 0.030 
308 TMA-ZAIN-G-    (0)   :  0.958 0.005 0.008 0.012 0.006 0.012 
309 TMA-ZAIN-G-    (0)   :  0.004 0.036 0.003 0.942 0.011 0.004 
310 TMA-ZAIN-G-    (0)   :  0.014 0.937 0.023 0.009 0.011 0.006 
311 TMA-ZAIN-G-    (0)   :  0.036 0.843 0.010 0.057 0.007 0.046 
312 TMA-ZAIN-G-    (0)   :  0.021 0.171 0.006 0.780 0.016 0.005 
313 TMA-ZAIN-G-    (0)   :  0.211 0.193 0.018 0.451 0.080 0.047 
314 TMA-ZAIN-G-    (0)   :  0.144 0.016 0.281 0.034 0.021 0.503 
315 TMA-ZAIN-G-    (0)   :  0.032 0.430 0.423 0.033 0.074 0.008 
316 TMA-ZAIN-G-    (0)   :  0.052 0.361 0.449 0.029 0.096 0.012 
317 TMA-ZAIN-G-    (0)   :  0.833 0.025 0.025 0.009 0.004 0.104 
318 TMA-ZAIN-G-    (9)   :  0.182 0.008 0.389 0.008 0.012 0.401 
319 TMA-ZAIN-G-    (0)   :  0.303 0.008 0.216 0.431 0.004 0.037 
320 TMA-ZAIN-G-    (0)   :  0.390 0.523 0.018 0.034 0.024 0.011 
321 TMA-ZAIN-G-    (0)   :  0.095 0.428 0.124 0.201 0.053 0.099 
322 TMA-ZAIN-G-    (0)   :  0.636 0.210 0.008 0.048 0.053 0.045 
323 TMA-ZAIN-G-    (0)   :  0.868 0.011 0.043 0.029 0.028 0.021 
324 TMA-ZAIN-G-    (0)   :  0.017 0.882 0.004 0.051 0.036 0.010 
325 TMA-ZAIN-G-    (0)   :  0.893 0.008 0.081 0.008 0.005 0.005 
326 TMA-ZAIN-G-    (0)   :  0.895 0.017 0.005 0.075 0.004 0.004 
327 TMA-ZAIN-G-    (0)   :  0.007 0.006 0.003 0.967 0.013 0.004 
328 TMA-ZAIN-G-    (0)   :  0.098 0.017 0.107 0.151 0.267 0.361 
329 TMA-ZAIN-G-    (0)   :  0.026 0.487 0.010 0.374 0.098 0.006 
330 TMA-ZAIN-G-    (0)   :  0.023 0.164 0.003 0.701 0.104 0.005 
331 TMA-ZAIN-G-    (0)   :  0.142 0.490 0.084 0.230 0.011 0.044 
332 TMA-ZAIN-G-    (0)   :  0.005 0.018 0.003 0.964 0.008 0.003 
333 TMA-ZAIN-G-    (0)   :  0.005 0.004 0.003 0.980 0.005 0.004 
334 TMA-ZAIN-G-    (0)   :  0.010 0.004 0.967 0.003 0.004 0.012 
335 TMA-ZAIN-G-    (0)   :  0.005 0.005 0.977 0.004 0.006 0.004 
336 TMA-ZAIN-G-    (0)   :  0.016 0.009 0.948 0.008 0.006 0.013 
337 TMA-ZAIN-G-    (9)   :  0.016 0.007 0.890 0.005 0.004 0.077 
338 TMA-ZAIN-G-    (0)   :  0.008 0.004 0.952 0.004 0.004 0.029 
339 TMA-ZAIN-G-    (0)   :  0.005 0.002 0.972 0.002 0.002 0.016 
340 TMA-ZAIN-G-    (0)   :  0.005 0.003 0.980 0.003 0.003 0.006 
341 TMA-ZAIN-G-    (0)   :  0.004 0.005 0.972 0.005 0.005 0.010 
342 TMA-ZAIN-G-    (0)   :  0.006 0.005 0.973 0.004 0.004 0.009 
343 TMA-ZAIN-G-    (0)   :  0.005 0.004 0.956 0.004 0.003 0.030 
344 TMA-ZAIN-G-    (0)   :  0.008 0.005 0.970 0.007 0.003 0.008 
345 TMA-ZAIN-G-    (0)   :  0.005 0.003 0.980 0.003 0.004 0.005 
346 TMA-ZAIN-G-    (0)   :  0.011 0.008 0.918 0.011 0.004 0.049 
347 TMA-ZAIN-G-    (9)   :  0.005 0.003 0.976 0.003 0.004 0.009 
348 TMA-ZAIN-G-    (0)   :  0.013 0.005 0.951 0.005 0.004 0.021 
349 TMA-ZAIN-G-    (0)   :  0.008 0.004 0.965 0.004 0.004 0.015 
350 TMA-ZAIN-G-    (0)   :  0.012 0.008 0.933 0.010 0.006 0.032 
351 TMA-ZAIN-G-    (0)   :  0.006 0.004 0.974 0.004 0.004 0.008 
352 TMA-ZAIN-G-    (0)   :  0.008 0.007 0.964 0.005 0.007 0.008 
353 TMA-ZAIN-G-    (0)   :  0.010 0.007 0.925 0.012 0.003 0.041 
354 TMA-ZAIN-G-    (0)   :  0.007 0.006 0.971 0.007 0.002 0.007 
355 TMA-ZAIN-G-    (0)   :  0.006 0.010 0.956 0.010 0.004 0.015 
356 TMA-ZAIN-G-    (0)   :  0.026 0.821 0.002 0.003 0.143 0.004 
357 TMA-ZAIN-G-    (0)   :  0.013 0.429 0.005 0.450 0.089 0.015 
358 TMA-ZAIN-G-    (0)   :  0.039 0.266 0.032 0.266 0.304 0.093 
359 TMA-ZAIN-G-    (0)   :  0.115 0.488 0.028 0.008 0.347 0.014 
360 TMA-ZAIN-G-    (0)   :  0.005 0.963 0.003 0.007 0.019 0.003 
361 TMA-ZAIN-G-    (0)   :  0.011 0.251 0.004 0.687 0.034 0.013 
362 TMA-ZAIN-G-    (0)   :  0.007 0.960 0.013 0.005 0.008 0.006 
363 TMA-ZAIN-G-    (0)   :  0.044 0.431 0.014 0.478 0.027 0.006 
364 TMA-ZAIN-G-    (0)   :  0.315 0.047 0.023 0.039 0.033 0.544 
365 TMA-ZAIN-G-    (0)   :  0.030 0.653 0.193 0.044 0.060 0.019 
366 TMA-ZAIN-G-    (0)   :  0.009 0.692 0.006 0.009 0.280 0.005 
367 TMA-ZAIN-G-    (0)   :  0.052 0.123 0.008 0.652 0.010 0.155 
368 TMA-ZAIN-G-    (0)   :  0.009 0.743 0.005 0.023 0.213 0.006 
369 TMA-ZAIN-G-    (0)   :  0.006 0.033 0.003 0.917 0.039 0.003 
370 TMA-ZAIN-G-    (0)   :  0.006 0.245 0.003 0.709 0.022 0.015 
371 TMA-ZAIN-G-    (0)   :  0.005 0.949 0.003 0.009 0.029 0.005 
372 TMA-ZAIN-G-    (0)   :  0.005 0.949 0.003 0.013 0.026 0.004 
373 TMA-ZAIN-G-    (0)   :  0.006 0.004 0.004 0.979 0.005 0.003 
374 TMA-ZAIN-G-    (0)   :  0.287 0.069 0.009 0.396 0.008 0.231 
375 TMA-ZAIN-G-    (0)   :  0.305 0.038 0.026 0.456 0.013 0.162 
376 TMA-ZAIN-G-    (9)   :  0.004 0.975 0.003 0.008 0.005 0.005 
377 TMA-ZAIN-G-    (0)   :  0.004 0.963 0.002 0.009 0.018 0.003 
378 TMA-ZAIN-G-    (0)   :  0.004 0.963 0.002 0.009 0.018 0.004 
379 TMA-ZAIN-G-    (0)   :  0.006 0.962 0.002 0.010 0.016 0.004 
380 TMA-ZAIN-G-    (0)   :  0.005 0.905 0.004 0.014 0.069 0.003 
381 TMA-ZAIN-G-    (9)   :  0.832 0.052 0.011 0.023 0.071 0.011 
382 TMA-ZAIN-G-    (9)   :  0.025 0.008 0.065 0.008 0.003 0.890 
383    ZFB01    (0)   :  0.004 0.006 0.010 0.004 0.004 0.973 
384    ZFB02    (0)   :  0.008 0.004 0.035 0.003 0.004 0.946 
385    ZFB03    (0)   :  0.007 0.005 0.005 0.007 0.003 0.973 
386    ZFB04    (0)   :  0.006 0.006 0.039 0.003 0.004 0.943 
387    ZFB05    (0)   :  0.031 0.003 0.112 0.007 0.011 0.836 
388    ZFB06    (0)   :  0.019 0.003 0.047 0.008 0.012 0.911 
389    ZFB07    (9)   :  0.008 0.010 0.011 0.007 0.005 0.959 
390    ZFB08    (0)   :  0.008 0.007 0.006 0.006 0.006 0.967 
391    ZFB09    (0)   :  0.004 0.004 0.006 0.003 0.003 0.980 
392    ZFB10    (0)   :  0.006 0.023 0.011 0.006 0.007 0.948 
393    ZFB11    (0)   :  0.006 0.012 0.018 0.004 0.004 0.956 
394    ZFB12    (0)   :  0.008 0.008 0.025 0.007 0.004 0.947 
395    ZFB13    (0)   :  0.008 0.010 0.007 0.006 0.007 0.963 
396    ZFB14    (0)   :  0.005 0.006 0.005 0.004 0.003 0.976 
397    ZFB15    (0)   :  0.004 0.003 0.016 0.003 0.003 0.971 
398    ZFB16    (0)   :  0.006 0.007 0.018 0.004 0.004 0.960 
399    ZFB17    (0)   :  0.022 0.014 0.033 0.009 0.016 0.906 
400    ZFB18    (0)   :  0.004 0.005 0.004 0.003 0.003 0.981 
401    ZFB19    (0)   :  0.009 0.032 0.008 0.013 0.010 0.928 
402    ZFB20    (0)   :  0.005 0.007 0.042 0.004 0.004 0.938 
403    ZFB21    (0)   :  0.005 0.003 0.013 0.004 0.003 0.972 
404    ZFB22    (0)   :  0.010 0.013 0.089 0.009 0.013 0.866 
405    ZFB23    (0)   :  0.007 0.011 0.026 0.006 0.004 0.947 
406    ZFB24    (0)   :  0.005 0.011 0.040 0.004 0.004 0.935 
407    ZFB25    (0)   :  0.005 0.028 0.007 0.007 0.007 0.947 
408    ZFB26    (0)   :  0.008 0.034 0.064 0.007 0.006 0.881 
409    ZFB27    (0)   :  0.005 0.011 0.082 0.005 0.004 0.893 
410    ZFB28    (0)   :  0.023 0.009 0.084 0.007 0.003 0.874 
411    ZFB29    (0)   :  0.007 0.005 0.020 0.003 0.003 0.962 
412    ZFB30    (0)   :  0.016 0.008 0.141 0.013 0.014 0.809 
413    ZFB31    (0)   :  0.005 0.016 0.007 0.007 0.005 0.960 
414    ZFB32    (0)   :  0.041 0.016 0.049 0.012 0.005 0.878 
415    ZFB33    (0)   :  0.004 0.004 0.015 0.003 0.003 0.970 
416    ZFB34    (0)   :  0.006 0.004 0.004 0.004 0.003 0.979 
417    ZFB35    (0)   :  0.006 0.008 0.011 0.005 0.004 0.965 
418  ZFBP101    (0)   :  0.051 0.602 0.010 0.235 0.087 0.016 
419  ZFBP102    (0)   :  0.015 0.893 0.008 0.052 0.020 0.011 
420  ZFBP103    (0)   :  0.058 0.337 0.011 0.558 0.023 0.013 
421  ZFBP104    (0)   :  0.029 0.686 0.019 0.206 0.012 0.048 
422  ZFBP105    (0)   :  0.006 0.887 0.005 0.086 0.008 0.007 
423  ZFBP106    (0)   :  0.006 0.915 0.004 0.055 0.017 0.004 
424  ZFBP107    (0)   :  0.010 0.818 0.012 0.148 0.006 0.006 
425  ZFBP108    (0)   :  0.004 0.976 0.003 0.008 0.006 0.003 
426  ZFBP109    (0)   :  0.004 0.963 0.002 0.010 0.016 0.004 
427  ZFBP110    (0)   :  0.040 0.577 0.009 0.314 0.007 0.052 
428  ZFBP111    (0)   :  0.006 0.738 0.004 0.046 0.203 0.003 
429  ZFBP112    (0)   :  0.012 0.873 0.006 0.020 0.084 0.004 
430  ZFBP113    (0)   :  0.004 0.975 0.004 0.008 0.005 0.004 
431  ZFBP114    (0)   :  0.005 0.954 0.005 0.024 0.008 0.004 
432  ZFBP115    (0)   :  0.009 0.286 0.004 0.679 0.019 0.003 
433  ZFBP116    (0)   :  0.006 0.964 0.004 0.015 0.008 0.003 
434  ZFBP117    (0)   :  0.005 0.970 0.003 0.011 0.008 0.003 
435  ZFBP118    (0)   :  0.005 0.955 0.005 0.020 0.011 0.003 
436  ZFBP119    (0)   :  0.015 0.746 0.003 0.205 0.027 0.005 
437  ZFBP120    (0)   :  0.006 0.920 0.006 0.054 0.007 0.007 
438  ZFBP121    (0)   :  0.006 0.966 0.003 0.011 0.006 0.006 
439  ZFBP122    (9)   :  0.005 0.953 0.004 0.016 0.019 0.004 
440  ZFBP123    (0)   :  0.011 0.933 0.007 0.010 0.035 0.004 
441  ZFBP124    (0)   :  0.005 0.967 0.004 0.010 0.006 0.007 
442  ZFBP125    (0)   :  0.005 0.947 0.003 0.022 0.021 0.003 
443  ZFBP126    (0)   :  0.020 0.948 0.008 0.008 0.008 0.008 
444  ZFBP127    (0)   :  0.008 0.933 0.003 0.047 0.006 0.003 
445  ZFBP128    (0)   :  0.007 0.921 0.003 0.021 0.043 0.004 
446  ZFBP129    (0)   :  0.006 0.951 0.003 0.007 0.028 0.005 
447  ZFBP130    (0)   :  0.010 0.866 0.003 0.025 0.093 0.002 
448  ZFBP131    (0)   :  0.005 0.976 0.004 0.005 0.006 0.004 
449  ZFBP132    (0)   :  0.004 0.972 0.003 0.013 0.004 0.004 
450  ZFBP133    (0)   :  0.004 0.650 0.002 0.005 0.335 0.004 
451  ZFBP134    (0)   :  0.013 0.770 0.004 0.186 0.024 0.004 
452  ZFBP135    (0)   :  0.063 0.791 0.007 0.091 0.025 0.022 
453  ZFBP136    (0)   :  0.026 0.678 0.009 0.126 0.155 0.005 
454  ZFBP201    (0)   :  0.007 0.961 0.007 0.012 0.007 0.006 
455  ZFBP202    (0)   :  0.005 0.958 0.004 0.017 0.010 0.006 
456  ZFBP203    (0)   :  0.016 0.909 0.030 0.009 0.031 0.006 
457  ZFBP204    (0)   :  0.011 0.808 0.005 0.130 0.040 0.005 
458  ZFBP205    (0)   :  0.007 0.958 0.005 0.005 0.020 0.004 
459  ZFBP206    (0)   :  0.011 0.721 0.008 0.008 0.246 0.006 
460  ZFBP207    (0)   :  0.007 0.666 0.004 0.303 0.014 0.006 
461  ZFBP208    (0)   :  0.011 0.949 0.011 0.006 0.018 0.004 
462  ZFBP209    (0)   :  0.004 0.884 0.002 0.005 0.100 0.003 
463  ZFBP210    (0)   :  0.008 0.946 0.008 0.011 0.022 0.005 
464  ZFBP211    (0)   :  0.005 0.970 0.004 0.009 0.006 0.006 
465  ZFBP212    (0)   :  0.004 0.922 0.004 0.058 0.006 0.006 
466  ZFBP213    (0)   :  0.011 0.943 0.006 0.011 0.020 0.008 
467  ZFBP214    (0)   :  0.038 0.726 0.005 0.048 0.164 0.019 
468  ZFBP215    (0)   :  0.005 0.970 0.003 0.008 0.010 0.004 
469  ZFBP216    (0)   :  0.009 0.952 0.008 0.017 0.009 0.005 
470  ZFBP217    (0)   :  0.008 0.753 0.004 0.045 0.183 0.007 
471  ZFBP218    (0)   :  0.004 0.967 0.003 0.006 0.016 0.003 
472  ZFBP219    (0)   :  0.005 0.975 0.005 0.007 0.005 0.004 
473  ZFBP220    (0)   :  0.011 0.874 0.004 0.047 0.061 0.003 
474  ZFBP221    (0)   :  0.004 0.931 0.004 0.046 0.010 0.005 
475  ZFBP222    (0)   :  0.007 0.964 0.005 0.005 0.014 0.005 
476  ZFBP223    (0)   :  0.008 0.750 0.006 0.214 0.013 0.009 
477  ZFBP224    (0)   :  0.007 0.968 0.005 0.009 0.006 0.005 
478  ZFBP225    (0)   :  0.015 0.435 0.008 0.145 0.392 0.004 
479  ZFBP226    (0)   :  0.005 0.973 0.005 0.008 0.006 0.004 
480  ZFBP227    (0)   :  0.086 0.769 0.031 0.069 0.010 0.035 
481  ZFBP228    (0)   :  0.008 0.881 0.003 0.096 0.008 0.005 
482  ZFBP229    (0)   :  0.005 0.953 0.003 0.010 0.026 0.003 
483  ZFBP230    (0)   :  0.015 0.866 0.004 0.051 0.061 0.004 
484  ZFBP231    (0)   :  0.006 0.967 0.005 0.010 0.007 0.005 
485  ZFBP232    (0)   :  0.004 0.973 0.003 0.006 0.010 0.004 
486  ZFBP233    (0)   :  0.006 0.947 0.005 0.014 0.021 0.006 
487   ZFCC01    (0)   :  0.947 0.006 0.008 0.006 0.011 0.022 
488   ZFCC03    (0)   :  0.939 0.008 0.004 0.017 0.023 0.010 
489   ZFCC04    (0)   :  0.951 0.006 0.005 0.009 0.021 0.008 
490   ZFCC05    (0)   :  0.944 0.008 0.005 0.018 0.014 0.012 
491   ZFCC08    (0)   :  0.745 0.042 0.004 0.054 0.134 0.022 
492   ZFCC09    (0)   :  0.914 0.008 0.005 0.031 0.010 0.032 
493   ZFCC10    (0)   :  0.895 0.010 0.006 0.007 0.011 0.071 
494   ZFCC11    (0)   :  0.953 0.008 0.004 0.012 0.012 0.010 
495   ZFCC12    (0)   :  0.910 0.007 0.042 0.011 0.010 0.020 
496   ZFCC13    (0)   :  0.889 0.018 0.008 0.042 0.036 0.007 
497   ZFCC14    (0)   :  0.910 0.020 0.007 0.008 0.025 0.030 
498   ZFCC15    (0)   :  0.963 0.006 0.005 0.008 0.010 0.008 
499   ZFCC16    (0)   :  0.955 0.006 0.006 0.006 0.014 0.013 
500   ZFCC17    (0)   :  0.960 0.004 0.013 0.007 0.006 0.010 
501   ZFCC18    (0)   :  0.933 0.007 0.005 0.015 0.026 0.014 
502   ZFCC19    (0)   :  0.973 0.004 0.007 0.004 0.005 0.008 
503   ZFCC20    (0)   :  0.952 0.005 0.004 0.019 0.013 0.006 
504   ZFCC21    (0)   :  0.596 0.055 0.009 0.010 0.297 0.033 
505   ZFCC22    (0)   :  0.169 0.427 0.012 0.076 0.287 0.029 
506   ZFCC26    (0)   :  0.958 0.005 0.006 0.010 0.010 0.011 
507   ZFCC27    (0)   :  0.961 0.006 0.004 0.013 0.010 0.006 
508   ZFCC29    (0)   :  0.954 0.006 0.006 0.008 0.011 0.014 
509   ZFCC30    (0)   :  0.951 0.005 0.004 0.016 0.019 0.004 
510   ZFCC32    (0)   :  0.944 0.006 0.008 0.016 0.012 0.014 
511   ZFCC33    (0)   :  0.965 0.006 0.007 0.008 0.006 0.009 
512   ZFCC34    (0)   :  0.415 0.093 0.059 0.274 0.051 0.108 
513   ZFCC35    (0)   :  0.955 0.009 0.004 0.013 0.013 0.008 
514   ZFCC36    (0)   :  0.847 0.014 0.027 0.011 0.091 0.010 
515   ZFCC37    (0)   :  0.903 0.013 0.038 0.012 0.011 0.023 
516   ZFCC40    (0)   :  0.929 0.019 0.012 0.007 0.014 0.019 
517   ZFCC42    (0)   :  0.315 0.009 0.534 0.097 0.034 0.011 
518   ZFCC44    (0)   :  0.957 0.005 0.005 0.023 0.006 0.004 
519   ZFCC45    (9)   :  0.948 0.006 0.012 0.008 0.007 0.020 
520   ZFCC46    (0)   :  0.561 0.016 0.005 0.089 0.318 0.010 
521   ZFCC47    (0)   :  0.875 0.012 0.023 0.029 0.024 0.037 
522   ZFCC48    (0)   :  0.409 0.051 0.006 0.010 0.465 0.059 
523   ZFCC50    (0)   :  0.967 0.004 0.006 0.007 0.006 0.009 
524   ZFCC51    (0)   :  0.948 0.005 0.004 0.025 0.010 0.008 
525   ZFCC52    (0)   :  0.853 0.024 0.011 0.017 0.087 0.007 
526   ZFCC53    (0)   :  0.966 0.005 0.004 0.009 0.008 0.008 
527  ZFCNS01    (0)   :  0.008 0.005 0.006 0.975 0.003 0.003 
528  ZFCNS02    (0)   :  0.006 0.006 0.003 0.975 0.007 0.004 
529  ZFCNS05    (0)   :  0.007 0.008 0.003 0.969 0.007 0.006 
530  ZFCNS06    (0)   :  0.007 0.006 0.003 0.972 0.007 0.005 
531  ZFCNS07    (0)   :  0.005 0.011 0.003 0.957 0.019 0.004 
532  ZFCNS10    (0)   :  0.004 0.005 0.003 0.979 0.006 0.003 
533  ZFCNS11    (0)   :  0.008 0.004 0.004 0.977 0.004 0.003 
534  ZFCNS15    (0)   :  0.004 0.012 0.003 0.971 0.005 0.005 
535  ZFCNS17    (0)   :  0.007 0.006 0.003 0.973 0.007 0.004 
536  ZFCNS18    (0)   :  0.005 0.006 0.003 0.978 0.005 0.004 
537  ZFCNS19    (0)   :  0.006 0.004 0.003 0.976 0.006 0.004 
538  ZFCNS20    (0)   :  0.006 0.011 0.004 0.958 0.017 0.004 
539  ZFCNS21    (0)   :  0.006 0.004 0.003 0.981 0.003 0.003 
540  ZFCNS22    (0)   :  0.006 0.014 0.004 0.964 0.007 0.005 
541  ZFCNS23    (0)   :  0.018 0.007 0.011 0.937 0.019 0.008 
542  ZFCNS24    (0)   :  0.007 0.006 0.003 0.975 0.006 0.003 
543  ZFCNS25    (0)   :  0.006 0.010 0.003 0.969 0.009 0.003 
544  ZFCNS26    (0)   :  0.004 0.007 0.003 0.977 0.005 0.005 
545  ZFCNS27    (0)   :  0.005 0.018 0.003 0.964 0.007 0.004 
546  ZFCNS28    (0)   :  0.005 0.006 0.003 0.974 0.007 0.005 
547  ZFCNS29    (0)   :  0.007 0.009 0.003 0.970 0.006 0.004 
548  ZFCNS30    (0)   :  0.006 0.005 0.003 0.977 0.004 0.004 
549  ZFCNS31    (0)   :  0.005 0.006 0.003 0.977 0.006 0.004 
550  ZFCNS32    (0)   :  0.006 0.006 0.003 0.974 0.006 0.005 
551  ZFCNS33    (0)   :  0.005 0.004 0.003 0.978 0.006 0.004 
552  ZFCNS34    (0)   :  0.010 0.006 0.004 0.970 0.006 0.004 
553  ZFCNS35    (0)   :  0.005 0.004 0.003 0.976 0.005 0.006 
554  ZFCNS36    (0)   :  0.010 0.007 0.003 0.966 0.010 0.004 
555  ZFCNS37    (0)   :  0.005 0.005 0.003 0.979 0.003 0.004 
556  ZFCNS39    (0)   :  0.006 0.004 0.003 0.977 0.007 0.003 
557  ZFCNS40    (0)   :  0.010 0.006 0.003 0.961 0.017 0.003 
558  ZFCNS41    (0)   :  0.010 0.009 0.005 0.966 0.005 0.005 
559  ZFCNS42    (0)   :  0.005 0.006 0.003 0.979 0.004 0.004 
560  ZFCNS43    (0)   :  0.007 0.005 0.003 0.977 0.004 0.004 
561  ZFCNS44    (0)   :  0.005 0.005 0.003 0.982 0.003 0.003 
562  ZFCNS46    (0)   :  0.006 0.006 0.003 0.976 0.005 0.004 
563  ZFCNS47    (0)   :  0.006 0.004 0.003 0.979 0.004 0.004 
564  ZFCNS48    (0)   :  0.005 0.006 0.003 0.977 0.005 0.004 
565  ZFCNS49    (0)   :  0.004 0.008 0.003 0.977 0.004 0.004 
566   ZFCR01    (0)   :  0.253 0.066 0.033 0.006 0.042 0.599 
567   ZFCR02    (0)   :  0.346 0.061 0.013 0.015 0.082 0.484 
568   ZFCR03    (0)   :  0.301 0.078 0.128 0.009 0.046 0.437 
569   ZFCR04    (0)   :  0.048 0.030 0.037 0.032 0.050 0.803 
570   ZFCR05    (0)   :  0.591 0.010 0.019 0.008 0.010 0.362 
571   ZFCR06    (0)   :  0.552 0.133 0.012 0.137 0.029 0.137 
572   ZFCR07    (0)   :  0.752 0.013 0.023 0.113 0.004 0.095 
573   ZFCR08    (0)   :  0.775 0.016 0.045 0.009 0.035 0.120 
574   ZFCR09    (0)   :  0.050 0.245 0.481 0.089 0.028 0.107 
575   ZFCR11    (0)   :  0.279 0.050 0.022 0.139 0.004 0.507 
576   ZFCR12    (0)   :  0.698 0.024 0.006 0.207 0.020 0.045 
577   ZFCR13    (0)   :  0.830 0.111 0.004 0.018 0.008 0.030 
578   ZFCR14    (0)   :  0.510 0.015 0.008 0.014 0.085 0.368 
579   ZFCR15    (0)   :  0.495 0.023 0.011 0.008 0.116 0.347 
580   ZFCR16    (0)   :  0.327 0.055 0.006 0.007 0.146 0.459 
581   ZFCR18    (0)   :  0.031 0.022 0.007 0.012 0.014 0.913 
582   ZFCR19    (0)   :  0.121 0.031 0.128 0.011 0.302 0.407 
583   ZFCR20    (0)   :  0.110 0.135 0.050 0.021 0.022 0.662 
584   ZFCR21    (0)   :  0.943 0.012 0.004 0.009 0.013 0.019 
585   ZFCR22    (0)   :  0.913 0.013 0.006 0.006 0.027 0.035 
586   ZFCR23    (0)   :  0.607 0.227 0.066 0.030 0.009 0.061 
587   ZFCR24    (9)   :  0.258 0.488 0.018 0.010 0.016 0.211 
588   ZFCR25    (0)   :  0.935 0.005 0.008 0.005 0.004 0.043 
