

----------------------------------------------------
STRUCTURE by Pritchard, Stephens and Donnelly (2000)
     and Falush, Stephens and Pritchard (2003)
       Code by Pritchard, Falush and Hubisz
             Version 2.3.4 (Jul 2012)
----------------------------------------------------



Command line arguments:   bin\structure -m C:\Users\eschumacher\Documents\GitHub\GCC_QUAC_ZAIN\Data_Files\Structure_Files\ZAIN\ZAIN_rebinned_garden_wild_nopopinfo\50-50\mainparams -e C:\Users\eschumacher\Documents\GitHub\GCC_QUAC_ZAIN\Data_Files\Structure_Files\ZAIN\ZAIN_rebinned_garden_wild_nopopinfo\50-50\extraparams 
Input File:    C:\Users\eschumacher\Documents\GitHub\GCC_QUAC_ZAIN\Data_Files\Structure_Files\ZAIN\ZAIN_rebinned_garden_wild_nopopinfo\project_data

Run parameters:
   1133 individuals
   11 loci
   8 populations assumed
   50000 Burn-in period
   50000 Reps


--------------------------------------------
Overall proportion of membership of the
sample in each of the 8 clusters

Inferred Clusters
  1      2      3      4      5      6      7      8    
0.064  0.153  0.087  0.220  0.160  0.057  0.221  0.039  

--------------------------------------------

Allele-freq. divergence among pops (Net nucleotide distance),
computed using point estimates of P.

      1       2       3       4       5       6       7       8      
 1      -    0.2121  0.1996  0.3088  0.1478  0.4497  0.0959  0.2547  
 2   0.2121     -    0.1338  0.0743  0.1089  0.2380  0.1505  0.1318  
 3   0.1996  0.1338     -    0.1740  0.1485  0.3578  0.2020  0.1834  
 4   0.3088  0.0743  0.1740     -    0.2131  0.2413  0.2207  0.1922  
 5   0.1478  0.1089  0.1485  0.2131     -    0.3721  0.0888  0.1645  
 6   0.4497  0.2380  0.3578  0.2413  0.3721     -    0.3752  0.3192  
 7   0.0959  0.1505  0.2020  0.2207  0.0888  0.3752     -    0.1856  
 8   0.2547  0.1318  0.1834  0.1922  0.1645  0.3192  0.1856     -    

Average distances (expected heterozygosity) between individuals in same cluster:
cluster  1  : 0.3666 
cluster  2  : 0.5547 
cluster  3  : 0.4012 
cluster  4  : 0.4991 
cluster  5  : 0.4249 
cluster  6  : 0.2516 
cluster  7  : 0.4122 
cluster  8  : 0.2740 

--------------------------------------------
Estimated Ln Prob of Data   = -21684.0
Mean value of ln likelihood = -21138.2
Variance of ln likelihood   = 1091.5
Mean value of alpha         = 0.0342

Mean value of Fst_1         = 0.4115
Mean value of Fst_2         = 0.1368
Mean value of Fst_3         = 0.4211
Mean value of Fst_4         = 0.3457
Mean value of Fst_5         = 0.3921
Mean value of Fst_6         = 0.6271
Mean value of Fst_7         = 0.2912
Mean value of Fst_8         = 0.5623


Inferred ancestry of individuals:
        Label (%Miss) :  Inferred clusters
  1 TMA-ZAIN-G-    (9)   :  0.012 0.183 0.016 0.636 0.114 0.004 0.022 0.014 
  2 TMA-ZAIN-G-    (0)   :  0.006 0.033 0.039 0.580 0.021 0.005 0.275 0.040 
  3 TMA-ZAIN-G-    (0)   :  0.257 0.010 0.014 0.008 0.253 0.003 0.441 0.014 
  4 TMA-ZAIN-G-    (0)   :  0.117 0.007 0.026 0.012 0.021 0.004 0.148 0.665 
  5 TMA-ZAIN-G-    (0)   :  0.003 0.006 0.007 0.970 0.003 0.003 0.003 0.004 
  6 TMA-ZAIN-G-    (0)   :  0.220 0.152 0.042 0.082 0.190 0.037 0.202 0.075 
  7 TMA-ZAIN-G-    (0)   :  0.010 0.014 0.015 0.014 0.286 0.006 0.541 0.116 
  8 TMA-ZAIN-G-    (0)   :  0.068 0.006 0.030 0.006 0.672 0.002 0.210 0.006 
  9 TMA-ZAIN-G-    (9)   :  0.066 0.010 0.005 0.012 0.110 0.004 0.773 0.019 
 10 TMA-ZAIN-G-    (0)   :  0.056 0.013 0.010 0.004 0.160 0.004 0.739 0.013 
 11 TMA-ZAIN-G-    (0)   :  0.008 0.008 0.006 0.005 0.145 0.006 0.799 0.023 
 12 TMA-ZAIN-G-    (0)   :  0.006 0.005 0.005 0.004 0.022 0.003 0.952 0.004 
 13 TMA-ZAIN-G-    (9)   :  0.021 0.036 0.022 0.097 0.322 0.032 0.451 0.020 
 14 TMA-ZAIN-G-    (9)   :  0.006 0.006 0.007 0.004 0.957 0.005 0.008 0.006 
 15 TMA-ZAIN-G-    (0)   :  0.007 0.006 0.006 0.003 0.967 0.003 0.005 0.004 
 16 TMA-ZAIN-G-    (0)   :  0.005 0.005 0.003 0.004 0.011 0.004 0.961 0.005 
 17 TMA-ZAIN-G-    (9)   :  0.006 0.041 0.016 0.016 0.810 0.003 0.016 0.091 
 18 TMA-ZAIN-G-    (0)   :  0.008 0.366 0.094 0.493 0.012 0.004 0.010 0.013 
 19 TMA-ZAIN-G-    (0)   :  0.006 0.897 0.004 0.015 0.026 0.005 0.016 0.031 
 20 TMA-ZAIN-G-    (0)   :  0.004 0.855 0.025 0.070 0.003 0.033 0.003 0.008 
 21 TMA-ZAIN-G-    (0)   :  0.003 0.003 0.004 0.003 0.002 0.980 0.003 0.003 
 22 TMA-ZAIN-G-    (0)   :  0.002 0.007 0.004 0.969 0.003 0.007 0.003 0.005 
 23 TMA-ZAIN-G-    (0)   :  0.004 0.044 0.004 0.915 0.007 0.010 0.006 0.010 
 24 TMA-ZAIN-G-    (9)   :  0.167 0.005 0.009 0.711 0.034 0.018 0.052 0.005 
 25 TMA-ZAIN-G-    (9)   :  0.005 0.868 0.005 0.046 0.007 0.008 0.058 0.004 
 26 TMA-ZAIN-G-    (9)   :  0.010 0.011 0.445 0.006 0.103 0.079 0.335 0.011 
 27 TMA-ZAIN-G-    (0)   :  0.009 0.874 0.010 0.036 0.035 0.013 0.006 0.016 
 28 TMA-ZAIN-G-    (0)   :  0.009 0.948 0.007 0.008 0.011 0.003 0.008 0.006 
 29 TMA-ZAIN-G-    (0)   :  0.717 0.242 0.018 0.004 0.006 0.005 0.005 0.004 
 30 TMA-ZAIN-G-    (0)   :  0.082 0.374 0.006 0.005 0.355 0.005 0.164 0.009 
 31 TMA-ZAIN-G-    (0)   :  0.007 0.016 0.103 0.829 0.006 0.008 0.009 0.023 
 32 TMA-ZAIN-G-    (9)   :  0.005 0.049 0.008 0.688 0.048 0.008 0.188 0.007 
 33 TMA-ZAIN-G-   (18)   :  0.019 0.007 0.004 0.004 0.132 0.003 0.827 0.004 
 34 TMA-ZAIN-G-    (0)   :  0.006 0.016 0.011 0.104 0.008 0.022 0.828 0.005 
 35 TMA-ZAIN-G-    (9)   :  0.082 0.016 0.013 0.010 0.129 0.003 0.733 0.014 
 36 TMA-ZAIN-G-    (0)   :  0.012 0.006 0.016 0.004 0.365 0.003 0.587 0.008 
 37 TMA-ZAIN-G-    (9)   :  0.014 0.011 0.010 0.006 0.040 0.008 0.868 0.042 
 38 TMA-ZAIN-G-   (18)   :  0.010 0.119 0.008 0.623 0.112 0.007 0.108 0.014 
 39 TMA-ZAIN-G-    (0)   :  0.011 0.004 0.007 0.003 0.008 0.009 0.948 0.009 
 40 TMA-ZAIN-G-    (0)   :  0.007 0.004 0.004 0.003 0.018 0.006 0.948 0.011 
 41 TMA-ZAIN-G-    (0)   :  0.010 0.005 0.005 0.003 0.653 0.004 0.317 0.003 
 42 TMA-ZAIN-G-    (9)   :  0.006 0.003 0.007 0.003 0.967 0.002 0.008 0.003 
 43 TMA-ZAIN-G-    (0)   :  0.011 0.004 0.009 0.003 0.958 0.003 0.006 0.006 
 44 TMA-ZAIN-G-    (0)   :  0.026 0.012 0.003 0.006 0.013 0.823 0.108 0.009 
 45 TMA-ZAIN-G-    (0)   :  0.005 0.010 0.008 0.005 0.087 0.010 0.864 0.012 
 46 TMA-ZAIN-G-    (0)   :  0.002 0.003 0.004 0.005 0.003 0.974 0.003 0.006 
 47 TMA-ZAIN-G-    (0)   :  0.004 0.004 0.959 0.003 0.004 0.005 0.004 0.016 
 48 TMA-ZAIN-G-    (0)   :  0.021 0.023 0.223 0.013 0.409 0.016 0.075 0.220 
 49 TMA-ZAIN-G-    (9)   :  0.043 0.888 0.008 0.016 0.006 0.003 0.018 0.019 
 50 TMA-ZAIN-G-    (0)   :  0.003 0.933 0.003 0.006 0.028 0.007 0.014 0.005 
 51 TMA-ZAIN-G-    (0)   :  0.006 0.875 0.023 0.006 0.047 0.015 0.009 0.018 
 52 TMA-ZAIN-G-    (0)   :  0.003 0.729 0.048 0.007 0.014 0.013 0.015 0.170 
 53 TMA-ZAIN-G-    (0)   :  0.005 0.690 0.097 0.091 0.022 0.005 0.010 0.080 
 54 TMA-ZAIN-G-    (0)   :  0.004 0.007 0.961 0.005 0.009 0.004 0.006 0.004 
 55 TMA-ZAIN-G-    (0)   :  0.003 0.021 0.926 0.006 0.026 0.006 0.007 0.004 
 56 TMA-ZAIN-G-    (0)   :  0.041 0.064 0.118 0.009 0.231 0.006 0.066 0.466 
 57 TMA-ZAIN-G-    (0)   :  0.009 0.017 0.941 0.006 0.005 0.003 0.009 0.010 
 58 TMA-ZAIN-G-    (0)   :  0.009 0.645 0.041 0.254 0.021 0.006 0.011 0.014 
 59 TMA-ZAIN-G-    (0)   :  0.034 0.038 0.040 0.661 0.056 0.016 0.100 0.055 
 60 TMA-ZAIN-G-    (0)   :  0.006 0.711 0.014 0.164 0.053 0.009 0.011 0.031 
 61 TMA-ZAIN-G-    (0)   :  0.003 0.007 0.011 0.947 0.003 0.008 0.004 0.016 
 62 TMA-ZAIN-G-    (9)   :  0.018 0.077 0.018 0.773 0.030 0.016 0.063 0.005 
 63 TMA-ZAIN-G-    (0)   :  0.003 0.026 0.015 0.924 0.010 0.004 0.007 0.012 
 64 TMA-ZAIN-G-    (0)   :  0.974 0.002 0.003 0.002 0.006 0.002 0.006 0.004 
 65 TMA-ZAIN-G-    (9)   :  0.962 0.003 0.006 0.003 0.007 0.002 0.011 0.005 
 66 TMA-ZAIN-G-    (0)   :  0.962 0.003 0.004 0.003 0.007 0.003 0.014 0.005 
 67 TMA-ZAIN-G-    (0)   :  0.902 0.011 0.005 0.006 0.006 0.018 0.048 0.004 
 68 TMA-ZAIN-G-    (0)   :  0.971 0.003 0.004 0.003 0.007 0.002 0.005 0.005 
 69 TMA-ZAIN-G-    (0)   :  0.828 0.018 0.010 0.025 0.011 0.029 0.050 0.029 
 70 TMA-ZAIN-G-    (0)   :  0.102 0.007 0.004 0.005 0.012 0.005 0.860 0.006 
 71 TMA-ZAIN-G-    (0)   :  0.005 0.004 0.003 0.003 0.005 0.004 0.972 0.004 
 72 TMA-ZAIN-G-    (0)   :  0.067 0.009 0.011 0.005 0.038 0.004 0.858 0.007 
 73 TMA-ZAIN-G-    (0)   :  0.008 0.033 0.018 0.029 0.006 0.035 0.865 0.005 
 74 TMA-ZAIN-G-    (0)   :  0.011 0.020 0.008 0.011 0.007 0.016 0.923 0.004 
 75 TMA-ZAIN-G-    (0)   :  0.008 0.009 0.011 0.005 0.010 0.003 0.947 0.007 
 76 TMA-ZAIN-G-    (0)   :  0.009 0.020 0.004 0.014 0.004 0.085 0.861 0.004 
 77 TMA-ZAIN-G-    (0)   :  0.010 0.008 0.006 0.004 0.017 0.014 0.917 0.023 
 78 TMA-ZAIN-G-    (0)   :  0.009 0.037 0.012 0.014 0.009 0.065 0.831 0.023 
 79 TMA-ZAIN-G-    (0)   :  0.011 0.011 0.008 0.005 0.023 0.051 0.776 0.114 
 80 TMA-ZAIN-G-    (0)   :  0.032 0.004 0.010 0.003 0.008 0.010 0.925 0.007 
 81 TMA-ZAIN-G-    (0)   :  0.006 0.010 0.007 0.005 0.010 0.014 0.910 0.039 
 82 TMA-ZAIN-G-    (0)   :  0.225 0.006 0.016 0.005 0.010 0.003 0.725 0.010 
 83 TMA-ZAIN-G-    (9)   :  0.142 0.027 0.024 0.063 0.012 0.029 0.698 0.006 
 84 TMA-ZAIN-G-    (0)   :  0.007 0.010 0.004 0.006 0.007 0.091 0.860 0.015 
 85 TMA-ZAIN-G-    (0)   :  0.003 0.004 0.004 0.005 0.004 0.003 0.004 0.974 
 86 TMA-ZAIN-G-    (0)   :  0.006 0.004 0.005 0.004 0.005 0.006 0.007 0.963 
 87 TMA-ZAIN-G-    (0)   :  0.002 0.004 0.003 0.005 0.003 0.003 0.003 0.975 
 88 TMA-ZAIN-G-    (0)   :  0.082 0.013 0.121 0.138 0.023 0.009 0.148 0.464 
 89 TMA-ZAIN-G-    (0)   :  0.031 0.007 0.583 0.026 0.021 0.022 0.044 0.266 
 90 TMA-ZAIN-G-    (0)   :  0.020 0.007 0.044 0.015 0.005 0.005 0.018 0.887 
 91 TMA-ZAIN-G-    (0)   :  0.011 0.013 0.072 0.027 0.012 0.005 0.008 0.852 
 92 TMA-ZAIN-G-    (0)   :  0.007 0.042 0.340 0.019 0.014 0.037 0.008 0.533 
 93 TMA-ZAIN-G-    (0)   :  0.008 0.056 0.544 0.051 0.013 0.013 0.006 0.309 
 94 TMA-ZAIN-G-    (0)   :  0.005 0.016 0.071 0.069 0.005 0.007 0.004 0.823 
 95 TMA-ZAIN-G-    (0)   :  0.023 0.893 0.004 0.015 0.037 0.004 0.019 0.006 
 96 TMA-ZAIN-G-    (0)   :  0.006 0.901 0.006 0.005 0.059 0.004 0.009 0.010 
 97 TMA-ZAIN-G-    (0)   :  0.010 0.028 0.020 0.902 0.008 0.007 0.012 0.013 
 98 TMA-ZAIN-G-    (0)   :  0.006 0.007 0.019 0.930 0.008 0.005 0.013 0.012 
 99 TMA-ZAIN-G-    (0)   :  0.025 0.009 0.004 0.730 0.029 0.030 0.170 0.004 
100 TMA-ZAIN-G-    (0)   :  0.006 0.051 0.032 0.849 0.008 0.020 0.007 0.028 
101 TMA-ZAIN-G-    (0)   :  0.011 0.021 0.025 0.892 0.008 0.007 0.031 0.005 
102 TMA-ZAIN-G-    (0)   :  0.008 0.026 0.006 0.885 0.028 0.007 0.022 0.018 
103 TMA-ZAIN-G-    (0)   :  0.005 0.025 0.006 0.925 0.009 0.003 0.012 0.015 
104 TMA-ZAIN-G-    (0)   :  0.003 0.007 0.006 0.970 0.004 0.003 0.004 0.004 
105 TMA-ZAIN-G-    (0)   :  0.005 0.025 0.008 0.914 0.009 0.003 0.013 0.023 
106 TMA-ZAIN-G-    (0)   :  0.046 0.004 0.005 0.003 0.666 0.003 0.266 0.007 
107 TMA-ZAIN-G-    (0)   :  0.009 0.004 0.005 0.004 0.010 0.002 0.961 0.004 
108 TMA-ZAIN-G-    (9)   :  0.010 0.093 0.015 0.253 0.233 0.023 0.312 0.062 
109 TMA-ZAIN-G-    (0)   :  0.284 0.093 0.075 0.268 0.165 0.004 0.099 0.012 
110 TMA-ZAIN-G-    (0)   :  0.011 0.085 0.018 0.125 0.213 0.133 0.391 0.023 
111 TMA-ZAIN-G-    (9)   :  0.020 0.028 0.027 0.803 0.009 0.012 0.094 0.007 
112 TMA-ZAIN-G-    (0)   :  0.028 0.240 0.030 0.252 0.234 0.012 0.188 0.015 
113 TMA-ZAIN-G-    (0)   :  0.018 0.007 0.045 0.860 0.009 0.006 0.047 0.008 
114 TMA-ZAIN-G-    (0)   :  0.003 0.005 0.004 0.971 0.002 0.006 0.004 0.005 
115 TMA-ZAIN-G-    (0)   :  0.004 0.006 0.005 0.968 0.004 0.004 0.005 0.003 
116 TMA-ZAIN-G-    (0)   :  0.026 0.004 0.017 0.005 0.009 0.002 0.932 0.004 
117 TMA-ZAIN-G-    (0)   :  0.371 0.021 0.059 0.009 0.248 0.003 0.224 0.065 
118 TMA-ZAIN-G-    (0)   :  0.051 0.007 0.011 0.005 0.019 0.003 0.899 0.006 
119 TMA-ZAIN-G-    (0)   :  0.059 0.011 0.018 0.013 0.008 0.008 0.879 0.004 
120 TMA-ZAIN-G-    (0)   :  0.046 0.012 0.014 0.007 0.044 0.004 0.860 0.013 
121 TMA-ZAIN-G-    (0)   :  0.322 0.013 0.042 0.013 0.070 0.003 0.522 0.015 
122 TMA-ZAIN-G-    (0)   :  0.043 0.011 0.014 0.006 0.052 0.007 0.744 0.123 
123 TMA-ZAIN-G-    (0)   :  0.004 0.021 0.006 0.940 0.010 0.004 0.007 0.008 
124 TMA-ZAIN-G-    (0)   :  0.005 0.006 0.004 0.004 0.958 0.002 0.012 0.008 
125 TMA-ZAIN-G-    (0)   :  0.039 0.005 0.060 0.002 0.875 0.002 0.011 0.006 
126 TMA-ZAIN-G-    (0)   :  0.005 0.004 0.007 0.004 0.957 0.003 0.013 0.006 
127 TMA-ZAIN-G-    (0)   :  0.009 0.003 0.004 0.003 0.960 0.003 0.013 0.005 
128 TMA-ZAIN-G-    (0)   :  0.062 0.006 0.006 0.004 0.888 0.003 0.024 0.008 
129 TMA-ZAIN-G-    (0)   :  0.007 0.004 0.005 0.005 0.957 0.002 0.012 0.006 
130 TMA-ZAIN-G-    (0)   :  0.009 0.006 0.029 0.005 0.929 0.002 0.014 0.006 
131 TMA-ZAIN-G-    (0)   :  0.006 0.007 0.004 0.004 0.957 0.003 0.009 0.010 
132 TMA-ZAIN-G-    (0)   :  0.104 0.006 0.036 0.004 0.782 0.002 0.058 0.009 
133 TMA-ZAIN-G-    (0)   :  0.119 0.017 0.031 0.004 0.658 0.028 0.087 0.056 
134 TMA-ZAIN-G-    (0)   :  0.065 0.007 0.020 0.004 0.776 0.017 0.065 0.046 
135 TMA-ZAIN-G-    (0)   :  0.027 0.004 0.010 0.004 0.042 0.007 0.889 0.016 
136 TMA-ZAIN-G-    (0)   :  0.727 0.006 0.018 0.010 0.035 0.006 0.193 0.006 
137 TMA-ZAIN-G-    (0)   :  0.006 0.004 0.005 0.004 0.011 0.006 0.954 0.009 
138 TMA-ZAIN-G-    (0)   :  0.019 0.003 0.025 0.004 0.321 0.003 0.620 0.005 
139 TMA-ZAIN-G-    (0)   :  0.016 0.003 0.074 0.004 0.075 0.006 0.814 0.009 
140 TMA-ZAIN-G-    (0)   :  0.010 0.005 0.004 0.004 0.018 0.004 0.950 0.005 
141 TMA-ZAIN-G-    (0)   :  0.008 0.006 0.006 0.005 0.048 0.003 0.913 0.010 
142 TMA-ZAIN-G-    (9)   :  0.014 0.005 0.005 0.003 0.019 0.003 0.945 0.006 
143 TMA-ZAIN-G-    (0)   :  0.017 0.006 0.006 0.004 0.081 0.003 0.876 0.007 
144 TMA-ZAIN-G-    (0)   :  0.007 0.012 0.024 0.004 0.038 0.006 0.900 0.009 
145 TMA-ZAIN-G-    (0)   :  0.289 0.005 0.014 0.003 0.019 0.002 0.662 0.005 
146 TMA-ZAIN-G-    (0)   :  0.006 0.003 0.004 0.003 0.006 0.003 0.969 0.006 
147 TMA-ZAIN-G-    (9)   :  0.011 0.004 0.004 0.003 0.008 0.004 0.961 0.005 
148 TMA-ZAIN-G-    (0)   :  0.005 0.004 0.032 0.003 0.073 0.003 0.874 0.005 
149 TMA-ZAIN-G-    (0)   :  0.007 0.014 0.064 0.026 0.050 0.007 0.790 0.042 
150 TMA-ZAIN-G-    (0)   :  0.045 0.013 0.076 0.026 0.017 0.006 0.798 0.019 
151 TMA-ZAIN-G-    (0)   :  0.021 0.004 0.007 0.003 0.037 0.003 0.922 0.003 
152 TMA-ZAIN-G-    (0)   :  0.010 0.004 0.006 0.003 0.010 0.003 0.961 0.003 
153 TMA-ZAIN-G-    (0)   :  0.017 0.004 0.013 0.003 0.048 0.002 0.910 0.004 
154 TMA-ZAIN-G-    (0)   :  0.007 0.004 0.007 0.003 0.008 0.002 0.963 0.005 
155 TMA-ZAIN-G-    (0)   :  0.012 0.004 0.003 0.004 0.015 0.003 0.955 0.005 
156 TMA-ZAIN-G-    (9)   :  0.005 0.005 0.018 0.005 0.090 0.003 0.870 0.004 
157 TMA-ZAIN-G-    (0)   :  0.013 0.005 0.006 0.004 0.179 0.003 0.785 0.005 
158 TMA-ZAIN-G-    (0)   :  0.006 0.005 0.005 0.004 0.006 0.003 0.968 0.004 
159 TMA-ZAIN-G-    (0)   :  0.009 0.003 0.004 0.003 0.005 0.002 0.969 0.003 
160 TMA-ZAIN-G-    (0)   :  0.017 0.003 0.006 0.004 0.004 0.002 0.960 0.003 
161 TMA-ZAIN-G-    (0)   :  0.006 0.005 0.014 0.003 0.042 0.003 0.922 0.005 
162 TMA-ZAIN-G-    (0)   :  0.006 0.009 0.020 0.028 0.007 0.007 0.908 0.014 
163 TMA-ZAIN-G-    (0)   :  0.005 0.003 0.004 0.003 0.005 0.002 0.975 0.003 
164 TMA-ZAIN-G-    (0)   :  0.008 0.004 0.008 0.004 0.007 0.003 0.958 0.007 
165 TMA-ZAIN-G-    (0)   :  0.008 0.003 0.003 0.004 0.007 0.003 0.969 0.003 
166 TMA-ZAIN-G-    (0)   :  0.008 0.003 0.007 0.003 0.011 0.002 0.960 0.005 
167 TMA-ZAIN-G-    (0)   :  0.006 0.006 0.005 0.006 0.023 0.005 0.939 0.010 
168 TMA-ZAIN-G-    (0)   :  0.031 0.005 0.006 0.005 0.025 0.004 0.918 0.007 
169 TMA-ZAIN-G-    (0)   :  0.274 0.004 0.006 0.004 0.010 0.003 0.690 0.009 
170 TMA-ZAIN-G-    (0)   :  0.032 0.026 0.004 0.013 0.183 0.014 0.722 0.006 
171 TMA-ZAIN-G-    (0)   :  0.045 0.003 0.004 0.003 0.006 0.003 0.930 0.005 
172 TMA-ZAIN-G-    (0)   :  0.007 0.007 0.004 0.004 0.642 0.005 0.325 0.006 
173 TMA-ZAIN-G-    (0)   :  0.011 0.008 0.005 0.004 0.828 0.004 0.134 0.007 
174 TMA-ZAIN-G-    (0)   :  0.091 0.005 0.008 0.003 0.138 0.003 0.748 0.005 
175 TMA-ZAIN-G-    (0)   :  0.011 0.003 0.004 0.003 0.006 0.003 0.963 0.007 
176 TMA-ZAIN-G-    (0)   :  0.007 0.004 0.004 0.003 0.007 0.003 0.965 0.006 
177 TMA-ZAIN-G-    (0)   :  0.004 0.005 0.003 0.003 0.019 0.004 0.956 0.005 
178 TMA-ZAIN-G-    (0)   :  0.006 0.008 0.005 0.005 0.478 0.005 0.488 0.005 
179 TMA-ZAIN-G-    (0)   :  0.009 0.005 0.004 0.003 0.071 0.004 0.899 0.006 
180 TMA-ZAIN-G-    (0)   :  0.104 0.009 0.013 0.006 0.768 0.012 0.047 0.042 
181 TMA-ZAIN-G-    (0)   :  0.007 0.004 0.004 0.004 0.956 0.003 0.019 0.003 
182 TMA-ZAIN-G-    (0)   :  0.003 0.004 0.004 0.004 0.964 0.003 0.012 0.006 
183 TMA-ZAIN-G-    (0)   :  0.006 0.004 0.004 0.003 0.965 0.003 0.012 0.004 
184 TMA-ZAIN-G-    (0)   :  0.011 0.016 0.031 0.036 0.815 0.008 0.055 0.029 
185 TMA-ZAIN-G-    (0)   :  0.010 0.042 0.046 0.032 0.762 0.015 0.074 0.018 
186 TMA-ZAIN-G-    (9)   :  0.010 0.014 0.007 0.005 0.894 0.007 0.059 0.005 
187 TMA-ZAIN-G-    (0)   :  0.020 0.005 0.003 0.004 0.860 0.003 0.101 0.004 
188 TMA-ZAIN-G-    (0)   :  0.023 0.004 0.004 0.003 0.855 0.002 0.105 0.003 
189 TMA-ZAIN-G-    (0)   :  0.015 0.003 0.003 0.003 0.954 0.003 0.014 0.004 
190 TMA-ZAIN-G-    (0)   :  0.029 0.007 0.005 0.003 0.885 0.004 0.063 0.003 
191 TMA-ZAIN-G-    (0)   :  0.007 0.016 0.015 0.025 0.861 0.016 0.037 0.023 
192 TMA-ZAIN-G-    (0)   :  0.006 0.005 0.005 0.004 0.906 0.035 0.016 0.021 
193 TMA-ZAIN-G-    (0)   :  0.005 0.004 0.008 0.003 0.970 0.003 0.004 0.005 
194 TMA-ZAIN-G-    (0)   :  0.006 0.005 0.012 0.003 0.961 0.004 0.004 0.005 
195 TMA-ZAIN-G-    (0)   :  0.012 0.005 0.006 0.003 0.954 0.003 0.013 0.005 
196 TMA-ZAIN-G-    (0)   :  0.008 0.004 0.006 0.003 0.967 0.003 0.005 0.004 
197 TMA-ZAIN-G-    (0)   :  0.009 0.004 0.010 0.003 0.957 0.003 0.006 0.008 
198 TMA-ZAIN-G-    (0)   :  0.007 0.003 0.005 0.003 0.967 0.003 0.007 0.004 
199 TMA-ZAIN-G-    (0)   :  0.008 0.009 0.008 0.004 0.923 0.005 0.039 0.004 
200 TMA-ZAIN-G-    (0)   :  0.009 0.052 0.016 0.056 0.020 0.831 0.007 0.009 
201 TMA-ZAIN-G-    (0)   :  0.034 0.037 0.011 0.031 0.013 0.839 0.020 0.016 
202 TMA-ZAIN-G-    (0)   :  0.002 0.005 0.002 0.005 0.007 0.972 0.004 0.003 
203 TMA-ZAIN-G-    (0)   :  0.004 0.004 0.006 0.005 0.966 0.003 0.008 0.005 
204 TMA-ZAIN-G-    (9)   :  0.005 0.031 0.027 0.016 0.004 0.788 0.004 0.126 
205 TMA-ZAIN-G-    (0)   :  0.007 0.018 0.008 0.006 0.008 0.863 0.078 0.012 
206 TMA-ZAIN-G-    (9)   :  0.010 0.023 0.022 0.024 0.026 0.624 0.023 0.248 
207 TMA-ZAIN-G-    (9)   :  0.123 0.057 0.087 0.012 0.023 0.005 0.611 0.083 
208 TMA-ZAIN-G-    (0)   :  0.056 0.005 0.005 0.003 0.009 0.004 0.917 0.003 
209 TMA-ZAIN-G-    (0)   :  0.015 0.004 0.045 0.003 0.806 0.003 0.115 0.009 
210 TMA-ZAIN-G-    (0)   :  0.088 0.006 0.013 0.004 0.738 0.003 0.138 0.010 
211 TMA-ZAIN-G-    (0)   :  0.035 0.029 0.012 0.014 0.673 0.026 0.201 0.009 
212 TMA-ZAIN-G-    (0)   :  0.026 0.008 0.009 0.004 0.376 0.009 0.540 0.027 
213 TMA-ZAIN-G-    (0)   :  0.008 0.005 0.012 0.004 0.262 0.004 0.700 0.005 
214 TMA-ZAIN-G-    (0)   :  0.059 0.005 0.010 0.003 0.447 0.003 0.468 0.005 
215 TMA-ZAIN-G-    (0)   :  0.007 0.254 0.003 0.005 0.066 0.016 0.647 0.003 
216 TMA-ZAIN-G-    (0)   :  0.008 0.008 0.010 0.004 0.873 0.006 0.088 0.005 
217 TMA-ZAIN-G-    (0)   :  0.156 0.004 0.007 0.003 0.462 0.003 0.357 0.007 
218 TMA-ZAIN-G-    (0)   :  0.010 0.962 0.004 0.005 0.006 0.004 0.005 0.004 
219 TMA-ZAIN-G-    (0)   :  0.004 0.934 0.006 0.005 0.005 0.024 0.004 0.018 
220 TMA-ZAIN-G-    (0)   :  0.014 0.898 0.008 0.035 0.006 0.003 0.023 0.013 
221 TMA-ZAIN-G-    (0)   :  0.007 0.882 0.006 0.006 0.017 0.055 0.011 0.016 
222 TMA-ZAIN-G-    (0)   :  0.013 0.898 0.013 0.019 0.008 0.009 0.013 0.027 
223 TMA-ZAIN-G-    (0)   :  0.003 0.956 0.005 0.009 0.003 0.008 0.003 0.013 
224 TMA-ZAIN-G-    (0)   :  0.005 0.819 0.009 0.021 0.016 0.008 0.006 0.116 
225 TMA-ZAIN-G-    (0)   :  0.003 0.956 0.004 0.010 0.007 0.011 0.004 0.006 
226 TMA-ZAIN-G-    (0)   :  0.005 0.941 0.005 0.014 0.010 0.008 0.007 0.010 
227 TMA-ZAIN-G-    (0)   :  0.004 0.905 0.005 0.011 0.011 0.049 0.009 0.006 
228 TMA-ZAIN-G-    (0)   :  0.008 0.906 0.005 0.032 0.007 0.006 0.019 0.017 
229 TMA-ZAIN-G-    (0)   :  0.008 0.916 0.006 0.035 0.003 0.022 0.003 0.007 
230 TMA-ZAIN-G-    (0)   :  0.020 0.538 0.016 0.026 0.043 0.004 0.025 0.328 
231 TMA-ZAIN-G-    (0)   :  0.010 0.154 0.013 0.626 0.015 0.033 0.028 0.121 
232 TMA-ZAIN-G-    (9)   :  0.047 0.072 0.008 0.761 0.056 0.020 0.012 0.022 
233 TMA-ZAIN-G-    (0)   :  0.039 0.858 0.013 0.006 0.011 0.034 0.014 0.025 
234 TMA-ZAIN-G-    (0)   :  0.007 0.682 0.030 0.223 0.007 0.038 0.008 0.006 
235 TMA-ZAIN-G-    (0)   :  0.005 0.721 0.008 0.141 0.055 0.010 0.030 0.030 
236 TMA-ZAIN-G-    (0)   :  0.007 0.703 0.004 0.113 0.018 0.061 0.012 0.081 
237 TMA-ZAIN-G-    (0)   :  0.024 0.433 0.012 0.188 0.038 0.006 0.126 0.175 
238 TMA-ZAIN-G-    (0)   :  0.005 0.834 0.004 0.059 0.017 0.041 0.032 0.008 
239 TMA-ZAIN-G-    (0)   :  0.009 0.017 0.068 0.022 0.068 0.692 0.006 0.117 
240 TMA-ZAIN-G-    (0)   :  0.002 0.004 0.004 0.004 0.003 0.976 0.003 0.005 
241 TMA-ZAIN-G-    (0)   :  0.003 0.003 0.003 0.003 0.003 0.978 0.004 0.003 
242 TMA-ZAIN-G-    (0)   :  0.003 0.003 0.003 0.003 0.002 0.981 0.003 0.002 
243 TMA-ZAIN-G-    (0)   :  0.004 0.003 0.003 0.003 0.003 0.978 0.004 0.003 
244 TMA-ZAIN-G-    (0)   :  0.004 0.003 0.003 0.003 0.003 0.976 0.006 0.002 
245 TMA-ZAIN-G-    (9)   :  0.002 0.003 0.003 0.004 0.003 0.980 0.003 0.003 
246 TMA-ZAIN-G-    (0)   :  0.002 0.003 0.003 0.003 0.002 0.981 0.003 0.003 
247 TMA-ZAIN-G-    (0)   :  0.003 0.003 0.003 0.002 0.002 0.983 0.002 0.003 
248 TMA-ZAIN-G-    (0)   :  0.003 0.004 0.003 0.003 0.004 0.977 0.004 0.003 
249 TMA-ZAIN-G-    (0)   :  0.002 0.003 0.003 0.003 0.003 0.980 0.003 0.003 
250 TMA-ZAIN-G-    (0)   :  0.003 0.004 0.003 0.003 0.003 0.980 0.002 0.003 
251 TMA-ZAIN-G-    (0)   :  0.004 0.004 0.968 0.004 0.005 0.002 0.004 0.009 
252 TMA-ZAIN-G-    (0)   :  0.037 0.008 0.894 0.003 0.008 0.004 0.043 0.004 
253 TMA-ZAIN-G-    (0)   :  0.005 0.003 0.970 0.004 0.004 0.005 0.006 0.005 
254 TMA-ZAIN-G-    (9)   :  0.012 0.005 0.948 0.004 0.007 0.003 0.015 0.007 
255 TMA-ZAIN-G-    (0)   :  0.007 0.003 0.961 0.011 0.004 0.004 0.005 0.004 
256 TMA-ZAIN-G-    (0)   :  0.006 0.005 0.925 0.007 0.011 0.016 0.008 0.022 
257 TMA-ZAIN-G-    (0)   :  0.004 0.004 0.961 0.004 0.006 0.005 0.003 0.013 
258 TMA-ZAIN-G-    (0)   :  0.004 0.003 0.972 0.003 0.004 0.004 0.003 0.007 
259 TMA-ZAIN-G-    (0)   :  0.005 0.005 0.951 0.004 0.004 0.006 0.003 0.021 
260 TMA-ZAIN-G-    (0)   :  0.009 0.004 0.953 0.004 0.005 0.005 0.004 0.016 
261 TMA-ZAIN-G-   (18)   :  0.010 0.007 0.942 0.005 0.008 0.003 0.005 0.020 
262 TMA-ZAIN-G-    (0)   :  0.003 0.004 0.970 0.004 0.005 0.003 0.003 0.009 
263 TMA-ZAIN-G-    (0)   :  0.004 0.004 0.969 0.005 0.004 0.003 0.004 0.008 
264 TMA-ZAIN-G-    (0)   :  0.004 0.004 0.968 0.005 0.004 0.003 0.004 0.008 
265 TMA-ZAIN-G-    (0)   :  0.033 0.235 0.226 0.014 0.026 0.023 0.030 0.413 
266 TMA-ZAIN-G-    (0)   :  0.034 0.039 0.652 0.022 0.178 0.009 0.043 0.024 
267 TMA-ZAIN-G-    (0)   :  0.020 0.100 0.248 0.205 0.012 0.058 0.014 0.344 
268 TMA-ZAIN-G-    (0)   :  0.003 0.005 0.004 0.971 0.003 0.004 0.003 0.006 
269 TMA-ZAIN-G-    (0)   :  0.004 0.013 0.004 0.934 0.004 0.005 0.005 0.031 
270 TMA-ZAIN-G-    (0)   :  0.004 0.015 0.004 0.875 0.004 0.008 0.005 0.084 
271 TMA-ZAIN-G-    (0)   :  0.003 0.006 0.004 0.960 0.003 0.007 0.004 0.013 
272 TMA-ZAIN-G-    (0)   :  0.004 0.048 0.003 0.908 0.005 0.011 0.005 0.017 
273 TMA-ZAIN-G-    (0)   :  0.003 0.021 0.003 0.936 0.003 0.023 0.003 0.007 
274 TMA-ZAIN-G-    (0)   :  0.006 0.013 0.006 0.938 0.013 0.009 0.007 0.008 
275 TMA-ZAIN-G-    (0)   :  0.003 0.010 0.003 0.961 0.004 0.013 0.003 0.004 
276 TMA-ZAIN-G-    (0)   :  0.003 0.006 0.003 0.968 0.003 0.009 0.004 0.005 
277 TMA-ZAIN-G-    (0)   :  0.004 0.009 0.006 0.863 0.004 0.105 0.004 0.005 
278 TMA-ZAIN-G-    (0)   :  0.004 0.014 0.005 0.832 0.004 0.124 0.004 0.015 
279 TMA-ZAIN-G-    (0)   :  0.003 0.021 0.003 0.941 0.005 0.017 0.004 0.004 
280 TMA-ZAIN-G-    (0)   :  0.003 0.027 0.003 0.940 0.006 0.012 0.004 0.005 
281 TMA-ZAIN-G-    (0)   :  0.003 0.012 0.004 0.936 0.004 0.028 0.003 0.009 
282 TMA-ZAIN-G-    (9)   :  0.003 0.009 0.005 0.937 0.003 0.035 0.003 0.006 
283 TMA-ZAIN-G-    (0)   :  0.004 0.036 0.026 0.858 0.004 0.029 0.005 0.038 
284 TMA-ZAIN-G-    (0)   :  0.003 0.042 0.038 0.828 0.006 0.015 0.007 0.060 
285 TMA-ZAIN-G-    (0)   :  0.007 0.015 0.009 0.865 0.007 0.082 0.006 0.011 
286 TMA-ZAIN-G-    (0)   :  0.002 0.007 0.006 0.949 0.003 0.018 0.003 0.011 
287 TMA-ZAIN-G-    (0)   :  0.005 0.006 0.005 0.948 0.006 0.018 0.004 0.008 
288 TMA-ZAIN-G-    (0)   :  0.007 0.030 0.007 0.911 0.024 0.005 0.010 0.006 
289 TMA-ZAIN-G-    (0)   :  0.008 0.012 0.006 0.940 0.009 0.012 0.006 0.008 
290 TMA-ZAIN-G-    (0)   :  0.003 0.014 0.005 0.956 0.006 0.005 0.005 0.005 
291 TMA-ZAIN-G-    (0)   :  0.003 0.946 0.007 0.011 0.005 0.011 0.004 0.012 
292 TMA-ZAIN-G-    (0)   :  0.008 0.018 0.004 0.011 0.064 0.014 0.872 0.009 
293 TMA-ZAIN-G-    (0)   :  0.027 0.011 0.011 0.004 0.042 0.020 0.840 0.044 
294 TMA-ZAIN-G-    (0)   :  0.014 0.004 0.005 0.003 0.007 0.005 0.947 0.015 
295 TMA-ZAIN-G-    (9)   :  0.021 0.010 0.007 0.005 0.012 0.007 0.921 0.018 
296 TMA-ZAIN-G-    (0)   :  0.007 0.013 0.008 0.009 0.053 0.005 0.867 0.038 
297 TMA-ZAIN-G-    (0)   :  0.031 0.009 0.020 0.006 0.136 0.005 0.774 0.019 
298 TMA-ZAIN-G-    (0)   :  0.024 0.010 0.015 0.010 0.007 0.006 0.722 0.207 
299 TMA-ZAIN-G-    (0)   :  0.012 0.006 0.003 0.005 0.006 0.009 0.954 0.004 
300 TMA-ZAIN-G-    (0)   :  0.084 0.009 0.007 0.004 0.030 0.008 0.847 0.011 
301 TMA-ZAIN-G-    (0)   :  0.029 0.007 0.006 0.005 0.055 0.016 0.859 0.023 
302 TMA-ZAIN-G-    (9)   :  0.007 0.005 0.005 0.003 0.034 0.003 0.931 0.011 
303 TMA-ZAIN-G-    (0)   :  0.002 0.860 0.040 0.014 0.067 0.004 0.005 0.008 
304 TMA-ZAIN-G-    (0)   :  0.219 0.010 0.534 0.017 0.134 0.010 0.061 0.015 
305 TMA-ZAIN-G-    (0)   :  0.020 0.006 0.007 0.004 0.022 0.005 0.916 0.021 
306 TMA-ZAIN-G-    (0)   :  0.022 0.011 0.440 0.084 0.034 0.015 0.387 0.007 
307 TMA-ZAIN-G-    (0)   :  0.483 0.007 0.345 0.013 0.063 0.016 0.056 0.016 
308 TMA-ZAIN-G-    (0)   :  0.013 0.134 0.760 0.046 0.009 0.019 0.004 0.015 
309 TMA-ZAIN-G-    (0)   :  0.010 0.004 0.003 0.003 0.944 0.003 0.028 0.004 
310 TMA-ZAIN-G-    (0)   :  0.013 0.015 0.011 0.009 0.008 0.012 0.865 0.066 
311 TMA-ZAIN-G-    (0)   :  0.008 0.026 0.038 0.027 0.054 0.002 0.743 0.102 
312 TMA-ZAIN-G-    (0)   :  0.018 0.030 0.011 0.005 0.793 0.005 0.132 0.006 
313 TMA-ZAIN-G-    (0)   :  0.054 0.006 0.632 0.012 0.101 0.003 0.158 0.032 
314 TMA-ZAIN-G-    (0)   :  0.013 0.091 0.021 0.782 0.032 0.003 0.013 0.044 
315 TMA-ZAIN-G-    (0)   :  0.117 0.057 0.019 0.318 0.024 0.024 0.380 0.062 
316 TMA-ZAIN-G-    (0)   :  0.118 0.100 0.019 0.352 0.021 0.017 0.333 0.041 
317 TMA-ZAIN-G-    (0)   :  0.004 0.914 0.012 0.037 0.006 0.009 0.008 0.009 
318 TMA-ZAIN-G-    (9)   :  0.013 0.065 0.035 0.787 0.009 0.045 0.011 0.035 
319 TMA-ZAIN-G-    (0)   :  0.004 0.747 0.008 0.034 0.153 0.016 0.007 0.031 
320 TMA-ZAIN-G-    (0)   :  0.032 0.442 0.005 0.005 0.027 0.020 0.451 0.017 
321 TMA-ZAIN-G-    (0)   :  0.063 0.151 0.010 0.171 0.198 0.011 0.369 0.028 
322 TMA-ZAIN-G-    (0)   :  0.069 0.503 0.075 0.035 0.052 0.006 0.238 0.022 
323 TMA-ZAIN-G-    (0)   :  0.020 0.874 0.012 0.008 0.045 0.024 0.009 0.008 
324 TMA-ZAIN-G-    (0)   :  0.030 0.009 0.031 0.006 0.058 0.005 0.844 0.019 
325 TMA-ZAIN-G-    (0)   :  0.005 0.807 0.005 0.004 0.010 0.148 0.009 0.012 
326 TMA-ZAIN-G-    (0)   :  0.007 0.631 0.047 0.003 0.286 0.005 0.013 0.008 
327 TMA-ZAIN-G-    (0)   :  0.012 0.004 0.015 0.003 0.952 0.003 0.005 0.007 
328 TMA-ZAIN-G-    (0)   :  0.168 0.083 0.011 0.499 0.204 0.010 0.012 0.013 
329 TMA-ZAIN-G-    (0)   :  0.215 0.013 0.020 0.005 0.257 0.011 0.354 0.125 
330 TMA-ZAIN-G-    (0)   :  0.113 0.012 0.040 0.004 0.694 0.003 0.122 0.014 
331 TMA-ZAIN-G-    (0)   :  0.007 0.013 0.018 0.015 0.336 0.013 0.262 0.336 
332 TMA-ZAIN-G-    (0)   :  0.008 0.004 0.005 0.002 0.958 0.003 0.017 0.004 
333 TMA-ZAIN-G-    (0)   :  0.005 0.004 0.008 0.003 0.971 0.003 0.004 0.004 
334 TMA-ZAIN-G-    (0)   :  0.003 0.014 0.005 0.927 0.003 0.028 0.003 0.016 
335 TMA-ZAIN-G-    (0)   :  0.007 0.009 0.004 0.927 0.004 0.025 0.006 0.018 
336 TMA-ZAIN-G-    (0)   :  0.006 0.027 0.006 0.767 0.005 0.025 0.007 0.157 
337 TMA-ZAIN-G-    (9)   :  0.004 0.025 0.004 0.940 0.004 0.009 0.006 0.008 
338 TMA-ZAIN-G-    (0)   :  0.003 0.006 0.004 0.972 0.003 0.005 0.003 0.004 
339 TMA-ZAIN-G-    (0)   :  0.002 0.006 0.004 0.965 0.002 0.014 0.002 0.004 
340 TMA-ZAIN-G-    (0)   :  0.004 0.007 0.003 0.949 0.003 0.013 0.004 0.017 
341 TMA-ZAIN-G-    (0)   :  0.005 0.006 0.003 0.958 0.004 0.012 0.004 0.009 
342 TMA-ZAIN-G-    (0)   :  0.004 0.009 0.004 0.819 0.004 0.022 0.005 0.134 
343 TMA-ZAIN-G-    (0)   :  0.003 0.006 0.003 0.970 0.003 0.009 0.003 0.004 
344 TMA-ZAIN-G-    (0)   :  0.003 0.022 0.004 0.909 0.005 0.044 0.005 0.007 
345 TMA-ZAIN-G-    (0)   :  0.003 0.006 0.004 0.931 0.003 0.044 0.003 0.007 
346 TMA-ZAIN-G-    (0)   :  0.003 0.016 0.004 0.941 0.005 0.022 0.004 0.005 
347 TMA-ZAIN-G-    (9)   :  0.003 0.010 0.003 0.953 0.003 0.019 0.004 0.005 
348 TMA-ZAIN-G-    (0)   :  0.004 0.030 0.006 0.911 0.004 0.030 0.005 0.010 
349 TMA-ZAIN-G-    (0)   :  0.003 0.010 0.004 0.942 0.003 0.032 0.004 0.004 
350 TMA-ZAIN-G-    (0)   :  0.006 0.124 0.004 0.799 0.006 0.027 0.007 0.027 
351 TMA-ZAIN-G-    (0)   :  0.004 0.013 0.005 0.926 0.003 0.038 0.004 0.007 
352 TMA-ZAIN-G-    (0)   :  0.007 0.008 0.004 0.909 0.004 0.011 0.006 0.051 
353 TMA-ZAIN-G-    (0)   :  0.003 0.028 0.004 0.916 0.006 0.029 0.005 0.007 
354 TMA-ZAIN-G-    (0)   :  0.002 0.014 0.003 0.954 0.005 0.014 0.005 0.003 
355 TMA-ZAIN-G-    (0)   :  0.004 0.010 0.003 0.946 0.006 0.016 0.007 0.007 
356 TMA-ZAIN-G-    (0)   :  0.165 0.012 0.016 0.003 0.003 0.002 0.794 0.005 
357 TMA-ZAIN-G-    (0)   :  0.085 0.013 0.012 0.010 0.443 0.003 0.418 0.015 
358 TMA-ZAIN-G-    (0)   :  0.298 0.037 0.019 0.060 0.241 0.008 0.261 0.076 
359 TMA-ZAIN-G-    (0)   :  0.541 0.023 0.027 0.008 0.006 0.034 0.200 0.162 
360 TMA-ZAIN-G-    (0)   :  0.028 0.004 0.005 0.003 0.005 0.005 0.943 0.007 
361 TMA-ZAIN-G-    (0)   :  0.033 0.009 0.014 0.007 0.697 0.003 0.226 0.012 
362 TMA-ZAIN-G-    (0)   :  0.009 0.008 0.004 0.006 0.004 0.033 0.931 0.005 
363 TMA-ZAIN-G-    (0)   :  0.019 0.035 0.012 0.006 0.475 0.011 0.338 0.103 
364 TMA-ZAIN-G-    (0)   :  0.016 0.532 0.014 0.318 0.015 0.007 0.023 0.075 
365 TMA-ZAIN-G-    (0)   :  0.040 0.049 0.004 0.195 0.022 0.011 0.671 0.008 
366 TMA-ZAIN-G-    (0)   :  0.206 0.005 0.012 0.005 0.009 0.008 0.712 0.044 
367 TMA-ZAIN-G-    (0)   :  0.009 0.029 0.098 0.047 0.697 0.002 0.080 0.037 
368 TMA-ZAIN-G-    (0)   :  0.193 0.006 0.013 0.005 0.019 0.005 0.737 0.022 
369 TMA-ZAIN-G-    (0)   :  0.045 0.005 0.004 0.002 0.907 0.003 0.027 0.006 
370 TMA-ZAIN-G-    (0)   :  0.015 0.006 0.004 0.006 0.804 0.004 0.145 0.016 
371 TMA-ZAIN-G-    (0)   :  0.031 0.004 0.005 0.004 0.008 0.003 0.939 0.005 
372 TMA-ZAIN-G-    (0)   :  0.023 0.004 0.006 0.003 0.014 0.004 0.939 0.006 
373 TMA-ZAIN-G-    (0)   :  0.004 0.005 0.004 0.003 0.972 0.003 0.004 0.004 
374 TMA-ZAIN-G-    (0)   :  0.007 0.127 0.154 0.206 0.436 0.003 0.052 0.014 
375 TMA-ZAIN-G-    (0)   :  0.011 0.710 0.006 0.025 0.199 0.012 0.026 0.010 
376 TMA-ZAIN-G-    (9)   :  0.004 0.004 0.003 0.004 0.007 0.003 0.969 0.005 
377 TMA-ZAIN-G-    (0)   :  0.015 0.003 0.005 0.002 0.009 0.002 0.960 0.004 
378 TMA-ZAIN-G-    (0)   :  0.015 0.003 0.005 0.003 0.009 0.002 0.960 0.003 
379 TMA-ZAIN-G-    (0)   :  0.015 0.003 0.011 0.003 0.008 0.002 0.955 0.003 
380 TMA-ZAIN-G-    (0)   :  0.058 0.004 0.006 0.003 0.010 0.004 0.903 0.011 
381 TMA-ZAIN-G-    (9)   :  0.140 0.546 0.053 0.010 0.034 0.010 0.102 0.106 
382 TMA-ZAIN-G-    (9)   :  0.003 0.198 0.005 0.699 0.015 0.028 0.009 0.042 
383    ZFB01    (0)   :  0.004 0.004 0.005 0.962 0.005 0.009 0.008 0.003 
384    ZFB02    (0)   :  0.003 0.006 0.010 0.956 0.003 0.011 0.005 0.006 
385    ZFB03    (0)   :  0.003 0.020 0.006 0.944 0.011 0.003 0.007 0.006 
386    ZFB04    (0)   :  0.004 0.005 0.006 0.945 0.004 0.020 0.008 0.009 
387    ZFB05    (0)   :  0.014 0.040 0.006 0.836 0.012 0.043 0.004 0.045 
388    ZFB06    (0)   :  0.016 0.038 0.005 0.878 0.013 0.031 0.004 0.015 
389    ZFB07    (9)   :  0.006 0.022 0.005 0.920 0.010 0.011 0.016 0.009 
390    ZFB08    (0)   :  0.005 0.012 0.007 0.956 0.006 0.003 0.006 0.006 
391    ZFB09    (0)   :  0.003 0.005 0.004 0.973 0.003 0.003 0.004 0.003 
392    ZFB10    (0)   :  0.009 0.005 0.009 0.913 0.007 0.010 0.040 0.007 
393    ZFB11    (0)   :  0.005 0.004 0.008 0.926 0.005 0.024 0.022 0.006 
394    ZFB12    (0)   :  0.003 0.006 0.003 0.966 0.006 0.006 0.007 0.004 
395    ZFB13    (0)   :  0.006 0.011 0.004 0.953 0.006 0.003 0.008 0.008 
396    ZFB14    (0)   :  0.004 0.005 0.006 0.961 0.004 0.003 0.010 0.006 
397    ZFB15    (0)   :  0.003 0.004 0.003 0.971 0.003 0.008 0.004 0.004 
398    ZFB16    (0)   :  0.004 0.008 0.003 0.958 0.004 0.007 0.006 0.010 
399    ZFB17    (0)   :  0.014 0.023 0.017 0.845 0.009 0.024 0.016 0.052 
400    ZFB18    (0)   :  0.004 0.005 0.007 0.967 0.003 0.003 0.007 0.003 
401    ZFB19    (0)   :  0.009 0.049 0.004 0.862 0.016 0.006 0.048 0.006 
402    ZFB20    (0)   :  0.003 0.005 0.003 0.960 0.004 0.012 0.005 0.008 
403    ZFB21    (0)   :  0.003 0.006 0.003 0.972 0.003 0.005 0.003 0.005 
404    ZFB22    (0)   :  0.016 0.012 0.010 0.881 0.010 0.042 0.020 0.009 
405    ZFB23    (0)   :  0.006 0.007 0.005 0.913 0.008 0.036 0.017 0.009 
406    ZFB24    (0)   :  0.005 0.004 0.005 0.925 0.005 0.036 0.012 0.009 
407    ZFB25    (0)   :  0.010 0.004 0.007 0.852 0.013 0.012 0.098 0.006 
408    ZFB26    (0)   :  0.007 0.006 0.007 0.809 0.009 0.079 0.051 0.032 
409    ZFB27    (0)   :  0.004 0.004 0.005 0.809 0.005 0.154 0.016 0.004 
410    ZFB28    (0)   :  0.003 0.014 0.007 0.913 0.008 0.035 0.008 0.013 
411    ZFB29    (0)   :  0.003 0.006 0.006 0.955 0.003 0.011 0.005 0.012 
412    ZFB30    (0)   :  0.015 0.039 0.004 0.676 0.010 0.242 0.007 0.005 
413    ZFB31    (0)   :  0.007 0.005 0.006 0.911 0.010 0.010 0.047 0.004 
414    ZFB32    (0)   :  0.005 0.021 0.015 0.893 0.013 0.016 0.014 0.023 
415    ZFB33    (0)   :  0.003 0.004 0.003 0.968 0.003 0.009 0.005 0.004 
416    ZFB34    (0)   :  0.004 0.007 0.007 0.966 0.004 0.003 0.006 0.004 
417    ZFB35    (0)   :  0.004 0.006 0.006 0.948 0.007 0.007 0.011 0.010 
418  ZFBP101    (0)   :  0.086 0.013 0.088 0.011 0.191 0.003 0.496 0.113 
419  ZFBP102    (0)   :  0.019 0.016 0.015 0.015 0.087 0.003 0.793 0.053 
420  ZFBP103    (0)   :  0.021 0.010 0.163 0.009 0.469 0.003 0.271 0.054 
421  ZFBP104    (0)   :  0.011 0.054 0.004 0.042 0.201 0.003 0.679 0.006 
422  ZFBP105    (0)   :  0.006 0.006 0.005 0.006 0.067 0.004 0.899 0.007 
423  ZFBP106    (0)   :  0.013 0.004 0.007 0.003 0.056 0.003 0.900 0.013 
424  ZFBP107    (0)   :  0.006 0.008 0.005 0.006 0.133 0.018 0.801 0.023 
425  ZFBP108    (0)   :  0.005 0.003 0.003 0.003 0.008 0.003 0.971 0.004 
426  ZFBP109    (0)   :  0.007 0.003 0.004 0.003 0.008 0.002 0.970 0.004 
427  ZFBP110    (0)   :  0.007 0.039 0.038 0.027 0.344 0.003 0.497 0.044 
428  ZFBP111    (0)   :  0.193 0.005 0.005 0.003 0.046 0.004 0.739 0.005 
429  ZFBP112    (0)   :  0.074 0.006 0.015 0.005 0.023 0.006 0.854 0.017 
430  ZFBP113    (0)   :  0.005 0.005 0.003 0.004 0.007 0.004 0.968 0.004 
431  ZFBP114    (0)   :  0.008 0.005 0.005 0.003 0.030 0.007 0.930 0.013 
432  ZFBP115    (0)   :  0.021 0.007 0.008 0.003 0.737 0.004 0.210 0.010 
433  ZFBP116    (0)   :  0.007 0.005 0.004 0.003 0.013 0.005 0.956 0.006 
434  ZFBP117    (0)   :  0.008 0.004 0.007 0.003 0.010 0.003 0.961 0.005 
435  ZFBP118    (0)   :  0.011 0.006 0.004 0.003 0.022 0.008 0.936 0.011 
436  ZFBP119    (0)   :  0.023 0.009 0.026 0.004 0.180 0.002 0.739 0.017 
437  ZFBP120    (0)   :  0.005 0.007 0.004 0.006 0.044 0.004 0.924 0.006 
438  ZFBP121    (0)   :  0.006 0.005 0.007 0.005 0.013 0.003 0.955 0.007 
439  ZFBP122    (9)   :  0.016 0.005 0.005 0.003 0.015 0.003 0.946 0.007 
440  ZFBP123    (0)   :  0.022 0.005 0.008 0.004 0.008 0.008 0.889 0.055 
441  ZFBP124    (0)   :  0.006 0.004 0.005 0.006 0.008 0.004 0.958 0.009 
442  ZFBP125    (0)   :  0.018 0.003 0.006 0.003 0.020 0.003 0.941 0.006 
443  ZFBP126    (0)   :  0.007 0.020 0.027 0.012 0.008 0.003 0.893 0.029 
444  ZFBP127    (0)   :  0.005 0.004 0.010 0.003 0.047 0.003 0.921 0.007 
445  ZFBP128    (0)   :  0.038 0.003 0.019 0.004 0.027 0.002 0.899 0.007 
446  ZFBP129    (0)   :  0.026 0.005 0.008 0.004 0.007 0.002 0.942 0.006 
447  ZFBP130    (0)   :  0.097 0.004 0.024 0.002 0.027 0.003 0.833 0.009 
448  ZFBP131    (0)   :  0.006 0.004 0.004 0.004 0.004 0.003 0.971 0.004 
449  ZFBP132    (0)   :  0.004 0.003 0.004 0.003 0.011 0.003 0.966 0.004 
450  ZFBP133    (0)   :  0.311 0.003 0.009 0.003 0.004 0.002 0.665 0.003 
451  ZFBP134    (0)   :  0.020 0.005 0.049 0.004 0.195 0.003 0.721 0.004 
452  ZFBP135    (0)   :  0.020 0.008 0.218 0.010 0.070 0.002 0.610 0.062 
453  ZFBP136    (0)   :  0.073 0.006 0.043 0.005 0.135 0.010 0.532 0.196 
454  ZFBP201    (0)   :  0.006 0.006 0.005 0.006 0.011 0.008 0.951 0.007 
455  ZFBP202    (0)   :  0.010 0.004 0.004 0.004 0.014 0.003 0.955 0.005 
456  ZFBP203    (0)   :  0.030 0.020 0.005 0.010 0.010 0.045 0.870 0.011 
457  ZFBP204    (0)   :  0.028 0.007 0.012 0.005 0.112 0.006 0.793 0.038 
458  ZFBP205    (0)   :  0.016 0.004 0.008 0.003 0.004 0.006 0.942 0.016 
459  ZFBP206    (0)   :  0.183 0.006 0.011 0.006 0.007 0.009 0.729 0.049 
460  ZFBP207    (0)   :  0.010 0.006 0.013 0.005 0.253 0.005 0.700 0.009 
461  ZFBP208    (0)   :  0.013 0.008 0.006 0.005 0.005 0.016 0.921 0.025 
462  ZFBP209    (0)   :  0.108 0.003 0.009 0.003 0.005 0.002 0.867 0.003 
463  ZFBP210    (0)   :  0.019 0.008 0.005 0.006 0.013 0.010 0.930 0.009 
464  ZFBP211    (0)   :  0.005 0.005 0.004 0.005 0.010 0.003 0.960 0.008 
465  ZFBP212    (0)   :  0.007 0.004 0.003 0.004 0.051 0.003 0.925 0.003 
466  ZFBP213    (0)   :  0.021 0.007 0.010 0.008 0.009 0.005 0.907 0.033 
467  ZFBP214    (0)   :  0.143 0.018 0.049 0.009 0.045 0.005 0.707 0.025 
468  ZFBP215    (0)   :  0.008 0.004 0.006 0.003 0.007 0.003 0.964 0.005 
469  ZFBP216    (0)   :  0.006 0.012 0.005 0.006 0.016 0.006 0.943 0.006 
470  ZFBP217    (0)   :  0.176 0.008 0.007 0.005 0.039 0.004 0.757 0.005 
471  ZFBP218    (0)   :  0.015 0.004 0.004 0.003 0.007 0.003 0.961 0.003 
472  ZFBP219    (0)   :  0.005 0.005 0.003 0.003 0.007 0.004 0.969 0.004 
473  ZFBP220    (0)   :  0.071 0.005 0.023 0.003 0.062 0.004 0.823 0.009 
474  ZFBP221    (0)   :  0.009 0.004 0.003 0.004 0.045 0.004 0.928 0.003 
475  ZFBP222    (0)   :  0.012 0.005 0.008 0.005 0.004 0.005 0.954 0.007 
476  ZFBP223    (0)   :  0.012 0.008 0.009 0.007 0.210 0.007 0.737 0.011 
477  ZFBP224    (0)   :  0.006 0.006 0.005 0.005 0.007 0.004 0.951 0.016 
478  ZFBP225    (0)   :  0.370 0.010 0.014 0.005 0.166 0.011 0.413 0.010 
479  ZFBP226    (0)   :  0.007 0.005 0.004 0.004 0.010 0.005 0.962 0.005 
480  ZFBP227    (0)   :  0.011 0.145 0.006 0.033 0.092 0.004 0.698 0.012 
481  ZFBP228    (0)   :  0.008 0.004 0.014 0.004 0.111 0.003 0.850 0.005 
482  ZFBP229    (0)   :  0.023 0.004 0.007 0.003 0.010 0.003 0.947 0.004 
483  ZFBP230    (0)   :  0.058 0.005 0.031 0.004 0.058 0.004 0.831 0.009 
484  ZFBP231    (0)   :  0.006 0.005 0.004 0.005 0.011 0.004 0.948 0.017 
485  ZFBP232    (0)   :  0.008 0.003 0.004 0.003 0.006 0.003 0.967 0.005 
486  ZFBP233    (0)   :  0.017 0.006 0.005 0.005 0.013 0.004 0.940 0.010 
487   ZFCC01    (0)   :  0.005 0.004 0.962 0.009 0.004 0.004 0.004 0.009 
488   ZFCC03    (0)   :  0.005 0.003 0.970 0.004 0.005 0.003 0.004 0.006 
