

----------------------------------------------------
STRUCTURE by Pritchard, Stephens and Donnelly (2000)
     and Falush, Stephens and Pritchard (2003)
       Code by Pritchard, Falush and Hubisz
             Version 2.3.4 (Jul 2012)
----------------------------------------------------



Command line arguments:   bin\structure -m C:\Users\eschumacher\Documents\GitHub\GCC_QUAC_ZAIN\Data_Files\Structure_Files\ZAIN\ZAIN_rebinned_garden_wild_nopopinfo\50-50\mainparams -e C:\Users\eschumacher\Documents\GitHub\GCC_QUAC_ZAIN\Data_Files\Structure_Files\ZAIN\ZAIN_rebinned_garden_wild_nopopinfo\50-50\extraparams 
Input File:    C:\Users\eschumacher\Documents\GitHub\GCC_QUAC_ZAIN\Data_Files\Structure_Files\ZAIN\ZAIN_rebinned_garden_wild_nopopinfo\project_data

Run parameters:
   1133 individuals
   11 loci
   16 populations assumed
   50000 Burn-in period
   50000 Reps


--------------------------------------------
Overall proportion of membership of the
sample in each of the 16 clusters

Inferred Clusters
  1      2      3      4      5      6      7      8      9     10     11     12     13     14     15     16    
0.056  0.087  0.087  0.058  0.034  0.050  0.075  0.044  0.062  0.060  0.117  0.048  0.066  0.057  0.040  0.057  

--------------------------------------------

Allele-freq. divergence among pops (Net nucleotide distance),
computed using point estimates of P.

      1       2       3       4       5       6       7       8       9      10      11      12      13      14      15      16      
 1      -    0.2186  0.2818  0.1825  0.2109  0.1670  0.2743  0.1267  0.0990  0.2695  0.3237  0.0747  0.2914  0.0596  0.0677  0.0255  
 2   0.2186     -    0.1319  0.1008  0.1527  0.2944  0.1771  0.1936  0.1709  0.2033  0.1179  0.2090  0.1155  0.2660  0.2190  0.1845  
 3   0.2818  0.1319     -    0.2034  0.2489  0.3799  0.2214  0.2788  0.2952  0.3186  0.1738  0.2870  0.0914  0.2902  0.2468  0.2603  
 4   0.1825  0.1008  0.2034     -    0.1781  0.1818  0.1910  0.1350  0.1345  0.2439  0.2310  0.2052  0.1801  0.2165  0.1314  0.1425  
 5   0.2109  0.1527  0.2489  0.1781     -    0.2922  0.2137  0.1879  0.2163  0.2510  0.2463  0.2222  0.2526  0.2883  0.2047  0.1779  
 6   0.1670  0.2944  0.3799  0.1818  0.2922     -    0.2325  0.1657  0.1525  0.2985  0.3885  0.1256  0.3914  0.1744  0.1074  0.1244  
 7   0.2743  0.1771  0.2214  0.1910  0.2137  0.2325     -    0.1911  0.2313  0.2115  0.2906  0.2519  0.1924  0.2997  0.2148  0.2443  
 8   0.1267  0.1936  0.2788  0.1350  0.1879  0.1657  0.1911     -    0.0657  0.1809  0.3613  0.1651  0.2667  0.1167  0.0902  0.0768  
 9   0.0990  0.1709  0.2952  0.1345  0.2163  0.1525  0.2313  0.0657     -    0.1462  0.3069  0.1322  0.2998  0.1069  0.1113  0.0569  
10   0.2695  0.2033  0.3186  0.2439  0.2510  0.2985  0.2115  0.1809  0.1462     -    0.3837  0.2587  0.3093  0.3157  0.2640  0.2203  
11   0.3237  0.1179  0.1738  0.2310  0.2463  0.3885  0.2906  0.3613  0.3069  0.3837     -    0.3149  0.2010  0.3931  0.3359  0.2875  
12   0.0747  0.2090  0.2870  0.2052  0.2222  0.1256  0.2519  0.1651  0.1322  0.2587  0.3149     -    0.3086  0.1231  0.1009  0.0663  
13   0.2914  0.1155  0.0914  0.1801  0.2526  0.3914  0.1924  0.2667  0.2998  0.3093  0.2010  0.3086     -    0.3071  0.2529  0.2741  
14   0.0596  0.2660  0.2902  0.2165  0.2883  0.1744  0.2997  0.1167  0.1069  0.3157  0.3931  0.1231  0.3071     -    0.0608  0.0620  
15   0.0677  0.2190  0.2468  0.1314  0.2047  0.1074  0.2148  0.0902  0.1113  0.2640  0.3359  0.1009  0.2529  0.0608     -    0.0540  
16   0.0255  0.1845  0.2603  0.1425  0.1779  0.1244  0.2443  0.0768  0.0569  0.2203  0.2875  0.0663  0.2741  0.0620  0.0540     -    

Average distances (expected heterozygosity) between individuals in same cluster:
cluster  1  : 0.3299 
cluster  2  : 0.5244 
cluster  3  : 0.4893 
cluster  4  : 0.4560 
cluster  5  : 0.2471 
cluster  6  : 0.3482 
cluster  7  : 0.3649 
cluster  8  : 0.3530 
cluster  9  : 0.4310 
cluster 10  : 0.2252 
cluster 11  : 0.4002 
cluster 12  : 0.3876 
cluster 13  : 0.3356 
cluster 14  : 0.3179 
cluster 15  : 0.3839 
cluster 16  : 0.4012 

--------------------------------------------
Estimated Ln Prob of Data   = -20545.5
Mean value of ln likelihood = -19540.0
Variance of ln likelihood   = 2011.0
Mean value of alpha         = 0.0350

Mean value of Fst_1         = 0.4267
Mean value of Fst_2         = 0.1802
Mean value of Fst_3         = 0.4156
Mean value of Fst_4         = 0.3042
Mean value of Fst_5         = 0.6262
Mean value of Fst_6         = 0.4330
Mean value of Fst_7         = 0.4700
Mean value of Fst_8         = 0.5155
Mean value of Fst_9         = 0.3289
Mean value of Fst_10         = 0.6249
Mean value of Fst_11         = 0.4487
Mean value of Fst_12         = 0.4058
Mean value of Fst_13         = 0.5206
Mean value of Fst_14         = 0.4676
Mean value of Fst_15         = 0.3665
Mean value of Fst_16         = 0.3122


Inferred ancestry of individuals:
        Label (%Miss) :  Inferred clusters
  1 TMA-ZAIN-G-    (9)   :  0.006 0.030 0.625 0.017 0.007 0.006 0.009 0.010 0.036 0.030 0.006 0.005 0.027 0.007 0.173 0.006 
  2 TMA-ZAIN-G-    (0)   :  0.023 0.010 0.659 0.006 0.015 0.004 0.018 0.005 0.012 0.008 0.006 0.133 0.019 0.007 0.063 0.013 
  3 TMA-ZAIN-G-    (0)   :  0.020 0.004 0.004 0.009 0.006 0.037 0.007 0.047 0.022 0.017 0.003 0.010 0.004 0.052 0.728 0.030 
  4 TMA-ZAIN-G-    (0)   :  0.070 0.006 0.005 0.005 0.557 0.039 0.016 0.015 0.008 0.018 0.005 0.012 0.009 0.092 0.121 0.023 
  5 TMA-ZAIN-G-    (0)   :  0.003 0.004 0.943 0.005 0.005 0.002 0.006 0.003 0.002 0.002 0.005 0.002 0.009 0.003 0.003 0.003 
  6 TMA-ZAIN-G-    (0)   :  0.008 0.026 0.020 0.096 0.028 0.032 0.012 0.044 0.014 0.010 0.027 0.011 0.012 0.009 0.628 0.026 
  7 TMA-ZAIN-G-    (0)   :  0.084 0.009 0.008 0.013 0.079 0.007 0.010 0.177 0.021 0.037 0.005 0.016 0.012 0.032 0.146 0.344 
  8 TMA-ZAIN-G-    (0)   :  0.009 0.003 0.004 0.005 0.004 0.010 0.008 0.891 0.007 0.004 0.003 0.008 0.004 0.011 0.020 0.008 
  9 TMA-ZAIN-G-    (9)   :  0.117 0.005 0.007 0.023 0.007 0.017 0.005 0.015 0.075 0.007 0.004 0.055 0.005 0.038 0.182 0.438 
 10 TMA-ZAIN-G-    (0)   :  0.282 0.006 0.003 0.030 0.012 0.033 0.010 0.054 0.154 0.012 0.004 0.031 0.004 0.027 0.061 0.277 
 11 TMA-ZAIN-G-    (0)   :  0.141 0.005 0.004 0.006 0.013 0.005 0.005 0.010 0.088 0.009 0.004 0.014 0.006 0.007 0.045 0.636 
 12 TMA-ZAIN-G-    (0)   :  0.061 0.007 0.006 0.010 0.006 0.005 0.005 0.018 0.040 0.030 0.003 0.008 0.005 0.649 0.103 0.043 
 13 TMA-ZAIN-G-    (9)   :  0.039 0.020 0.034 0.012 0.012 0.013 0.015 0.031 0.078 0.091 0.055 0.153 0.037 0.036 0.014 0.360 
 14 TMA-ZAIN-G-    (9)   :  0.032 0.009 0.003 0.011 0.005 0.006 0.008 0.008 0.066 0.781 0.013 0.018 0.003 0.009 0.007 0.020 
 15 TMA-ZAIN-G-    (0)   :  0.004 0.004 0.003 0.005 0.003 0.006 0.006 0.012 0.109 0.586 0.002 0.004 0.003 0.006 0.241 0.006 
 16 TMA-ZAIN-G-    (0)   :  0.665 0.004 0.003 0.007 0.005 0.004 0.003 0.006 0.017 0.005 0.004 0.009 0.004 0.190 0.016 0.056 
 17 TMA-ZAIN-G-    (9)   :  0.008 0.014 0.009 0.014 0.111 0.007 0.020 0.083 0.664 0.014 0.009 0.005 0.007 0.009 0.015 0.012 
 18 TMA-ZAIN-G-    (0)   :  0.005 0.082 0.028 0.018 0.019 0.006 0.043 0.013 0.007 0.009 0.007 0.004 0.733 0.014 0.007 0.004 
 19 TMA-ZAIN-G-    (0)   :  0.020 0.524 0.011 0.143 0.045 0.005 0.004 0.073 0.023 0.010 0.033 0.008 0.025 0.023 0.021 0.032 
 20 TMA-ZAIN-G-    (0)   :  0.004 0.796 0.031 0.007 0.007 0.005 0.034 0.004 0.003 0.004 0.051 0.005 0.038 0.003 0.004 0.003 
 21 TMA-ZAIN-G-    (0)   :  0.005 0.004 0.003 0.005 0.004 0.005 0.005 0.004 0.005 0.002 0.940 0.003 0.003 0.004 0.004 0.005 
 22 TMA-ZAIN-G-    (0)   :  0.003 0.014 0.046 0.010 0.009 0.002 0.006 0.003 0.003 0.003 0.812 0.003 0.075 0.003 0.004 0.003 
 23 TMA-ZAIN-G-    (0)   :  0.008 0.038 0.013 0.031 0.010 0.004 0.004 0.010 0.008 0.007 0.795 0.006 0.047 0.006 0.006 0.009 
 24 TMA-ZAIN-G-    (9)   :  0.007 0.003 0.007 0.003 0.003 0.086 0.006 0.003 0.018 0.018 0.634 0.176 0.008 0.009 0.005 0.014 
 25 TMA-ZAIN-G-    (9)   :  0.005 0.495 0.141 0.008 0.003 0.004 0.004 0.003 0.005 0.003 0.012 0.038 0.011 0.004 0.260 0.003 
 26 TMA-ZAIN-G-    (9)   :  0.021 0.009 0.006 0.005 0.009 0.007 0.483 0.015 0.052 0.010 0.024 0.050 0.005 0.007 0.281 0.018 
 27 TMA-ZAIN-G-    (0)   :  0.012 0.070 0.079 0.638 0.020 0.008 0.014 0.011 0.019 0.073 0.018 0.005 0.012 0.004 0.008 0.010 
 28 TMA-ZAIN-G-    (0)   :  0.005 0.010 0.006 0.902 0.005 0.004 0.004 0.010 0.005 0.009 0.004 0.004 0.015 0.005 0.007 0.006 
 29 TMA-ZAIN-G-    (0)   :  0.004 0.224 0.003 0.005 0.004 0.703 0.016 0.004 0.006 0.006 0.004 0.005 0.003 0.004 0.004 0.005 
 30 TMA-ZAIN-G-    (0)   :  0.035 0.028 0.004 0.437 0.007 0.030 0.005 0.013 0.164 0.050 0.004 0.090 0.004 0.039 0.021 0.067 
 31 TMA-ZAIN-G-    (0)   :  0.007 0.011 0.829 0.005 0.018 0.005 0.056 0.006 0.004 0.006 0.011 0.007 0.021 0.004 0.005 0.005 
 32 TMA-ZAIN-G-    (9)   :  0.011 0.027 0.022 0.006 0.004 0.003 0.004 0.005 0.021 0.006 0.030 0.006 0.476 0.018 0.353 0.007 
 33 TMA-ZAIN-G-   (18)   :  0.013 0.004 0.004 0.007 0.003 0.007 0.003 0.023 0.023 0.006 0.003 0.006 0.005 0.039 0.834 0.022 
 34 TMA-ZAIN-G-    (0)   :  0.015 0.008 0.021 0.006 0.005 0.004 0.005 0.005 0.005 0.004 0.016 0.007 0.042 0.029 0.817 0.010 
 35 TMA-ZAIN-G-    (9)   :  0.008 0.004 0.004 0.006 0.005 0.008 0.005 0.006 0.007 0.006 0.003 0.006 0.007 0.010 0.908 0.007 
 36 TMA-ZAIN-G-    (0)   :  0.018 0.004 0.004 0.005 0.007 0.013 0.015 0.050 0.143 0.110 0.003 0.229 0.005 0.011 0.323 0.059 
 37 TMA-ZAIN-G-    (9)   :  0.006 0.004 0.004 0.007 0.011 0.006 0.005 0.009 0.006 0.003 0.004 0.007 0.004 0.006 0.912 0.008 
 38 TMA-ZAIN-G-   (18)   :  0.008 0.039 0.454 0.005 0.011 0.005 0.007 0.005 0.021 0.014 0.017 0.007 0.016 0.009 0.377 0.007 
 39 TMA-ZAIN-G-    (0)   :  0.068 0.004 0.003 0.008 0.008 0.015 0.008 0.016 0.071 0.004 0.005 0.611 0.003 0.065 0.055 0.055 
 40 TMA-ZAIN-G-    (0)   :  0.018 0.004 0.004 0.004 0.019 0.007 0.005 0.011 0.528 0.004 0.006 0.113 0.003 0.068 0.161 0.046 
 41 TMA-ZAIN-G-    (0)   :  0.012 0.003 0.003 0.004 0.003 0.005 0.005 0.032 0.645 0.022 0.003 0.183 0.003 0.012 0.057 0.007 
 42 TMA-ZAIN-G-    (9)   :  0.005 0.003 0.003 0.003 0.005 0.009 0.017 0.047 0.798 0.077 0.002 0.006 0.003 0.009 0.008 0.007 
 43 TMA-ZAIN-G-    (0)   :  0.005 0.004 0.003 0.003 0.004 0.011 0.005 0.018 0.010 0.915 0.003 0.005 0.003 0.003 0.004 0.005 
 44 TMA-ZAIN-G-    (0)   :  0.055 0.015 0.007 0.003 0.009 0.007 0.004 0.007 0.007 0.005 0.754 0.038 0.005 0.008 0.015 0.062 
 45 TMA-ZAIN-G-    (0)   :  0.625 0.006 0.006 0.009 0.012 0.005 0.007 0.014 0.106 0.013 0.005 0.009 0.004 0.056 0.028 0.097 
 46 TMA-ZAIN-G-    (0)   :  0.004 0.006 0.003 0.003 0.010 0.003 0.006 0.003 0.003 0.004 0.937 0.005 0.004 0.002 0.003 0.004 
 47 TMA-ZAIN-G-    (0)   :  0.004 0.004 0.003 0.004 0.012 0.004 0.930 0.005 0.004 0.004 0.003 0.003 0.005 0.006 0.006 0.004 
 48 TMA-ZAIN-G-    (0)   :  0.089 0.010 0.005 0.038 0.134 0.014 0.180 0.125 0.109 0.040 0.026 0.011 0.008 0.013 0.018 0.179 
 49 TMA-ZAIN-G-    (9)   :  0.022 0.759 0.005 0.012 0.019 0.046 0.007 0.008 0.007 0.004 0.006 0.006 0.026 0.031 0.029 0.012 
 50 TMA-ZAIN-G-    (0)   :  0.005 0.773 0.016 0.021 0.005 0.004 0.003 0.012 0.094 0.008 0.006 0.024 0.005 0.010 0.006 0.008 
 51 TMA-ZAIN-G-    (0)   :  0.013 0.785 0.007 0.024 0.014 0.007 0.016 0.011 0.022 0.057 0.007 0.007 0.006 0.004 0.008 0.012 
 52 TMA-ZAIN-G-    (0)   :  0.008 0.692 0.007 0.032 0.139 0.003 0.033 0.009 0.008 0.017 0.009 0.006 0.007 0.011 0.006 0.013 
 53 TMA-ZAIN-G-    (0)   :  0.017 0.491 0.221 0.008 0.063 0.005 0.069 0.012 0.014 0.042 0.007 0.016 0.012 0.003 0.005 0.014 
 54 TMA-ZAIN-G-    (0)   :  0.008 0.008 0.003 0.011 0.004 0.004 0.895 0.011 0.010 0.011 0.004 0.004 0.007 0.007 0.004 0.007 
 55 TMA-ZAIN-G-    (0)   :  0.010 0.023 0.003 0.023 0.004 0.003 0.818 0.015 0.040 0.020 0.007 0.003 0.007 0.009 0.003 0.012 
 56 TMA-ZAIN-G-    (0)   :  0.033 0.028 0.008 0.060 0.383 0.021 0.043 0.079 0.168 0.027 0.007 0.021 0.004 0.012 0.024 0.084 
 57 TMA-ZAIN-G-    (0)   :  0.012 0.026 0.010 0.005 0.010 0.007 0.827 0.007 0.006 0.005 0.003 0.010 0.006 0.042 0.016 0.009 
 58 TMA-ZAIN-G-    (0)   :  0.007 0.304 0.018 0.190 0.016 0.007 0.046 0.049 0.021 0.008 0.137 0.004 0.155 0.015 0.012 0.011 
 59 TMA-ZAIN-G-    (0)   :  0.058 0.016 0.496 0.027 0.034 0.012 0.016 0.056 0.022 0.009 0.022 0.014 0.034 0.017 0.046 0.120 
 60 TMA-ZAIN-G-    (0)   :  0.021 0.163 0.282 0.105 0.036 0.007 0.018 0.020 0.017 0.139 0.009 0.005 0.145 0.006 0.011 0.016 
 61 TMA-ZAIN-G-    (0)   :  0.004 0.010 0.871 0.006 0.032 0.003 0.011 0.004 0.003 0.004 0.020 0.003 0.016 0.003 0.006 0.005 
 62 TMA-ZAIN-G-    (9)   :  0.033 0.017 0.771 0.034 0.003 0.006 0.010 0.007 0.022 0.005 0.015 0.015 0.007 0.016 0.020 0.020 
 63 TMA-ZAIN-G-    (0)   :  0.010 0.026 0.635 0.015 0.020 0.003 0.017 0.012 0.011 0.015 0.009 0.003 0.197 0.013 0.007 0.008 
 64 TMA-ZAIN-G-    (0)   :  0.007 0.003 0.002 0.003 0.004 0.932 0.003 0.004 0.006 0.005 0.002 0.010 0.002 0.004 0.005 0.009 
 65 TMA-ZAIN-G-    (9)   :  0.010 0.003 0.003 0.005 0.005 0.840 0.008 0.009 0.007 0.007 0.002 0.006 0.004 0.017 0.065 0.008 
 66 TMA-ZAIN-G-    (0)   :  0.031 0.002 0.003 0.004 0.005 0.857 0.004 0.007 0.009 0.005 0.003 0.015 0.003 0.011 0.015 0.027 
 67 TMA-ZAIN-G-    (0)   :  0.080 0.009 0.004 0.017 0.004 0.661 0.005 0.006 0.012 0.003 0.014 0.105 0.003 0.016 0.021 0.039 
 68 TMA-ZAIN-G-    (0)   :  0.005 0.002 0.002 0.003 0.004 0.935 0.005 0.008 0.005 0.007 0.002 0.004 0.003 0.005 0.005 0.005 
 69 TMA-ZAIN-G-    (0)   :  0.056 0.021 0.009 0.007 0.023 0.684 0.008 0.006 0.005 0.016 0.024 0.029 0.028 0.025 0.038 0.021 
 70 TMA-ZAIN-G-    (0)   :  0.030 0.004 0.003 0.004 0.004 0.011 0.004 0.004 0.007 0.005 0.004 0.855 0.003 0.007 0.007 0.047 
 71 TMA-ZAIN-G-    (0)   :  0.067 0.003 0.003 0.003 0.004 0.004 0.003 0.004 0.007 0.003 0.003 0.864 0.003 0.011 0.008 0.010 
 72 TMA-ZAIN-G-    (0)   :  0.013 0.004 0.003 0.006 0.004 0.012 0.007 0.006 0.009 0.006 0.003 0.893 0.004 0.007 0.008 0.014 
 73 TMA-ZAIN-G-    (0)   :  0.009 0.015 0.017 0.017 0.004 0.006 0.013 0.005 0.005 0.003 0.021 0.839 0.016 0.008 0.015 0.006 
 74 TMA-ZAIN-G-    (0)   :  0.009 0.006 0.005 0.004 0.003 0.005 0.005 0.005 0.005 0.003 0.005 0.913 0.004 0.009 0.011 0.007 
 75 TMA-ZAIN-G-    (0)   :  0.014 0.005 0.004 0.005 0.004 0.005 0.007 0.006 0.005 0.005 0.003 0.908 0.004 0.008 0.009 0.007 
 76 TMA-ZAIN-G-    (0)   :  0.056 0.008 0.005 0.004 0.003 0.005 0.003 0.004 0.005 0.003 0.014 0.865 0.003 0.008 0.007 0.008 
 77 TMA-ZAIN-G-    (0)   :  0.007 0.005 0.003 0.005 0.008 0.005 0.004 0.004 0.008 0.006 0.005 0.918 0.003 0.004 0.005 0.011 
 78 TMA-ZAIN-G-    (0)   :  0.029 0.011 0.005 0.006 0.010 0.005 0.006 0.006 0.005 0.005 0.010 0.864 0.005 0.007 0.008 0.018 
 79 TMA-ZAIN-G-    (0)   :  0.013 0.008 0.003 0.005 0.027 0.004 0.004 0.005 0.007 0.006 0.007 0.863 0.004 0.005 0.005 0.034 
 80 TMA-ZAIN-G-    (0)   :  0.067 0.004 0.003 0.007 0.006 0.022 0.011 0.011 0.019 0.004 0.004 0.671 0.002 0.086 0.019 0.064 
 81 TMA-ZAIN-G-    (0)   :  0.156 0.008 0.004 0.008 0.033 0.005 0.006 0.009 0.011 0.007 0.006 0.690 0.004 0.011 0.018 0.024 
 82 TMA-ZAIN-G-    (0)   :  0.631 0.005 0.004 0.007 0.007 0.099 0.016 0.014 0.007 0.006 0.003 0.030 0.007 0.027 0.120 0.017 
 83 TMA-ZAIN-G-    (9)   :  0.023 0.009 0.018 0.020 0.004 0.018 0.009 0.014 0.007 0.004 0.017 0.010 0.027 0.113 0.684 0.022 
 84 TMA-ZAIN-G-    (0)   :  0.101 0.008 0.004 0.006 0.010 0.005 0.004 0.006 0.011 0.006 0.014 0.768 0.003 0.012 0.011 0.029 
 85 TMA-ZAIN-G-    (0)   :  0.004 0.004 0.004 0.004 0.946 0.003 0.004 0.004 0.003 0.004 0.003 0.003 0.004 0.003 0.004 0.004 
 86 TMA-ZAIN-G-    (0)   :  0.011 0.004 0.004 0.005 0.898 0.006 0.005 0.009 0.009 0.003 0.005 0.006 0.003 0.010 0.011 0.012 
 87 TMA-ZAIN-G-    (0)   :  0.004 0.003 0.004 0.004 0.948 0.002 0.003 0.004 0.003 0.003 0.004 0.003 0.005 0.003 0.003 0.003 
 88 TMA-ZAIN-G-    (0)   :  0.071 0.010 0.168 0.012 0.326 0.035 0.081 0.011 0.008 0.017 0.010 0.020 0.017 0.093 0.087 0.032 
 89 TMA-ZAIN-G-    (0)   :  0.041 0.008 0.046 0.004 0.266 0.024 0.381 0.007 0.012 0.039 0.031 0.035 0.011 0.029 0.027 0.039 
 90 TMA-ZAIN-G-    (0)   :  0.012 0.006 0.004 0.006 0.823 0.011 0.031 0.006 0.005 0.004 0.004 0.003 0.031 0.021 0.027 0.006 
 91 TMA-ZAIN-G-    (0)   :  0.015 0.007 0.090 0.017 0.736 0.011 0.036 0.015 0.008 0.014 0.006 0.007 0.006 0.007 0.012 0.013 
 92 TMA-ZAIN-G-    (0)   :  0.014 0.033 0.007 0.029 0.495 0.006 0.298 0.007 0.008 0.014 0.039 0.010 0.017 0.004 0.007 0.012 
 93 TMA-ZAIN-G-    (0)   :  0.009 0.025 0.058 0.103 0.171 0.008 0.535 0.008 0.007 0.028 0.014 0.007 0.011 0.003 0.006 0.008 
 94 TMA-ZAIN-G-    (0)   :  0.006 0.011 0.135 0.017 0.714 0.005 0.051 0.005 0.003 0.007 0.010 0.005 0.018 0.003 0.005 0.004 
 95 TMA-ZAIN-G-    (0)   :  0.004 0.018 0.004 0.875 0.005 0.007 0.004 0.004 0.015 0.016 0.005 0.011 0.016 0.005 0.003 0.007 
 96 TMA-ZAIN-G-    (0)   :  0.004 0.058 0.006 0.753 0.008 0.004 0.005 0.006 0.108 0.015 0.007 0.003 0.005 0.008 0.006 0.004 
 97 TMA-ZAIN-G-    (0)   :  0.007 0.027 0.653 0.005 0.008 0.006 0.016 0.009 0.003 0.007 0.006 0.026 0.212 0.003 0.004 0.006 
 98 TMA-ZAIN-G-    (0)   :  0.006 0.004 0.681 0.003 0.006 0.004 0.011 0.013 0.003 0.005 0.004 0.038 0.209 0.003 0.004 0.006 
 99 TMA-ZAIN-G-    (0)   :  0.036 0.005 0.581 0.006 0.004 0.008 0.004 0.018 0.017 0.005 0.009 0.011 0.039 0.010 0.052 0.193 
100 TMA-ZAIN-G-    (0)   :  0.005 0.035 0.853 0.008 0.025 0.005 0.018 0.004 0.003 0.005 0.012 0.005 0.012 0.003 0.003 0.004 
101 TMA-ZAIN-G-    (0)   :  0.022 0.019 0.752 0.009 0.003 0.005 0.010 0.007 0.005 0.006 0.005 0.006 0.080 0.006 0.007 0.058 
102 TMA-ZAIN-G-    (0)   :  0.009 0.034 0.010 0.014 0.045 0.009 0.005 0.007 0.025 0.013 0.081 0.013 0.699 0.017 0.006 0.013 
103 TMA-ZAIN-G-    (0)   :  0.010 0.019 0.010 0.012 0.031 0.005 0.004 0.009 0.007 0.005 0.014 0.007 0.838 0.010 0.008 0.009 
104 TMA-ZAIN-G-    (0)   :  0.003 0.005 0.006 0.003 0.003 0.002 0.004 0.003 0.002 0.003 0.005 0.003 0.950 0.003 0.003 0.003 
105 TMA-ZAIN-G-    (0)   :  0.012 0.010 0.007 0.011 0.042 0.005 0.004 0.011 0.008 0.005 0.006 0.006 0.844 0.011 0.009 0.010 
106 TMA-ZAIN-G-    (0)   :  0.026 0.004 0.004 0.006 0.008 0.044 0.006 0.038 0.443 0.077 0.003 0.074 0.004 0.053 0.030 0.181 
107 TMA-ZAIN-G-    (0)   :  0.036 0.005 0.004 0.006 0.007 0.012 0.007 0.019 0.014 0.012 0.003 0.092 0.005 0.319 0.044 0.416 
108 TMA-ZAIN-G-    (9)   :  0.026 0.040 0.148 0.007 0.052 0.006 0.011 0.010 0.017 0.022 0.029 0.011 0.018 0.008 0.581 0.015 
109 TMA-ZAIN-G-    (0)   :  0.021 0.007 0.280 0.031 0.013 0.114 0.048 0.061 0.077 0.027 0.005 0.006 0.024 0.153 0.078 0.054 
110 TMA-ZAIN-G-    (0)   :  0.071 0.100 0.053 0.028 0.021 0.007 0.014 0.053 0.066 0.015 0.114 0.015 0.039 0.067 0.100 0.237 
111 TMA-ZAIN-G-    (9)   :  0.072 0.084 0.162 0.020 0.006 0.010 0.020 0.008 0.011 0.004 0.122 0.038 0.192 0.167 0.068 0.016 
112 TMA-ZAIN-G-    (0)   :  0.109 0.061 0.078 0.027 0.012 0.022 0.021 0.046 0.149 0.030 0.030 0.017 0.238 0.057 0.051 0.053 
113 TMA-ZAIN-G-    (0)   :  0.013 0.004 0.870 0.003 0.006 0.008 0.018 0.006 0.004 0.005 0.009 0.017 0.013 0.009 0.007 0.009 
114 TMA-ZAIN-G-    (0)   :  0.003 0.004 0.944 0.004 0.006 0.003 0.004 0.002 0.002 0.002 0.009 0.003 0.005 0.003 0.003 0.003 
115 TMA-ZAIN-G-    (0)   :  0.004 0.004 0.942 0.004 0.003 0.003 0.004 0.003 0.003 0.003 0.005 0.003 0.008 0.005 0.004 0.003 
116 TMA-ZAIN-G-    (0)   :  0.014 0.003 0.004 0.005 0.005 0.009 0.009 0.010 0.005 0.005 0.002 0.009 0.006 0.173 0.732 0.008 
117 TMA-ZAIN-G-    (0)   :  0.041 0.006 0.005 0.022 0.024 0.126 0.028 0.074 0.028 0.042 0.003 0.050 0.007 0.023 0.482 0.041 
118 TMA-ZAIN-G-    (0)   :  0.026 0.005 0.005 0.009 0.006 0.018 0.008 0.011 0.010 0.017 0.003 0.010 0.006 0.297 0.559 0.012 
119 TMA-ZAIN-G-    (0)   :  0.016 0.014 0.012 0.012 0.004 0.015 0.007 0.009 0.006 0.005 0.012 0.024 0.013 0.191 0.650 0.011 
120 TMA-ZAIN-G-    (0)   :  0.020 0.008 0.006 0.013 0.011 0.014 0.008 0.013 0.011 0.043 0.004 0.011 0.010 0.191 0.619 0.020 
121 TMA-ZAIN-G-    (0)   :  0.009 0.004 0.003 0.011 0.005 0.026 0.007 0.014 0.010 0.007 0.003 0.009 0.005 0.027 0.849 0.011 
122 TMA-ZAIN-G-    (0)   :  0.011 0.004 0.003 0.020 0.041 0.013 0.006 0.039 0.013 0.007 0.005 0.010 0.004 0.014 0.757 0.052 
123 TMA-ZAIN-G-    (0)   :  0.006 0.013 0.882 0.007 0.010 0.004 0.006 0.005 0.005 0.013 0.008 0.005 0.021 0.004 0.006 0.006 
124 TMA-ZAIN-G-    (0)   :  0.006 0.004 0.003 0.005 0.006 0.003 0.003 0.912 0.017 0.006 0.003 0.004 0.004 0.006 0.007 0.009 
125 TMA-ZAIN-G-    (0)   :  0.005 0.003 0.002 0.004 0.005 0.011 0.023 0.903 0.011 0.009 0.002 0.005 0.002 0.005 0.004 0.005 
126 TMA-ZAIN-G-    (0)   :  0.006 0.004 0.003 0.004 0.005 0.004 0.006 0.902 0.014 0.016 0.003 0.004 0.004 0.010 0.006 0.010 
127 TMA-ZAIN-G-    (0)   :  0.008 0.003 0.003 0.004 0.005 0.005 0.004 0.888 0.036 0.007 0.003 0.003 0.003 0.011 0.006 0.011 
128 TMA-ZAIN-G-    (0)   :  0.007 0.003 0.003 0.008 0.005 0.012 0.005 0.884 0.018 0.006 0.003 0.005 0.004 0.007 0.021 0.011 
129 TMA-ZAIN-G-    (0)   :  0.005 0.003 0.004 0.004 0.006 0.005 0.004 0.912 0.010 0.008 0.003 0.004 0.005 0.006 0.010 0.011 
130 TMA-ZAIN-G-    (0)   :  0.005 0.004 0.004 0.005 0.005 0.004 0.015 0.906 0.006 0.016 0.002 0.004 0.004 0.008 0.006 0.005 
131 TMA-ZAIN-G-    (0)   :  0.005 0.004 0.003 0.005 0.006 0.003 0.003 0.908 0.022 0.008 0.003 0.004 0.004 0.006 0.006 0.008 
132 TMA-ZAIN-G-    (0)   :  0.010 0.003 0.003 0.007 0.005 0.014 0.012 0.876 0.012 0.008 0.003 0.007 0.003 0.008 0.018 0.011 
133 TMA-ZAIN-G-    (0)   :  0.016 0.015 0.003 0.013 0.045 0.086 0.023 0.035 0.295 0.114 0.011 0.054 0.003 0.032 0.012 0.242 
134 TMA-ZAIN-G-    (0)   :  0.007 0.006 0.003 0.005 0.037 0.053 0.024 0.183 0.060 0.212 0.007 0.046 0.003 0.081 0.008 0.264 
135 TMA-ZAIN-G-    (0)   :  0.013 0.004 0.003 0.003 0.022 0.017 0.007 0.027 0.019 0.011 0.005 0.026 0.003 0.239 0.012 0.588 
136 TMA-ZAIN-G-    (0)   :  0.023 0.004 0.005 0.009 0.005 0.399 0.018 0.023 0.021 0.007 0.005 0.022 0.003 0.049 0.048 0.358 
137 TMA-ZAIN-G-    (0)   :  0.009 0.006 0.006 0.003 0.020 0.004 0.005 0.015 0.009 0.005 0.008 0.020 0.004 0.766 0.014 0.106 
138 TMA-ZAIN-G-    (0)   :  0.037 0.003 0.004 0.004 0.004 0.012 0.013 0.218 0.040 0.018 0.003 0.013 0.004 0.157 0.040 0.431 
139 TMA-ZAIN-G-    (0)   :  0.018 0.004 0.005 0.004 0.009 0.012 0.064 0.123 0.017 0.014 0.004 0.034 0.004 0.296 0.051 0.343 
140 TMA-ZAIN-G-    (0)   :  0.259 0.004 0.004 0.011 0.005 0.009 0.004 0.017 0.045 0.006 0.004 0.015 0.004 0.144 0.050 0.420 
141 TMA-ZAIN-G-    (0)   :  0.264 0.006 0.005 0.007 0.011 0.007 0.007 0.048 0.019 0.025 0.003 0.038 0.007 0.069 0.040 0.444 
142 TMA-ZAIN-G-    (9)   :  0.550 0.003 0.003 0.007 0.006 0.010 0.004 0.013 0.014 0.006 0.003 0.014 0.004 0.145 0.039 0.180 
143 TMA-ZAIN-G-    (0)   :  0.049 0.004 0.004 0.009 0.007 0.011 0.005 0.062 0.033 0.009 0.003 0.012 0.004 0.104 0.199 0.486 
144 TMA-ZAIN-G-    (0)   :  0.053 0.010 0.003 0.027 0.014 0.006 0.023 0.047 0.086 0.008 0.007 0.008 0.004 0.240 0.047 0.417 
145 TMA-ZAIN-G-    (0)   :  0.094 0.003 0.003 0.006 0.006 0.309 0.016 0.056 0.022 0.006 0.002 0.043 0.003 0.340 0.032 0.060 
146 TMA-ZAIN-G-    (0)   :  0.479 0.003 0.003 0.003 0.004 0.005 0.003 0.004 0.005 0.005 0.003 0.021 0.003 0.009 0.007 0.444 
147 TMA-ZAIN-G-    (9)   :  0.270 0.003 0.003 0.003 0.004 0.009 0.004 0.006 0.007 0.005 0.003 0.010 0.003 0.009 0.042 0.619 
148 TMA-ZAIN-G-    (0)   :  0.238 0.003 0.003 0.003 0.005 0.004 0.015 0.021 0.016 0.045 0.003 0.011 0.003 0.006 0.013 0.610 
149 TMA-ZAIN-G-    (0)   :  0.038 0.007 0.014 0.011 0.020 0.006 0.028 0.024 0.019 0.014 0.011 0.008 0.019 0.010 0.045 0.726 
150 TMA-ZAIN-G-    (0)   :  0.032 0.005 0.009 0.011 0.009 0.061 0.039 0.011 0.008 0.010 0.009 0.013 0.046 0.026 0.085 0.627 
151 TMA-ZAIN-G-    (0)   :  0.024 0.003 0.003 0.005 0.003 0.007 0.004 0.006 0.164 0.016 0.002 0.006 0.003 0.703 0.044 0.007 
152 TMA-ZAIN-G-    (0)   :  0.037 0.003 0.005 0.005 0.003 0.006 0.005 0.007 0.014 0.016 0.002 0.004 0.003 0.788 0.094 0.007 
153 TMA-ZAIN-G-    (0)   :  0.041 0.003 0.003 0.004 0.004 0.014 0.012 0.035 0.079 0.028 0.003 0.013 0.004 0.639 0.030 0.088 
154 TMA-ZAIN-G-    (0)   :  0.032 0.003 0.003 0.003 0.004 0.004 0.004 0.006 0.007 0.004 0.002 0.004 0.003 0.896 0.020 0.006 
155 TMA-ZAIN-G-    (0)   :  0.011 0.004 0.004 0.004 0.005 0.006 0.003 0.010 0.010 0.007 0.003 0.007 0.004 0.875 0.011 0.036 
156 TMA-ZAIN-G-    (9)   :  0.038 0.004 0.005 0.004 0.003 0.003 0.010 0.029 0.045 0.077 0.003 0.004 0.005 0.737 0.016 0.017 
157 TMA-ZAIN-G-    (0)   :  0.052 0.004 0.004 0.004 0.005 0.005 0.006 0.019 0.058 0.142 0.003 0.008 0.006 0.569 0.013 0.102 
158 TMA-ZAIN-G-    (0)   :  0.545 0.005 0.003 0.006 0.003 0.005 0.005 0.007 0.010 0.004 0.003 0.019 0.004 0.335 0.027 0.017 
159 TMA-ZAIN-G-    (0)   :  0.202 0.003 0.004 0.003 0.004 0.016 0.005 0.014 0.006 0.005 0.002 0.155 0.004 0.464 0.020 0.094 
160 TMA-ZAIN-G-    (0)   :  0.091 0.003 0.004 0.004 0.005 0.023 0.009 0.009 0.005 0.005 0.002 0.129 0.005 0.611 0.057 0.037 
161 TMA-ZAIN-G-    (0)   :  0.052 0.005 0.003 0.006 0.007 0.007 0.022 0.110 0.056 0.019 0.003 0.015 0.004 0.354 0.028 0.311 
162 TMA-ZAIN-G-    (0)   :  0.007 0.005 0.013 0.008 0.010 0.005 0.010 0.005 0.008 0.003 0.010 0.006 0.017 0.877 0.008 0.009 
163 TMA-ZAIN-G-    (0)   :  0.015 0.002 0.003 0.003 0.003 0.004 0.003 0.006 0.005 0.003 0.002 0.005 0.003 0.923 0.012 0.009 
164 TMA-ZAIN-G-    (0)   :  0.086 0.004 0.005 0.007 0.014 0.010 0.008 0.011 0.006 0.004 0.005 0.007 0.006 0.679 0.109 0.039 
165 TMA-ZAIN-G-    (0)   :  0.049 0.003 0.004 0.004 0.003 0.006 0.004 0.009 0.008 0.004 0.003 0.008 0.004 0.732 0.117 0.042 
166 TMA-ZAIN-G-    (0)   :  0.338 0.003 0.003 0.004 0.006 0.013 0.009 0.063 0.020 0.005 0.002 0.026 0.003 0.398 0.025 0.082 
167 TMA-ZAIN-G-    (0)   :  0.453 0.006 0.005 0.007 0.007 0.004 0.004 0.012 0.018 0.008 0.004 0.071 0.006 0.019 0.019 0.355 
168 TMA-ZAIN-G-    (0)   :  0.867 0.005 0.005 0.005 0.006 0.008 0.006 0.006 0.007 0.018 0.003 0.024 0.005 0.006 0.012 0.018 
169 TMA-ZAIN-G-    (0)   :  0.881 0.003 0.003 0.003 0.004 0.031 0.004 0.006 0.005 0.005 0.002 0.015 0.003 0.010 0.011 0.013 
170 TMA-ZAIN-G-    (0)   :  0.453 0.042 0.035 0.008 0.006 0.021 0.004 0.046 0.086 0.066 0.012 0.026 0.012 0.050 0.039 0.094 
171 TMA-ZAIN-G-    (0)   :  0.898 0.003 0.003 0.003 0.004 0.011 0.003 0.004 0.004 0.004 0.003 0.022 0.003 0.007 0.007 0.021 
172 TMA-ZAIN-G-    (0)   :  0.523 0.006 0.003 0.005 0.006 0.005 0.003 0.036 0.267 0.020 0.003 0.012 0.003 0.014 0.007 0.087 
173 TMA-ZAIN-G-    (0)   :  0.267 0.007 0.003 0.008 0.007 0.006 0.005 0.046 0.510 0.018 0.003 0.017 0.004 0.011 0.011 0.077 
174 TMA-ZAIN-G-    (0)   :  0.150 0.003 0.003 0.005 0.005 0.036 0.007 0.477 0.093 0.005 0.002 0.021 0.003 0.041 0.043 0.106 
175 TMA-ZAIN-G-    (0)   :  0.780 0.003 0.003 0.004 0.005 0.007 0.003 0.005 0.004 0.004 0.003 0.082 0.004 0.008 0.009 0.077 
176 TMA-ZAIN-G-    (0)   :  0.843 0.003 0.003 0.003 0.004 0.004 0.003 0.005 0.006 0.004 0.003 0.028 0.003 0.012 0.006 0.070 
177 TMA-ZAIN-G-    (0)   :  0.884 0.004 0.003 0.003 0.004 0.004 0.003 0.005 0.008 0.009 0.003 0.010 0.003 0.008 0.005 0.045 
178 TMA-ZAIN-G-    (0)   :  0.468 0.006 0.006 0.007 0.005 0.004 0.004 0.009 0.273 0.037 0.004 0.016 0.004 0.015 0.014 0.130 
179 TMA-ZAIN-G-    (0)   :  0.813 0.003 0.003 0.004 0.005 0.007 0.004 0.009 0.029 0.014 0.003 0.009 0.003 0.015 0.011 0.070 
180 TMA-ZAIN-G-    (0)   :  0.029 0.006 0.004 0.013 0.027 0.092 0.010 0.358 0.236 0.029 0.007 0.005 0.004 0.019 0.075 0.085 
181 TMA-ZAIN-G-    (0)   :  0.010 0.004 0.006 0.004 0.004 0.005 0.005 0.018 0.740 0.108 0.003 0.012 0.004 0.046 0.014 0.017 
182 TMA-ZAIN-G-    (0)   :  0.016 0.004 0.008 0.005 0.006 0.003 0.005 0.392 0.234 0.189 0.003 0.005 0.006 0.035 0.020 0.067 
183 TMA-ZAIN-G-    (0)   :  0.009 0.004 0.004 0.004 0.005 0.004 0.004 0.008 0.833 0.057 0.003 0.006 0.004 0.010 0.034 0.011 
184 TMA-ZAIN-G-    (0)   :  0.017 0.009 0.024 0.012 0.021 0.007 0.016 0.017 0.679 0.033 0.010 0.010 0.027 0.041 0.029 0.049 
185 TMA-ZAIN-G-    (0)   :  0.009 0.009 0.010 0.033 0.011 0.006 0.020 0.036 0.787 0.004 0.015 0.007 0.012 0.012 0.009 0.019 
186 TMA-ZAIN-G-    (9)   :  0.016 0.007 0.003 0.012 0.005 0.006 0.006 0.058 0.817 0.005 0.005 0.011 0.004 0.014 0.008 0.022 
187 TMA-ZAIN-G-    (0)   :  0.008 0.004 0.004 0.005 0.005 0.015 0.003 0.013 0.803 0.014 0.003 0.036 0.004 0.041 0.007 0.034 
188 TMA-ZAIN-G-    (0)   :  0.004 0.003 0.003 0.005 0.003 0.024 0.004 0.013 0.822 0.006 0.002 0.040 0.004 0.023 0.028 0.016 
189 TMA-ZAIN-G-    (0)   :  0.006 0.003 0.002 0.003 0.004 0.006 0.002 0.012 0.928 0.006 0.002 0.004 0.003 0.007 0.005 0.007 
190 TMA-ZAIN-G-    (0)   :  0.043 0.005 0.003 0.007 0.004 0.016 0.006 0.008 0.788 0.022 0.003 0.029 0.003 0.006 0.035 0.022 
191 TMA-ZAIN-G-    (0)   :  0.008 0.007 0.010 0.008 0.015 0.004 0.009 0.008 0.869 0.004 0.014 0.008 0.011 0.006 0.008 0.013 
192 TMA-ZAIN-G-    (0)   :  0.007 0.008 0.005 0.003 0.020 0.004 0.005 0.019 0.853 0.015 0.012 0.014 0.004 0.009 0.005 0.017 
193 TMA-ZAIN-G-    (0)   :  0.003 0.003 0.003 0.003 0.004 0.004 0.005 0.004 0.005 0.950 0.002 0.003 0.003 0.003 0.003 0.003 
194 TMA-ZAIN-G-    (0)   :  0.009 0.012 0.002 0.022 0.005 0.013 0.017 0.036 0.092 0.756 0.007 0.006 0.003 0.004 0.005 0.011 
195 TMA-ZAIN-G-    (0)   :  0.027 0.010 0.003 0.005 0.004 0.039 0.007 0.041 0.076 0.713 0.003 0.025 0.003 0.005 0.012 0.029 
196 TMA-ZAIN-G-    (0)   :  0.006 0.004 0.003 0.008 0.004 0.017 0.007 0.012 0.023 0.878 0.003 0.006 0.003 0.007 0.011 0.009 
197 TMA-ZAIN-G-    (0)   :  0.010 0.004 0.003 0.005 0.009 0.011 0.005 0.013 0.012 0.887 0.003 0.009 0.003 0.009 0.008 0.010 
198 TMA-ZAIN-G-    (0)   :  0.013 0.003 0.003 0.003 0.004 0.007 0.004 0.008 0.020 0.893 0.003 0.009 0.003 0.010 0.008 0.011 
199 TMA-ZAIN-G-    (0)   :  0.011 0.005 0.003 0.008 0.004 0.005 0.006 0.035 0.862 0.006 0.004 0.008 0.004 0.014 0.007 0.018 
200 TMA-ZAIN-G-    (0)   :  0.004 0.139 0.014 0.013 0.007 0.003 0.004 0.003 0.006 0.054 0.726 0.003 0.014 0.002 0.004 0.003 
201 TMA-ZAIN-G-    (0)   :  0.005 0.039 0.005 0.011 0.006 0.006 0.004 0.003 0.004 0.003 0.886 0.004 0.015 0.003 0.004 0.004 
202 TMA-ZAIN-G-    (0)   :  0.007 0.053 0.024 0.008 0.004 0.004 0.002 0.004 0.014 0.040 0.810 0.003 0.011 0.006 0.006 0.006 
203 TMA-ZAIN-G-    (0)   :  0.011 0.004 0.019 0.005 0.005 0.004 0.004 0.044 0.022 0.768 0.003 0.008 0.010 0.026 0.032 0.035 
204 TMA-ZAIN-G-    (9)   :  0.017 0.044 0.006 0.006 0.060 0.011 0.024 0.009 0.009 0.007 0.757 0.018 0.005 0.004 0.007 0.018 
205 TMA-ZAIN-G-    (0)   :  0.012 0.079 0.006 0.005 0.017 0.007 0.013 0.011 0.008 0.008 0.687 0.011 0.006 0.077 0.025 0.029 
206 TMA-ZAIN-G-    (9)   :  0.025 0.082 0.016 0.010 0.148 0.008 0.012 0.007 0.023 0.055 0.563 0.007 0.010 0.005 0.017 0.012 
207 TMA-ZAIN-G-    (9)   :  0.029 0.023 0.010 0.090 0.062 0.070 0.051 0.014 0.022 0.009 0.008 0.021 0.008 0.223 0.283 0.077 
208 TMA-ZAIN-G-    (0)   :  0.258 0.004 0.003 0.011 0.002 0.064 0.006 0.008 0.027 0.004 0.003 0.016 0.003 0.068 0.111 0.411 
209 TMA-ZAIN-G-    (0)   :  0.177 0.004 0.003 0.004 0.009 0.013 0.052 0.152 0.045 0.224 0.002 0.050 0.003 0.049 0.010 0.203 
210 TMA-ZAIN-G-    (0)   :  0.049 0.005 0.004 0.010 0.013 0.107 0.014 0.054 0.111 0.343 0.003 0.053 0.004 0.063 0.021 0.148 
211 TMA-ZAIN-G-    (0)   :  0.042 0.022 0.011 0.016 0.008 0.022 0.010 0.356 0.101 0.064 0.020 0.043 0.008 0.026 0.047 0.204 
212 TMA-ZAIN-G-    (0)   :  0.180 0.004 0.004 0.011 0.018 0.014 0.007 0.050 0.349 0.027 0.004 0.006 0.003 0.044 0.080 0.202 
213 TMA-ZAIN-G-    (0)   :  0.042 0.005 0.003 0.005 0.004 0.005 0.007 0.026 0.097 0.020 0.003 0.017 0.004 0.085 0.005 0.672 
214 TMA-ZAIN-G-    (0)   :  0.071 0.005 0.003 0.004 0.004 0.040 0.008 0.145 0.104 0.024 0.004 0.066 0.003 0.114 0.006 0.399 
215 TMA-ZAIN-G-    (0)   :  0.235 0.232 0.003 0.004 0.003 0.004 0.002 0.010 0.261 0.004 0.009 0.037 0.003 0.028 0.033 0.131 
216 TMA-ZAIN-G-    (0)   :  0.129 0.006 0.003 0.006 0.006 0.007 0.014 0.134 0.443 0.017 0.004 0.012 0.003 0.024 0.007 0.185 
217 TMA-ZAIN-G-    (0)   :  0.069 0.004 0.003 0.003 0.006 0.086 0.007 0.132 0.031 0.049 0.003 0.066 0.004 0.043 0.006 0.489 
218 TMA-ZAIN-G-    (0)   :  0.017 0.893 0.005 0.012 0.005 0.008 0.006 0.014 0.006 0.003 0.003 0.004 0.007 0.007 0.005 0.004 
219 TMA-ZAIN-G-    (0)   :  0.004 0.917 0.005 0.007 0.013 0.004 0.007 0.008 0.005 0.003 0.006 0.004 0.005 0.005 0.004 0.004 
220 TMA-ZAIN-G-    (0)   :  0.012 0.504 0.007 0.140 0.012 0.011 0.005 0.006 0.007 0.005 0.005 0.005 0.071 0.011 0.194 0.006 
221 TMA-ZAIN-G-    (0)   :  0.012 0.872 0.004 0.009 0.009 0.005 0.005 0.013 0.020 0.005 0.012 0.006 0.003 0.008 0.007 0.010 
222 TMA-ZAIN-G-    (0)   :  0.018 0.812 0.005 0.005 0.022 0.011 0.008 0.015 0.007 0.005 0.006 0.006 0.044 0.014 0.014 0.007 
223 TMA-ZAIN-G-    (0)   :  0.005 0.904 0.006 0.016 0.013 0.005 0.005 0.005 0.004 0.003 0.008 0.004 0.005 0.004 0.006 0.005 
224 TMA-ZAIN-G-    (0)   :  0.007 0.764 0.007 0.011 0.101 0.005 0.007 0.028 0.013 0.007 0.010 0.005 0.017 0.006 0.005 0.007 
225 TMA-ZAIN-G-    (0)   :  0.005 0.916 0.008 0.010 0.005 0.002 0.003 0.004 0.006 0.011 0.006 0.003 0.011 0.004 0.003 0.004 
226 TMA-ZAIN-G-    (0)   :  0.010 0.862 0.015 0.013 0.009 0.006 0.005 0.005 0.010 0.022 0.007 0.007 0.006 0.007 0.009 0.008 
227 TMA-ZAIN-G-    (0)   :  0.016 0.872 0.010 0.006 0.005 0.004 0.004 0.004 0.012 0.017 0.012 0.007 0.007 0.008 0.007 0.009 
228 TMA-ZAIN-G-    (0)   :  0.028 0.799 0.018 0.015 0.019 0.009 0.005 0.008 0.010 0.007 0.010 0.025 0.006 0.011 0.015 0.014 
229 TMA-ZAIN-G-    (0)   :  0.006 0.901 0.012 0.009 0.008 0.009 0.006 0.003 0.003 0.003 0.015 0.003 0.015 0.002 0.003 0.003 
230 TMA-ZAIN-G-    (0)   :  0.045 0.404 0.024 0.010 0.306 0.012 0.012 0.058 0.021 0.012 0.006 0.027 0.027 0.005 0.009 0.022 
231 TMA-ZAIN-G-    (0)   :  0.026 0.122 0.010 0.011 0.075 0.008 0.009 0.013 0.010 0.009 0.328 0.030 0.299 0.019 0.012 0.020 
232 TMA-ZAIN-G-    (9)   :  0.017 0.173 0.047 0.005 0.022 0.027 0.009 0.034 0.016 0.006 0.461 0.007 0.145 0.011 0.010 0.009 
233 TMA-ZAIN-G-    (0)   :  0.018 0.757 0.004 0.018 0.019 0.048 0.010 0.024 0.010 0.007 0.017 0.029 0.007 0.011 0.007 0.013 
234 TMA-ZAIN-G-    (0)   :  0.009 0.594 0.025 0.008 0.005 0.007 0.029 0.004 0.005 0.014 0.036 0.005 0.239 0.008 0.009 0.004 
235 TMA-ZAIN-G-    (0)   :  0.011 0.487 0.213 0.027 0.034 0.005 0.008 0.004 0.082 0.018 0.016 0.058 0.012 0.009 0.011 0.006 
236 TMA-ZAIN-G-    (0)   :  0.012 0.778 0.026 0.007 0.044 0.007 0.003 0.008 0.011 0.024 0.017 0.011 0.007 0.012 0.016 0.016 
237 TMA-ZAIN-G-    (0)   :  0.057 0.364 0.087 0.016 0.114 0.011 0.005 0.026 0.012 0.008 0.009 0.141 0.041 0.015 0.023 0.071 
238 TMA-ZAIN-G-    (0)   :  0.011 0.756 0.033 0.006 0.006 0.005 0.003 0.016 0.015 0.006 0.016 0.025 0.011 0.026 0.030 0.036 
239 TMA-ZAIN-G-    (0)   :  0.004 0.009 0.004 0.003 0.027 0.022 0.040 0.008 0.036 0.070 0.721 0.003 0.003 0.003 0.042 0.007 
240 TMA-ZAIN-G-    (0)   :  0.005 0.008 0.003 0.003 0.009 0.003 0.006 0.003 0.003 0.004 0.935 0.005 0.004 0.002 0.003 0.004 
241 TMA-ZAIN-G-    (0)   :  0.015 0.008 0.005 0.002 0.005 0.005 0.004 0.003 0.005 0.004 0.909 0.012 0.003 0.005 0.005 0.009 
242 TMA-ZAIN-G-    (0)   :  0.008 0.004 0.004 0.003 0.003 0.005 0.004 0.003 0.005 0.003 0.931 0.005 0.003 0.007 0.006 0.007 
243 TMA-ZAIN-G-    (0)   :  0.015 0.005 0.003 0.003 0.005 0.009 0.005 0.004 0.006 0.004 0.902 0.012 0.002 0.006 0.006 0.012 
244 TMA-ZAIN-G-    (0)   :  0.016 0.005 0.004 0.003 0.003 0.007 0.003 0.003 0.008 0.003 0.889 0.013 0.003 0.015 0.011 0.013 
245 TMA-ZAIN-G-    (9)   :  0.004 0.005 0.004 0.002 0.003 0.002 0.003 0.003 0.003 0.003 0.952 0.003 0.003 0.003 0.003 0.004 
246 TMA-ZAIN-G-    (0)   :  0.003 0.005 0.003 0.004 0.004 0.003 0.003 0.003 0.003 0.003 0.952 0.003 0.003 0.002 0.003 0.004 
247 TMA-ZAIN-G-    (0)   :  0.004 0.004 0.002 0.005 0.004 0.005 0.004 0.003 0.005 0.002 0.943 0.003 0.002 0.004 0.005 0.005 
248 TMA-ZAIN-G-    (0)   :  0.009 0.012 0.006 0.004 0.004 0.005 0.004 0.003 0.011 0.010 0.905 0.006 0.003 0.005 0.007 0.006 
249 TMA-ZAIN-G-    (0)   :  0.004 0.006 0.003 0.005 0.004 0.003 0.003 0.003 0.006 0.008 0.937 0.003 0.002 0.003 0.004 0.004 
250 TMA-ZAIN-G-    (0)   :  0.003 0.006 0.003 0.005 0.004 0.006 0.003 0.003 0.006 0.004 0.941 0.003 0.003 0.003 0.005 0.004 
251 TMA-ZAIN-G-    (0)   :  0.004 0.004 0.005 0.005 0.010 0.004 0.929 0.006 0.004 0.005 0.003 0.003 0.005 0.004 0.005 0.004 
252 TMA-ZAIN-G-    (0)   :  0.040 0.005 0.003 0.003 0.004 0.018 0.841 0.005 0.006 0.005 0.003 0.023 0.004 0.006 0.018 0.017 
253 TMA-ZAIN-G-    (0)   :  0.005 0.003 0.003 0.003 0.005 0.005 0.925 0.005 0.004 0.004 0.004 0.004 0.007 0.011 0.008 0.005 
254 TMA-ZAIN-G-    (9)   :  0.018 0.003 0.005 0.006 0.006 0.010 0.844 0.012 0.007 0.005 0.003 0.006 0.011 0.023 0.032 0.008 
255 TMA-ZAIN-G-    (0)   :  0.007 0.004 0.006 0.003 0.004 0.006 0.900 0.005 0.004 0.004 0.020 0.004 0.014 0.006 0.007 0.005 
256 TMA-ZAIN-G-    (0)   :  0.011 0.006 0.005 0.004 0.019 0.005 0.848 0.009 0.007 0.030 0.012 0.007 0.011 0.008 0.007 0.010 
257 TMA-ZAIN-G-    (0)   :  0.003 0.005 0.004 0.003 0.013 0.003 0.925 0.004 0.003 0.014 0.004 0.004 0.004 0.003 0.003 0.004 
258 TMA-ZAIN-G-    (0)   :  0.003 0.003 0.003 0.003 0.005 0.004 0.949 0.003 0.003 0.004 0.003 0.003 0.004 0.003 0.004 0.003 
259 TMA-ZAIN-G-    (0)   :  0.003 0.004 0.003 0.005 0.020 0.005 0.920 0.005 0.004 0.006 0.006 0.004 0.004 0.003 0.003 0.004 
260 TMA-ZAIN-G-    (0)   :  0.004 0.004 0.003 0.005 0.013 0.009 0.924 0.005 0.004 0.006 0.004 0.004 0.005 0.003 0.004 0.005 
261 TMA-ZAIN-G-   (18)   :  0.005 0.005 0.005 0.014 0.018 0.008 0.887 0.010 0.006 0.008 0.004 0.004 0.005 0.005 0.009 0.006 
262 TMA-ZAIN-G-    (0)   :  0.003 0.004 0.004 0.003 0.008 0.003 0.943 0.004 0.003 0.006 0.003 0.003 0.004 0.003 0.003 0.003 
263 TMA-ZAIN-G-    (0)   :  0.003 0.004 0.004 0.003 0.008 0.004 0.936 0.004 0.003 0.004 0.004 0.003 0.009 0.004 0.005 0.003 
264 TMA-ZAIN-G-    (0)   :  0.005 0.003 0.005 0.004 0.008 0.004 0.926 0.005 0.003 0.006 0.003 0.004 0.012 0.004 0.006 0.003 
265 TMA-ZAIN-G-    (0)   :  0.042 0.222 0.006 0.022 0.366 0.023 0.124 0.026 0.019 0.010 0.012 0.009 0.024 0.025 0.014 0.056 
266 TMA-ZAIN-G-    (0)   :  0.013 0.010 0.007 0.060 0.018 0.015 0.579 0.107 0.033 0.031 0.009 0.009 0.010 0.017 0.044 0.039 
267 TMA-ZAIN-G-    (0)   :  0.022 0.021 0.018 0.111 0.208 0.015 0.151 0.019 0.009 0.007 0.288 0.015 0.058 0.006 0.021 0.028 
268 TMA-ZAIN-G-    (0)   :  0.005 0.006 0.044 0.010 0.010 0.004 0.005 0.004 0.003 0.003 0.797 0.004 0.093 0.004 0.005 0.005 
269 TMA-ZAIN-G-    (0)   :  0.007 0.022 0.187 0.026 0.099 0.005 0.004 0.009 0.005 0.004 0.477 0.008 0.126 0.006 0.008 0.007 
270 TMA-ZAIN-G-    (0)   :  0.006 0.017 0.093 0.015 0.187 0.004 0.005 0.007 0.004 0.004 0.584 0.006 0.051 0.004 0.008 0.006 
271 TMA-ZAIN-G-    (0)   :  0.008 0.007 0.028 0.009 0.026 0.003 0.005 0.005 0.003 0.003 0.843 0.004 0.037 0.005 0.007 0.005 
272 TMA-ZAIN-G-    (0)   :  0.006 0.058 0.025 0.031 0.036 0.003 0.003 0.006 0.005 0.003 0.778 0.005 0.026 0.004 0.005 0.005 
273 TMA-ZAIN-G-    (0)   :  0.003 0.028 0.017 0.007 0.010 0.002 0.004 0.003 0.003 0.003 0.891 0.003 0.016 0.003 0.003 0.003 
274 TMA-ZAIN-G-    (0)   :  0.005 0.021 0.009 0.015 0.009 0.008 0.009 0.005 0.031 0.042 0.701 0.014 0.107 0.008 0.004 0.011 
275 TMA-ZAIN-G-    (0)   :  0.004 0.010 0.005 0.007 0.003 0.002 0.003 0.004 0.005 0.003 0.929 0.003 0.011 0.004 0.003 0.004 
276 TMA-ZAIN-G-    (0)   :  0.004 0.005 0.012 0.003 0.006 0.003 0.002 0.003 0.003 0.002 0.935 0.004 0.005 0.004 0.003 0.004 
277 TMA-ZAIN-G-    (0)   :  0.004 0.006 0.009 0.005 0.004 0.005 0.007 0.003 0.003 0.005 0.918 0.007 0.009 0.003 0.006 0.005 
278 TMA-ZAIN-G-    (0)   :  0.003 0.007 0.005 0.006 0.009 0.003 0.005 0.003 0.003 0.003 0.936 0.004 0.006 0.002 0.003 0.003 
279 TMA-ZAIN-G-    (0)   :  0.005 0.018 0.006 0.017 0.004 0.003 0.004 0.006 0.006 0.006 0.880 0.004 0.028 0.004 0.004 0.005 
280 TMA-ZAIN-G-    (0)   :  0.004 0.123 0.044 0.016 0.007 0.003 0.003 0.011 0.008 0.008 0.616 0.004 0.132 0.006 0.005 0.008 
