

----------------------------------------------------
STRUCTURE by Pritchard, Stephens and Donnelly (2000)
     and Falush, Stephens and Pritchard (2003)
       Code by Pritchard, Falush and Hubisz
             Version 2.3.4 (Jul 2012)
----------------------------------------------------



Command line arguments:   bin\structure -m C:\Users\eschumacher\Documents\GitHub\GCC_QUAC_ZAIN\Data_Files\Structure_Files\ZAIN\ZAIN_rebinned_garden_wild_nopopinfo\50-50\mainparams -e C:\Users\eschumacher\Documents\GitHub\GCC_QUAC_ZAIN\Data_Files\Structure_Files\ZAIN\ZAIN_rebinned_garden_wild_nopopinfo\50-50\extraparams 
Input File:    C:\Users\eschumacher\Documents\GitHub\GCC_QUAC_ZAIN\Data_Files\Structure_Files\ZAIN\ZAIN_rebinned_garden_wild_nopopinfo\project_data

Run parameters:
   1133 individuals
   11 loci
   4 populations assumed
   50000 Burn-in period
   50000 Reps


--------------------------------------------
Overall proportion of membership of the
sample in each of the 4 clusters

Inferred Clusters
  1      2      3      4    
0.144  0.302  0.171  0.384  

--------------------------------------------

Allele-freq. divergence among pops (Net nucleotide distance),
computed using point estimates of P.

      1       2       3       4      
 1      -    0.1026  0.2171  0.2524  
 2   0.1026     -    0.1013  0.1418  
 3   0.2171  0.1013     -    0.1074  
 4   0.2524  0.1418  0.1074     -    

Average distances (expected heterozygosity) between individuals in same cluster:
cluster  1  : 0.4354 
cluster  2  : 0.5639 
cluster  3  : 0.4475 
cluster  4  : 0.4572 

--------------------------------------------
Estimated Ln Prob of Data   = -23611.4
Mean value of ln likelihood = -23323.0
Variance of ln likelihood   = 576.8
Mean value of alpha         = 0.0372

Mean value of Fst_1         = 0.4068
Mean value of Fst_2         = 0.1309
Mean value of Fst_3         = 0.3309
Mean value of Fst_4         = 0.2625


Inferred ancestry of individuals:
        Label (%Miss) :  Inferred clusters
  1 TMA-ZAIN-G-    (9)   :  0.007 0.964 0.019 0.009 
  2 TMA-ZAIN-G-    (0)   :  0.008 0.922 0.032 0.038 
  3 TMA-ZAIN-G-    (0)   :  0.003 0.006 0.017 0.973 
  4 TMA-ZAIN-G-    (0)   :  0.015 0.031 0.806 0.148 
  5 TMA-ZAIN-G-    (0)   :  0.008 0.984 0.005 0.003 
  6 TMA-ZAIN-G-    (0)   :  0.045 0.143 0.173 0.639 
  7 TMA-ZAIN-G-    (0)   :  0.008 0.019 0.078 0.895 
  8 TMA-ZAIN-G-    (0)   :  0.003 0.007 0.018 0.972 
  9 TMA-ZAIN-G-    (9)   :  0.005 0.009 0.006 0.980 
 10 TMA-ZAIN-G-    (0)   :  0.005 0.005 0.017 0.973 
 11 TMA-ZAIN-G-    (0)   :  0.006 0.006 0.009 0.978 
 12 TMA-ZAIN-G-    (0)   :  0.003 0.005 0.007 0.985 
 13 TMA-ZAIN-G-    (9)   :  0.101 0.053 0.035 0.811 
 14 TMA-ZAIN-G-    (9)   :  0.009 0.007 0.899 0.085 
 15 TMA-ZAIN-G-    (0)   :  0.003 0.014 0.877 0.106 
 16 TMA-ZAIN-G-    (0)   :  0.005 0.006 0.006 0.983 
 17 TMA-ZAIN-G-    (9)   :  0.016 0.020 0.100 0.864 
 18 TMA-ZAIN-G-    (0)   :  0.007 0.977 0.011 0.005 
 19 TMA-ZAIN-G-    (0)   :  0.031 0.914 0.017 0.038 
 20 TMA-ZAIN-G-    (0)   :  0.050 0.938 0.009 0.004 
 21 TMA-ZAIN-G-    (0)   :  0.988 0.004 0.004 0.005 
 22 TMA-ZAIN-G-    (0)   :  0.962 0.029 0.005 0.003 
 23 TMA-ZAIN-G-    (0)   :  0.949 0.037 0.006 0.007 
 24 TMA-ZAIN-G-    (9)   :  0.815 0.007 0.022 0.156 
 25 TMA-ZAIN-G-    (9)   :  0.008 0.959 0.004 0.028 
 26 TMA-ZAIN-G-    (9)   :  0.065 0.021 0.488 0.426 
 27 TMA-ZAIN-G-    (0)   :  0.016 0.827 0.141 0.016 
 28 TMA-ZAIN-G-    (0)   :  0.005 0.969 0.014 0.011 
 29 TMA-ZAIN-G-    (0)   :  0.004 0.278 0.091 0.627 
 30 TMA-ZAIN-G-    (0)   :  0.008 0.223 0.039 0.729 
 31 TMA-ZAIN-G-    (0)   :  0.015 0.963 0.017 0.005 
 32 TMA-ZAIN-G-    (9)   :  0.015 0.931 0.009 0.045 
 33 TMA-ZAIN-G-   (18)   :  0.003 0.006 0.006 0.984 
 34 TMA-ZAIN-G-    (0)   :  0.041 0.134 0.012 0.813 
 35 TMA-ZAIN-G-    (9)   :  0.004 0.013 0.020 0.963 
 36 TMA-ZAIN-G-    (0)   :  0.003 0.005 0.027 0.965 
 37 TMA-ZAIN-G-    (9)   :  0.008 0.011 0.015 0.967 
 38 TMA-ZAIN-G-   (18)   :  0.016 0.900 0.029 0.056 
 39 TMA-ZAIN-G-    (0)   :  0.007 0.005 0.008 0.981 
 40 TMA-ZAIN-G-    (0)   :  0.005 0.004 0.006 0.986 
 41 TMA-ZAIN-G-    (0)   :  0.004 0.004 0.014 0.978 
 42 TMA-ZAIN-G-    (9)   :  0.003 0.004 0.117 0.876 
 43 TMA-ZAIN-G-    (0)   :  0.003 0.005 0.973 0.019 
 44 TMA-ZAIN-G-    (0)   :  0.870 0.013 0.007 0.110 
 45 TMA-ZAIN-G-    (0)   :  0.007 0.009 0.019 0.965 
 46 TMA-ZAIN-G-    (0)   :  0.987 0.004 0.005 0.004 
 47 TMA-ZAIN-G-    (0)   :  0.005 0.007 0.982 0.006 
 48 TMA-ZAIN-G-    (0)   :  0.025 0.010 0.857 0.108 
 49 TMA-ZAIN-G-    (9)   :  0.008 0.955 0.009 0.028 
 50 TMA-ZAIN-G-    (0)   :  0.016 0.939 0.007 0.038 
 51 TMA-ZAIN-G-    (0)   :  0.013 0.693 0.246 0.048 
 52 TMA-ZAIN-G-    (0)   :  0.024 0.721 0.212 0.044 
 53 TMA-ZAIN-G-    (0)   :  0.011 0.755 0.215 0.018 
 54 TMA-ZAIN-G-    (0)   :  0.007 0.009 0.978 0.006 
 55 TMA-ZAIN-G-    (0)   :  0.011 0.012 0.970 0.007 
 56 TMA-ZAIN-G-    (0)   :  0.014 0.032 0.851 0.103 
 57 TMA-ZAIN-G-    (0)   :  0.005 0.027 0.960 0.008 
 58 TMA-ZAIN-G-    (0)   :  0.101 0.827 0.055 0.017 
 59 TMA-ZAIN-G-    (0)   :  0.023 0.914 0.025 0.037 
 60 TMA-ZAIN-G-    (0)   :  0.009 0.921 0.058 0.012 
 61 TMA-ZAIN-G-    (0)   :  0.029 0.956 0.011 0.004 
 62 TMA-ZAIN-G-    (9)   :  0.011 0.948 0.014 0.027 
 63 TMA-ZAIN-G-    (0)   :  0.011 0.967 0.018 0.005 
 64 TMA-ZAIN-G-    (0)   :  0.003 0.003 0.010 0.984 
 65 TMA-ZAIN-G-    (9)   :  0.003 0.004 0.043 0.950 
 66 TMA-ZAIN-G-    (0)   :  0.003 0.003 0.011 0.983 
 67 TMA-ZAIN-G-    (0)   :  0.012 0.007 0.006 0.975 
 68 TMA-ZAIN-G-    (0)   :  0.003 0.003 0.028 0.966 
 69 TMA-ZAIN-G-    (0)   :  0.017 0.013 0.012 0.958 
 70 TMA-ZAIN-G-    (0)   :  0.005 0.005 0.006 0.983 
 71 TMA-ZAIN-G-    (0)   :  0.004 0.004 0.005 0.987 
 72 TMA-ZAIN-G-    (0)   :  0.005 0.005 0.012 0.978 
 73 TMA-ZAIN-G-    (0)   :  0.049 0.048 0.014 0.888 
 74 TMA-ZAIN-G-    (0)   :  0.018 0.020 0.008 0.954 
 75 TMA-ZAIN-G-    (0)   :  0.004 0.008 0.012 0.976 
 76 TMA-ZAIN-G-    (0)   :  0.071 0.016 0.005 0.909 
 77 TMA-ZAIN-G-    (0)   :  0.010 0.006 0.010 0.974 
 78 TMA-ZAIN-G-    (0)   :  0.062 0.024 0.016 0.899 
 79 TMA-ZAIN-G-    (0)   :  0.048 0.010 0.020 0.922 
 80 TMA-ZAIN-G-    (0)   :  0.007 0.004 0.010 0.979 
 81 TMA-ZAIN-G-    (0)   :  0.013 0.008 0.012 0.967 
 82 TMA-ZAIN-G-    (0)   :  0.003 0.005 0.010 0.982 
 83 TMA-ZAIN-G-    (9)   :  0.049 0.067 0.021 0.863 
 84 TMA-ZAIN-G-    (0)   :  0.051 0.010 0.006 0.933 
 85 TMA-ZAIN-G-    (0)   :  0.099 0.520 0.360 0.021 
 86 TMA-ZAIN-G-    (0)   :  0.313 0.077 0.505 0.105 
 87 TMA-ZAIN-G-    (0)   :  0.731 0.163 0.088 0.018 
 88 TMA-ZAIN-G-    (0)   :  0.022 0.185 0.678 0.115 
 89 TMA-ZAIN-G-    (0)   :  0.036 0.014 0.935 0.015 
 90 TMA-ZAIN-G-    (0)   :  0.021 0.044 0.922 0.013 
 91 TMA-ZAIN-G-    (0)   :  0.013 0.059 0.917 0.010 
 92 TMA-ZAIN-G-    (0)   :  0.039 0.021 0.932 0.008 
 93 TMA-ZAIN-G-    (0)   :  0.013 0.053 0.928 0.006 
 94 TMA-ZAIN-G-    (0)   :  0.035 0.251 0.708 0.006 
 95 TMA-ZAIN-G-    (0)   :  0.011 0.957 0.012 0.021 
 96 TMA-ZAIN-G-    (0)   :  0.010 0.797 0.064 0.130 
 97 TMA-ZAIN-G-    (0)   :  0.008 0.980 0.007 0.005 
 98 TMA-ZAIN-G-    (0)   :  0.005 0.983 0.007 0.005 
 99 TMA-ZAIN-G-    (0)   :  0.017 0.879 0.006 0.098 
100 TMA-ZAIN-G-    (0)   :  0.015 0.969 0.013 0.004 
101 TMA-ZAIN-G-    (0)   :  0.006 0.979 0.007 0.008 
102 TMA-ZAIN-G-    (0)   :  0.187 0.735 0.029 0.049 
103 TMA-ZAIN-G-    (0)   :  0.015 0.968 0.008 0.009 
104 TMA-ZAIN-G-    (0)   :  0.009 0.981 0.005 0.004 
105 TMA-ZAIN-G-    (0)   :  0.009 0.972 0.009 0.010 
106 TMA-ZAIN-G-    (0)   :  0.004 0.004 0.011 0.981 
107 TMA-ZAIN-G-    (0)   :  0.003 0.005 0.007 0.985 
108 TMA-ZAIN-G-    (9)   :  0.066 0.455 0.136 0.343 
109 TMA-ZAIN-G-    (0)   :  0.006 0.366 0.203 0.425 
110 TMA-ZAIN-G-    (0)   :  0.135 0.357 0.048 0.460 
111 TMA-ZAIN-G-    (9)   :  0.039 0.890 0.017 0.053 
112 TMA-ZAIN-G-    (0)   :  0.073 0.520 0.124 0.284 
113 TMA-ZAIN-G-    (0)   :  0.016 0.958 0.012 0.014 
114 TMA-ZAIN-G-    (0)   :  0.015 0.977 0.004 0.004 
115 TMA-ZAIN-G-    (0)   :  0.009 0.980 0.006 0.005 
116 TMA-ZAIN-G-    (0)   :  0.003 0.007 0.013 0.976 
117 TMA-ZAIN-G-    (0)   :  0.004 0.008 0.113 0.876 
118 TMA-ZAIN-G-    (0)   :  0.003 0.007 0.013 0.977 
119 TMA-ZAIN-G-    (0)   :  0.009 0.017 0.010 0.964 
120 TMA-ZAIN-G-    (0)   :  0.004 0.013 0.026 0.957 
121 TMA-ZAIN-G-    (0)   :  0.003 0.008 0.021 0.968 
122 TMA-ZAIN-G-    (0)   :  0.009 0.008 0.024 0.959 
123 TMA-ZAIN-G-    (0)   :  0.017 0.967 0.011 0.006 
124 TMA-ZAIN-G-    (0)   :  0.004 0.011 0.012 0.973 
125 TMA-ZAIN-G-    (0)   :  0.003 0.004 0.662 0.332 
126 TMA-ZAIN-G-    (0)   :  0.003 0.007 0.165 0.825 
127 TMA-ZAIN-G-    (0)   :  0.003 0.004 0.011 0.982 
128 TMA-ZAIN-G-    (0)   :  0.003 0.006 0.016 0.975 
129 TMA-ZAIN-G-    (0)   :  0.004 0.009 0.023 0.964 
130 TMA-ZAIN-G-    (0)   :  0.003 0.009 0.679 0.309 
131 TMA-ZAIN-G-    (0)   :  0.004 0.009 0.028 0.958 
132 TMA-ZAIN-G-    (0)   :  0.003 0.005 0.113 0.879 
133 TMA-ZAIN-G-    (0)   :  0.009 0.005 0.127 0.858 
134 TMA-ZAIN-G-    (0)   :  0.005 0.005 0.203 0.786 
135 TMA-ZAIN-G-    (0)   :  0.005 0.005 0.008 0.982 
136 TMA-ZAIN-G-    (0)   :  0.005 0.004 0.019 0.973 
137 TMA-ZAIN-G-    (0)   :  0.006 0.007 0.007 0.980 
138 TMA-ZAIN-G-    (0)   :  0.003 0.004 0.015 0.978 
139 TMA-ZAIN-G-    (0)   :  0.004 0.005 0.026 0.965 
140 TMA-ZAIN-G-    (0)   :  0.005 0.005 0.005 0.985 
141 TMA-ZAIN-G-    (0)   :  0.004 0.006 0.011 0.979 
142 TMA-ZAIN-G-    (9)   :  0.004 0.004 0.006 0.986 
143 TMA-ZAIN-G-    (0)   :  0.003 0.005 0.007 0.984 
144 TMA-ZAIN-G-    (0)   :  0.006 0.006 0.016 0.972 
145 TMA-ZAIN-G-    (0)   :  0.003 0.003 0.010 0.984 
146 TMA-ZAIN-G-    (0)   :  0.004 0.004 0.005 0.987 
147 TMA-ZAIN-G-    (9)   :  0.004 0.004 0.007 0.985 
148 TMA-ZAIN-G-    (0)   :  0.004 0.004 0.023 0.970 
149 TMA-ZAIN-G-    (0)   :  0.027 0.032 0.067 0.874 
150 TMA-ZAIN-G-    (0)   :  0.024 0.027 0.045 0.904 
151 TMA-ZAIN-G-    (0)   :  0.002 0.004 0.010 0.984 
152 TMA-ZAIN-G-    (0)   :  0.003 0.005 0.008 0.985 
153 TMA-ZAIN-G-    (0)   :  0.003 0.004 0.009 0.984 
154 TMA-ZAIN-G-    (0)   :  0.003 0.005 0.009 0.983 
155 TMA-ZAIN-G-    (0)   :  0.003 0.006 0.005 0.986 
156 TMA-ZAIN-G-    (9)   :  0.003 0.008 0.031 0.958 
157 TMA-ZAIN-G-    (0)   :  0.003 0.005 0.015 0.977 
158 TMA-ZAIN-G-    (0)   :  0.004 0.006 0.006 0.985 
159 TMA-ZAIN-G-    (0)   :  0.003 0.005 0.006 0.986 
160 TMA-ZAIN-G-    (0)   :  0.003 0.005 0.006 0.986 
161 TMA-ZAIN-G-    (0)   :  0.003 0.004 0.011 0.982 
162 TMA-ZAIN-G-    (0)   :  0.019 0.031 0.018 0.932 
163 TMA-ZAIN-G-    (0)   :  0.003 0.004 0.004 0.989 
164 TMA-ZAIN-G-    (0)   :  0.004 0.007 0.009 0.980 
165 TMA-ZAIN-G-    (0)   :  0.003 0.004 0.005 0.988 
166 TMA-ZAIN-G-    (0)   :  0.003 0.004 0.008 0.986 
167 TMA-ZAIN-G-    (0)   :  0.006 0.007 0.009 0.978 
168 TMA-ZAIN-G-    (0)   :  0.004 0.006 0.012 0.979 
169 TMA-ZAIN-G-    (0)   :  0.003 0.004 0.007 0.986 
170 TMA-ZAIN-G-    (0)   :  0.011 0.019 0.010 0.959 
171 TMA-ZAIN-G-    (0)   :  0.004 0.004 0.005 0.987 
172 TMA-ZAIN-G-    (0)   :  0.005 0.006 0.009 0.980 
173 TMA-ZAIN-G-    (0)   :  0.005 0.006 0.015 0.975 
174 TMA-ZAIN-G-    (0)   :  0.003 0.004 0.008 0.986 
175 TMA-ZAIN-G-    (0)   :  0.004 0.004 0.006 0.986 
176 TMA-ZAIN-G-    (0)   :  0.004 0.005 0.006 0.985 
177 TMA-ZAIN-G-    (0)   :  0.004 0.005 0.007 0.985 
178 TMA-ZAIN-G-    (0)   :  0.005 0.009 0.016 0.970 
179 TMA-ZAIN-G-    (0)   :  0.003 0.004 0.009 0.984 
180 TMA-ZAIN-G-    (0)   :  0.005 0.005 0.033 0.957 
181 TMA-ZAIN-G-    (0)   :  0.003 0.007 0.041 0.950 
182 TMA-ZAIN-G-    (0)   :  0.004 0.014 0.269 0.713 
183 TMA-ZAIN-G-    (0)   :  0.003 0.006 0.050 0.940 
184 TMA-ZAIN-G-    (0)   :  0.021 0.038 0.134 0.806 
185 TMA-ZAIN-G-    (0)   :  0.042 0.038 0.060 0.860 
186 TMA-ZAIN-G-    (9)   :  0.008 0.009 0.009 0.975 
187 TMA-ZAIN-G-    (0)   :  0.005 0.007 0.008 0.980 
188 TMA-ZAIN-G-    (0)   :  0.003 0.005 0.008 0.983 
189 TMA-ZAIN-G-    (0)   :  0.003 0.004 0.006 0.987 
190 TMA-ZAIN-G-    (0)   :  0.004 0.005 0.021 0.970 
191 TMA-ZAIN-G-    (0)   :  0.035 0.024 0.016 0.925 
192 TMA-ZAIN-G-    (0)   :  0.006 0.005 0.013 0.976 
193 TMA-ZAIN-G-    (0)   :  0.003 0.004 0.983 0.010 
194 TMA-ZAIN-G-    (0)   :  0.005 0.005 0.978 0.012 
195 TMA-ZAIN-G-    (0)   :  0.003 0.008 0.612 0.377 
196 TMA-ZAIN-G-    (0)   :  0.004 0.006 0.934 0.057 
197 TMA-ZAIN-G-    (0)   :  0.004 0.005 0.969 0.023 
198 TMA-ZAIN-G-    (0)   :  0.004 0.005 0.909 0.083 
199 TMA-ZAIN-G-    (0)   :  0.005 0.007 0.019 0.969 
200 TMA-ZAIN-G-    (0)   :  0.955 0.026 0.014 0.005 
201 TMA-ZAIN-G-    (0)   :  0.983 0.009 0.004 0.004 
202 TMA-ZAIN-G-    (0)   :  0.968 0.015 0.009 0.007 
203 TMA-ZAIN-G-    (0)   :  0.004 0.019 0.847 0.131 
204 TMA-ZAIN-G-    (9)   :  0.960 0.009 0.021 0.010 
205 TMA-ZAIN-G-    (0)   :  0.842 0.021 0.012 0.124 
206 TMA-ZAIN-G-    (9)   :  0.857 0.021 0.101 0.021 
207 TMA-ZAIN-G-    (9)   :  0.015 0.025 0.103 0.857 
208 TMA-ZAIN-G-    (0)   :  0.003 0.004 0.004 0.989 
209 TMA-ZAIN-G-    (0)   :  0.003 0.004 0.208 0.785 
210 TMA-ZAIN-G-    (0)   :  0.003 0.005 0.145 0.846 
211 TMA-ZAIN-G-    (0)   :  0.014 0.011 0.037 0.938 
212 TMA-ZAIN-G-    (0)   :  0.005 0.005 0.016 0.974 
213 TMA-ZAIN-G-    (0)   :  0.004 0.005 0.013 0.978 
214 TMA-ZAIN-G-    (0)   :  0.004 0.004 0.012 0.981 
215 TMA-ZAIN-G-    (0)   :  0.022 0.115 0.004 0.859 
216 TMA-ZAIN-G-    (0)   :  0.006 0.005 0.026 0.963 
217 TMA-ZAIN-G-    (0)   :  0.003 0.004 0.013 0.980 
218 TMA-ZAIN-G-    (0)   :  0.009 0.960 0.006 0.026 
219 TMA-ZAIN-G-    (0)   :  0.042 0.938 0.013 0.007 
220 TMA-ZAIN-G-    (0)   :  0.005 0.979 0.006 0.010 
221 TMA-ZAIN-G-    (0)   :  0.033 0.933 0.016 0.018 
222 TMA-ZAIN-G-    (0)   :  0.017 0.954 0.013 0.016 
223 TMA-ZAIN-G-    (0)   :  0.035 0.953 0.006 0.006 
224 TMA-ZAIN-G-    (0)   :  0.036 0.885 0.053 0.027 
225 TMA-ZAIN-G-    (0)   :  0.025 0.962 0.008 0.005 
226 TMA-ZAIN-G-    (0)   :  0.015 0.963 0.014 0.008 
227 TMA-ZAIN-G-    (0)   :  0.083 0.897 0.010 0.010 
228 TMA-ZAIN-G-    (0)   :  0.024 0.939 0.010 0.027 
229 TMA-ZAIN-G-    (0)   :  0.132 0.854 0.005 0.009 
230 TMA-ZAIN-G-    (0)   :  0.013 0.646 0.171 0.170 
231 TMA-ZAIN-G-    (0)   :  0.445 0.471 0.034 0.050 
232 TMA-ZAIN-G-    (9)   :  0.398 0.532 0.024 0.046 
233 TMA-ZAIN-G-    (0)   :  0.092 0.736 0.042 0.131 
234 TMA-ZAIN-G-    (0)   :  0.037 0.943 0.014 0.006 
235 TMA-ZAIN-G-    (0)   :  0.017 0.937 0.018 0.028 
236 TMA-ZAIN-G-    (0)   :  0.113 0.856 0.017 0.013 
237 TMA-ZAIN-G-    (0)   :  0.016 0.858 0.031 0.095 
238 TMA-ZAIN-G-    (0)   :  0.056 0.928 0.006 0.010 
239 TMA-ZAIN-G-    (0)   :  0.756 0.006 0.217 0.020 
240 TMA-ZAIN-G-    (0)   :  0.987 0.004 0.005 0.004 
241 TMA-ZAIN-G-    (0)   :  0.983 0.005 0.005 0.007 
242 TMA-ZAIN-G-    (0)   :  0.985 0.004 0.004 0.007 
243 TMA-ZAIN-G-    (0)   :  0.981 0.004 0.005 0.010 
244 TMA-ZAIN-G-    (0)   :  0.978 0.005 0.004 0.014 
245 TMA-ZAIN-G-    (9)   :  0.989 0.004 0.003 0.003 
246 TMA-ZAIN-G-    (0)   :  0.990 0.003 0.003 0.003 
247 TMA-ZAIN-G-    (0)   :  0.988 0.003 0.004 0.005 
248 TMA-ZAIN-G-    (0)   :  0.980 0.006 0.007 0.007 
249 TMA-ZAIN-G-    (0)   :  0.987 0.004 0.005 0.004 
250 TMA-ZAIN-G-    (0)   :  0.987 0.004 0.004 0.005 
251 TMA-ZAIN-G-    (0)   :  0.004 0.007 0.984 0.005 
252 TMA-ZAIN-G-    (0)   :  0.004 0.010 0.911 0.074 
253 TMA-ZAIN-G-    (0)   :  0.006 0.007 0.979 0.009 
254 TMA-ZAIN-G-    (9)   :  0.004 0.012 0.957 0.026 
255 TMA-ZAIN-G-    (0)   :  0.049 0.015 0.927 0.008 
256 TMA-ZAIN-G-    (0)   :  0.011 0.007 0.976 0.007 
257 TMA-ZAIN-G-    (0)   :  0.005 0.004 0.988 0.003 
258 TMA-ZAIN-G-    (0)   :  0.004 0.005 0.987 0.004 
259 TMA-ZAIN-G-    (0)   :  0.008 0.005 0.982 0.004 
260 TMA-ZAIN-G-    (0)   :  0.007 0.005 0.983 0.005 
261 TMA-ZAIN-G-   (18)   :  0.005 0.007 0.982 0.007 
262 TMA-ZAIN-G-    (0)   :  0.004 0.004 0.987 0.004 
263 TMA-ZAIN-G-    (0)   :  0.006 0.009 0.981 0.005 
264 TMA-ZAIN-G-    (0)   :  0.005 0.009 0.981 0.006 
265 TMA-ZAIN-G-    (0)   :  0.041 0.152 0.739 0.068 
266 TMA-ZAIN-G-    (0)   :  0.007 0.010 0.965 0.017 
267 TMA-ZAIN-G-    (0)   :  0.651 0.130 0.187 0.032 
268 TMA-ZAIN-G-    (0)   :  0.974 0.018 0.005 0.004 
269 TMA-ZAIN-G-    (0)   :  0.852 0.135 0.007 0.006 
270 TMA-ZAIN-G-    (0)   :  0.945 0.042 0.007 0.006 
271 TMA-ZAIN-G-    (0)   :  0.971 0.019 0.005 0.005 
272 TMA-ZAIN-G-    (0)   :  0.915 0.076 0.005 0.005 
273 TMA-ZAIN-G-    (0)   :  0.975 0.019 0.004 0.003 
274 TMA-ZAIN-G-    (0)   :  0.927 0.035 0.023 0.015 
275 TMA-ZAIN-G-    (0)   :  0.985 0.008 0.003 0.004 
276 TMA-ZAIN-G-    (0)   :  0.987 0.006 0.003 0.004 
277 TMA-ZAIN-G-    (0)   :  0.979 0.010 0.006 0.005 
278 TMA-ZAIN-G-    (0)   :  0.986 0.006 0.005 0.003 
279 TMA-ZAIN-G-    (0)   :  0.973 0.017 0.006 0.005 
280 TMA-ZAIN-G-    (0)   :  0.784 0.204 0.006 0.006 
281 TMA-ZAIN-G-    (0)   :  0.953 0.036 0.006 0.005 
282 TMA-ZAIN-G-    (9)   :  0.983 0.009 0.004 0.003 
283 TMA-ZAIN-G-    (0)   :  0.679 0.212 0.088 0.020 
284 TMA-ZAIN-G-    (0)   :  0.445 0.446 0.094 0.015 
285 TMA-ZAIN-G-    (0)   :  0.843 0.056 0.070 0.030 
286 TMA-ZAIN-G-    (0)   :  0.976 0.016 0.005 0.003 
287 TMA-ZAIN-G-    (0)   :  0.971 0.014 0.009 0.006 
288 TMA-ZAIN-G-    (0)   :  0.618 0.314 0.040 0.027 
289 TMA-ZAIN-G-    (0)   :  0.948 0.020 0.019 0.013 
290 TMA-ZAIN-G-    (0)   :  0.421 0.559 0.011 0.009 
291 TMA-ZAIN-G-    (0)   :  0.016 0.968 0.009 0.006 
292 TMA-ZAIN-G-    (0)   :  0.013 0.013 0.007 0.967 
293 TMA-ZAIN-G-    (0)   :  0.008 0.006 0.021 0.965 
294 TMA-ZAIN-G-    (0)   :  0.005 0.005 0.007 0.983 
295 TMA-ZAIN-G-    (9)   :  0.009 0.007 0.010 0.975 
296 TMA-ZAIN-G-    (0)   :  0.007 0.014 0.019 0.960 
297 TMA-ZAIN-G-    (0)   :  0.006 0.008 0.020 0.965 
298 TMA-ZAIN-G-    (0)   :  0.034 0.017 0.036 0.913 
299 TMA-ZAIN-G-    (0)   :  0.009 0.006 0.005 0.981 
300 TMA-ZAIN-G-    (0)   :  0.007 0.005 0.007 0.982 
301 TMA-ZAIN-G-    (0)   :  0.009 0.007 0.011 0.974 
302 TMA-ZAIN-G-    (9)   :  0.004 0.005 0.009 0.982 
303 TMA-ZAIN-G-    (0)   :  0.007 0.792 0.193 0.009 
304 TMA-ZAIN-G-    (0)   :  0.009 0.011 0.933 0.047 
305 TMA-ZAIN-G-    (0)   :  0.005 0.005 0.010 0.981 
306 TMA-ZAIN-G-    (0)   :  0.078 0.114 0.371 0.437 
307 TMA-ZAIN-G-    (0)   :  0.015 0.009 0.819 0.156 
308 TMA-ZAIN-G-    (0)   :  0.040 0.156 0.796 0.007 
309 TMA-ZAIN-G-    (0)   :  0.004 0.005 0.010 0.981 
310 TMA-ZAIN-G-    (0)   :  0.039 0.011 0.013 0.937 
311 TMA-ZAIN-G-    (0)   :  0.012 0.053 0.078 0.857 
312 TMA-ZAIN-G-    (0)   :  0.007 0.014 0.033 0.946 
313 TMA-ZAIN-G-    (0)   :  0.006 0.012 0.873 0.109 
314 TMA-ZAIN-G-    (0)   :  0.161 0.823 0.009 0.007 
315 TMA-ZAIN-G-    (0)   :  0.435 0.017 0.018 0.530 
316 TMA-ZAIN-G-    (0)   :  0.470 0.029 0.015 0.486 
317 TMA-ZAIN-G-    (0)   :  0.016 0.963 0.012 0.009 
318 TMA-ZAIN-G-    (9)   :  0.241 0.732 0.021 0.006 
319 TMA-ZAIN-G-    (0)   :  0.168 0.323 0.493 0.016 
320 TMA-ZAIN-G-    (0)   :  0.023 0.298 0.009 0.670 
321 TMA-ZAIN-G-    (0)   :  0.124 0.194 0.016 0.666 
322 TMA-ZAIN-G-    (0)   :  0.014 0.443 0.093 0.450 
323 TMA-ZAIN-G-    (0)   :  0.043 0.792 0.091 0.073 
324 TMA-ZAIN-G-    (0)   :  0.005 0.010 0.103 0.882 
325 TMA-ZAIN-G-    (0)   :  0.131 0.841 0.013 0.016 
326 TMA-ZAIN-G-    (0)   :  0.006 0.512 0.403 0.079 
327 TMA-ZAIN-G-    (0)   :  0.004 0.005 0.963 0.029 
328 TMA-ZAIN-G-    (0)   :  0.120 0.558 0.119 0.202 
329 TMA-ZAIN-G-    (0)   :  0.006 0.006 0.049 0.938 
330 TMA-ZAIN-G-    (0)   :  0.003 0.006 0.087 0.904 
331 TMA-ZAIN-G-    (0)   :  0.084 0.086 0.134 0.696 
332 TMA-ZAIN-G-    (0)   :  0.003 0.004 0.073 0.920 
333 TMA-ZAIN-G-    (0)   :  0.003 0.006 0.970 0.021 
334 TMA-ZAIN-G-    (0)   :  0.979 0.012 0.005 0.004 
335 TMA-ZAIN-G-    (0)   :  0.987 0.004 0.004 0.005 
336 TMA-ZAIN-G-    (0)   :  0.965 0.016 0.009 0.010 
337 TMA-ZAIN-G-    (9)   :  0.841 0.147 0.005 0.006 
338 TMA-ZAIN-G-    (0)   :  0.974 0.017 0.005 0.004 
339 TMA-ZAIN-G-    (0)   :  0.986 0.008 0.003 0.002 
340 TMA-ZAIN-G-    (0)   :  0.987 0.007 0.003 0.003 
341 TMA-ZAIN-G-    (0)   :  0.984 0.008 0.003 0.005 
342 TMA-ZAIN-G-    (0)   :  0.984 0.008 0.004 0.005 
343 TMA-ZAIN-G-    (0)   :  0.976 0.017 0.003 0.003 
344 TMA-ZAIN-G-    (0)   :  0.978 0.011 0.006 0.005 
345 TMA-ZAIN-G-    (0)   :  0.988 0.005 0.004 0.003 
346 TMA-ZAIN-G-    (0)   :  0.955 0.027 0.009 0.009 
347 TMA-ZAIN-G-    (9)   :  0.984 0.009 0.003 0.003 
348 TMA-ZAIN-G-    (0)   :  0.965 0.023 0.007 0.005 
349 TMA-ZAIN-G-    (0)   :  0.979 0.012 0.005 0.004 
350 TMA-ZAIN-G-    (0)   :  0.927 0.060 0.007 0.007 
351 TMA-ZAIN-G-    (0)   :  0.983 0.008 0.005 0.004 
352 TMA-ZAIN-G-    (0)   :  0.979 0.008 0.006 0.007 
353 TMA-ZAIN-G-    (0)   :  0.918 0.066 0.008 0.008 
354 TMA-ZAIN-G-    (0)   :  0.979 0.010 0.004 0.006 
355 TMA-ZAIN-G-    (0)   :  0.969 0.016 0.005 0.010 
356 TMA-ZAIN-G-    (0)   :  0.003 0.014 0.016 0.967 
357 TMA-ZAIN-G-    (0)   :  0.004 0.009 0.038 0.949 
358 TMA-ZAIN-G-    (0)   :  0.033 0.048 0.037 0.881 
359 TMA-ZAIN-G-    (0)   :  0.013 0.021 0.013 0.953 
360 TMA-ZAIN-G-    (0)   :  0.004 0.005 0.005 0.986 
361 TMA-ZAIN-G-    (0)   :  0.004 0.013 0.025 0.958 
362 TMA-ZAIN-G-    (0)   :  0.015 0.007 0.005 0.973 
363 TMA-ZAIN-G-    (0)   :  0.012 0.013 0.076 0.899 
364 TMA-ZAIN-G-    (0)   :  0.012 0.959 0.013 0.016 
365 TMA-ZAIN-G-    (0)   :  0.163 0.028 0.006 0.803 
366 TMA-ZAIN-G-    (0)   :  0.009 0.005 0.012 0.974 
367 TMA-ZAIN-G-    (0)   :  0.006 0.090 0.454 0.450 
368 TMA-ZAIN-G-    (0)   :  0.005 0.005 0.012 0.978 
369 TMA-ZAIN-G-    (0)   :  0.003 0.004 0.012 0.981 
370 TMA-ZAIN-G-    (0)   :  0.003 0.008 0.012 0.977 
371 TMA-ZAIN-G-    (0)   :  0.004 0.005 0.006 0.985 
372 TMA-ZAIN-G-    (0)   :  0.004 0.005 0.007 0.985 
373 TMA-ZAIN-G-    (0)   :  0.005 0.008 0.793 0.194 
374 TMA-ZAIN-G-    (0)   :  0.012 0.348 0.556 0.083 
375 TMA-ZAIN-G-    (0)   :  0.011 0.788 0.038 0.164 
376 TMA-ZAIN-G-    (9)   :  0.003 0.006 0.004 0.986 
377 TMA-ZAIN-G-    (0)   :  0.003 0.003 0.005 0.989 
378 TMA-ZAIN-G-    (0)   :  0.003 0.004 0.006 0.988 
379 TMA-ZAIN-G-    (0)   :  0.003 0.004 0.007 0.986 
380 TMA-ZAIN-G-    (0)   :  0.004 0.003 0.007 0.986 
381 TMA-ZAIN-G-    (9)   :  0.015 0.565 0.176 0.244 
382 TMA-ZAIN-G-    (9)   :  0.037 0.948 0.008 0.007 
383    ZFB01    (0)   :  0.024 0.962 0.006 0.008 
384    ZFB02    (0)   :  0.122 0.865 0.009 0.005 
385    ZFB03    (0)   :  0.006 0.980 0.008 0.006 
386    ZFB04    (0)   :  0.229 0.761 0.005 0.005 
387    ZFB05    (0)   :  0.091 0.896 0.010 0.004 
388    ZFB06    (0)   :  0.034 0.955 0.007 0.004 
389    ZFB07    (9)   :  0.019 0.962 0.007 0.012 
390    ZFB08    (0)   :  0.007 0.979 0.008 0.006 
391    ZFB09    (0)   :  0.007 0.984 0.005 0.004 
392    ZFB10    (0)   :  0.023 0.950 0.006 0.021 
393    ZFB11    (0)   :  0.025 0.956 0.006 0.013 
394    ZFB12    (0)   :  0.013 0.974 0.006 0.007 
395    ZFB13    (0)   :  0.008 0.980 0.005 0.008 
396    ZFB14    (0)   :  0.006 0.981 0.006 0.007 
397    ZFB15    (0)   :  0.046 0.946 0.004 0.004 
398    ZFB16    (0)   :  0.029 0.962 0.004 0.005 
399    ZFB17    (0)   :  0.024 0.965 0.005 0.006 
400    ZFB18    (0)   :  0.006 0.983 0.005 0.005 
401    ZFB19    (0)   :  0.008 0.962 0.006 0.024 
402    ZFB20    (0)   :  0.062 0.928 0.004 0.006 
403    ZFB21    (0)   :  0.020 0.972 0.004 0.003 
404    ZFB22    (0)   :  0.124 0.865 0.004 0.006 
405    ZFB23    (0)   :  0.033 0.948 0.008 0.012 
406    ZFB24    (0)   :  0.076 0.908 0.006 0.010 
407    ZFB25    (0)   :  0.012 0.933 0.007 0.048 
408    ZFB26    (0)   :  0.112 0.850 0.009 0.029 
409    ZFB27    (0)   :  0.117 0.864 0.005 0.014 
410    ZFB28    (0)   :  0.019 0.966 0.008 0.007 
411    ZFB29    (0)   :  0.026 0.965 0.005 0.004 
412    ZFB30    (0)   :  0.092 0.892 0.007 0.009 
413    ZFB31    (0)   :  0.010 0.957 0.005 0.028 
414    ZFB32    (0)   :  0.013 0.952 0.024 0.011 
415    ZFB33    (0)   :  0.041 0.950 0.004 0.005 
416    ZFB34    (0)   :  0.006 0.983 0.006 0.005 
417    ZFB35    (0)   :  0.030 0.952 0.008 0.010 
418  ZFBP101    (0)   :  0.009 0.013 0.108 0.870 
419  ZFBP102    (0)   :  0.013 0.013 0.020 0.953 
420  ZFBP103    (0)   :  0.006 0.008 0.325 0.661 
421  ZFBP104    (0)   :  0.026 0.065 0.006 0.903 
422  ZFBP105    (0)   :  0.006 0.008 0.008 0.978 
423  ZFBP106    (0)   :  0.004 0.004 0.014 0.978 
424  ZFBP107    (0)   :  0.014 0.009 0.012 0.966 
425  ZFBP108    (0)   :  0.003 0.004 0.004 0.989 
426  ZFBP109    (0)   :  0.003 0.005 0.005 0.988 
427  ZFBP110    (0)   :  0.007 0.050 0.240 0.703 
428  ZFBP111    (0)   :  0.003 0.004 0.006 0.987 
429  ZFBP112    (0)   :  0.006 0.006 0.009 0.979 
430  ZFBP113    (0)   :  0.004 0.005 0.004 0.987 
431  ZFBP114    (0)   :  0.006 0.005 0.007 0.983 
432  ZFBP115    (0)   :  0.004 0.004 0.018 0.973 
433  ZFBP116    (0)   :  0.005 0.004 0.006 0.985 
434  ZFBP117    (0)   :  0.003 0.004 0.008 0.985 
435  ZFBP118    (0)   :  0.006 0.004 0.005 0.985 
436  ZFBP119    (0)   :  0.003 0.006 0.026 0.965 
437  ZFBP120    (0)   :  0.006 0.008 0.007 0.980 
438  ZFBP121    (0)   :  0.004 0.006 0.011 0.979 
439  ZFBP122    (9)   :  0.004 0.004 0.006 0.986 
440  ZFBP123    (0)   :  0.008 0.006 0.014 0.972 
441  ZFBP124    (0)   :  0.005 0.008 0.007 0.980 
442  ZFBP125    (0)   :  0.003 0.003 0.008 0.986 
443  ZFBP126    (0)   :  0.012 0.017 0.019 0.952 
444  ZFBP127    (0)   :  0.003 0.004 0.012 0.981 
445  ZFBP128    (0)   :  0.003 0.004 0.009 0.984 
446  ZFBP129    (0)   :  0.003 0.005 0.008 0.983 
447  ZFBP130    (0)   :  0.003 0.003 0.011 0.983 
448  ZFBP131    (0)   :  0.005 0.005 0.004 0.986 
449  ZFBP132    (0)   :  0.003 0.004 0.007 0.985 
450  ZFBP133    (0)   :  0.003 0.004 0.006 0.988 
451  ZFBP134    (0)   :  0.004 0.004 0.018 0.974 
452  ZFBP135    (0)   :  0.007 0.017 0.245 0.732 
453  ZFBP136    (0)   :  0.008 0.005 0.095 0.893 
454  ZFBP201    (0)   :  0.007 0.008 0.010 0.975 
455  ZFBP202    (0)   :  0.003 0.006 0.006 0.985 
456  ZFBP203    (0)   :  0.036 0.012 0.006 0.946 
457  ZFBP204    (0)   :  0.006 0.006 0.026 0.962 
458  ZFBP205    (0)   :  0.006 0.004 0.008 0.982 
459  ZFBP206    (0)   :  0.009 0.008 0.014 0.970 
460  ZFBP207    (0)   :  0.004 0.006 0.029 0.962 
461  ZFBP208    (0)   :  0.015 0.007 0.009 0.969 
462  ZFBP209    (0)   :  0.003 0.004 0.006 0.988 
463  ZFBP210    (0)   :  0.008 0.006 0.008 0.977 
464  ZFBP211    (0)   :  0.004 0.006 0.006 0.984 
465  ZFBP212    (0)   :  0.004 0.006 0.006 0.984 
466  ZFBP213    (0)   :  0.006 0.009 0.016 0.968 
467  ZFBP214    (0)   :  0.005 0.012 0.080 0.903 
468  ZFBP215    (0)   :  0.003 0.005 0.007 0.984 
469  ZFBP216    (0)   :  0.008 0.009 0.006 0.977 
470  ZFBP217    (0)   :  0.003 0.005 0.010 0.981 
471  ZFBP218    (0)   :  0.003 0.004 0.004 0.988 
472  ZFBP219    (0)   :  0.004 0.005 0.004 0.987 
473  ZFBP220    (0)   :  0.004 0.004 0.011 0.981 
474  ZFBP221    (0)   :  0.004 0.005 0.005 0.986 
475  ZFBP222    (0)   :  0.006 0.006 0.008 0.980 
476  ZFBP223    (0)   :  0.005 0.009 0.036 0.951 
477  ZFBP224    (0)   :  0.005 0.006 0.007 0.981 
478  ZFBP225    (0)   :  0.006 0.004 0.015 0.975 
479  ZFBP226    (0)   :  0.006 0.005 0.005 0.984 
480  ZFBP227    (0)   :  0.037 0.096 0.009 0.858 
481  ZFBP228    (0)   :  0.003 0.006 0.015 0.975 
482  ZFBP229    (0)   :  0.003 0.004 0.006 0.986 
483  ZFBP230    (0)   :  0.004 0.005 0.014 0.978 
484  ZFBP231    (0)   :  0.005 0.007 0.006 0.982 
485  ZFBP232    (0)   :  0.003 0.004 0.005 0.988 
486  ZFBP233    (0)   :  0.005 0.006 0.007 0.983 
487   ZFCC01    (0)   :  0.009 0.011 0.975 0.005 
488   ZFCC03    (0)   :  0.003 0.005 0.986 0.005 
489   ZFCC04    (0)   :  0.006 0.009 0.981 0.005 
490   ZFCC05    (0)   :  0.006 0.010 0.978 0.006 
491   ZFCC08    (0)   :  0.003 0.007 0.973 0.017 
492   ZFCC09    (0)   :  0.006 0.007 0.982 0.005 
493   ZFCC10    (0)   :  0.007 0.017 0.971 0.005 
494   ZFCC11    (0)   :  0.004 0.007 0.984 0.005 
495   ZFCC12    (0)   :  0.103 0.024 0.866 0.006 
496   ZFCC13    (0)   :  0.008 0.007 0.974 0.010 
497   ZFCC14    (0)   :  0.009 0.019 0.962 0.009 
498   ZFCC15    (0)   :  0.009 0.011 0.975 0.006 
499   ZFCC16    (0)   :  0.008 0.009 0.977 0.005 
500   ZFCC17    (0)   :  0.018 0.008 0.970 0.004 
501   ZFCC18    (0)   :  0.005 0.007 0.983 0.005 
502   ZFCC19    (0)   :  0.016 0.015 0.965 0.004 
503   ZFCC20    (0)   :  0.004 0.005 0.986 0.005 
504   ZFCC21    (0)   :  0.010 0.051 0.866 0.072 
505   ZFCC22    (0)   :  0.008 0.014 0.668 0.310 
506   ZFCC26    (0)   :  0.006 0.007 0.982 0.005 
507   ZFCC27    (0)   :  0.004 0.005 0.988 0.004 
508   ZFCC29    (0)   :  0.008 0.019 0.967 0.006 
509   ZFCC30    (0)   :  0.004 0.004 0.988 0.004 
510   ZFCC32    (0)   :  0.014 0.012 0.969 0.005 
511   ZFCC33    (0)   :  0.009 0.014 0.972 0.004 
512   ZFCC34    (0)   :  0.019 0.014 0.938 0.029 
513   ZFCC35    (0)   :  0.004 0.005 0.986 0.005 
514   ZFCC36    (0)   :  0.021 0.010 0.956 0.013 
515   ZFCC37    (0)   :  0.085 0.038 0.865 0.012 
516   ZFCC40    (0)   :  0.012 0.009 0.971 0.008 
517   ZFCC42    (0)   :  0.511 0.010 0.470 0.009 
518   ZFCC44    (0)   :  0.005 0.004 0.987 0.004 
519   ZFCC45    (9)   :  0.028 0.031 0.936 0.006 
520   ZFCC46    (0)   :  0.004 0.005 0.977 0.013 
521   ZFCC47    (0)   :  0.050 0.018 0.925 0.007 
522   ZFCC48    (0)   :  0.005 0.014 0.939 0.042 
523   ZFCC50    (0)   :  0.009 0.008 0.979 0.004 
524   ZFCC51    (0)   :  0.004 0.005 0.987 0.004 
525   ZFCC52    (0)   :  0.011 0.007 0.970 0.013 
526   ZFCC53    (0)   :  0.005 0.005 0.987 0.003 
527  ZFCNS01    (0)   :  0.010 0.007 0.966 0.017 
528  ZFCNS02    (0)   :  0.004 0.004 0.981 0.011 
529  ZFCNS05    (0)   :  0.004 0.007 0.970 0.020 
530  ZFCNS06    (0)   :  0.004 0.005 0.979 0.012 
531  ZFCNS07    (0)   :  0.004 0.007 0.638 0.351 
532  ZFCNS10    (0)   :  0.004 0.004 0.929 0.062 
533  ZFCNS11    (0)   :  0.005 0.006 0.978 0.011 
534  ZFCNS15    (0)   :  0.005 0.009 0.158 0.828 
535  ZFCNS17    (0)   :  0.003 0.004 0.982 0.011 
536  ZFCNS18    (0)   :  0.004 0.005 0.964 0.027 
537  ZFCNS19    (0)   :  0.003 0.005 0.985 0.007 
538  ZFCNS20    (0)   :  0.004 0.006 0.883 0.107 
539  ZFCNS21    (0)   :  0.003 0.005 0.983 0.009 
540  ZFCNS22    (0)   :  0.004 0.010 0.854 0.132 
541  ZFCNS23    (0)   :  0.005 0.006 0.978 0.012 
542  ZFCNS24    (0)   :  0.003 0.004 0.984 0.009 
543  ZFCNS25    (0)   :  0.004 0.005 0.939 0.053 
544  ZFCNS26    (0)   :  0.004 0.009 0.713 0.274 
545  ZFCNS27    (0)   :  0.004 0.008 0.074 0.914 
546  ZFCNS28    (0)   :  0.004 0.007 0.971 0.018 
547  ZFCNS29    (0)   :  0.004 0.006 0.977 0.014 
548  ZFCNS30    (0)   :  0.003 0.006 0.982 0.008 
549  ZFCNS31    (0)   :  0.004 0.007 0.946 0.043 
550  ZFCNS32    (0)   :  0.004 0.007 0.954 0.035 
551  ZFCNS33    (0)   :  0.004 0.005 0.972 0.019 
552  ZFCNS34    (0)   :  0.003 0.004 0.986 0.006 
553  ZFCNS35    (0)   :  0.003 0.007 0.969 0.020 
554  ZFCNS36    (0)   :  0.003 0.004 0.984 0.008 
555  ZFCNS37    (0)   :  0.003 0.007 0.964 0.025 
556  ZFCNS39    (0)   :  0.003 0.004 0.983 0.010 
557  ZFCNS40    (0)   :  0.003 0.004 0.976 0.016 
558  ZFCNS41    (0)   :  0.006 0.012 0.848 0.134 
559  ZFCNS42    (0)   :  0.003 0.006 0.933 0.057 
560  ZFCNS43    (0)   :  0.003 0.005 0.985 0.007 
561  ZFCNS44    (0)   :  0.004 0.005 0.972 0.019 
562  ZFCNS46    (0)   :  0.004 0.006 0.966 0.024 
563  ZFCNS47    (0)   :  0.003 0.005 0.979 0.012 
564  ZFCNS48    (0)   :  0.004 0.004 0.959 0.033 
565  ZFCNS49    (0)   :  0.004 0.007 0.203 0.786 
566   ZFCR01    (0)   :  0.016 0.967 0.007 0.011 
567   ZFCR02    (0)   :  0.012 0.896 0.017 0.075 
568   ZFCR03    (0)   :  0.050 0.916 0.011 0.024 
569   ZFCR04    (0)   :  0.028 0.937 0.017 0.018 
570   ZFCR05    (0)   :  0.009 0.977 0.009 0.005 
571   ZFCR06    (0)   :  0.007 0.729 0.057 0.207 
572   ZFCR07    (0)   :  0.022 0.834 0.121 0.023 
573   ZFCR08    (0)   :  0.058 0.849 0.037 0.056 
574   ZFCR09    (0)   :  0.350 0.386 0.082 0.183 
575   ZFCR11    (0)   :  0.008 0.958 0.013 0.021 
576   ZFCR12    (0)   :  0.005 0.729 0.181 0.085 
577   ZFCR13    (0)   :  0.004 0.949 0.011 0.036 
578   ZFCR14    (0)   :  0.006 0.963 0.015 0.016 
579   ZFCR15    (0)   :  0.011 0.954 0.012 0.023 
580   ZFCR16    (0)   :  0.005 0.967 0.007 0.021 
581   ZFCR18    (0)   :  0.006 0.978 0.009 0.007 
582   ZFCR19    (0)   :  0.070 0.856 0.017 0.057 
583   ZFCR20    (0)   :  0.019 0.935 0.010 0.036 
584   ZFCR21    (0)   :  0.005 0.967 0.013 0.015 
585   ZFCR22    (0)   :  0.008 0.956 0.009 0.028 
586   ZFCR23    (0)   :  0.029 0.897 0.005 0.069 
587   ZFCR24    (9)   :  0.014 0.617 0.008 0.361 
588   ZFCR25    (0)   :  0.006 0.979 0.006 0.009 
589   ZFCR26    (0)   :  0.084 0.853 0.016 0.047 
590   ZFCR27    (9)   :  0.017 0.975 0.004 0.003 
591   ZFCR28    (0)   :  0.009 0.610 0.021 0.360 
592   ZFCR29    (0)   :  0.009 0.974 0.006 0.012 
593   ZFCR30    (0)   :  0.010 0.959 0.013 0.018 
594   ZFCR31    (0)   :  0.041 0.835 0.037 0.086 
595   ZFCR33    (0)   :  0.058 0.853 0.061 0.028 
596   ZFCR34    (0)   :  0.014 0.903 0.034 0.049 
597   ZFCR35    (0)   :  0.014 0.972 0.008 0.006 
598   ZFCR36    (0)   :  0.011 0.967 0.013 0.008 
599   ZFCR37    (0)   :  0.021 0.950 0.022 0.007 
600   ZFCR38    (0)   :  0.035 0.916 0.035 0.013 
601   ZFCR39    (0)   :  0.673 0.049 0.034 0.244 
602   ZFCR40    (0)   :  0.027 0.940 0.018 0.014 
603   ZFCR41    (0)   :  0.004 0.802 0.142 0.053 
604   ZFCR42    (0)   :  0.028 0.783 0.116 0.074 
605   ZFCR43    (0)   :  0.006 0.960 0.006 0.029 
606  ZFENP25    (0)   :  0.008 0.976 0.009 0.007 
607  ZFENP26    (0)   :  0.022 0.967 0.006 0.005 
608  ZFENP27    (0)   :  0.114 0.476 0.385 0.025 
609  ZFENP28    (0)   :  0.035 0.942 0.016 0.007 
610  ZFENP29    (0)   :  0.013 0.972 0.010 0.005 
611  ZFENP30    (0)   :  0.045 0.897 0.050 0.008 
612  ZFENP31    (0)   :  0.906 0.039 0.043 0.012 
613  ZFENP32    (0)   :  0.234 0.687 0.054 0.025 
614  ZFENP33    (0)   :  0.034 0.952 0.007 0.007 
615  ZFENP34    (0)   :  0.019 0.964 0.012 0.005 
616  ZFENP35    (0)   :  0.073 0.903 0.012 0.012 
617  ZFENP36    (0)   :  0.048 0.941 0.007 0.004 
618  ZFENP37    (0)   :  0.042 0.937 0.013 0.008 
619  ZFENP38    (0)   :  0.022 0.915 0.051 0.011 
620  ZFENP39    (0)   :  0.032 0.953 0.010 0.005 
621  ZFENP40    (0)   :  0.073 0.911 0.009 0.007 
622  ZFENP41    (0)   :  0.167 0.751 0.072 0.009 
623  ZFENP42    (0)   :  0.489 0.487 0.014 0.011 
624  ZFENP43    (0)   :  0.128 0.660 0.179 0.033 
625  ZFENP44    (0)   :  0.373 0.446 0.144 0.036 
626  ZFENP45    (0)   :  0.185 0.386 0.027 0.402 
627  ZFENP46    (0)   :  0.093 0.880 0.007 0.019 
628  ZFENP47    (0)   :  0.395 0.422 0.033 0.151 
629  ZFENP48    (0)   :  0.027 0.934 0.025 0.014 
630  ZFENP49    (0)   :  0.023 0.943 0.017 0.017 
631  ZFENP50    (0)   :  0.082 0.797 0.006 0.116 
632  ZFENP51    (0)   :  0.651 0.275 0.020 0.055 
633  ZFENP52    (0)   :  0.043 0.858 0.075 0.024 
634  ZFENP53    (0)   :  0.060 0.890 0.014 0.036 
635  ZFENP54    (0)   :  0.018 0.795 0.020 0.167 
636  ZFENP55    (0)   :  0.033 0.955 0.004 0.008 
637  ZFENP56    (0)   :  0.017 0.959 0.016 0.008 
638  ZFENP57    (0)   :  0.236 0.748 0.009 0.006 
639  ZFENP58    (0)   :  0.017 0.848 0.105 0.030 
640  ZFENP59    (0)   :  0.207 0.656 0.127 0.010 
641  ZFENP60    (0)   :  0.019 0.967 0.007 0.007 
642  ZFENP61    (0)   :  0.018 0.969 0.009 0.004 
643 ZFFDSP01    (0)   :  0.003 0.005 0.008 0.983 
644 ZFFDSP02    (0)   :  0.003 0.004 0.006 0.987 
645 ZFFDSP04    (0)   :  0.003 0.005 0.005 0.987 
646 ZFFDSP05    (0)   :  0.004 0.005 0.006 0.985 
647 ZFFDSP06    (0)   :  0.002 0.005 0.006 0.987 
648 ZFFDSP07    (0)   :  0.006 0.006 0.014 0.974 
649 ZFFDSP08    (0)   :  0.005 0.005 0.016 0.975 
650 ZFFDSP10    (0)   :  0.004 0.005 0.007 0.984 
651 ZFFDSP11    (0)   :  0.005 0.005 0.005 0.985 
652 ZFFDSP12    (0)   :  0.003 0.004 0.005 0.989 
653 ZFFDSP13    (0)   :  0.005 0.007 0.025 0.963 
654 ZFFDSP14    (0)   :  0.004 0.006 0.008 0.983 
655 ZFFDSP16    (0)   :  0.004 0.009 0.011 0.975 
656 ZFFDSP17    (0)   :  0.003 0.005 0.005 0.987 
657 ZFFDSP18    (0)   :  0.003 0.006 0.007 0.984 
658 ZFFDSP19    (0)   :  0.003 0.005 0.022 0.970 
659 ZFFDSP21    (0)   :  0.003 0.004 0.018 0.975 
660 ZFFDSP22    (0)   :  0.003 0.004 0.006 0.988 
661 ZFFDSP23    (0)   :  0.003 0.003 0.006 0.988 
662 ZFFDSP24    (0)   :  0.003 0.006 0.008 0.983 
663 ZFFDSP26    (9)   :  0.003 0.004 0.007 0.985 
664 ZFFDSP27    (0)   :  0.003 0.005 0.006 0.986 
665 ZFFDSP28    (0)   :  0.026 0.040 0.016 0.918 
666 ZFFDSP30    (0)   :  0.005 0.012 0.020 0.962 
667 ZFFDSP31    (0)   :  0.003 0.007 0.008 0.983 
668 ZFFDSP32    (0)   :  0.003 0.004 0.005 0.987 
669 ZFFDSP33    (0)   :  0.003 0.004 0.004 0.989 
670 ZFFDSP34    (0)   :  0.003 0.005 0.008 0.985 
671 ZFFDSP35    (0)   :  0.003 0.005 0.005 0.986 
672 ZFFDSP37    (0)   :  0.003 0.005 0.006 0.985 
673 ZFFDSP38    (0)   :  0.004 0.006 0.006 0.985 
674 ZFFDSP39    (0)   :  0.003 0.004 0.005 0.989 
675 ZFFDSP40    (0)   :  0.003 0.005 0.005 0.987 
676 ZFFDSP42    (0)   :  0.002 0.004 0.007 0.987 
677 ZFFDSP43    (0)   :  0.003 0.004 0.006 0.987 
678 ZFFDSP44    (0)   :  0.004 0.006 0.006 0.985 
679 ZFFDSP45    (0)   :  0.003 0.005 0.007 0.985 
680 ZFFDSP46    (0)   :  0.003 0.005 0.007 0.985 
681 ZFFDSP47    (0)   :  0.004 0.004 0.006 0.986 
682 ZFFDSP48    (0)   :  0.003 0.005 0.007 0.985 
683    ZFI01    (0)   :  0.033 0.947 0.014 0.005 
684    ZFI02    (0)   :  0.019 0.967 0.008 0.007 
685    ZFI03    (0)   :  0.008 0.978 0.010 0.005 
686    ZFI04    (0)   :  0.081 0.906 0.008 0.005 
687    ZFI05    (0)   :  0.007 0.973 0.014 0.006 
688    ZFI06    (0)   :  0.015 0.956 0.014 0.016 
689    ZFI07    (0)   :  0.010 0.978 0.007 0.005 
690    ZFI08    (0)   :  0.013 0.976 0.007 0.004 
691    ZFI09    (0)   :  0.014 0.975 0.007 0.005 
692    ZFI10    (0)   :  0.029 0.939 0.021 0.011 
693    ZFI11    (0)   :  0.141 0.843 0.011 0.005 
694    ZFI12    (0)   :  0.007 0.973 0.014 0.006 
695    ZFI13    (0)   :  0.007 0.980 0.009 0.005 
696    ZFI14    (0)   :  0.009 0.961 0.012 0.018 
697    ZFI15    (0)   :  0.006 0.983 0.006 0.005 
698    ZFI16    (0)   :  0.004 0.984 0.007 0.005 
699    ZFI17    (0)   :  0.015 0.973 0.007 0.005 
700    ZFI18    (0)   :  0.015 0.975 0.006 0.004 
701    ZFI19    (9)   :  0.009 0.981 0.006 0.004 
702    ZFI20    (0)   :  0.007 0.979 0.007 0.007 
703    ZFI21    (0)   :  0.007 0.945 0.014 0.034 
704    ZFI22    (0)   :  0.015 0.971 0.008 0.007 
705    ZFI23    (0)   :  0.006 0.981 0.008 0.005 
706    ZFI24    (0)   :  0.006 0.974 0.014 0.006 
707    ZFI25    (0)   :  0.007 0.977 0.009 0.007 
708    ZFI26    (0)   :  0.007 0.981 0.008 0.004 
709    ZFI27    (0)   :  0.008 0.968 0.018 0.007 
710    ZFK01    (0)   :  0.023 0.011 0.953 0.013 
711    ZFK02    (0)   :  0.018 0.018 0.953 0.011 
712    ZFK03    (0)   :  0.065 0.017 0.906 0.011 
713    ZFK04    (0)   :  0.395 0.037 0.552 0.016 
714    ZFK05    (0)   :  0.461 0.017 0.511 0.010 
715    ZFK06    (0)   :  0.062 0.270 0.656 0.013 
716    ZFK07    (0)   :  0.039 0.007 0.940 0.013 
717    ZFK08    (0)   :  0.658 0.160 0.153 0.029 
718    ZFK10    (0)   :  0.162 0.074 0.748 0.016 
719    ZFK11    (0)   :  0.128 0.025 0.832 0.016 
720    ZFK12    (0)   :  0.023 0.013 0.937 0.027 
721    ZFK13    (0)   :  0.064 0.008 0.823 0.104 
722    ZFK14    (0)   :  0.020 0.006 0.957 0.017 
723    ZFK15    (0)   :  0.279 0.020 0.580 0.122 
724    ZFK16    (0)   :  0.022 0.008 0.920 0.051 
725   ZFLB01    (0)   :  0.980 0.006 0.005 0.009 
726   ZFLB02    (0)   :  0.962 0.030 0.003 0.005 
727   ZFLB03    (0)   :  0.938 0.020 0.032 0.010 
728   ZFLB04    (0)   :  0.792 0.021 0.115 0.072 
729   ZFLB05    (0)   :  0.981 0.007 0.006 0.006 
730   ZFLB06    (0)   :  0.978 0.006 0.009 0.008 
731   ZFLB07    (0)   :  0.719 0.025 0.185 0.071 
732   ZFLB08    (0)   :  0.969 0.019 0.006 0.006 
733   ZFLB09    (9)   :  0.979 0.008 0.007 0.006 
734   ZFLB10    (0)   :  0.982 0.006 0.006 0.006 
735   ZFLB11    (0)   :  0.973 0.005 0.011 0.010 
736   ZFLB12    (0)   :  0.986 0.006 0.005 0.004 
737   ZFLB13    (0)   :  0.950 0.016 0.018 0.016 
