

----------------------------------------------------
STRUCTURE by Pritchard, Stephens and Donnelly (2000)
     and Falush, Stephens and Pritchard (2003)
       Code by Pritchard, Falush and Hubisz
             Version 2.3.4 (Jul 2012)
----------------------------------------------------



Command line arguments:   bin\structure -m C:\Users\eschumacher\Documents\GitHub\GCC_QUAC_ZAIN\Data_Files\Structure_Files\ZAIN\ZAIN_rebinned_garden_wild_nopopinfo\50-50\mainparams -e C:\Users\eschumacher\Documents\GitHub\GCC_QUAC_ZAIN\Data_Files\Structure_Files\ZAIN\ZAIN_rebinned_garden_wild_nopopinfo\50-50\extraparams 
Input File:    C:\Users\eschumacher\Documents\GitHub\GCC_QUAC_ZAIN\Data_Files\Structure_Files\ZAIN\ZAIN_rebinned_garden_wild_nopopinfo\project_data

Run parameters:
   1133 individuals
   11 loci
   12 populations assumed
   50000 Burn-in period
   50000 Reps


--------------------------------------------
Overall proportion of membership of the
sample in each of the 12 clusters

Inferred Clusters
  1      2      3      4      5      6      7      8      9     10     11     12    
0.207  0.075  0.056  0.053  0.078  0.061  0.098  0.054  0.068  0.083  0.063  0.102  

--------------------------------------------

Allele-freq. divergence among pops (Net nucleotide distance),
computed using point estimates of P.

      1       2       3       4       5       6       7       8       9      10      11      12      
 1      -    0.2706  0.2372  0.3330  0.2438  0.2497  0.0735  0.2437  0.1239  0.2371  0.2857  0.1531  
 2   0.2706     -    0.0809  0.1520  0.0852  0.0902  0.2410  0.4547  0.1842  0.0466  0.2895  0.2300  
 3   0.2372  0.0809     -    0.1395  0.0442  0.1134  0.1718  0.4359  0.1176  0.0704  0.1640  0.1397  
 4   0.3330  0.1520  0.1395     -    0.1361  0.1191  0.2831  0.4703  0.1754  0.1268  0.2799  0.1978  
 5   0.2438  0.0852  0.0442  0.1361     -    0.0980  0.1583  0.3607  0.1196  0.0574  0.1377  0.1723  
 6   0.2497  0.0902  0.1134  0.1191  0.0980     -    0.1929  0.3828  0.1795  0.0506  0.2413  0.1930  
 7   0.0735  0.2410  0.1718  0.2831  0.1583  0.1929     -    0.2070  0.0791  0.1895  0.1898  0.1210  
 8   0.2437  0.4547  0.4359  0.4703  0.3607  0.3828  0.2070     -    0.3320  0.3674  0.4555  0.3240  
 9   0.1239  0.1842  0.1176  0.1754  0.1196  0.1795  0.0791  0.3320     -    0.1447  0.2171  0.1256  
10   0.2371  0.0466  0.0704  0.1268  0.0574  0.0506  0.1895  0.3674  0.1447     -    0.2317  0.1892  
11   0.2857  0.2895  0.1640  0.2799  0.1377  0.2413  0.1898  0.4555  0.2171  0.2317     -    0.1729  
12   0.1531  0.2300  0.1397  0.1978  0.1723  0.1930  0.1210  0.3240  0.1256  0.1892  0.1729     -    

Average distances (expected heterozygosity) between individuals in same cluster:
cluster  1  : 0.4908 
cluster  2  : 0.3379 
cluster  3  : 0.3809 
cluster  4  : 0.3542 
cluster  5  : 0.4446 
cluster  6  : 0.3944 
cluster  7  : 0.5242 
cluster  8  : 0.2427 
cluster  9  : 0.5022 
cluster 10  : 0.3782 
cluster 11  : 0.2466 
cluster 12  : 0.4257 

--------------------------------------------
Estimated Ln Prob of Data   = -21051.7
Mean value of ln likelihood = -20281.3
Variance of ln likelihood   = 1540.7
Mean value of alpha         = 0.0339

Mean value of Fst_1         = 0.3693
Mean value of Fst_2         = 0.3967
Mean value of Fst_3         = 0.4550
Mean value of Fst_4         = 0.4273
Mean value of Fst_5         = 0.2976
Mean value of Fst_6         = 0.3532
Mean value of Fst_7         = 0.1714
Mean value of Fst_8         = 0.6518
Mean value of Fst_9         = 0.2623
Mean value of Fst_10         = 0.3328
Mean value of Fst_11         = 0.5799
Mean value of Fst_12         = 0.4223


Inferred ancestry of individuals:
        Label (%Miss) :  Inferred clusters
  1 TMA-ZAIN-G-    (9)   :  0.589 0.027 0.022 0.007 0.075 0.007 0.111 0.004 0.041 0.019 0.087 0.010 
  2 TMA-ZAIN-G-    (0)   :  0.545 0.024 0.008 0.004 0.028 0.242 0.056 0.004 0.011 0.019 0.010 0.049 
  3 TMA-ZAIN-G-    (0)   :  0.005 0.314 0.316 0.106 0.078 0.022 0.005 0.003 0.016 0.089 0.034 0.011 
  4 TMA-ZAIN-G-    (0)   :  0.024 0.110 0.043 0.038 0.022 0.032 0.016 0.004 0.012 0.121 0.020 0.558 
  5 TMA-ZAIN-G-    (0)   :  0.955 0.005 0.004 0.003 0.003 0.003 0.003 0.003 0.010 0.003 0.002 0.007 
  6 TMA-ZAIN-G-    (0)   :  0.039 0.038 0.214 0.082 0.045 0.019 0.032 0.041 0.374 0.067 0.016 0.032 
  7 TMA-ZAIN-G-    (0)   :  0.010 0.037 0.387 0.010 0.051 0.031 0.013 0.007 0.016 0.385 0.030 0.023 
  8 TMA-ZAIN-G-    (0)   :  0.003 0.014 0.926 0.009 0.009 0.008 0.003 0.002 0.005 0.009 0.004 0.007 
  9 TMA-ZAIN-G-    (9)   :  0.008 0.090 0.045 0.027 0.273 0.178 0.006 0.004 0.020 0.336 0.008 0.006 
 10 TMA-ZAIN-G-    (0)   :  0.004 0.037 0.132 0.030 0.250 0.054 0.005 0.004 0.022 0.439 0.013 0.009 
 11 TMA-ZAIN-G-    (0)   :  0.005 0.007 0.013 0.005 0.105 0.012 0.006 0.004 0.005 0.826 0.007 0.006 
 12 TMA-ZAIN-G-    (0)   :  0.004 0.808 0.020 0.005 0.039 0.009 0.005 0.003 0.007 0.074 0.020 0.005 
 13 TMA-ZAIN-G-    (9)   :  0.080 0.033 0.062 0.018 0.254 0.221 0.040 0.027 0.021 0.119 0.102 0.023 
 14 TMA-ZAIN-G-    (9)   :  0.005 0.007 0.009 0.007 0.052 0.017 0.008 0.019 0.009 0.019 0.843 0.007 
 15 TMA-ZAIN-G-    (0)   :  0.003 0.016 0.014 0.010 0.200 0.005 0.008 0.002 0.006 0.010 0.721 0.006 
 16 TMA-ZAIN-G-    (0)   :  0.004 0.337 0.010 0.005 0.026 0.015 0.005 0.005 0.006 0.579 0.006 0.003 
 17 TMA-ZAIN-G-    (9)   :  0.015 0.019 0.152 0.007 0.679 0.006 0.028 0.003 0.019 0.007 0.020 0.045 
 18 TMA-ZAIN-G-    (0)   :  0.274 0.022 0.012 0.005 0.005 0.004 0.578 0.004 0.030 0.005 0.007 0.052 
 19 TMA-ZAIN-G-    (0)   :  0.017 0.023 0.072 0.006 0.031 0.009 0.676 0.009 0.114 0.025 0.012 0.006 
 20 TMA-ZAIN-G-    (0)   :  0.049 0.003 0.004 0.004 0.003 0.005 0.872 0.020 0.008 0.004 0.004 0.025 
 21 TMA-ZAIN-G-    (0)   :  0.003 0.002 0.002 0.003 0.003 0.002 0.003 0.971 0.003 0.003 0.002 0.003 
 22 TMA-ZAIN-G-    (0)   :  0.957 0.002 0.003 0.002 0.003 0.003 0.009 0.007 0.006 0.003 0.003 0.004 
 23 TMA-ZAIN-G-    (0)   :  0.846 0.006 0.008 0.004 0.007 0.006 0.063 0.010 0.033 0.006 0.005 0.004 
 24 TMA-ZAIN-G-    (9)   :  0.654 0.007 0.004 0.070 0.030 0.174 0.004 0.012 0.004 0.012 0.022 0.006 
 25 TMA-ZAIN-G-    (9)   :  0.042 0.017 0.004 0.004 0.021 0.115 0.761 0.005 0.010 0.012 0.004 0.004 
 26 TMA-ZAIN-G-    (9)   :  0.007 0.033 0.032 0.009 0.232 0.104 0.012 0.089 0.006 0.077 0.018 0.381 
 27 TMA-ZAIN-G-    (0)   :  0.024 0.003 0.007 0.006 0.014 0.005 0.047 0.018 0.793 0.010 0.057 0.014 
 28 TMA-ZAIN-G-    (0)   :  0.007 0.005 0.009 0.004 0.005 0.004 0.017 0.003 0.924 0.006 0.009 0.005 
 29 TMA-ZAIN-G-    (0)   :  0.003 0.004 0.004 0.727 0.005 0.005 0.223 0.005 0.005 0.004 0.006 0.010 
 30 TMA-ZAIN-G-    (0)   :  0.005 0.040 0.021 0.032 0.260 0.082 0.041 0.004 0.397 0.050 0.061 0.007 
 31 TMA-ZAIN-G-    (0)   :  0.801 0.005 0.010 0.007 0.005 0.012 0.017 0.008 0.010 0.009 0.008 0.109 
 32 TMA-ZAIN-G-    (9)   :  0.359 0.214 0.010 0.005 0.092 0.009 0.205 0.013 0.007 0.067 0.012 0.007 
 33 TMA-ZAIN-G-   (18)   :  0.004 0.348 0.061 0.015 0.338 0.011 0.004 0.003 0.007 0.201 0.006 0.004 
 34 TMA-ZAIN-G-    (0)   :  0.078 0.527 0.012 0.005 0.033 0.018 0.028 0.020 0.012 0.248 0.009 0.010 
 35 TMA-ZAIN-G-    (9)   :  0.008 0.321 0.030 0.051 0.207 0.043 0.015 0.003 0.015 0.257 0.035 0.015 
 36 TMA-ZAIN-G-    (0)   :  0.004 0.028 0.058 0.008 0.393 0.318 0.006 0.002 0.006 0.065 0.101 0.011 
 37 TMA-ZAIN-G-    (9)   :  0.007 0.223 0.050 0.015 0.294 0.042 0.010 0.011 0.025 0.296 0.005 0.022 
 38 TMA-ZAIN-G-   (18)   :  0.316 0.092 0.014 0.008 0.133 0.023 0.256 0.006 0.007 0.077 0.056 0.012 
 39 TMA-ZAIN-G-    (0)   :  0.003 0.063 0.019 0.013 0.073 0.754 0.004 0.006 0.008 0.045 0.004 0.008 
 40 TMA-ZAIN-G-    (0)   :  0.003 0.148 0.018 0.008 0.665 0.102 0.004 0.009 0.004 0.029 0.004 0.006 
 41 TMA-ZAIN-G-    (0)   :  0.003 0.022 0.023 0.007 0.737 0.153 0.003 0.003 0.005 0.011 0.029 0.005 
 42 TMA-ZAIN-G-    (9)   :  0.003 0.009 0.046 0.009 0.784 0.011 0.003 0.002 0.004 0.006 0.111 0.012 
 43 TMA-ZAIN-G-    (0)   :  0.003 0.003 0.009 0.008 0.007 0.004 0.003 0.002 0.003 0.004 0.948 0.004 
 44 TMA-ZAIN-G-    (0)   :  0.006 0.012 0.010 0.011 0.011 0.052 0.012 0.784 0.003 0.092 0.004 0.004 
 45 TMA-ZAIN-G-    (0)   :  0.005 0.079 0.024 0.005 0.157 0.013 0.007 0.008 0.009 0.671 0.013 0.009 
 46 TMA-ZAIN-G-    (0)   :  0.004 0.002 0.003 0.002 0.002 0.003 0.004 0.966 0.003 0.003 0.003 0.004 
 47 TMA-ZAIN-G-    (0)   :  0.003 0.006 0.005 0.004 0.004 0.003 0.003 0.004 0.004 0.003 0.004 0.955 
 48 TMA-ZAIN-G-    (0)   :  0.013 0.017 0.139 0.015 0.150 0.018 0.015 0.015 0.047 0.112 0.037 0.422 
 49 TMA-ZAIN-G-    (9)   :  0.011 0.025 0.008 0.034 0.008 0.006 0.865 0.003 0.011 0.016 0.005 0.008 
 50 TMA-ZAIN-G-    (0)   :  0.010 0.009 0.011 0.003 0.070 0.022 0.824 0.006 0.029 0.005 0.008 0.003 
 51 TMA-ZAIN-G-    (0)   :  0.005 0.004 0.010 0.007 0.024 0.008 0.817 0.010 0.022 0.011 0.064 0.017 
 52 TMA-ZAIN-G-    (0)   :  0.007 0.010 0.008 0.003 0.009 0.007 0.842 0.008 0.018 0.009 0.013 0.066 
 53 TMA-ZAIN-G-    (0)   :  0.053 0.003 0.008 0.004 0.008 0.008 0.770 0.004 0.011 0.008 0.023 0.101 
 54 TMA-ZAIN-G-    (0)   :  0.006 0.007 0.013 0.004 0.013 0.004 0.010 0.004 0.013 0.007 0.013 0.906 
 55 TMA-ZAIN-G-    (0)   :  0.007 0.010 0.018 0.003 0.047 0.004 0.026 0.006 0.032 0.010 0.029 0.807 
 56 TMA-ZAIN-G-    (0)   :  0.015 0.018 0.139 0.031 0.122 0.036 0.072 0.004 0.106 0.049 0.024 0.384 
 57 TMA-ZAIN-G-    (0)   :  0.007 0.030 0.009 0.007 0.006 0.010 0.023 0.003 0.005 0.010 0.006 0.885 
 58 TMA-ZAIN-G-    (0)   :  0.331 0.016 0.046 0.008 0.023 0.004 0.223 0.007 0.285 0.010 0.011 0.036 
 59 TMA-ZAIN-G-    (0)   :  0.580 0.019 0.087 0.019 0.032 0.026 0.017 0.015 0.049 0.119 0.010 0.028 
 60 TMA-ZAIN-G-    (0)   :  0.278 0.006 0.021 0.007 0.017 0.006 0.224 0.011 0.253 0.018 0.138 0.021 
 61 TMA-ZAIN-G-    (0)   :  0.935 0.005 0.005 0.003 0.003 0.004 0.008 0.007 0.006 0.004 0.003 0.018 
 62 TMA-ZAIN-G-    (9)   :  0.490 0.091 0.023 0.007 0.029 0.020 0.013 0.022 0.234 0.051 0.009 0.011 
 63 TMA-ZAIN-G-    (0)   :  0.883 0.011 0.010 0.003 0.008 0.004 0.021 0.004 0.020 0.006 0.011 0.020 
 64 TMA-ZAIN-G-    (0)   :  0.002 0.004 0.004 0.953 0.006 0.009 0.002 0.002 0.003 0.007 0.005 0.003 
 65 TMA-ZAIN-G-    (9)   :  0.003 0.022 0.010 0.917 0.007 0.008 0.003 0.002 0.005 0.010 0.006 0.007 
 66 TMA-ZAIN-G-    (0)   :  0.003 0.010 0.009 0.905 0.010 0.018 0.003 0.003 0.004 0.025 0.005 0.004 
 67 TMA-ZAIN-G-    (0)   :  0.006 0.024 0.009 0.742 0.015 0.111 0.010 0.017 0.013 0.047 0.004 0.004 
 68 TMA-ZAIN-G-    (0)   :  0.002 0.005 0.007 0.952 0.006 0.004 0.003 0.002 0.003 0.005 0.007 0.004 
 69 TMA-ZAIN-G-    (0)   :  0.023 0.036 0.008 0.735 0.007 0.037 0.032 0.026 0.007 0.062 0.017 0.011 
 70 TMA-ZAIN-G-    (0)   :  0.003 0.006 0.005 0.011 0.007 0.907 0.003 0.004 0.004 0.041 0.005 0.003 
 71 TMA-ZAIN-G-    (0)   :  0.003 0.009 0.005 0.004 0.006 0.944 0.003 0.003 0.003 0.014 0.003 0.003 
 72 TMA-ZAIN-G-    (0)   :  0.003 0.007 0.007 0.013 0.010 0.923 0.004 0.003 0.006 0.010 0.007 0.007 
 73 TMA-ZAIN-G-    (0)   :  0.023 0.007 0.006 0.006 0.005 0.869 0.017 0.028 0.019 0.007 0.003 0.010 
 74 TMA-ZAIN-G-    (0)   :  0.005 0.010 0.006 0.005 0.006 0.936 0.006 0.006 0.004 0.008 0.004 0.004 
 75 TMA-ZAIN-G-    (0)   :  0.004 0.009 0.006 0.004 0.006 0.937 0.005 0.003 0.005 0.009 0.005 0.007 
 76 TMA-ZAIN-G-    (0)   :  0.005 0.008 0.004 0.005 0.005 0.918 0.009 0.019 0.004 0.017 0.003 0.003 
 77 TMA-ZAIN-G-    (0)   :  0.003 0.005 0.005 0.005 0.010 0.938 0.005 0.006 0.005 0.007 0.006 0.004 
 78 TMA-ZAIN-G-    (0)   :  0.006 0.007 0.006 0.005 0.007 0.919 0.012 0.011 0.006 0.011 0.005 0.006 
 79 TMA-ZAIN-G-    (0)   :  0.005 0.005 0.005 0.003 0.007 0.933 0.007 0.011 0.004 0.008 0.006 0.006 
 80 TMA-ZAIN-G-    (0)   :  0.003 0.077 0.012 0.018 0.021 0.813 0.003 0.007 0.006 0.027 0.004 0.010 
 81 TMA-ZAIN-G-    (0)   :  0.004 0.011 0.011 0.005 0.014 0.893 0.007 0.007 0.006 0.029 0.007 0.006 
 82 TMA-ZAIN-G-    (0)   :  0.004 0.077 0.022 0.147 0.008 0.206 0.005 0.002 0.007 0.501 0.007 0.013 
 83 TMA-ZAIN-G-    (9)   :  0.048 0.604 0.036 0.045 0.011 0.021 0.016 0.025 0.046 0.123 0.006 0.019 
 84 TMA-ZAIN-G-    (0)   :  0.004 0.010 0.008 0.005 0.012 0.893 0.007 0.021 0.006 0.024 0.005 0.005 
 85 TMA-ZAIN-G-    (0)   :  0.091 0.009 0.017 0.008 0.009 0.008 0.132 0.005 0.066 0.016 0.007 0.633 
 86 TMA-ZAIN-G-    (0)   :  0.017 0.018 0.020 0.010 0.015 0.012 0.021 0.015 0.028 0.033 0.004 0.807 
 87 TMA-ZAIN-G-    (0)   :  0.210 0.008 0.011 0.005 0.007 0.011 0.091 0.010 0.022 0.014 0.005 0.606 
 88 TMA-ZAIN-G-    (0)   :  0.120 0.107 0.020 0.027 0.018 0.057 0.012 0.009 0.013 0.075 0.020 0.523 
 89 TMA-ZAIN-G-    (0)   :  0.021 0.034 0.016 0.017 0.015 0.042 0.007 0.016 0.004 0.033 0.031 0.765 
 90 TMA-ZAIN-G-    (0)   :  0.009 0.011 0.009 0.007 0.007 0.006 0.013 0.007 0.011 0.010 0.006 0.905 
 91 TMA-ZAIN-G-    (0)   :  0.021 0.007 0.013 0.008 0.008 0.007 0.011 0.005 0.017 0.014 0.010 0.878 
 92 TMA-ZAIN-G-    (0)   :  0.007 0.005 0.006 0.004 0.007 0.008 0.018 0.020 0.016 0.010 0.011 0.887 
 93 TMA-ZAIN-G-    (0)   :  0.023 0.004 0.006 0.005 0.005 0.006 0.014 0.008 0.034 0.007 0.014 0.875 
 94 TMA-ZAIN-G-    (0)   :  0.036 0.003 0.005 0.003 0.003 0.005 0.013 0.008 0.015 0.005 0.006 0.897 
 95 TMA-ZAIN-G-    (0)   :  0.007 0.006 0.004 0.008 0.016 0.009 0.032 0.004 0.888 0.006 0.016 0.004 
 96 TMA-ZAIN-G-    (0)   :  0.005 0.009 0.007 0.004 0.086 0.004 0.059 0.004 0.796 0.004 0.016 0.005 
 97 TMA-ZAIN-G-    (0)   :  0.848 0.005 0.010 0.010 0.006 0.025 0.043 0.007 0.009 0.011 0.010 0.016 
 98 TMA-ZAIN-G-    (0)   :  0.891 0.004 0.013 0.007 0.005 0.028 0.007 0.004 0.004 0.011 0.008 0.016 
 99 TMA-ZAIN-G-    (0)   :  0.645 0.031 0.017 0.012 0.039 0.008 0.006 0.018 0.009 0.204 0.007 0.003 
100 TMA-ZAIN-G-    (0)   :  0.812 0.004 0.008 0.006 0.005 0.008 0.059 0.021 0.016 0.007 0.013 0.041 
101 TMA-ZAIN-G-    (0)   :  0.841 0.008 0.011 0.009 0.006 0.014 0.014 0.006 0.013 0.056 0.007 0.014 
102 TMA-ZAIN-G-    (0)   :  0.777 0.020 0.008 0.007 0.039 0.012 0.063 0.007 0.017 0.015 0.027 0.009 
103 TMA-ZAIN-G-    (0)   :  0.834 0.020 0.009 0.005 0.007 0.006 0.075 0.004 0.011 0.012 0.008 0.009 
104 TMA-ZAIN-G-    (0)   :  0.948 0.005 0.006 0.002 0.004 0.004 0.007 0.003 0.005 0.004 0.005 0.005 
105 TMA-ZAIN-G-    (0)   :  0.849 0.029 0.011 0.005 0.008 0.006 0.040 0.003 0.013 0.017 0.008 0.011 
106 TMA-ZAIN-G-    (0)   :  0.004 0.056 0.055 0.050 0.593 0.083 0.004 0.003 0.006 0.063 0.075 0.006 
107 TMA-ZAIN-G-    (0)   :  0.004 0.383 0.032 0.015 0.030 0.176 0.006 0.003 0.006 0.324 0.014 0.006 
108 TMA-ZAIN-G-    (9)   :  0.163 0.090 0.030 0.007 0.214 0.023 0.151 0.015 0.020 0.222 0.035 0.030 
109 TMA-ZAIN-G-    (0)   :  0.173 0.228 0.116 0.115 0.072 0.010 0.012 0.005 0.125 0.025 0.024 0.096 
110 TMA-ZAIN-G-    (0)   :  0.093 0.126 0.160 0.008 0.122 0.022 0.075 0.150 0.028 0.177 0.020 0.019 
111 TMA-ZAIN-G-    (9)   :  0.593 0.177 0.014 0.010 0.010 0.038 0.072 0.013 0.017 0.033 0.004 0.020 
112 TMA-ZAIN-G-    (0)   :  0.211 0.092 0.110 0.016 0.151 0.021 0.148 0.016 0.092 0.087 0.030 0.027 
113 TMA-ZAIN-G-    (0)   :  0.803 0.032 0.019 0.017 0.008 0.046 0.006 0.006 0.006 0.027 0.007 0.024 
114 TMA-ZAIN-G-    (0)   :  0.959 0.004 0.003 0.003 0.003 0.003 0.004 0.005 0.005 0.004 0.002 0.004 
115 TMA-ZAIN-G-    (0)   :  0.941 0.010 0.004 0.004 0.004 0.005 0.004 0.004 0.010 0.004 0.005 0.005 
116 TMA-ZAIN-G-    (0)   :  0.005 0.888 0.021 0.009 0.008 0.013 0.004 0.003 0.008 0.025 0.006 0.012 
117 TMA-ZAIN-G-    (0)   :  0.007 0.064 0.330 0.198 0.062 0.102 0.009 0.003 0.034 0.089 0.060 0.043 
118 TMA-ZAIN-G-    (0)   :  0.005 0.830 0.020 0.030 0.017 0.015 0.007 0.003 0.013 0.019 0.032 0.009 
119 TMA-ZAIN-G-    (0)   :  0.022 0.773 0.015 0.022 0.007 0.054 0.020 0.016 0.020 0.036 0.006 0.010 
120 TMA-ZAIN-G-    (0)   :  0.007 0.679 0.036 0.027 0.022 0.031 0.012 0.004 0.024 0.042 0.102 0.014 
121 TMA-ZAIN-G-    (0)   :  0.008 0.374 0.145 0.180 0.043 0.036 0.007 0.003 0.034 0.124 0.026 0.021 
122 TMA-ZAIN-G-    (0)   :  0.006 0.114 0.179 0.034 0.131 0.046 0.007 0.010 0.084 0.348 0.011 0.029 
123 TMA-ZAIN-G-    (0)   :  0.893 0.006 0.006 0.004 0.006 0.006 0.032 0.004 0.008 0.007 0.021 0.006 
124 TMA-ZAIN-G-    (0)   :  0.004 0.007 0.920 0.004 0.031 0.005 0.004 0.002 0.005 0.007 0.007 0.004 
125 TMA-ZAIN-G-    (0)   :  0.002 0.004 0.923 0.013 0.011 0.005 0.003 0.002 0.004 0.005 0.010 0.018 
126 TMA-ZAIN-G-    (0)   :  0.003 0.010 0.916 0.004 0.020 0.004 0.004 0.002 0.004 0.006 0.021 0.006 
127 TMA-ZAIN-G-    (0)   :  0.003 0.009 0.878 0.005 0.071 0.004 0.003 0.003 0.004 0.010 0.007 0.004 
128 TMA-ZAIN-G-    (0)   :  0.003 0.009 0.902 0.011 0.035 0.005 0.003 0.003 0.007 0.010 0.006 0.005 
129 TMA-ZAIN-G-    (0)   :  0.004 0.006 0.928 0.005 0.020 0.005 0.004 0.003 0.004 0.007 0.010 0.004 
130 TMA-ZAIN-G-    (0)   :  0.003 0.008 0.925 0.005 0.008 0.004 0.004 0.002 0.004 0.004 0.019 0.013 
131 TMA-ZAIN-G-    (0)   :  0.004 0.006 0.913 0.004 0.037 0.004 0.004 0.002 0.006 0.006 0.010 0.005 
132 TMA-ZAIN-G-    (0)   :  0.003 0.008 0.908 0.015 0.018 0.007 0.003 0.002 0.007 0.009 0.008 0.011 
133 TMA-ZAIN-G-    (0)   :  0.004 0.032 0.096 0.086 0.498 0.073 0.014 0.019 0.009 0.022 0.112 0.035 
134 TMA-ZAIN-G-    (0)   :  0.004 0.073 0.313 0.070 0.140 0.070 0.007 0.014 0.004 0.016 0.255 0.035 
135 TMA-ZAIN-G-    (0)   :  0.004 0.397 0.182 0.028 0.099 0.112 0.005 0.013 0.003 0.119 0.019 0.018 
136 TMA-ZAIN-G-    (0)   :  0.007 0.083 0.053 0.619 0.055 0.036 0.004 0.007 0.008 0.110 0.007 0.012 
137 TMA-ZAIN-G-    (0)   :  0.005 0.826 0.049 0.005 0.018 0.036 0.007 0.015 0.004 0.023 0.005 0.008 
138 TMA-ZAIN-G-    (0)   :  0.003 0.203 0.532 0.011 0.090 0.016 0.003 0.003 0.004 0.098 0.026 0.012 
139 TMA-ZAIN-G-    (0)   :  0.004 0.347 0.389 0.011 0.060 0.055 0.004 0.011 0.003 0.037 0.020 0.057 
140 TMA-ZAIN-G-    (0)   :  0.004 0.183 0.032 0.009 0.077 0.026 0.004 0.004 0.008 0.643 0.006 0.004 
141 TMA-ZAIN-G-    (0)   :  0.005 0.081 0.132 0.007 0.050 0.077 0.005 0.003 0.006 0.606 0.023 0.006 
142 TMA-ZAIN-G-    (9)   :  0.003 0.248 0.034 0.012 0.038 0.033 0.004 0.003 0.006 0.607 0.007 0.004 
143 TMA-ZAIN-G-    (0)   :  0.004 0.231 0.300 0.016 0.089 0.022 0.004 0.003 0.008 0.307 0.010 0.005 
144 TMA-ZAIN-G-    (0)   :  0.005 0.366 0.088 0.008 0.185 0.011 0.011 0.010 0.025 0.249 0.012 0.031 
145 TMA-ZAIN-G-    (0)   :  0.003 0.349 0.107 0.314 0.023 0.072 0.003 0.002 0.007 0.100 0.007 0.013 
146 TMA-ZAIN-G-    (0)   :  0.003 0.008 0.006 0.005 0.006 0.020 0.003 0.003 0.003 0.937 0.004 0.003 
147 TMA-ZAIN-G-    (9)   :  0.003 0.009 0.007 0.008 0.007 0.011 0.003 0.003 0.004 0.936 0.005 0.004 
148 TMA-ZAIN-G-    (0)   :  0.003 0.006 0.040 0.004 0.041 0.014 0.003 0.003 0.003 0.785 0.073 0.026 
149 TMA-ZAIN-G-    (0)   :  0.023 0.015 0.062 0.006 0.049 0.012 0.013 0.007 0.016 0.698 0.026 0.074 
150 TMA-ZAIN-G-    (0)   :  0.024 0.022 0.023 0.058 0.020 0.014 0.010 0.005 0.017 0.707 0.017 0.082 
151 TMA-ZAIN-G-    (0)   :  0.003 0.811 0.006 0.008 0.126 0.006 0.003 0.003 0.006 0.009 0.015 0.004 
152 TMA-ZAIN-G-    (0)   :  0.003 0.922 0.007 0.005 0.011 0.005 0.003 0.003 0.004 0.020 0.012 0.004 
153 TMA-ZAIN-G-    (0)   :  0.003 0.663 0.046 0.016 0.096 0.015 0.003 0.002 0.004 0.109 0.030 0.012 
154 TMA-ZAIN-G-    (0)   :  0.003 0.946 0.009 0.004 0.006 0.005 0.003 0.002 0.004 0.011 0.004 0.004 
155 TMA-ZAIN-G-    (0)   :  0.004 0.897 0.011 0.007 0.011 0.008 0.003 0.003 0.004 0.041 0.007 0.003 
156 TMA-ZAIN-G-    (9)   :  0.004 0.778 0.036 0.003 0.049 0.005 0.005 0.003 0.004 0.036 0.067 0.010 
157 TMA-ZAIN-G-    (0)   :  0.004 0.528 0.029 0.006 0.091 0.011 0.004 0.003 0.004 0.186 0.128 0.006 
158 TMA-ZAIN-G-    (0)   :  0.004 0.618 0.009 0.006 0.017 0.031 0.007 0.004 0.006 0.290 0.004 0.005 
159 TMA-ZAIN-G-    (0)   :  0.003 0.439 0.021 0.013 0.009 0.213 0.004 0.002 0.004 0.281 0.005 0.005 
160 TMA-ZAIN-G-    (0)   :  0.004 0.687 0.011 0.019 0.006 0.157 0.003 0.002 0.004 0.094 0.004 0.007 
161 TMA-ZAIN-G-    (0)   :  0.003 0.428 0.232 0.008 0.102 0.023 0.005 0.002 0.005 0.154 0.021 0.018 
162 TMA-ZAIN-G-    (0)   :  0.021 0.901 0.006 0.005 0.010 0.006 0.007 0.007 0.011 0.009 0.004 0.014 
163 TMA-ZAIN-G-    (0)   :  0.002 0.951 0.006 0.004 0.006 0.006 0.003 0.002 0.003 0.012 0.003 0.003 
164 TMA-ZAIN-G-    (0)   :  0.005 0.814 0.011 0.008 0.006 0.007 0.004 0.005 0.006 0.119 0.004 0.009 
165 TMA-ZAIN-G-    (0)   :  0.003 0.854 0.010 0.006 0.007 0.009 0.003 0.003 0.004 0.095 0.004 0.003 
166 TMA-ZAIN-G-    (0)   :  0.003 0.408 0.210 0.014 0.048 0.040 0.003 0.003 0.004 0.252 0.006 0.010 
167 TMA-ZAIN-G-    (0)   :  0.006 0.029 0.021 0.004 0.036 0.220 0.007 0.004 0.007 0.653 0.007 0.005 
168 TMA-ZAIN-G-    (0)   :  0.005 0.008 0.007 0.011 0.010 0.283 0.005 0.003 0.005 0.633 0.026 0.005 
169 TMA-ZAIN-G-    (0)   :  0.003 0.024 0.010 0.070 0.006 0.313 0.003 0.002 0.004 0.555 0.005 0.005 
170 TMA-ZAIN-G-    (0)   :  0.015 0.056 0.061 0.025 0.144 0.100 0.045 0.017 0.011 0.447 0.076 0.004 
171 TMA-ZAIN-G-    (0)   :  0.003 0.010 0.006 0.014 0.005 0.339 0.003 0.003 0.003 0.606 0.004 0.004 
172 TMA-ZAIN-G-    (0)   :  0.003 0.021 0.054 0.006 0.680 0.021 0.005 0.004 0.005 0.176 0.021 0.004 
173 TMA-ZAIN-G-    (0)   :  0.004 0.012 0.058 0.006 0.768 0.018 0.005 0.004 0.007 0.096 0.019 0.005 
174 TMA-ZAIN-G-    (0)   :  0.003 0.038 0.692 0.030 0.106 0.024 0.003 0.003 0.005 0.086 0.004 0.007 
175 TMA-ZAIN-G-    (0)   :  0.003 0.012 0.006 0.007 0.006 0.336 0.003 0.003 0.003 0.612 0.005 0.004 
176 TMA-ZAIN-G-    (0)   :  0.003 0.014 0.008 0.006 0.008 0.136 0.003 0.003 0.003 0.808 0.005 0.003 
177 TMA-ZAIN-G-    (0)   :  0.003 0.012 0.006 0.003 0.014 0.021 0.004 0.003 0.003 0.913 0.013 0.003 
178 TMA-ZAIN-G-    (0)   :  0.004 0.018 0.015 0.004 0.421 0.022 0.006 0.005 0.006 0.458 0.038 0.004 
179 TMA-ZAIN-G-    (0)   :  0.003 0.019 0.014 0.006 0.062 0.016 0.004 0.003 0.004 0.849 0.017 0.004 
180 TMA-ZAIN-G-    (0)   :  0.005 0.019 0.439 0.095 0.300 0.006 0.006 0.012 0.013 0.062 0.028 0.015 
181 TMA-ZAIN-G-    (0)   :  0.004 0.061 0.022 0.005 0.736 0.011 0.004 0.003 0.004 0.011 0.135 0.005 
182 TMA-ZAIN-G-    (0)   :  0.005 0.033 0.361 0.003 0.361 0.006 0.005 0.003 0.004 0.030 0.184 0.005 
183 TMA-ZAIN-G-    (0)   :  0.004 0.013 0.009 0.005 0.873 0.007 0.004 0.003 0.004 0.009 0.066 0.004 
184 TMA-ZAIN-G-    (0)   :  0.027 0.047 0.039 0.009 0.764 0.011 0.012 0.006 0.016 0.016 0.027 0.025 
185 TMA-ZAIN-G-    (0)   :  0.017 0.011 0.037 0.006 0.837 0.008 0.011 0.008 0.031 0.008 0.005 0.023 
186 TMA-ZAIN-G-    (9)   :  0.004 0.012 0.056 0.007 0.861 0.012 0.007 0.005 0.012 0.013 0.006 0.006 
187 TMA-ZAIN-G-    (0)   :  0.004 0.025 0.017 0.012 0.872 0.027 0.005 0.003 0.004 0.013 0.016 0.003 
188 TMA-ZAIN-G-    (0)   :  0.003 0.020 0.014 0.017 0.892 0.027 0.004 0.002 0.004 0.007 0.007 0.004 
189 TMA-ZAIN-G-    (0)   :  0.002 0.007 0.017 0.009 0.936 0.005 0.003 0.003 0.003 0.006 0.007 0.002 
190 TMA-ZAIN-G-    (0)   :  0.003 0.006 0.010 0.015 0.862 0.024 0.005 0.003 0.006 0.033 0.027 0.006 
191 TMA-ZAIN-G-    (0)   :  0.015 0.006 0.008 0.005 0.911 0.007 0.008 0.008 0.009 0.009 0.004 0.010 
192 TMA-ZAIN-G-    (0)   :  0.004 0.007 0.020 0.004 0.894 0.012 0.006 0.017 0.003 0.006 0.021 0.005 
193 TMA-ZAIN-G-    (0)   :  0.003 0.003 0.004 0.003 0.005 0.003 0.003 0.002 0.003 0.003 0.964 0.004 
194 TMA-ZAIN-G-    (0)   :  0.004 0.004 0.022 0.011 0.049 0.006 0.010 0.009 0.016 0.007 0.849 0.012 
195 TMA-ZAIN-G-    (0)   :  0.003 0.005 0.022 0.037 0.068 0.027 0.009 0.003 0.005 0.035 0.781 0.006 
196 TMA-ZAIN-G-    (0)   :  0.003 0.006 0.010 0.012 0.015 0.006 0.003 0.003 0.006 0.006 0.924 0.005 
197 TMA-ZAIN-G-    (0)   :  0.003 0.007 0.012 0.011 0.009 0.009 0.004 0.002 0.004 0.009 0.924 0.006 
198 TMA-ZAIN-G-    (0)   :  0.003 0.008 0.008 0.007 0.015 0.008 0.003 0.005 0.003 0.010 0.925 0.005 
199 TMA-ZAIN-G-    (0)   :  0.004 0.013 0.040 0.004 0.893 0.008 0.005 0.003 0.007 0.010 0.007 0.006 
200 TMA-ZAIN-G-    (0)   :  0.043 0.004 0.005 0.006 0.006 0.006 0.031 0.798 0.025 0.007 0.058 0.011 
201 TMA-ZAIN-G-    (0)   :  0.021 0.010 0.013 0.023 0.008 0.020 0.021 0.823 0.026 0.018 0.007 0.011 
202 TMA-ZAIN-G-    (0)   :  0.006 0.004 0.005 0.002 0.006 0.003 0.007 0.941 0.004 0.004 0.015 0.002 
203 TMA-ZAIN-G-    (0)   :  0.009 0.034 0.058 0.004 0.031 0.008 0.004 0.002 0.005 0.022 0.818 0.005 
204 TMA-ZAIN-G-    (9)   :  0.023 0.003 0.005 0.006 0.004 0.006 0.090 0.786 0.013 0.007 0.005 0.052 
205 TMA-ZAIN-G-    (0)   :  0.006 0.081 0.011 0.005 0.007 0.012 0.029 0.812 0.005 0.016 0.008 0.008 
206 TMA-ZAIN-G-    (9)   :  0.041 0.021 0.021 0.010 0.026 0.014 0.034 0.683 0.030 0.046 0.023 0.051 
207 TMA-ZAIN-G-    (9)   :  0.014 0.415 0.053 0.085 0.035 0.034 0.045 0.005 0.125 0.069 0.010 0.110 
208 TMA-ZAIN-G-    (0)   :  0.003 0.102 0.013 0.074 0.035 0.023 0.004 0.004 0.010 0.724 0.004 0.005 
209 TMA-ZAIN-G-    (0)   :  0.003 0.051 0.462 0.014 0.097 0.072 0.004 0.003 0.003 0.074 0.183 0.034 
210 TMA-ZAIN-G-    (0)   :  0.004 0.065 0.091 0.098 0.150 0.074 0.005 0.003 0.007 0.119 0.366 0.019 
211 TMA-ZAIN-G-    (0)   :  0.015 0.021 0.565 0.024 0.140 0.046 0.023 0.024 0.016 0.064 0.053 0.009 
212 TMA-ZAIN-G-    (0)   :  0.003 0.030 0.065 0.013 0.301 0.006 0.004 0.006 0.009 0.537 0.019 0.006 
213 TMA-ZAIN-G-    (0)   :  0.004 0.106 0.108 0.007 0.441 0.042 0.005 0.004 0.004 0.244 0.029 0.008 
214 TMA-ZAIN-G-    (0)   :  0.003 0.130 0.306 0.046 0.297 0.089 0.005 0.004 0.005 0.080 0.026 0.009 
215 TMA-ZAIN-G-    (0)   :  0.005 0.035 0.020 0.005 0.486 0.077 0.224 0.012 0.005 0.125 0.004 0.003 
216 TMA-ZAIN-G-    (0)   :  0.004 0.020 0.213 0.007 0.659 0.014 0.006 0.007 0.008 0.036 0.015 0.011 
217 TMA-ZAIN-G-    (0)   :  0.003 0.047 0.352 0.103 0.125 0.159 0.003 0.003 0.003 0.131 0.064 0.007 
218 TMA-ZAIN-G-    (0)   :  0.004 0.006 0.011 0.007 0.006 0.005 0.932 0.003 0.012 0.006 0.004 0.005 
219 TMA-ZAIN-G-    (0)   :  0.004 0.004 0.007 0.003 0.004 0.004 0.941 0.011 0.006 0.003 0.003 0.008 
220 TMA-ZAIN-G-    (0)   :  0.019 0.027 0.008 0.013 0.007 0.008 0.849 0.003 0.032 0.021 0.005 0.007 
221 TMA-ZAIN-G-    (0)   :  0.004 0.008 0.014 0.006 0.019 0.007 0.874 0.033 0.010 0.012 0.007 0.006 
222 TMA-ZAIN-G-    (0)   :  0.011 0.009 0.010 0.009 0.005 0.007 0.916 0.005 0.005 0.010 0.004 0.009 
223 TMA-ZAIN-G-    (0)   :  0.006 0.004 0.005 0.005 0.005 0.004 0.935 0.007 0.017 0.005 0.003 0.006 
224 TMA-ZAIN-G-    (0)   :  0.013 0.005 0.027 0.005 0.012 0.006 0.883 0.006 0.015 0.006 0.008 0.013 
225 TMA-ZAIN-G-    (0)   :  0.008 0.004 0.004 0.002 0.006 0.003 0.938 0.007 0.010 0.004 0.010 0.004 
226 TMA-ZAIN-G-    (0)   :  0.012 0.007 0.006 0.005 0.011 0.007 0.899 0.006 0.013 0.008 0.019 0.005 
227 TMA-ZAIN-G-    (0)   :  0.007 0.008 0.005 0.004 0.012 0.007 0.897 0.022 0.007 0.010 0.018 0.004 
228 TMA-ZAIN-G-    (0)   :  0.016 0.011 0.009 0.009 0.010 0.024 0.869 0.005 0.015 0.019 0.006 0.007 
229 TMA-ZAIN-G-    (0)   :  0.017 0.003 0.003 0.007 0.003 0.003 0.933 0.011 0.009 0.004 0.002 0.006 
230 TMA-ZAIN-G-    (0)   :  0.015 0.006 0.063 0.010 0.017 0.035 0.763 0.003 0.012 0.032 0.015 0.029 
231 TMA-ZAIN-G-    (0)   :  0.345 0.013 0.015 0.008 0.011 0.029 0.493 0.028 0.014 0.022 0.007 0.016 
232 TMA-ZAIN-G-    (9)   :  0.608 0.005 0.044 0.020 0.021 0.010 0.241 0.020 0.005 0.008 0.010 0.009 
233 TMA-ZAIN-G-    (0)   :  0.006 0.011 0.020 0.042 0.009 0.023 0.822 0.017 0.017 0.012 0.007 0.014 
234 TMA-ZAIN-G-    (0)   :  0.124 0.009 0.004 0.006 0.005 0.005 0.775 0.024 0.010 0.008 0.010 0.021 
235 TMA-ZAIN-G-    (0)   :  0.132 0.011 0.005 0.005 0.065 0.048 0.630 0.009 0.051 0.010 0.022 0.013 
236 TMA-ZAIN-G-    (0)   :  0.029 0.011 0.010 0.007 0.012 0.012 0.851 0.020 0.008 0.012 0.022 0.006 
237 TMA-ZAIN-G-    (0)   :  0.071 0.022 0.056 0.010 0.023 0.176 0.531 0.004 0.017 0.072 0.009 0.010 
238 TMA-ZAIN-G-    (0)   :  0.038 0.037 0.024 0.004 0.019 0.026 0.797 0.019 0.007 0.020 0.006 0.003 
239 TMA-ZAIN-G-    (0)   :  0.019 0.005 0.006 0.011 0.029 0.003 0.039 0.685 0.005 0.006 0.065 0.127 
240 TMA-ZAIN-G-    (0)   :  0.004 0.002 0.003 0.002 0.003 0.003 0.005 0.968 0.003 0.003 0.003 0.004 
241 TMA-ZAIN-G-    (0)   :  0.003 0.004 0.002 0.003 0.003 0.005 0.003 0.964 0.002 0.004 0.003 0.003 
242 TMA-ZAIN-G-    (0)   :  0.003 0.003 0.003 0.003 0.003 0.003 0.003 0.968 0.002 0.004 0.002 0.003 
243 TMA-ZAIN-G-    (0)   :  0.003 0.003 0.003 0.004 0.003 0.004 0.003 0.965 0.002 0.005 0.003 0.003 
244 TMA-ZAIN-G-    (0)   :  0.003 0.005 0.003 0.004 0.004 0.006 0.003 0.959 0.003 0.005 0.003 0.003 
245 TMA-ZAIN-G-    (9)   :  0.004 0.002 0.002 0.002 0.002 0.003 0.004 0.971 0.002 0.003 0.002 0.003 
246 TMA-ZAIN-G-    (0)   :  0.003 0.002 0.002 0.002 0.003 0.002 0.003 0.972 0.003 0.003 0.003 0.003 
247 TMA-ZAIN-G-    (0)   :  0.002 0.002 0.002 0.003 0.003 0.002 0.003 0.973 0.003 0.003 0.002 0.003 
248 TMA-ZAIN-G-    (0)   :  0.003 0.003 0.003 0.003 0.004 0.004 0.004 0.961 0.003 0.004 0.005 0.003 
249 TMA-ZAIN-G-    (0)   :  0.003 0.002 0.002 0.002 0.003 0.002 0.003 0.969 0.003 0.003 0.004 0.003 
250 TMA-ZAIN-G-    (0)   :  0.003 0.002 0.002 0.003 0.003 0.002 0.003 0.970 0.003 0.002 0.003 0.003 
251 TMA-ZAIN-G-    (0)   :  0.005 0.005 0.007 0.004 0.004 0.003 0.004 0.002 0.006 0.003 0.006 0.952 
252 TMA-ZAIN-G-    (0)   :  0.003 0.013 0.005 0.030 0.007 0.028 0.006 0.003 0.003 0.048 0.004 0.850 
253 TMA-ZAIN-G-    (0)   :  0.004 0.011 0.005 0.005 0.004 0.003 0.003 0.004 0.003 0.005 0.005 0.947 
254 TMA-ZAIN-G-    (9)   :  0.005 0.030 0.013 0.012 0.007 0.007 0.004 0.003 0.006 0.015 0.005 0.893 
255 TMA-ZAIN-G-    (0)   :  0.015 0.008 0.005 0.008 0.004 0.004 0.003 0.004 0.003 0.005 0.004 0.937 
256 TMA-ZAIN-G-    (0)   :  0.006 0.006 0.007 0.005 0.006 0.006 0.004 0.009 0.003 0.007 0.019 0.922 
257 TMA-ZAIN-G-    (0)   :  0.004 0.003 0.004 0.003 0.003 0.003 0.004 0.004 0.003 0.003 0.013 0.953 
258 TMA-ZAIN-G-    (0)   :  0.003 0.004 0.004 0.004 0.003 0.003 0.003 0.003 0.003 0.003 0.005 0.962 
259 TMA-ZAIN-G-    (0)   :  0.004 0.003 0.004 0.005 0.003 0.003 0.004 0.005 0.004 0.003 0.005 0.957 
260 TMA-ZAIN-G-    (0)   :  0.004 0.003 0.005 0.009 0.004 0.004 0.003 0.004 0.005 0.004 0.006 0.950 
261 TMA-ZAIN-G-   (18)   :  0.005 0.005 0.010 0.011 0.006 0.004 0.004 0.003 0.010 0.005 0.008 0.930 
262 TMA-ZAIN-G-    (0)   :  0.004 0.003 0.004 0.003 0.003 0.003 0.004 0.003 0.003 0.003 0.006 0.961 
263 TMA-ZAIN-G-    (0)   :  0.005 0.005 0.005 0.004 0.003 0.003 0.004 0.003 0.004 0.003 0.004 0.958 
264 TMA-ZAIN-G-    (0)   :  0.006 0.006 0.005 0.004 0.003 0.004 0.004 0.003 0.004 0.004 0.006 0.951 
265 TMA-ZAIN-G-    (0)   :  0.010 0.016 0.036 0.026 0.023 0.012 0.248 0.022 0.027 0.059 0.012 0.508 
266 TMA-ZAIN-G-    (0)   :  0.013 0.022 0.106 0.017 0.038 0.008 0.013 0.008 0.052 0.018 0.044 0.659 
267 TMA-ZAIN-G-    (0)   :  0.125 0.006 0.012 0.012 0.009 0.013 0.025 0.049 0.141 0.027 0.007 0.577 
268 TMA-ZAIN-G-    (0)   :  0.960 0.003 0.003 0.003 0.003 0.003 0.005 0.004 0.005 0.004 0.003 0.004 
269 TMA-ZAIN-G-    (0)   :  0.936 0.005 0.006 0.004 0.004 0.006 0.012 0.004 0.009 0.006 0.004 0.005 
270 TMA-ZAIN-G-    (0)   :  0.925 0.005 0.006 0.004 0.004 0.006 0.017 0.007 0.009 0.006 0.004 0.008 
271 TMA-ZAIN-G-    (0)   :  0.950 0.004 0.004 0.003 0.003 0.004 0.007 0.007 0.007 0.005 0.003 0.005 
272 TMA-ZAIN-G-    (0)   :  0.860 0.005 0.005 0.003 0.005 0.006 0.069 0.010 0.024 0.005 0.003 0.004 
273 TMA-ZAIN-G-    (0)   :  0.805 0.003 0.003 0.003 0.003 0.004 0.137 0.021 0.010 0.003 0.003 0.004 
274 TMA-ZAIN-G-    (0)   :  0.895 0.005 0.004 0.006 0.014 0.009 0.017 0.010 0.012 0.005 0.016 0.007 
275 TMA-ZAIN-G-    (0)   :  0.943 0.003 0.004 0.002 0.005 0.003 0.011 0.012 0.008 0.004 0.003 0.003 
276 TMA-ZAIN-G-    (0)   :  0.955 0.004 0.003 0.003 0.003 0.004 0.006 0.008 0.004 0.004 0.002 0.003 
277 TMA-ZAIN-G-    (0)   :  0.861 0.003 0.003 0.004 0.003 0.005 0.010 0.090 0.006 0.005 0.004 0.006 
278 TMA-ZAIN-G-    (0)   :  0.833 0.003 0.004 0.004 0.003 0.004 0.017 0.107 0.010 0.005 0.003 0.007 
279 TMA-ZAIN-G-    (0)   :  0.910 0.004 0.005 0.003 0.006 0.004 0.026 0.015 0.015 0.005 0.004 0.003 
280 TMA-ZAIN-G-    (0)   :  0.881 0.004 0.005 0.002 0.006 0.004 0.065 0.012 0.008 0.004 0.005 0.003 
281 TMA-ZAIN-G-    (0)   :  0.911 0.003 0.004 0.003 0.004 0.004 0.021 0.029 0.009 0.004 0.004 0.005 
282 TMA-ZAIN-G-    (9)   :  0.926 0.003 0.003 0.003 0.003 0.003 0.009 0.033 0.007 0.004 0.003 0.005 
283 TMA-ZAIN-G-    (0)   :  0.857 0.005 0.005 0.003 0.005 0.007 0.033 0.026 0.020 0.004 0.004 0.033 
284 TMA-ZAIN-G-    (0)   :  0.815 0.007 0.007 0.003 0.006 0.006 0.044 0.015 0.026 0.007 0.005 0.059 
285 TMA-ZAIN-G-    (0)   :  0.835 0.005 0.003 0.007 0.011 0.015 0.024 0.067 0.011 0.004 0.007 0.012 
286 TMA-ZAIN-G-    (0)   :  0.945 0.002 0.002 0.002 0.003 0.003 0.008 0.016 0.006 0.003 0.003 0.007 
287 TMA-ZAIN-G-    (0)   :  0.929 0.003 0.003 0.005 0.007 0.009 0.008 0.016 0.006 0.003 0.007 0.006 
288 TMA-ZAIN-G-    (0)   :  0.827 0.006 0.006 0.006 0.031 0.014 0.021 0.005 0.046 0.008 0.022 0.007 
289 TMA-ZAIN-G-    (0)   :  0.901 0.004 0.003 0.008 0.012 0.011 0.013 0.011 0.014 0.005 0.011 0.007 
290 TMA-ZAIN-G-    (0)   :  0.927 0.005 0.007 0.003 0.006 0.004 0.013 0.004 0.013 0.006 0.007 0.006 
291 TMA-ZAIN-G-    (0)   :  0.013 0.005 0.005 0.004 0.005 0.004 0.909 0.006 0.033 0.004 0.005 0.009 
292 TMA-ZAIN-G-    (0)   :  0.013 0.090 0.146 0.007 0.095 0.166 0.029 0.020 0.011 0.393 0.026 0.005 
293 TMA-ZAIN-G-    (0)   :  0.005 0.038 0.067 0.031 0.120 0.019 0.018 0.039 0.013 0.589 0.027 0.033 
294 TMA-ZAIN-G-    (0)   :  0.003 0.008 0.008 0.007 0.007 0.019 0.003 0.004 0.004 0.929 0.004 0.004 
295 TMA-ZAIN-G-    (9)   :  0.004 0.013 0.007 0.009 0.013 0.043 0.006 0.005 0.009 0.883 0.005 0.005 
296 TMA-ZAIN-G-    (0)   :  0.008 0.020 0.076 0.005 0.026 0.010 0.010 0.004 0.013 0.773 0.045 0.010 
297 TMA-ZAIN-G-    (0)   :  0.008 0.398 0.138 0.027 0.049 0.072 0.009 0.006 0.015 0.136 0.115 0.026 
298 TMA-ZAIN-G-    (0)   :  0.018 0.014 0.030 0.008 0.013 0.688 0.017 0.006 0.016 0.137 0.004 0.048 
299 TMA-ZAIN-G-    (0)   :  0.004 0.023 0.008 0.007 0.011 0.906 0.006 0.004 0.004 0.017 0.006 0.003 
300 TMA-ZAIN-G-    (0)   :  0.004 0.012 0.009 0.054 0.167 0.337 0.006 0.008 0.013 0.373 0.009 0.008 
301 TMA-ZAIN-G-    (0)   :  0.004 0.022 0.013 0.024 0.086 0.752 0.007 0.011 0.008 0.040 0.028 0.005 
302 TMA-ZAIN-G-    (9)   :  0.004 0.043 0.071 0.006 0.056 0.098 0.005 0.003 0.005 0.688 0.016 0.006 
303 TMA-ZAIN-G-    (0)   :  0.009 0.004 0.014 0.002 0.020 0.003 0.860 0.003 0.011 0.004 0.049 0.020 
304 TMA-ZAIN-G-    (0)   :  0.011 0.062 0.063 0.125 0.073 0.011 0.006 0.009 0.014 0.041 0.037 0.548 
305 TMA-ZAIN-G-    (0)   :  0.003 0.017 0.026 0.013 0.020 0.007 0.004 0.004 0.006 0.884 0.011 0.006 
306 TMA-ZAIN-G-    (0)   :  0.099 0.020 0.073 0.014 0.020 0.010 0.012 0.015 0.015 0.361 0.019 0.342 
307 TMA-ZAIN-G-    (0)   :  0.010 0.052 0.040 0.257 0.103 0.008 0.005 0.013 0.012 0.080 0.016 0.404 
308 TMA-ZAIN-G-    (0)   :  0.031 0.003 0.005 0.011 0.006 0.004 0.088 0.014 0.064 0.005 0.010 0.758 
309 TMA-ZAIN-G-    (0)   :  0.004 0.015 0.073 0.007 0.819 0.022 0.004 0.003 0.005 0.013 0.031 0.004 
310 TMA-ZAIN-G-    (0)   :  0.012 0.074 0.023 0.010 0.202 0.398 0.017 0.012 0.019 0.206 0.004 0.023 
311 TMA-ZAIN-G-    (0)   :  0.024 0.234 0.416 0.007 0.031 0.077 0.020 0.003 0.027 0.106 0.012 0.043 
312 TMA-ZAIN-G-    (0)   :  0.006 0.027 0.108 0.011 0.667 0.043 0.012 0.005 0.040 0.046 0.024 0.011 
313 TMA-ZAIN-G-    (0)   :  0.015 0.034 0.266 0.020 0.024 0.084 0.006 0.003 0.009 0.064 0.019 0.454 
314 TMA-ZAIN-G-    (0)   :  0.721 0.008 0.014 0.009 0.037 0.012 0.028 0.003 0.128 0.009 0.016 0.015 
315 TMA-ZAIN-G-    (0)   :  0.280 0.017 0.032 0.024 0.076 0.282 0.039 0.023 0.045 0.156 0.006 0.020 
316 TMA-ZAIN-G-    (0)   :  0.314 0.020 0.028 0.027 0.046 0.274 0.058 0.014 0.060 0.132 0.005 0.021 
317 TMA-ZAIN-G-    (0)   :  0.067 0.008 0.007 0.005 0.008 0.030 0.667 0.011 0.163 0.007 0.009 0.017 
318 TMA-ZAIN-G-    (9)   :  0.750 0.004 0.008 0.013 0.007 0.019 0.056 0.047 0.027 0.016 0.014 0.040 
319 TMA-ZAIN-G-    (0)   :  0.055 0.004 0.006 0.004 0.013 0.004 0.449 0.013 0.036 0.007 0.401 0.009 
320 TMA-ZAIN-G-    (0)   :  0.005 0.054 0.045 0.020 0.044 0.248 0.434 0.010 0.007 0.119 0.009 0.005 
321 TMA-ZAIN-G-    (0)   :  0.062 0.056 0.042 0.018 0.290 0.024 0.017 0.007 0.361 0.108 0.007 0.008 
322 TMA-ZAIN-G-    (0)   :  0.029 0.081 0.157 0.025 0.079 0.022 0.167 0.006 0.275 0.101 0.006 0.052 
323 TMA-ZAIN-G-    (0)   :  0.008 0.010 0.052 0.023 0.018 0.005 0.786 0.011 0.007 0.008 0.061 0.011 
324 TMA-ZAIN-G-    (0)   :  0.007 0.511 0.021 0.016 0.025 0.008 0.009 0.007 0.023 0.299 0.043 0.031 
325 TMA-ZAIN-G-    (0)   :  0.004 0.011 0.011 0.006 0.018 0.008 0.823 0.074 0.019 0.012 0.006 0.007 
326 TMA-ZAIN-G-    (0)   :  0.003 0.011 0.018 0.007 0.025 0.004 0.566 0.004 0.008 0.006 0.332 0.015 
327 TMA-ZAIN-G-    (0)   :  0.003 0.006 0.115 0.032 0.019 0.008 0.004 0.003 0.007 0.009 0.782 0.011 
328 TMA-ZAIN-G-    (0)   :  0.383 0.020 0.018 0.125 0.104 0.012 0.186 0.010 0.032 0.010 0.082 0.016 
329 TMA-ZAIN-G-    (0)   :  0.004 0.032 0.146 0.087 0.265 0.329 0.009 0.009 0.013 0.037 0.042 0.028 
330 TMA-ZAIN-G-    (0)   :  0.003 0.009 0.862 0.025 0.029 0.017 0.004 0.002 0.008 0.018 0.009 0.013 
331 TMA-ZAIN-G-    (0)   :  0.029 0.011 0.022 0.006 0.556 0.092 0.063 0.025 0.017 0.048 0.008 0.124 
332 TMA-ZAIN-G-    (0)   :  0.002 0.018 0.008 0.006 0.853 0.005 0.003 0.003 0.004 0.006 0.087 0.004 
333 TMA-ZAIN-G-    (0)   :  0.002 0.004 0.004 0.004 0.031 0.004 0.006 0.002 0.003 0.005 0.931 0.004 
334 TMA-ZAIN-G-    (0)   :  0.914 0.003 0.003 0.003 0.004 0.004 0.015 0.028 0.013 0.004 0.003 0.007 
335 TMA-ZAIN-G-    (0)   :  0.914 0.004 0.004 0.006 0.006 0.006 0.009 0.026 0.010 0.007 0.003 0.005 
336 TMA-ZAIN-G-    (0)   :  0.856 0.005 0.008 0.006 0.007 0.013 0.023 0.031 0.026 0.009 0.004 0.012 
337 TMA-ZAIN-G-    (9)   :  0.921 0.004 0.004 0.003 0.005 0.005 0.015 0.010 0.019 0.006 0.003 0.005 
338 TMA-ZAIN-G-    (0)   :  0.961 0.003 0.002 0.003 0.003 0.003 0.006 0.005 0.005 0.003 0.003 0.004 
339 TMA-ZAIN-G-    (0)   :  0.958 0.002 0.002 0.002 0.002 0.002 0.007 0.012 0.004 0.002 0.002 0.004 
340 TMA-ZAIN-G-    (0)   :  0.941 0.004 0.004 0.004 0.004 0.005 0.009 0.013 0.006 0.005 0.003 0.004 
341 TMA-ZAIN-G-    (0)   :  0.943 0.004 0.004 0.005 0.004 0.004 0.007 0.012 0.006 0.005 0.003 0.003 
342 TMA-ZAIN-G-    (0)   :  0.912 0.004 0.005 0.004 0.004 0.007 0.017 0.025 0.005 0.005 0.003 0.007 
343 TMA-ZAIN-G-    (0)   :  0.955 0.003 0.003 0.002 0.003 0.003 0.008 0.009 0.004 0.003 0.003 0.003 
344 TMA-ZAIN-G-    (0)   :  0.881 0.004 0.005 0.003 0.006 0.004 0.025 0.043 0.015 0.005 0.004 0.005 
345 TMA-ZAIN-G-    (0)   :  0.921 0.002 0.002 0.003 0.003 0.003 0.008 0.044 0.005 0.003 0.003 0.005 
346 TMA-ZAIN-G-    (0)   :  0.874 0.005 0.003 0.003 0.018 0.003 0.054 0.020 0.006 0.007 0.005 0.004 
347 TMA-ZAIN-G-    (9)   :  0.930 0.003 0.003 0.003 0.004 0.004 0.012 0.021 0.009 0.004 0.003 0.003 
348 TMA-ZAIN-G-    (0)   :  0.898 0.004 0.005 0.004 0.004 0.005 0.016 0.026 0.022 0.006 0.004 0.007 
349 TMA-ZAIN-G-    (0)   :  0.924 0.003 0.003 0.003 0.003 0.005 0.010 0.033 0.005 0.003 0.003 0.004 
350 TMA-ZAIN-G-    (0)   :  0.711 0.007 0.009 0.006 0.006 0.009 0.163 0.027 0.041 0.009 0.005 0.006 
351 TMA-ZAIN-G-    (0)   :  0.902 0.003 0.004 0.004 0.004 0.005 0.012 0.043 0.013 0.004 0.003 0.005 
352 TMA-ZAIN-G-    (0)   :  0.923 0.005 0.005 0.006 0.005 0.007 0.008 0.010 0.011 0.010 0.003 0.007 
353 TMA-ZAIN-G-    (0)   :  0.878 0.005 0.006 0.003 0.005 0.004 0.039 0.031 0.013 0.006 0.006 0.004 
354 TMA-ZAIN-G-    (0)   :  0.925 0.005 0.005 0.002 0.008 0.003 0.016 0.013 0.010 0.006 0.004 0.003 
355 TMA-ZAIN-G-    (0)   :  0.920 0.007 0.007 0.004 0.008 0.005 0.010 0.014 0.009 0.008 0.004 0.004 
356 TMA-ZAIN-G-    (0)   :  0.002 0.936 0.004 0.017 0.004 0.007 0.009 0.002 0.004 0.005 0.002 0.008 
357 TMA-ZAIN-G-    (0)   :  0.007 0.278 0.032 0.052 0.134 0.043 0.009 0.003 0.012 0.099 0.319 0.012 
358 TMA-ZAIN-G-    (0)   :  0.040 0.030 0.189 0.096 0.267 0.046 0.026 0.008 0.046 0.212 0.017 0.022 
359 TMA-ZAIN-G-    (0)   :  0.007 0.486 0.010 0.198 0.009 0.081 0.057 0.071 0.020 0.015 0.005 0.041 
