

----------------------------------------------------
STRUCTURE by Pritchard, Stephens and Donnelly (2000)
     and Falush, Stephens and Pritchard (2003)
       Code by Pritchard, Falush and Hubisz
             Version 2.3.4 (Jul 2012)
----------------------------------------------------



Command line arguments:   bin\structure -m C:\Users\eschumacher\Documents\GitHub\GCC_QUAC_ZAIN\Data_Files\Structure_Files\ZAIN\ZAIN_rebinned_garden_wild_nopopinfo\50-50\mainparams -e C:\Users\eschumacher\Documents\GitHub\GCC_QUAC_ZAIN\Data_Files\Structure_Files\ZAIN\ZAIN_rebinned_garden_wild_nopopinfo\50-50\extraparams 
Input File:    C:\Users\eschumacher\Documents\GitHub\GCC_QUAC_ZAIN\Data_Files\Structure_Files\ZAIN\ZAIN_rebinned_garden_wild_nopopinfo\project_data

Run parameters:
   1133 individuals
   11 loci
   5 populations assumed
   50000 Burn-in period
   50000 Reps


--------------------------------------------
Overall proportion of membership of the
sample in each of the 5 clusters

Inferred Clusters
  1      2      3      4      5    
0.118  0.240  0.185  0.264  0.193  

--------------------------------------------

Allele-freq. divergence among pops (Net nucleotide distance),
computed using point estimates of P.

      1       2       3       4       5      
 1      -    0.1400  0.1127  0.1476  0.1138  
 2   0.1400     -    0.2005  0.2159  0.0736  
 3   0.1127  0.2005     -    0.0759  0.1322  
 4   0.1476  0.2159  0.0759     -    0.1668  
 5   0.1138  0.0736  0.1322  0.1668     -    

Average distances (expected heterozygosity) between individuals in same cluster:
cluster  1  : 0.4404 
cluster  2  : 0.5070 
cluster  3  : 0.4346 
cluster  4  : 0.4322 
cluster  5  : 0.5599 

--------------------------------------------
Estimated Ln Prob of Data   = -22915.4
Mean value of ln likelihood = -22529.6
Variance of ln likelihood   = 771.7
Mean value of alpha         = 0.0366

Mean value of Fst_1         = 0.4201
Mean value of Fst_2         = 0.3174
Mean value of Fst_3         = 0.3685
Mean value of Fst_4         = 0.2635
Mean value of Fst_5         = 0.1514


Inferred ancestry of individuals:
        Label (%Miss) :  Inferred clusters
  1 TMA-ZAIN-G-    (9)   :  0.025 0.768 0.142 0.024 0.041 
  2 TMA-ZAIN-G-    (0)   :  0.053 0.673 0.036 0.214 0.024 
  3 TMA-ZAIN-G-    (0)   :  0.011 0.005 0.197 0.782 0.005 
  4 TMA-ZAIN-G-    (0)   :  0.790 0.019 0.037 0.145 0.010 
  5 TMA-ZAIN-G-    (0)   :  0.007 0.983 0.003 0.003 0.004 
  6 TMA-ZAIN-G-    (0)   :  0.073 0.052 0.177 0.591 0.107 
  7 TMA-ZAIN-G-    (0)   :  0.038 0.016 0.602 0.331 0.013 
  8 TMA-ZAIN-G-    (0)   :  0.022 0.005 0.656 0.312 0.005 
  9 TMA-ZAIN-G-    (9)   :  0.007 0.011 0.227 0.747 0.008 
 10 TMA-ZAIN-G-    (0)   :  0.014 0.004 0.189 0.784 0.008 
 11 TMA-ZAIN-G-    (0)   :  0.009 0.007 0.253 0.722 0.009 
 12 TMA-ZAIN-G-    (0)   :  0.005 0.005 0.043 0.942 0.005 
 13 TMA-ZAIN-G-    (9)   :  0.032 0.127 0.529 0.263 0.048 
 14 TMA-ZAIN-G-    (9)   :  0.008 0.005 0.973 0.008 0.006 
 15 TMA-ZAIN-G-    (0)   :  0.006 0.003 0.981 0.006 0.005 
 16 TMA-ZAIN-G-    (0)   :  0.005 0.005 0.024 0.958 0.008 
 17 TMA-ZAIN-G-    (9)   :  0.043 0.027 0.888 0.018 0.024 
 18 TMA-ZAIN-G-    (0)   :  0.113 0.750 0.022 0.016 0.100 
 19 TMA-ZAIN-G-    (0)   :  0.013 0.059 0.090 0.030 0.808 
 20 TMA-ZAIN-G-    (0)   :  0.021 0.045 0.003 0.004 0.926 
 21 TMA-ZAIN-G-    (0)   :  0.007 0.006 0.003 0.004 0.980 
 22 TMA-ZAIN-G-    (0)   :  0.005 0.981 0.003 0.003 0.008 
 23 TMA-ZAIN-G-    (0)   :  0.005 0.929 0.007 0.006 0.053 
 24 TMA-ZAIN-G-    (9)   :  0.011 0.812 0.058 0.111 0.008 
 25 TMA-ZAIN-G-    (9)   :  0.004 0.111 0.010 0.086 0.789 
 26 TMA-ZAIN-G-    (9)   :  0.535 0.010 0.113 0.284 0.058 
 27 TMA-ZAIN-G-    (0)   :  0.027 0.074 0.064 0.010 0.824 
 28 TMA-ZAIN-G-    (0)   :  0.015 0.021 0.028 0.018 0.918 
 29 TMA-ZAIN-G-    (0)   :  0.059 0.004 0.031 0.601 0.305 
 30 TMA-ZAIN-G-    (0)   :  0.008 0.006 0.602 0.147 0.238 
 31 TMA-ZAIN-G-    (0)   :  0.077 0.896 0.007 0.008 0.013 
 32 TMA-ZAIN-G-    (9)   :  0.006 0.826 0.062 0.084 0.022 
 33 TMA-ZAIN-G-   (18)   :  0.005 0.005 0.277 0.709 0.005 
 34 TMA-ZAIN-G-    (0)   :  0.010 0.185 0.015 0.765 0.025 
 35 TMA-ZAIN-G-    (9)   :  0.012 0.009 0.085 0.884 0.009 
 36 TMA-ZAIN-G-    (0)   :  0.018 0.005 0.598 0.375 0.005 
 37 TMA-ZAIN-G-    (9)   :  0.014 0.009 0.068 0.894 0.016 
 38 TMA-ZAIN-G-   (18)   :  0.008 0.770 0.128 0.054 0.039 
 39 TMA-ZAIN-G-    (0)   :  0.009 0.003 0.012 0.968 0.007 
 40 TMA-ZAIN-G-    (0)   :  0.006 0.003 0.082 0.904 0.006 
 41 TMA-ZAIN-G-    (0)   :  0.006 0.003 0.716 0.269 0.006 
 42 TMA-ZAIN-G-    (9)   :  0.006 0.003 0.980 0.007 0.003 
 43 TMA-ZAIN-G-    (0)   :  0.011 0.004 0.975 0.006 0.004 
 44 TMA-ZAIN-G-    (0)   :  0.006 0.007 0.007 0.015 0.964 
 45 TMA-ZAIN-G-    (0)   :  0.016 0.009 0.403 0.558 0.014 
 46 TMA-ZAIN-G-    (0)   :  0.007 0.008 0.003 0.003 0.978 
 47 TMA-ZAIN-G-    (0)   :  0.983 0.003 0.004 0.005 0.004 
 48 TMA-ZAIN-G-    (0)   :  0.675 0.013 0.223 0.065 0.025 
 49 TMA-ZAIN-G-    (9)   :  0.029 0.051 0.008 0.092 0.821 
 50 TMA-ZAIN-G-    (0)   :  0.004 0.011 0.115 0.023 0.846 
 51 TMA-ZAIN-G-    (0)   :  0.031 0.007 0.072 0.009 0.881 
 52 TMA-ZAIN-G-    (0)   :  0.124 0.009 0.019 0.010 0.838 
 53 TMA-ZAIN-G-    (0)   :  0.284 0.245 0.058 0.015 0.398 
 54 TMA-ZAIN-G-    (0)   :  0.966 0.006 0.013 0.006 0.008 
 55 TMA-ZAIN-G-    (0)   :  0.921 0.008 0.043 0.008 0.020 
 56 TMA-ZAIN-G-    (0)   :  0.791 0.014 0.106 0.060 0.028 
 57 TMA-ZAIN-G-    (0)   :  0.969 0.006 0.005 0.009 0.011 
 58 TMA-ZAIN-G-    (0)   :  0.112 0.481 0.067 0.027 0.313 
 59 TMA-ZAIN-G-    (0)   :  0.069 0.686 0.073 0.126 0.046 
 60 TMA-ZAIN-G-    (0)   :  0.045 0.373 0.128 0.016 0.438 
 61 TMA-ZAIN-G-    (0)   :  0.016 0.967 0.004 0.004 0.009 
 62 TMA-ZAIN-G-    (9)   :  0.013 0.860 0.032 0.046 0.049 
 63 TMA-ZAIN-G-    (0)   :  0.019 0.953 0.011 0.006 0.011 
 64 TMA-ZAIN-G-    (0)   :  0.007 0.003 0.017 0.970 0.004 
 65 TMA-ZAIN-G-    (9)   :  0.017 0.003 0.028 0.948 0.003 
 66 TMA-ZAIN-G-    (0)   :  0.009 0.003 0.016 0.969 0.003 
 67 TMA-ZAIN-G-    (0)   :  0.006 0.006 0.007 0.969 0.012 
 68 TMA-ZAIN-G-    (0)   :  0.022 0.003 0.062 0.910 0.004 
 69 TMA-ZAIN-G-    (0)   :  0.011 0.010 0.008 0.959 0.012 
 70 TMA-ZAIN-G-    (0)   :  0.005 0.004 0.015 0.970 0.006 
 71 TMA-ZAIN-G-    (0)   :  0.004 0.004 0.007 0.981 0.005 
 72 TMA-ZAIN-G-    (0)   :  0.010 0.006 0.050 0.926 0.007 
 73 TMA-ZAIN-G-    (0)   :  0.022 0.046 0.008 0.863 0.061 
 74 TMA-ZAIN-G-    (0)   :  0.007 0.013 0.009 0.947 0.025 
 75 TMA-ZAIN-G-    (0)   :  0.013 0.006 0.014 0.959 0.008 
 76 TMA-ZAIN-G-    (0)   :  0.004 0.017 0.006 0.918 0.054 
 77 TMA-ZAIN-G-    (0)   :  0.012 0.005 0.031 0.934 0.018 
 78 TMA-ZAIN-G-    (0)   :  0.020 0.022 0.017 0.854 0.088 
 79 TMA-ZAIN-G-    (0)   :  0.027 0.008 0.056 0.842 0.067 
 80 TMA-ZAIN-G-    (0)   :  0.010 0.003 0.008 0.973 0.007 
 81 TMA-ZAIN-G-    (0)   :  0.013 0.007 0.021 0.937 0.022 
 82 TMA-ZAIN-G-    (0)   :  0.010 0.004 0.008 0.974 0.004 
 83 TMA-ZAIN-G-    (9)   :  0.025 0.074 0.012 0.850 0.038 
 84 TMA-ZAIN-G-    (0)   :  0.007 0.008 0.011 0.927 0.046 
 85 TMA-ZAIN-G-    (0)   :  0.889 0.066 0.011 0.010 0.025 
 86 TMA-ZAIN-G-    (0)   :  0.928 0.011 0.010 0.016 0.034 
 87 TMA-ZAIN-G-    (0)   :  0.721 0.218 0.008 0.009 0.044 
 88 TMA-ZAIN-G-    (0)   :  0.699 0.121 0.033 0.132 0.014 
 89 TMA-ZAIN-G-    (0)   :  0.923 0.015 0.019 0.033 0.010 
 90 TMA-ZAIN-G-    (0)   :  0.963 0.008 0.007 0.009 0.013 
 91 TMA-ZAIN-G-    (0)   :  0.956 0.016 0.009 0.009 0.010 
 92 TMA-ZAIN-G-    (0)   :  0.932 0.010 0.009 0.008 0.042 
 93 TMA-ZAIN-G-    (0)   :  0.945 0.022 0.008 0.005 0.019 
 94 TMA-ZAIN-G-    (0)   :  0.928 0.041 0.005 0.005 0.021 
 95 TMA-ZAIN-G-    (0)   :  0.007 0.026 0.063 0.033 0.871 
 96 TMA-ZAIN-G-    (0)   :  0.013 0.009 0.129 0.014 0.835 
 97 TMA-ZAIN-G-    (0)   :  0.018 0.950 0.008 0.010 0.014 
 98 TMA-ZAIN-G-    (0)   :  0.013 0.965 0.007 0.009 0.006 
 99 TMA-ZAIN-G-    (0)   :  0.004 0.761 0.034 0.186 0.015 
100 TMA-ZAIN-G-    (0)   :  0.032 0.919 0.007 0.006 0.035 
101 TMA-ZAIN-G-    (0)   :  0.014 0.945 0.008 0.022 0.011 
102 TMA-ZAIN-G-    (0)   :  0.008 0.928 0.030 0.014 0.019 
103 TMA-ZAIN-G-    (0)   :  0.010 0.961 0.009 0.009 0.010 
104 TMA-ZAIN-G-    (0)   :  0.006 0.979 0.005 0.004 0.006 
105 TMA-ZAIN-G-    (0)   :  0.012 0.958 0.009 0.012 0.009 
106 TMA-ZAIN-G-    (0)   :  0.005 0.004 0.721 0.265 0.004 
107 TMA-ZAIN-G-    (0)   :  0.006 0.005 0.016 0.970 0.004 
108 TMA-ZAIN-G-    (9)   :  0.036 0.309 0.370 0.157 0.129 
109 TMA-ZAIN-G-    (0)   :  0.079 0.276 0.205 0.406 0.034 
110 TMA-ZAIN-G-    (0)   :  0.030 0.198 0.259 0.275 0.238 
111 TMA-ZAIN-G-    (9)   :  0.028 0.858 0.012 0.071 0.032 
112 TMA-ZAIN-G-    (0)   :  0.033 0.308 0.287 0.194 0.178 
113 TMA-ZAIN-G-    (0)   :  0.029 0.920 0.010 0.035 0.006 
114 TMA-ZAIN-G-    (0)   :  0.005 0.983 0.003 0.004 0.006 
115 TMA-ZAIN-G-    (0)   :  0.005 0.980 0.005 0.005 0.005 
116 TMA-ZAIN-G-    (0)   :  0.015 0.006 0.007 0.969 0.004 
117 TMA-ZAIN-G-    (0)   :  0.040 0.005 0.319 0.629 0.006 
118 TMA-ZAIN-G-    (0)   :  0.012 0.005 0.012 0.967 0.005 
119 TMA-ZAIN-G-    (0)   :  0.011 0.012 0.008 0.959 0.009 
120 TMA-ZAIN-G-    (0)   :  0.018 0.008 0.024 0.943 0.007 
121 TMA-ZAIN-G-    (0)   :  0.018 0.006 0.028 0.941 0.006 
122 TMA-ZAIN-G-    (0)   :  0.027 0.007 0.053 0.901 0.012 
123 TMA-ZAIN-G-    (0)   :  0.007 0.966 0.012 0.006 0.009 
124 TMA-ZAIN-G-    (0)   :  0.006 0.005 0.975 0.011 0.004 
125 TMA-ZAIN-G-    (0)   :  0.051 0.003 0.922 0.020 0.004 
126 TMA-ZAIN-G-    (0)   :  0.009 0.004 0.972 0.011 0.004 
127 TMA-ZAIN-G-    (0)   :  0.005 0.003 0.976 0.012 0.004 
128 TMA-ZAIN-G-    (0)   :  0.007 0.004 0.955 0.029 0.004 
129 TMA-ZAIN-G-    (0)   :  0.006 0.005 0.975 0.010 0.004 
130 TMA-ZAIN-G-    (0)   :  0.027 0.005 0.950 0.014 0.004 
131 TMA-ZAIN-G-    (0)   :  0.006 0.004 0.977 0.009 0.005 
132 TMA-ZAIN-G-    (0)   :  0.039 0.004 0.867 0.086 0.004 
133 TMA-ZAIN-G-    (0)   :  0.033 0.004 0.814 0.130 0.018 
134 TMA-ZAIN-G-    (0)   :  0.022 0.004 0.904 0.060 0.009 
135 TMA-ZAIN-G-    (0)   :  0.006 0.005 0.037 0.946 0.006 
136 TMA-ZAIN-G-    (0)   :  0.019 0.004 0.022 0.950 0.005 
137 TMA-ZAIN-G-    (0)   :  0.007 0.007 0.039 0.941 0.007 
138 TMA-ZAIN-G-    (0)   :  0.013 0.004 0.577 0.403 0.003 
139 TMA-ZAIN-G-    (0)   :  0.050 0.005 0.157 0.783 0.005 
140 TMA-ZAIN-G-    (0)   :  0.005 0.004 0.062 0.922 0.006 
141 TMA-ZAIN-G-    (0)   :  0.008 0.005 0.209 0.772 0.006 
142 TMA-ZAIN-G-    (9)   :  0.005 0.004 0.030 0.957 0.004 
143 TMA-ZAIN-G-    (0)   :  0.006 0.005 0.143 0.842 0.005 
144 TMA-ZAIN-G-    (0)   :  0.041 0.005 0.124 0.818 0.012 
145 TMA-ZAIN-G-    (0)   :  0.011 0.003 0.011 0.973 0.003 
146 TMA-ZAIN-G-    (0)   :  0.005 0.004 0.009 0.979 0.004 
147 TMA-ZAIN-G-    (9)   :  0.005 0.004 0.010 0.977 0.004 
148 TMA-ZAIN-G-    (0)   :  0.043 0.004 0.269 0.680 0.004 
149 TMA-ZAIN-G-    (0)   :  0.129 0.036 0.136 0.683 0.015 
150 TMA-ZAIN-G-    (0)   :  0.120 0.028 0.025 0.816 0.012 
151 TMA-ZAIN-G-    (0)   :  0.006 0.004 0.048 0.939 0.004 
152 TMA-ZAIN-G-    (0)   :  0.006 0.004 0.016 0.971 0.004 
153 TMA-ZAIN-G-    (0)   :  0.018 0.004 0.120 0.854 0.004 
154 TMA-ZAIN-G-    (0)   :  0.007 0.004 0.013 0.972 0.004 
155 TMA-ZAIN-G-    (0)   :  0.004 0.005 0.020 0.967 0.004 
156 TMA-ZAIN-G-    (9)   :  0.023 0.010 0.368 0.595 0.005 
157 TMA-ZAIN-G-    (0)   :  0.009 0.007 0.422 0.558 0.004 
158 TMA-ZAIN-G-    (0)   :  0.006 0.004 0.012 0.972 0.005 
159 TMA-ZAIN-G-    (0)   :  0.005 0.004 0.009 0.979 0.003 
160 TMA-ZAIN-G-    (0)   :  0.006 0.004 0.006 0.981 0.003 
161 TMA-ZAIN-G-    (0)   :  0.023 0.004 0.129 0.839 0.005 
162 TMA-ZAIN-G-    (0)   :  0.025 0.043 0.011 0.909 0.012 
163 TMA-ZAIN-G-    (0)   :  0.004 0.004 0.008 0.981 0.003 
164 TMA-ZAIN-G-    (0)   :  0.009 0.005 0.010 0.971 0.004 
165 TMA-ZAIN-G-    (0)   :  0.004 0.004 0.010 0.978 0.004 
166 TMA-ZAIN-G-    (0)   :  0.008 0.003 0.026 0.959 0.003 
167 TMA-ZAIN-G-    (0)   :  0.007 0.008 0.088 0.890 0.008 
168 TMA-ZAIN-G-    (0)   :  0.007 0.005 0.037 0.944 0.006 
169 TMA-ZAIN-G-    (0)   :  0.006 0.003 0.007 0.981 0.003 
170 TMA-ZAIN-G-    (0)   :  0.005 0.016 0.292 0.653 0.034 
171 TMA-ZAIN-G-    (0)   :  0.005 0.003 0.006 0.983 0.004 
172 TMA-ZAIN-G-    (0)   :  0.005 0.004 0.877 0.108 0.006 
173 TMA-ZAIN-G-    (0)   :  0.006 0.004 0.929 0.054 0.007 
174 TMA-ZAIN-G-    (0)   :  0.008 0.003 0.084 0.902 0.003 
175 TMA-ZAIN-G-    (0)   :  0.006 0.004 0.010 0.977 0.004 
176 TMA-ZAIN-G-    (0)   :  0.005 0.004 0.013 0.974 0.004 
177 TMA-ZAIN-G-    (0)   :  0.004 0.004 0.099 0.887 0.005 
178 TMA-ZAIN-G-    (0)   :  0.005 0.005 0.888 0.095 0.007 
179 TMA-ZAIN-G-    (0)   :  0.005 0.003 0.247 0.739 0.005 
180 TMA-ZAIN-G-    (0)   :  0.016 0.005 0.868 0.101 0.010 
181 TMA-ZAIN-G-    (0)   :  0.004 0.004 0.975 0.013 0.003 
182 TMA-ZAIN-G-    (0)   :  0.005 0.005 0.977 0.008 0.004 
183 TMA-ZAIN-G-    (0)   :  0.004 0.004 0.979 0.009 0.004 
184 TMA-ZAIN-G-    (0)   :  0.041 0.051 0.835 0.058 0.015 
185 TMA-ZAIN-G-    (0)   :  0.060 0.041 0.831 0.034 0.034 
186 TMA-ZAIN-G-    (9)   :  0.007 0.006 0.936 0.038 0.013 
187 TMA-ZAIN-G-    (0)   :  0.004 0.004 0.944 0.044 0.005 
188 TMA-ZAIN-G-    (0)   :  0.004 0.003 0.947 0.043 0.003 
189 TMA-ZAIN-G-    (0)   :  0.003 0.003 0.975 0.016 0.003 
190 TMA-ZAIN-G-    (0)   :  0.005 0.003 0.943 0.042 0.006 
191 TMA-ZAIN-G-    (0)   :  0.021 0.034 0.887 0.035 0.022 
192 TMA-ZAIN-G-    (0)   :  0.006 0.004 0.966 0.012 0.011 
193 TMA-ZAIN-G-    (0)   :  0.008 0.003 0.980 0.004 0.004 
194 TMA-ZAIN-G-    (0)   :  0.012 0.003 0.975 0.005 0.005 
195 TMA-ZAIN-G-    (0)   :  0.007 0.003 0.977 0.009 0.004 
196 TMA-ZAIN-G-    (0)   :  0.007 0.003 0.980 0.006 0.004 
197 TMA-ZAIN-G-    (0)   :  0.013 0.004 0.972 0.007 0.004 
198 TMA-ZAIN-G-    (0)   :  0.005 0.003 0.980 0.007 0.004 
199 TMA-ZAIN-G-    (0)   :  0.007 0.005 0.955 0.026 0.007 
200 TMA-ZAIN-G-    (0)   :  0.005 0.029 0.007 0.003 0.955 
201 TMA-ZAIN-G-    (0)   :  0.006 0.011 0.004 0.005 0.973 
202 TMA-ZAIN-G-    (0)   :  0.003 0.008 0.012 0.004 0.973 
203 TMA-ZAIN-G-    (0)   :  0.006 0.006 0.977 0.007 0.004 
204 TMA-ZAIN-G-    (9)   :  0.018 0.008 0.005 0.007 0.962 
205 TMA-ZAIN-G-    (0)   :  0.010 0.007 0.006 0.009 0.968 
206 TMA-ZAIN-G-    (9)   :  0.020 0.015 0.011 0.007 0.948 
207 TMA-ZAIN-G-    (9)   :  0.141 0.018 0.014 0.807 0.021 
208 TMA-ZAIN-G-    (0)   :  0.004 0.003 0.007 0.983 0.004 
209 TMA-ZAIN-G-    (0)   :  0.029 0.003 0.893 0.071 0.004 
210 TMA-ZAIN-G-    (0)   :  0.014 0.004 0.880 0.098 0.004 
211 TMA-ZAIN-G-    (0)   :  0.012 0.020 0.800 0.131 0.037 
212 TMA-ZAIN-G-    (0)   :  0.015 0.004 0.608 0.364 0.009 
213 TMA-ZAIN-G-    (0)   :  0.008 0.004 0.765 0.218 0.005 
214 TMA-ZAIN-G-    (0)   :  0.007 0.004 0.388 0.597 0.004 
215 TMA-ZAIN-G-    (0)   :  0.003 0.005 0.187 0.523 0.283 
216 TMA-ZAIN-G-    (0)   :  0.009 0.004 0.928 0.051 0.008 
217 TMA-ZAIN-G-    (0)   :  0.008 0.003 0.341 0.644 0.004 
218 TMA-ZAIN-G-    (0)   :  0.008 0.008 0.011 0.012 0.961 
219 TMA-ZAIN-G-    (0)   :  0.013 0.007 0.008 0.005 0.967 
220 TMA-ZAIN-G-    (0)   :  0.022 0.225 0.010 0.058 0.685 
221 TMA-ZAIN-G-    (0)   :  0.006 0.004 0.011 0.005 0.974 
222 TMA-ZAIN-G-    (0)   :  0.037 0.062 0.013 0.033 0.855 
223 TMA-ZAIN-G-    (0)   :  0.008 0.014 0.004 0.005 0.969 
224 TMA-ZAIN-G-    (0)   :  0.026 0.042 0.041 0.010 0.881 
225 TMA-ZAIN-G-    (0)   :  0.005 0.015 0.009 0.004 0.967 
226 TMA-ZAIN-G-    (0)   :  0.008 0.018 0.014 0.007 0.952 
227 TMA-ZAIN-G-    (0)   :  0.005 0.013 0.015 0.008 0.960 
228 TMA-ZAIN-G-    (0)   :  0.011 0.058 0.013 0.027 0.890 
229 TMA-ZAIN-G-    (0)   :  0.009 0.037 0.003 0.005 0.947 
230 TMA-ZAIN-G-    (0)   :  0.104 0.125 0.190 0.068 0.513 
231 TMA-ZAIN-G-    (0)   :  0.028 0.706 0.021 0.032 0.214 
232 TMA-ZAIN-G-    (9)   :  0.011 0.784 0.076 0.024 0.105 
233 TMA-ZAIN-G-    (0)   :  0.020 0.008 0.018 0.052 0.902 
234 TMA-ZAIN-G-    (0)   :  0.029 0.264 0.007 0.013 0.686 
235 TMA-ZAIN-G-    (0)   :  0.017 0.443 0.125 0.035 0.381 
236 TMA-ZAIN-G-    (0)   :  0.008 0.090 0.023 0.012 0.867 
237 TMA-ZAIN-G-    (0)   :  0.060 0.437 0.075 0.174 0.254 
238 TMA-ZAIN-G-    (0)   :  0.007 0.068 0.029 0.031 0.865 
239 TMA-ZAIN-G-    (0)   :  0.164 0.011 0.057 0.009 0.759 
240 TMA-ZAIN-G-    (0)   :  0.007 0.006 0.003 0.003 0.981 
241 TMA-ZAIN-G-    (0)   :  0.007 0.007 0.005 0.009 0.972 
242 TMA-ZAIN-G-    (0)   :  0.005 0.006 0.004 0.007 0.978 
243 TMA-ZAIN-G-    (0)   :  0.005 0.005 0.005 0.010 0.976 
244 TMA-ZAIN-G-    (0)   :  0.004 0.006 0.005 0.015 0.970 
245 TMA-ZAIN-G-    (9)   :  0.005 0.008 0.004 0.004 0.980 
246 TMA-ZAIN-G-    (0)   :  0.003 0.004 0.003 0.003 0.987 
247 TMA-ZAIN-G-    (0)   :  0.004 0.004 0.003 0.004 0.985 
248 TMA-ZAIN-G-    (0)   :  0.004 0.006 0.006 0.006 0.979 
249 TMA-ZAIN-G-    (0)   :  0.004 0.004 0.004 0.003 0.985 
250 TMA-ZAIN-G-    (0)   :  0.003 0.004 0.004 0.003 0.986 
251 TMA-ZAIN-G-    (0)   :  0.982 0.005 0.006 0.005 0.003 
252 TMA-ZAIN-G-    (0)   :  0.904 0.004 0.013 0.070 0.010 
253 TMA-ZAIN-G-    (0)   :  0.980 0.004 0.005 0.007 0.004 
254 TMA-ZAIN-G-    (9)   :  0.960 0.007 0.008 0.020 0.005 
255 TMA-ZAIN-G-    (0)   :  0.971 0.015 0.004 0.006 0.004 
256 TMA-ZAIN-G-    (0)   :  0.972 0.006 0.010 0.007 0.006 
257 TMA-ZAIN-G-    (0)   :  0.983 0.004 0.006 0.003 0.004 
258 TMA-ZAIN-G-    (0)   :  0.985 0.003 0.004 0.004 0.004 
259 TMA-ZAIN-G-    (0)   :  0.983 0.004 0.005 0.004 0.004 
260 TMA-ZAIN-G-    (0)   :  0.981 0.004 0.005 0.005 0.005 
261 TMA-ZAIN-G-   (18)   :  0.976 0.005 0.008 0.006 0.005 
262 TMA-ZAIN-G-    (0)   :  0.984 0.004 0.004 0.004 0.004 
263 TMA-ZAIN-G-    (0)   :  0.982 0.005 0.004 0.004 0.004 
264 TMA-ZAIN-G-    (0)   :  0.980 0.007 0.005 0.005 0.004 
265 TMA-ZAIN-G-    (0)   :  0.666 0.019 0.026 0.046 0.243 
266 TMA-ZAIN-G-    (0)   :  0.737 0.026 0.175 0.039 0.023 
267 TMA-ZAIN-G-    (0)   :  0.781 0.101 0.010 0.013 0.095 
268 TMA-ZAIN-G-    (0)   :  0.005 0.983 0.003 0.004 0.005 
269 TMA-ZAIN-G-    (0)   :  0.006 0.974 0.005 0.005 0.009 
270 TMA-ZAIN-G-    (0)   :  0.008 0.966 0.005 0.005 0.015 
271 TMA-ZAIN-G-    (0)   :  0.006 0.979 0.004 0.004 0.007 
272 TMA-ZAIN-G-    (0)   :  0.005 0.940 0.005 0.005 0.045 
273 TMA-ZAIN-G-    (0)   :  0.005 0.920 0.004 0.003 0.068 
274 TMA-ZAIN-G-    (0)   :  0.008 0.957 0.012 0.006 0.017 
275 TMA-ZAIN-G-    (0)   :  0.003 0.976 0.004 0.004 0.013 
276 TMA-ZAIN-G-    (0)   :  0.003 0.982 0.003 0.004 0.008 
277 TMA-ZAIN-G-    (0)   :  0.006 0.963 0.004 0.005 0.022 
278 TMA-ZAIN-G-    (0)   :  0.007 0.941 0.004 0.004 0.045 
279 TMA-ZAIN-G-    (0)   :  0.004 0.959 0.005 0.004 0.028 
280 TMA-ZAIN-G-    (0)   :  0.004 0.942 0.006 0.004 0.044 
281 TMA-ZAIN-G-    (0)   :  0.006 0.953 0.004 0.004 0.034 
282 TMA-ZAIN-G-    (9)   :  0.005 0.971 0.004 0.003 0.017 
283 TMA-ZAIN-G-    (0)   :  0.030 0.908 0.004 0.005 0.052 
284 TMA-ZAIN-G-    (0)   :  0.052 0.897 0.007 0.007 0.037 
285 TMA-ZAIN-G-    (0)   :  0.011 0.934 0.007 0.006 0.042 
286 TMA-ZAIN-G-    (0)   :  0.008 0.972 0.003 0.003 0.014 
287 TMA-ZAIN-G-    (0)   :  0.006 0.972 0.006 0.005 0.011 
288 TMA-ZAIN-G-    (0)   :  0.008 0.942 0.025 0.010 0.016 
289 TMA-ZAIN-G-    (0)   :  0.007 0.963 0.009 0.007 0.014 
290 TMA-ZAIN-G-    (0)   :  0.007 0.971 0.007 0.005 0.011 
291 TMA-ZAIN-G-    (0)   :  0.011 0.019 0.007 0.005 0.958 
292 TMA-ZAIN-G-    (0)   :  0.006 0.014 0.181 0.777 0.022 
293 TMA-ZAIN-G-    (0)   :  0.018 0.005 0.034 0.930 0.013 
294 TMA-ZAIN-G-    (0)   :  0.007 0.004 0.009 0.975 0.005 
295 TMA-ZAIN-G-    (9)   :  0.009 0.006 0.015 0.960 0.010 
296 TMA-ZAIN-G-    (0)   :  0.015 0.014 0.155 0.804 0.013 
297 TMA-ZAIN-G-    (0)   :  0.016 0.007 0.087 0.882 0.008 
298 TMA-ZAIN-G-    (0)   :  0.072 0.020 0.014 0.871 0.024 
299 TMA-ZAIN-G-    (0)   :  0.004 0.006 0.007 0.976 0.008 
300 TMA-ZAIN-G-    (0)   :  0.008 0.004 0.029 0.950 0.010 
301 TMA-ZAIN-G-    (0)   :  0.009 0.006 0.062 0.914 0.009 
302 TMA-ZAIN-G-    (9)   :  0.007 0.005 0.138 0.844 0.005 
303 TMA-ZAIN-G-    (0)   :  0.078 0.029 0.116 0.004 0.773 
304 TMA-ZAIN-G-    (0)   :  0.592 0.013 0.189 0.195 0.011 
305 TMA-ZAIN-G-    (0)   :  0.009 0.004 0.033 0.947 0.006 
306 TMA-ZAIN-G-    (0)   :  0.453 0.111 0.058 0.358 0.021 
307 TMA-ZAIN-G-    (0)   :  0.484 0.008 0.176 0.322 0.010 
308 TMA-ZAIN-G-    (0)   :  0.831 0.058 0.011 0.007 0.094 
309 TMA-ZAIN-G-    (0)   :  0.004 0.003 0.963 0.026 0.004 
310 TMA-ZAIN-G-    (0)   :  0.025 0.013 0.011 0.923 0.028 
311 TMA-ZAIN-G-    (0)   :  0.082 0.050 0.174 0.679 0.015 
312 TMA-ZAIN-G-    (0)   :  0.010 0.007 0.887 0.084 0.012 
313 TMA-ZAIN-G-    (0)   :  0.802 0.011 0.078 0.104 0.005 
314 TMA-ZAIN-G-    (0)   :  0.036 0.859 0.052 0.019 0.035 
315 TMA-ZAIN-G-    (0)   :  0.026 0.330 0.040 0.529 0.075 
316 TMA-ZAIN-G-    (0)   :  0.024 0.381 0.030 0.481 0.085 
317 TMA-ZAIN-G-    (0)   :  0.013 0.054 0.009 0.015 0.908 
318 TMA-ZAIN-G-    (9)   :  0.035 0.848 0.009 0.012 0.095 
319 TMA-ZAIN-G-    (0)   :  0.016 0.044 0.210 0.007 0.724 
320 TMA-ZAIN-G-    (0)   :  0.006 0.006 0.092 0.439 0.457 
321 TMA-ZAIN-G-    (0)   :  0.016 0.209 0.244 0.423 0.107 
322 TMA-ZAIN-G-    (0)   :  0.127 0.091 0.081 0.357 0.344 
323 TMA-ZAIN-G-    (0)   :  0.017 0.009 0.109 0.017 0.848 
324 TMA-ZAIN-G-    (0)   :  0.040 0.007 0.073 0.873 0.008 
325 TMA-ZAIN-G-    (0)   :  0.006 0.004 0.006 0.005 0.979 
326 TMA-ZAIN-G-    (0)   :  0.040 0.003 0.359 0.014 0.584 
327 TMA-ZAIN-G-    (0)   :  0.017 0.004 0.969 0.007 0.004 
328 TMA-ZAIN-G-    (0)   :  0.012 0.557 0.324 0.055 0.051 
329 TMA-ZAIN-G-    (0)   :  0.031 0.005 0.393 0.557 0.014 
330 TMA-ZAIN-G-    (0)   :  0.041 0.004 0.692 0.258 0.005 
331 TMA-ZAIN-G-    (0)   :  0.202 0.049 0.458 0.191 0.099 
332 TMA-ZAIN-G-    (0)   :  0.005 0.002 0.977 0.012 0.004 
333 TMA-ZAIN-G-    (0)   :  0.008 0.003 0.981 0.005 0.004 
334 TMA-ZAIN-G-    (0)   :  0.008 0.958 0.003 0.004 0.027 
335 TMA-ZAIN-G-    (0)   :  0.005 0.968 0.004 0.006 0.016 
336 TMA-ZAIN-G-    (0)   :  0.015 0.932 0.006 0.008 0.039 
337 TMA-ZAIN-G-    (9)   :  0.005 0.969 0.005 0.005 0.016 
338 TMA-ZAIN-G-    (0)   :  0.004 0.983 0.003 0.003 0.006 
339 TMA-ZAIN-G-    (0)   :  0.004 0.982 0.002 0.002 0.009 
340 TMA-ZAIN-G-    (0)   :  0.004 0.977 0.003 0.004 0.012 
341 TMA-ZAIN-G-    (0)   :  0.004 0.980 0.004 0.005 0.007 
342 TMA-ZAIN-G-    (0)   :  0.008 0.964 0.004 0.005 0.019 
343 TMA-ZAIN-G-    (0)   :  0.003 0.983 0.003 0.003 0.007 
344 TMA-ZAIN-G-    (0)   :  0.006 0.938 0.005 0.005 0.047 
345 TMA-ZAIN-G-    (0)   :  0.005 0.975 0.003 0.003 0.014 
346 TMA-ZAIN-G-    (0)   :  0.004 0.972 0.004 0.003 0.016 
347 TMA-ZAIN-G-    (9)   :  0.004 0.971 0.004 0.004 0.018 
348 TMA-ZAIN-G-    (0)   :  0.007 0.934 0.005 0.005 0.050 
349 TMA-ZAIN-G-    (0)   :  0.004 0.968 0.003 0.004 0.020 
350 TMA-ZAIN-G-    (0)   :  0.006 0.745 0.006 0.006 0.236 
351 TMA-ZAIN-G-    (0)   :  0.006 0.962 0.004 0.004 0.024 
352 TMA-ZAIN-G-    (0)   :  0.008 0.969 0.005 0.007 0.011 
353 TMA-ZAIN-G-    (0)   :  0.006 0.906 0.007 0.005 0.076 
354 TMA-ZAIN-G-    (0)   :  0.003 0.969 0.006 0.004 0.017 
355 TMA-ZAIN-G-    (0)   :  0.004 0.969 0.007 0.007 0.014 
356 TMA-ZAIN-G-    (0)   :  0.019 0.003 0.003 0.966 0.010 
357 TMA-ZAIN-G-    (0)   :  0.017 0.011 0.301 0.664 0.007 
358 TMA-ZAIN-G-    (0)   :  0.038 0.063 0.312 0.560 0.026 
359 TMA-ZAIN-G-    (0)   :  0.028 0.007 0.007 0.917 0.042 
360 TMA-ZAIN-G-    (0)   :  0.006 0.003 0.007 0.980 0.005 
361 TMA-ZAIN-G-    (0)   :  0.011 0.007 0.765 0.211 0.007 
362 TMA-ZAIN-G-    (0)   :  0.004 0.006 0.005 0.969 0.015 
363 TMA-ZAIN-G-    (0)   :  0.021 0.008 0.698 0.243 0.030 
364 TMA-ZAIN-G-    (0)   :  0.059 0.680 0.050 0.053 0.159 
365 TMA-ZAIN-G-    (0)   :  0.006 0.183 0.030 0.760 0.022 
366 TMA-ZAIN-G-    (0)   :  0.017 0.004 0.007 0.965 0.006 
367 TMA-ZAIN-G-    (0)   :  0.111 0.059 0.767 0.053 0.011 
368 TMA-ZAIN-G-    (0)   :  0.012 0.004 0.018 0.961 0.005 
369 TMA-ZAIN-G-    (0)   :  0.005 0.003 0.927 0.060 0.004 
370 TMA-ZAIN-G-    (0)   :  0.006 0.006 0.916 0.067 0.005 
371 TMA-ZAIN-G-    (0)   :  0.006 0.005 0.008 0.977 0.004 
372 TMA-ZAIN-G-    (0)   :  0.007 0.004 0.024 0.962 0.004 
373 TMA-ZAIN-G-    (0)   :  0.005 0.004 0.982 0.004 0.005 
374 TMA-ZAIN-G-    (0)   :  0.201 0.272 0.462 0.026 0.040 
375 TMA-ZAIN-G-    (0)   :  0.008 0.067 0.419 0.031 0.474 
376 TMA-ZAIN-G-    (9)   :  0.004 0.004 0.014 0.974 0.004 
377 TMA-ZAIN-G-    (0)   :  0.005 0.003 0.010 0.980 0.003 
378 TMA-ZAIN-G-    (0)   :  0.004 0.004 0.012 0.977 0.003 
379 TMA-ZAIN-G-    (0)   :  0.021 0.003 0.023 0.950 0.003 
380 TMA-ZAIN-G-    (0)   :  0.007 0.003 0.015 0.971 0.004 
381 TMA-ZAIN-G-    (9)   :  0.129 0.013 0.046 0.142 0.670 
382 TMA-ZAIN-G-    (9)   :  0.008 0.820 0.016 0.007 0.149 
383    ZFB01    (0)   :  0.005 0.975 0.006 0.008 0.006 
384    ZFB02    (0)   :  0.011 0.974 0.003 0.005 0.008 
385    ZFB03    (0)   :  0.006 0.968 0.012 0.006 0.007 
386    ZFB04    (0)   :  0.008 0.971 0.004 0.007 0.010 
387    ZFB05    (0)   :  0.011 0.910 0.013 0.008 0.058 
388    ZFB06    (0)   :  0.007 0.926 0.013 0.007 0.047 
389    ZFB07    (9)   :  0.007 0.926 0.011 0.013 0.043 
390    ZFB08    (0)   :  0.007 0.975 0.006 0.006 0.006 
391    ZFB09    (0)   :  0.005 0.983 0.004 0.004 0.005 
392    ZFB10    (0)   :  0.009 0.946 0.009 0.029 0.007 
393    ZFB11    (0)   :  0.009 0.962 0.006 0.015 0.008 
394    ZFB12    (0)   :  0.004 0.977 0.006 0.005 0.007 
395    ZFB13    (0)   :  0.006 0.974 0.006 0.008 0.006 
396    ZFB14    (0)   :  0.007 0.976 0.005 0.008 0.004 
397    ZFB15    (0)   :  0.004 0.983 0.003 0.004 0.006 
398    ZFB16    (0)   :  0.004 0.979 0.005 0.005 0.007 
399    ZFB17    (0)   :  0.034 0.893 0.014 0.020 0.040 
400    ZFB18    (0)   :  0.006 0.980 0.004 0.006 0.005 
401    ZFB19    (0)   :  0.006 0.923 0.018 0.035 0.019 
402    ZFB20    (0)   :  0.004 0.979 0.004 0.005 0.008 
403    ZFB21    (0)   :  0.004 0.983 0.004 0.003 0.006 
404    ZFB22    (0)   :  0.014 0.918 0.015 0.027 0.026 
405    ZFB23    (0)   :  0.007 0.957 0.010 0.013 0.013 
406    ZFB24    (0)   :  0.007 0.966 0.005 0.012 0.010 
407    ZFB25    (0)   :  0.009 0.899 0.017 0.067 0.008 
408    ZFB26    (0)   :  0.012 0.904 0.012 0.046 0.026 
409    ZFB27    (0)   :  0.007 0.949 0.008 0.016 0.020 
410    ZFB28    (0)   :  0.008 0.956 0.009 0.006 0.021 
411    ZFB29    (0)   :  0.008 0.976 0.003 0.005 0.007 
412    ZFB30    (0)   :  0.006 0.684 0.015 0.017 0.279 
413    ZFB31    (0)   :  0.007 0.943 0.011 0.032 0.007 
414    ZFB32    (0)   :  0.022 0.930 0.015 0.011 0.022 
415    ZFB33    (0)   :  0.004 0.981 0.004 0.005 0.006 
416    ZFB34    (0)   :  0.006 0.979 0.004 0.005 0.005 
417    ZFB35    (0)   :  0.009 0.966 0.008 0.010 0.007 
418  ZFBP101    (0)   :  0.116 0.013 0.205 0.656 0.010 
419  ZFBP102    (0)   :  0.025 0.018 0.111 0.836 0.011 
420  ZFBP103    (0)   :  0.198 0.009 0.570 0.214 0.009 
421  ZFBP104    (0)   :  0.005 0.052 0.410 0.491 0.043 
422  ZFBP105    (0)   :  0.007 0.008 0.282 0.697 0.007 
423  ZFBP106    (0)   :  0.009 0.004 0.144 0.838 0.005 
424  ZFBP107    (0)   :  0.010 0.009 0.508 0.453 0.021 
425  ZFBP108    (0)   :  0.004 0.004 0.012 0.977 0.004 
426  ZFBP109    (0)   :  0.004 0.004 0.011 0.978 0.003 
427  ZFBP110    (0)   :  0.063 0.029 0.720 0.167 0.020 
428  ZFBP111    (0)   :  0.005 0.003 0.032 0.956 0.004 
429  ZFBP112    (0)   :  0.009 0.005 0.013 0.966 0.007 
430  ZFBP113    (0)   :  0.004 0.005 0.012 0.973 0.006 
431  ZFBP114    (0)   :  0.007 0.004 0.035 0.947 0.006 
432  ZFBP115    (0)   :  0.008 0.003 0.730 0.253 0.006 
433  ZFBP116    (0)   :  0.005 0.003 0.023 0.961 0.007 
434  ZFBP117    (0)   :  0.007 0.003 0.013 0.973 0.004 
435  ZFBP118    (0)   :  0.006 0.004 0.017 0.967 0.007 
436  ZFBP119    (0)   :  0.026 0.004 0.274 0.690 0.005 
437  ZFBP120    (0)   :  0.005 0.009 0.239 0.741 0.007 
438  ZFBP121    (0)   :  0.009 0.006 0.027 0.952 0.005 
439  ZFBP122    (9)   :  0.005 0.004 0.028 0.958 0.004 
440  ZFBP123    (0)   :  0.017 0.005 0.010 0.960 0.007 
441  ZFBP124    (0)   :  0.007 0.007 0.016 0.966 0.005 
442  ZFBP125    (0)   :  0.007 0.003 0.027 0.960 0.004 
443  ZFBP126    (0)   :  0.036 0.015 0.020 0.916 0.014 
444  ZFBP127    (0)   :  0.019 0.003 0.198 0.775 0.005 
445  ZFBP128    (0)   :  0.008 0.004 0.015 0.970 0.003 
446  ZFBP129    (0)   :  0.009 0.004 0.008 0.975 0.004 
447  ZFBP130    (0)   :  0.011 0.003 0.013 0.969 0.004 
448  ZFBP131    (0)   :  0.005 0.004 0.005 0.981 0.004 
449  ZFBP132    (0)   :  0.005 0.004 0.029 0.958 0.005 
450  ZFBP133    (0)   :  0.006 0.003 0.005 0.983 0.003 
451  ZFBP134    (0)   :  0.039 0.005 0.513 0.438 0.005 
452  ZFBP135    (0)   :  0.223 0.016 0.105 0.650 0.007 
453  ZFBP136    (0)   :  0.092 0.005 0.091 0.804 0.008 
454  ZFBP201    (0)   :  0.007 0.008 0.022 0.953 0.009 
455  ZFBP202    (0)   :  0.005 0.006 0.025 0.959 0.005 
456  ZFBP203    (0)   :  0.007 0.009 0.010 0.941 0.033 
457  ZFBP204    (0)   :  0.020 0.005 0.191 0.776 0.008 
458  ZFBP205    (0)   :  0.009 0.003 0.006 0.976 0.005 
459  ZFBP206    (0)   :  0.016 0.006 0.007 0.965 0.007 
460  ZFBP207    (0)   :  0.019 0.005 0.598 0.373 0.006 
461  ZFBP208    (0)   :  0.008 0.006 0.009 0.965 0.013 
462  ZFBP209    (0)   :  0.007 0.003 0.005 0.982 0.003 
463  ZFBP210    (0)   :  0.007 0.006 0.018 0.957 0.011 
464  ZFBP211    (0)   :  0.007 0.005 0.019 0.964 0.005 
465  ZFBP212    (0)   :  0.004 0.005 0.313 0.674 0.004 
466  ZFBP213    (0)   :  0.017 0.009 0.012 0.955 0.007 
467  ZFBP214    (0)   :  0.048 0.008 0.039 0.894 0.012 
468  ZFBP215    (0)   :  0.006 0.004 0.010 0.976 0.004 
469  ZFBP216    (0)   :  0.006 0.008 0.048 0.923 0.015 
470  ZFBP217    (0)   :  0.007 0.005 0.025 0.958 0.006 
471  ZFBP218    (0)   :  0.004 0.003 0.007 0.982 0.004 
472  ZFBP219    (0)   :  0.004 0.004 0.011 0.975 0.006 
473  ZFBP220    (0)   :  0.010 0.003 0.028 0.954 0.005 
474  ZFBP221    (0)   :  0.004 0.005 0.166 0.820 0.005 
475  ZFBP222    (0)   :  0.010 0.006 0.006 0.973 0.006 
476  ZFBP223    (0)   :  0.012 0.007 0.571 0.400 0.009 
477  ZFBP224    (0)   :  0.008 0.005 0.012 0.968 0.007 
478  ZFBP225    (0)   :  0.012 0.004 0.092 0.886 0.007 
479  ZFBP226    (0)   :  0.005 0.004 0.020 0.965 0.006 
480  ZFBP227    (0)   :  0.008 0.050 0.241 0.593 0.108 
481  ZFBP228    (0)   :  0.015 0.005 0.493 0.483 0.004 
482  ZFBP229    (0)   :  0.006 0.003 0.014 0.973 0.005 
483  ZFBP230    (0)   :  0.016 0.004 0.050 0.925 0.005 
484  ZFBP231    (0)   :  0.007 0.006 0.023 0.957 0.006 
485  ZFBP232    (0)   :  0.005 0.004 0.007 0.980 0.004 
486  ZFBP233    (0)   :  0.006 0.006 0.019 0.963 0.006 
487   ZFCC01    (0)   :  0.980 0.008 0.004 0.004 0.004 
488   ZFCC03    (0)   :  0.982 0.004 0.006 0.004 0.004 
489   ZFCC04    (0)   :  0.982 0.005 0.005 0.004 0.004 
490   ZFCC05    (0)   :  0.976 0.006 0.007 0.006 0.005 
491   ZFCC08    (0)   :  0.972 0.004 0.007 0.013 0.003 
492   ZFCC09    (0)   :  0.981 0.006 0.005 0.004 0.003 
493   ZFCC10    (0)   :  0.979 0.009 0.004 0.005 0.004 
494   ZFCC11    (0)   :  0.980 0.005 0.006 0.005 0.004 
495   ZFCC12    (0)   :  0.946 0.032 0.008 0.006 0.008 
496   ZFCC13    (0)   :  0.965 0.005 0.012 0.009 0.008 
497   ZFCC14    (0)   :  0.973 0.007 0.005 0.009 0.005 
498   ZFCC15    (0)   :  0.978 0.005 0.005 0.005 0.006 
499   ZFCC16    (0)   :  0.983 0.005 0.004 0.004 0.004 
500   ZFCC17    (0)   :  0.981 0.006 0.004 0.004 0.005 
501   ZFCC18    (0)   :  0.981 0.005 0.005 0.005 0.004 
502   ZFCC19    (0)   :  0.979 0.005 0.004 0.003 0.008 
503   ZFCC20    (0)   :  0.981 0.004 0.007 0.004 0.004 
504   ZFCC21    (0)   :  0.949 0.006 0.007 0.028 0.010 
505   ZFCC22    (0)   :  0.838 0.006 0.018 0.133 0.005 
506   ZFCC26    (0)   :  0.983 0.005 0.005 0.004 0.004 
507   ZFCC27    (0)   :  0.983 0.004 0.005 0.004 0.004 
508   ZFCC29    (0)   :  0.978 0.007 0.005 0.005 0.005 
509   ZFCC30    (0)   :  0.982 0.003 0.006 0.004 0.004 
510   ZFCC32    (0)   :  0.975 0.008 0.006 0.005 0.007 
511   ZFCC33    (0)   :  0.978 0.007 0.005 0.004 0.006 
512   ZFCC34    (0)   :  0.909 0.014 0.032 0.038 0.007 
513   ZFCC35    (0)   :  0.984 0.003 0.005 0.004 0.004 
514   ZFCC36    (0)   :  0.968 0.006 0.007 0.009 0.010 
515   ZFCC37    (0)   :  0.943 0.031 0.009 0.008 0.010 
516   ZFCC40    (0)   :  0.979 0.006 0.004 0.006 0.005 
517   ZFCC42    (0)   :  0.549 0.265 0.022 0.007 0.157 
518   ZFCC44    (0)   :  0.983 0.003 0.006 0.004 0.004 
519   ZFCC45    (9)   :  0.961 0.014 0.006 0.005 0.014 
520   ZFCC46    (0)   :  0.968 0.004 0.013 0.011 0.005 
521   ZFCC47    (0)   :  0.964 0.021 0.006 0.005 0.004 
522   ZFCC48    (0)   :  0.958 0.005 0.007 0.026 0.005 
523   ZFCC50    (0)   :  0.984 0.005 0.004 0.003 0.004 
524   ZFCC51    (0)   :  0.983 0.004 0.006 0.004 0.003 
525   ZFCC52    (0)   :  0.971 0.005 0.008 0.012 0.005 
526   ZFCC53    (0)   :  0.984 0.004 0.004 0.004 0.003 
527  ZFCNS01    (0)   :  0.006 0.004 0.978 0.004 0.008 
528  ZFCNS02    (0)   :  0.012 0.004 0.975 0.005 0.004 
529  ZFCNS05    (0)   :  0.015 0.005 0.969 0.008 0.004 
530  ZFCNS06    (0)   :  0.016 0.004 0.970 0.006 0.004 
531  ZFCNS07    (0)   :  0.005 0.004 0.974 0.013 0.004 
532  ZFCNS10    (0)   :  0.006 0.003 0.981 0.006 0.004 
533  ZFCNS11    (0)   :  0.007 0.004 0.980 0.004 0.006 
534  ZFCNS15    (0)   :  0.005 0.004 0.978 0.009 0.004 
535  ZFCNS17    (0)   :  0.016 0.003 0.970 0.007 0.004 
536  ZFCNS18    (0)   :  0.007 0.003 0.981 0.005 0.004 
537  ZFCNS19    (0)   :  0.013 0.004 0.975 0.005 0.004 
538  ZFCNS20    (0)   :  0.011 0.004 0.967 0.014 0.004 
539  ZFCNS21    (0)   :  0.009 0.003 0.980 0.004 0.004 
540  ZFCNS22    (0)   :  0.008 0.004 0.973 0.010 0.005 
541  ZFCNS23    (0)   :  0.028 0.007 0.949 0.007 0.009 
542  ZFCNS24    (0)   :  0.028 0.003 0.959 0.006 0.004 
543  ZFCNS25    (0)   :  0.012 0.004 0.971 0.009 0.004 
544  ZFCNS26    (0)   :  0.005 0.004 0.982 0.006 0.004 
545  ZFCNS27    (0)   :  0.004 0.004 0.975 0.013 0.004 
546  ZFCNS28    (0)   :  0.009 0.005 0.977 0.006 0.004 
547  ZFCNS29    (0)   :  0.018 0.004 0.967 0.007 0.004 
548  ZFCNS30    (0)   :  0.012 0.004 0.975 0.005 0.004 
549  ZFCNS31    (0)   :  0.006 0.004 0.981 0.005 0.004 
550  ZFCNS32    (0)   :  0.010 0.005 0.976 0.005 0.004 
551  ZFCNS33    (0)   :  0.006 0.004 0.981 0.005 0.004 
552  ZFCNS34    (0)   :  0.034 0.004 0.950 0.007 0.004 
553  ZFCNS35    (0)   :  0.008 0.005 0.979 0.005 0.003 
554  ZFCNS36    (0)   :  0.085 0.004 0.900 0.006 0.004 
555  ZFCNS37    (0)   :  0.007 0.004 0.982 0.004 0.004 
556  ZFCNS39    (0)   :  0.010 0.003 0.979 0.005 0.004 
557  ZFCNS40    (0)   :  0.037 0.003 0.948 0.007 0.004 
558  ZFCNS41    (0)   :  0.011 0.005 0.970 0.008 0.006 
559  ZFCNS42    (0)   :  0.006 0.003 0.981 0.006 0.004 
560  ZFCNS43    (0)   :  0.012 0.003 0.976 0.004 0.004 
561  ZFCNS44    (0)   :  0.008 0.003 0.981 0.005 0.004 
562  ZFCNS46    (0)   :  0.007 0.004 0.979 0.006 0.004 
563  ZFCNS47    (0)   :  0.008 0.004 0.979 0.004 0.004 
564  ZFCNS48    (0)   :  0.007 0.004 0.979 0.006 0.004 
565  ZFCNS49    (0)   :  0.004 0.004 0.983 0.006 0.003 
566   ZFCR01    (0)   :  0.022 0.580 0.010 0.110 0.277 
567   ZFCR02    (0)   :  0.038 0.293 0.025 0.083 0.561 
568   ZFCR03    (0)   :  0.075 0.709 0.013 0.092 0.110 
569   ZFCR04    (0)   :  0.029 0.726 0.046 0.044 0.155 
570   ZFCR05    (0)   :  0.057 0.462 0.010 0.019 0.453 
571   ZFCR06    (0)   :  0.060 0.204 0.223 0.143 0.369 
572   ZFCR07    (0)   :  0.037 0.173 0.164 0.012 0.614 
573   ZFCR08    (0)   :  0.100 0.109 0.009 0.057 0.725 
574   ZFCR09    (0)   :  0.071 0.615 0.068 0.126 0.119 
575   ZFCR11    (0)   :  0.015 0.598 0.202 0.031 0.154 
576   ZFCR12    (0)   :  0.019 0.019 0.267 0.043 0.652 
577   ZFCR13    (0)   :  0.009 0.012 0.024 0.063 0.892 
578   ZFCR14    (0)   :  0.028 0.155 0.017 0.037 0.762 
579   ZFCR15    (0)   :  0.015 0.064 0.009 0.024 0.887 
580   ZFCR16    (0)   :  0.024 0.185 0.009 0.102 0.681 
581   ZFCR18    (0)   :  0.042 0.896 0.015 0.019 0.028 
582   ZFCR19    (0)   :  0.041 0.595 0.028 0.281 0.056 
583   ZFCR20    (0)   :  0.015 0.900 0.014 0.053 0.018 
584   ZFCR21    (0)   :  0.044 0.031 0.022 0.043 0.861 
585   ZFCR22    (0)   :  0.011 0.040 0.009 0.024 0.915 
586   ZFCR23    (0)   :  0.004 0.039 0.037 0.102 0.817 
587   ZFCR24    (9)   :  0.017 0.176 0.010 0.508 0.289 
588   ZFCR25    (0)   :  0.010 0.073 0.006 0.007 0.904 
589   ZFCR26    (0)   :  0.074 0.621 0.037 0.170 0.098 
590   ZFCR27    (9)   :  0.008 0.191 0.004 0.004 0.793 
591   ZFCR28    (0)   :  0.012 0.009 0.031 0.369 0.579 
592   ZFCR29    (0)   :  0.020 0.640 0.010 0.034 0.296 
593   ZFCR30    (0)   :  0.011 0.028 0.016 0.014 0.931 
594   ZFCR31    (0)   :  0.027 0.557 0.147 0.161 0.107 
595   ZFCR33    (0)   :  0.052 0.060 0.018 0.016 0.853 
596   ZFCR34    (0)   :  0.044 0.041 0.032 0.032 0.851 
597   ZFCR35    (0)   :  0.052 0.825 0.022 0.020 0.081 
598   ZFCR36    (0)   :  0.016 0.312 0.021 0.014 0.636 
599   ZFCR37    (0)   :  0.088 0.054 0.007 0.008 0.843 
600   ZFCR38    (0)   :  0.053 0.097 0.010 0.011 0.829 
601   ZFCR39    (0)   :  0.086 0.264 0.019 0.137 0.493 
602   ZFCR40    (0)   :  0.022 0.025 0.008 0.008 0.937 
603   ZFCR41    (0)   :  0.105 0.035 0.107 0.025 0.729 
604   ZFCR42    (0)   :  0.087 0.015 0.050 0.065 0.783 
605   ZFCR43    (0)   :  0.013 0.146 0.017 0.111 0.712 
606  ZFENP25    (0)   :  0.042 0.047 0.007 0.017 0.887 
607  ZFENP26    (0)   :  0.006 0.012 0.006 0.003 0.973 
608  ZFENP27    (0)   :  0.391 0.213 0.045 0.013 0.338 
609  ZFENP28    (0)   :  0.013 0.037 0.007 0.005 0.937 
610  ZFENP29    (0)   :  0.014 0.008 0.006 0.005 0.967 
611  ZFENP30    (0)   :  0.076 0.013 0.007 0.006 0.898 
612  ZFENP31    (0)   :  0.035 0.029 0.007 0.007 0.922 
613  ZFENP32    (0)   :  0.029 0.266 0.036 0.020 0.649 
614  ZFENP33    (0)   :  0.013 0.071 0.009 0.008 0.899 
615  ZFENP34    (0)   :  0.033 0.823 0.013 0.009 0.123 
616  ZFENP35    (0)   :  0.005 0.010 0.013 0.005 0.967 
617  ZFENP36    (0)   :  0.005 0.015 0.006 0.003 0.972 
618  ZFENP37    (0)   :  0.015 0.078 0.015 0.008 0.884 
619  ZFENP38    (0)   :  0.022 0.011 0.020 0.008 0.939 
620  ZFENP39    (0)   :  0.021 0.043 0.007 0.004 0.925 
621  ZFENP40    (0)   :  0.014 0.042 0.007 0.007 0.930 
622  ZFENP41    (0)   :  0.065 0.087 0.009 0.009 0.829 
623  ZFENP42    (0)   :  0.006 0.005 0.004 0.003 0.982 
624  ZFENP43    (0)   :  0.057 0.052 0.074 0.009 0.807 
625  ZFENP44    (0)   :  0.016 0.013 0.012 0.006 0.953 
626  ZFENP45    (0)   :  0.020 0.014 0.023 0.218 0.725 
627  ZFENP46    (0)   :  0.005 0.039 0.027 0.013 0.916 
628  ZFENP47    (0)   :  0.084 0.060 0.007 0.053 0.797 
629  ZFENP48    (0)   :  0.090 0.765 0.013 0.026 0.107 
630  ZFENP49    (0)   :  0.088 0.322 0.020 0.037 0.533 
631  ZFENP50    (0)   :  0.005 0.010 0.024 0.059 0.902 
632  ZFENP51    (0)   :  0.009 0.083 0.004 0.008 0.895 
633  ZFENP52    (0)   :  0.015 0.005 0.023 0.005 0.951 
634  ZFENP53    (0)   :  0.011 0.011 0.019 0.032 0.928 
635  ZFENP54    (0)   :  0.044 0.126 0.034 0.146 0.650 
636  ZFENP55    (0)   :  0.005 0.631 0.007 0.008 0.349 
637  ZFENP56    (0)   :  0.011 0.016 0.015 0.004 0.953 
638  ZFENP57    (0)   :  0.007 0.024 0.010 0.004 0.955 
639  ZFENP58    (0)   :  0.083 0.021 0.016 0.018 0.862 
640  ZFENP59    (0)   :  0.076 0.020 0.006 0.005 0.893 
641  ZFENP60    (0)   :  0.010 0.053 0.008 0.011 0.918 
642  ZFENP61    (0)   :  0.027 0.049 0.005 0.004 0.915 
643 ZFFDSP01    (0)   :  0.005 0.005 0.046 0.939 0.005 
644 ZFFDSP02    (0)   :  0.005 0.004 0.009 0.979 0.003 
645 ZFFDSP04    (0)   :  0.005 0.004 0.008 0.980 0.003 
646 ZFFDSP05    (0)   :  0.005 0.004 0.086 0.900 0.005 
647 ZFFDSP06    (0)   :  0.007 0.003 0.008 0.979 0.003 
648 ZFFDSP07    (0)   :  0.019 0.005 0.007 0.964 0.006 
649 ZFFDSP08    (0)   :  0.014 0.004 0.031 0.946 0.006 
650 ZFFDSP10    (0)   :  0.006 0.004 0.024 0.961 0.005 
651 ZFFDSP11    (0)   :  0.005 0.005 0.013 0.971 0.005 
652 ZFFDSP12    (0)   :  0.004 0.003 0.012 0.976 0.004 
653 ZFFDSP13    (0)   :  0.011 0.005 0.904 0.073 0.006 
654 ZFFDSP14    (0)   :  0.008 0.004 0.006 0.978 0.004 
655 ZFFDSP16    (0)   :  0.008 0.008 0.029 0.946 0.008 
