

----------------------------------------------------
STRUCTURE by Pritchard, Stephens and Donnelly (2000)
     and Falush, Stephens and Pritchard (2003)
       Code by Pritchard, Falush and Hubisz
             Version 2.3.4 (Jul 2012)
----------------------------------------------------



Command line arguments:   bin\structure -m C:\Users\eschumacher\Documents\GitHub\GCC_QUAC_ZAIN\Data_Files\Structure_Files\ZAIN\ZAIN_rebinned_garden_wild_nopopinfo\50-50\mainparams -e C:\Users\eschumacher\Documents\GitHub\GCC_QUAC_ZAIN\Data_Files\Structure_Files\ZAIN\ZAIN_rebinned_garden_wild_nopopinfo\50-50\extraparams 
Input File:    C:\Users\eschumacher\Documents\GitHub\GCC_QUAC_ZAIN\Data_Files\Structure_Files\ZAIN\ZAIN_rebinned_garden_wild_nopopinfo\project_data

Run parameters:
   1133 individuals
   11 loci
   15 populations assumed
   50000 Burn-in period
   50000 Reps


--------------------------------------------
Overall proportion of membership of the
sample in each of the 15 clusters

Inferred Clusters
  1      2      3      4      5      6      7      8      9     10     11     12     13     14     15    
0.048  0.059  0.084  0.063  0.035  0.069  0.076  0.089  0.061  0.053  0.052  0.063  0.059  0.053  0.135  

--------------------------------------------

Allele-freq. divergence among pops (Net nucleotide distance),
computed using point estimates of P.

      1       2       3       4       5       6       7       8       9      10      11      12      13      14      15      
 1      -    0.1286  0.3351  0.1025  0.1794  0.0565  0.1841  0.1829  0.1708  0.4546  0.1541  0.0973  0.0875  0.1454  0.2453  
 2   0.1286     -    0.1971  0.2085  0.1720  0.1286  0.1852  0.0958  0.2341  0.3584  0.1779  0.1739  0.1313  0.1966  0.1678  
 3   0.3351  0.1971     -    0.3834  0.2383  0.3088  0.2828  0.1263  0.3707  0.2076  0.3830  0.3141  0.3158  0.3169  0.1293  
 4   0.1025  0.2085  0.3834     -    0.2755  0.0919  0.2942  0.2524  0.3014  0.4614  0.1696  0.0687  0.0407  0.1067  0.2726  
 5   0.1794  0.1720  0.2383  0.2755     -    0.2035  0.2046  0.1461  0.2414  0.3352  0.2824  0.1852  0.2039  0.2130  0.2317  
 6   0.0565  0.1286  0.3088  0.0919  0.2035     -    0.2249  0.1636  0.1423  0.3702  0.1467  0.0752  0.0900  0.1169  0.2703  
 7   0.1841  0.1852  0.2828  0.2942  0.2046  0.2249     -    0.1702  0.2075  0.3832  0.2293  0.2704  0.2222  0.2466  0.1849  
 8   0.1829  0.0958  0.1263  0.2524  0.1461  0.1636  0.1702     -    0.1961  0.2118  0.2891  0.2039  0.2036  0.2031  0.1003  
 9   0.1708  0.2341  0.3707  0.3014  0.2414  0.1423  0.2075  0.1961     -    0.4663  0.2895  0.2355  0.2651  0.2523  0.2916  
10   0.4546  0.3584  0.2076  0.4614  0.3352  0.3702  0.3832  0.2118  0.4663     -    0.4791  0.3814  0.4060  0.3918  0.3227  
11   0.1541  0.1779  0.3830  0.1696  0.2824  0.1467  0.2293  0.2891  0.2895  0.4791     -    0.1518  0.1133  0.1216  0.3617  
12   0.0973  0.1739  0.3141  0.0687  0.1852  0.0752  0.2704  0.2039  0.2355  0.3814  0.1518     -    0.0497  0.0621  0.2648  
13   0.0875  0.1313  0.3158  0.0407  0.2039  0.0900  0.2222  0.2036  0.2651  0.4060  0.1133  0.0497     -    0.0803  0.2293  
14   0.1454  0.1966  0.3169  0.1067  0.2130  0.1169  0.2466  0.2031  0.2523  0.3918  0.1216  0.0621  0.0803     -    0.2726  
15   0.2453  0.1678  0.1293  0.2726  0.2317  0.2703  0.1849  0.1003  0.2916  0.3227  0.3617  0.2648  0.2293  0.2726     -    

Average distances (expected heterozygosity) between individuals in same cluster:
cluster  1  : 0.3649 
cluster  2  : 0.4657 
cluster  3  : 0.3736 
cluster  4  : 0.3236 
cluster  5  : 0.2612 
cluster  6  : 0.4372 
cluster  7  : 0.3688 
cluster  8  : 0.5256 
cluster  9  : 0.2353 
cluster 10  : 0.2372 
cluster 11  : 0.3509 
cluster 12  : 0.3377 
cluster 13  : 0.3928 
cluster 14  : 0.3917 
cluster 15  : 0.4674 

--------------------------------------------
Estimated Ln Prob of Data   = -20182.2
Mean value of ln likelihood = -19311.8
Variance of ln likelihood   = 1740.9
Mean value of alpha         = 0.0341

Mean value of Fst_1         = 0.4868
Mean value of Fst_2         = 0.3017
Mean value of Fst_3         = 0.5743
Mean value of Fst_4         = 0.4436
Mean value of Fst_5         = 0.6071
Mean value of Fst_6         = 0.3138
Mean value of Fst_7         = 0.4595
Mean value of Fst_8         = 0.1724
Mean value of Fst_9         = 0.5962
Mean value of Fst_10         = 0.6622
Mean value of Fst_11         = 0.4341
Mean value of Fst_12         = 0.3548
Mean value of Fst_13         = 0.3514
Mean value of Fst_14         = 0.3867
Mean value of Fst_15         = 0.3960


Inferred ancestry of individuals:
        Label (%Miss) :  Inferred clusters
  1 TMA-ZAIN-G-    (9)   :  0.012 0.017 0.015 0.007 0.007 0.054 0.010 0.059 0.059 0.004 0.007 0.008 0.077 0.006 0.660 
  2 TMA-ZAIN-G-    (0)   :  0.005 0.007 0.015 0.013 0.020 0.017 0.023 0.019 0.008 0.004 0.004 0.015 0.041 0.178 0.630 
  3 TMA-ZAIN-G-    (0)   :  0.107 0.016 0.003 0.073 0.007 0.043 0.008 0.004 0.025 0.003 0.065 0.025 0.601 0.015 0.005 
  4 TMA-ZAIN-G-    (0)   :  0.017 0.005 0.005 0.098 0.583 0.009 0.017 0.005 0.016 0.003 0.044 0.028 0.147 0.013 0.009 
  5 TMA-ZAIN-G-    (0)   :  0.003 0.006 0.006 0.003 0.005 0.002 0.006 0.003 0.002 0.004 0.002 0.003 0.003 0.002 0.950 
  6 TMA-ZAIN-G-    (0)   :  0.093 0.191 0.020 0.013 0.033 0.019 0.013 0.028 0.013 0.027 0.045 0.017 0.448 0.016 0.024 
  7 TMA-ZAIN-G-    (0)   :  0.224 0.014 0.006 0.035 0.084 0.023 0.010 0.009 0.030 0.005 0.007 0.423 0.104 0.017 0.008 
  8 TMA-ZAIN-G-    (0)   :  0.908 0.005 0.003 0.012 0.004 0.008 0.009 0.003 0.004 0.002 0.009 0.008 0.014 0.008 0.004 
  9 TMA-ZAIN-G-    (9)   :  0.021 0.030 0.005 0.051 0.009 0.120 0.005 0.005 0.008 0.004 0.021 0.284 0.363 0.067 0.007 
 10 TMA-ZAIN-G-    (0)   :  0.067 0.030 0.004 0.039 0.010 0.213 0.008 0.006 0.013 0.004 0.034 0.391 0.140 0.036 0.003 
 11 TMA-ZAIN-G-    (0)   :  0.009 0.006 0.004 0.007 0.013 0.086 0.005 0.005 0.008 0.004 0.004 0.801 0.031 0.011 0.005 
 12 TMA-ZAIN-G-    (0)   :  0.015 0.009 0.003 0.430 0.005 0.034 0.004 0.005 0.021 0.003 0.006 0.022 0.429 0.008 0.006 
 13 TMA-ZAIN-G-    (9)   :  0.042 0.012 0.081 0.048 0.014 0.140 0.016 0.026 0.110 0.017 0.016 0.258 0.017 0.173 0.029 
 14 TMA-ZAIN-G-    (9)   :  0.008 0.010 0.007 0.011 0.006 0.060 0.007 0.009 0.804 0.017 0.006 0.023 0.012 0.018 0.003 
 15 TMA-ZAIN-G-    (0)   :  0.010 0.007 0.002 0.005 0.004 0.177 0.008 0.006 0.676 0.003 0.008 0.005 0.083 0.004 0.003 
 16 TMA-ZAIN-G-    (0)   :  0.008 0.007 0.005 0.543 0.005 0.027 0.003 0.005 0.006 0.006 0.005 0.181 0.181 0.014 0.004 
 17 TMA-ZAIN-G-    (9)   :  0.086 0.011 0.013 0.009 0.100 0.693 0.019 0.015 0.015 0.003 0.007 0.007 0.009 0.005 0.008 
 18 TMA-ZAIN-G-    (0)   :  0.014 0.022 0.008 0.017 0.011 0.008 0.041 0.177 0.012 0.004 0.006 0.005 0.010 0.004 0.662 
 19 TMA-ZAIN-G-    (0)   :  0.068 0.158 0.012 0.024 0.038 0.022 0.004 0.581 0.009 0.012 0.005 0.025 0.018 0.008 0.015 
 20 TMA-ZAIN-G-    (0)   :  0.004 0.007 0.066 0.003 0.006 0.003 0.029 0.812 0.004 0.018 0.005 0.004 0.004 0.005 0.032 
 21 TMA-ZAIN-G-    (0)   :  0.002 0.003 0.005 0.002 0.003 0.003 0.003 0.003 0.002 0.961 0.003 0.002 0.003 0.002 0.003 
 22 TMA-ZAIN-G-    (0)   :  0.003 0.005 0.944 0.002 0.005 0.002 0.004 0.006 0.003 0.004 0.002 0.003 0.002 0.003 0.012 
 23 TMA-ZAIN-G-    (0)   :  0.005 0.007 0.928 0.004 0.006 0.005 0.003 0.011 0.005 0.004 0.003 0.005 0.004 0.004 0.006 
 24 TMA-ZAIN-G-    (9)   :  0.003 0.003 0.639 0.007 0.003 0.014 0.006 0.003 0.013 0.008 0.083 0.011 0.005 0.195 0.006 
 25 TMA-ZAIN-G-    (9)   :  0.003 0.008 0.010 0.008 0.003 0.008 0.004 0.695 0.003 0.006 0.004 0.005 0.082 0.094 0.064 
 26 TMA-ZAIN-G-    (9)   :  0.025 0.005 0.008 0.012 0.010 0.099 0.414 0.010 0.018 0.072 0.009 0.024 0.170 0.119 0.005 
 27 TMA-ZAIN-G-    (0)   :  0.010 0.646 0.014 0.004 0.023 0.017 0.016 0.061 0.073 0.025 0.009 0.014 0.008 0.005 0.075 
 28 TMA-ZAIN-G-    (0)   :  0.008 0.915 0.005 0.004 0.005 0.006 0.005 0.012 0.009 0.003 0.004 0.006 0.005 0.004 0.009 
 29 TMA-ZAIN-G-    (0)   :  0.004 0.005 0.004 0.004 0.004 0.005 0.015 0.224 0.005 0.004 0.709 0.004 0.004 0.005 0.003 
 30 TMA-ZAIN-G-    (0)   :  0.015 0.451 0.005 0.048 0.008 0.163 0.006 0.035 0.063 0.004 0.032 0.048 0.032 0.086 0.004 
 31 TMA-ZAIN-G-    (0)   :  0.006 0.005 0.011 0.004 0.020 0.004 0.059 0.013 0.006 0.010 0.006 0.007 0.004 0.008 0.836 
 32 TMA-ZAIN-G-    (9)   :  0.006 0.009 0.128 0.027 0.006 0.028 0.006 0.067 0.010 0.014 0.003 0.007 0.424 0.007 0.258 
 33 TMA-ZAIN-G-   (18)   :  0.024 0.005 0.003 0.030 0.004 0.059 0.003 0.003 0.004 0.002 0.008 0.016 0.827 0.006 0.004 
 34 TMA-ZAIN-G-    (0)   :  0.007 0.007 0.022 0.025 0.004 0.007 0.005 0.009 0.004 0.017 0.004 0.011 0.824 0.008 0.045 
 35 TMA-ZAIN-G-    (9)   :  0.006 0.006 0.003 0.006 0.006 0.010 0.005 0.005 0.008 0.003 0.009 0.006 0.913 0.010 0.004 
 36 TMA-ZAIN-G-    (0)   :  0.057 0.007 0.003 0.013 0.007 0.220 0.013 0.005 0.139 0.003 0.010 0.030 0.168 0.322 0.004 
 37 TMA-ZAIN-G-    (9)   :  0.014 0.009 0.003 0.010 0.012 0.015 0.005 0.005 0.004 0.004 0.006 0.018 0.877 0.015 0.004 
 38 TMA-ZAIN-G-   (18)   :  0.006 0.006 0.056 0.011 0.013 0.057 0.007 0.095 0.032 0.007 0.005 0.012 0.313 0.011 0.368 
 39 TMA-ZAIN-G-    (0)   :  0.020 0.009 0.003 0.075 0.008 0.065 0.008 0.004 0.004 0.007 0.015 0.031 0.053 0.695 0.003 
 40 TMA-ZAIN-G-    (0)   :  0.012 0.004 0.003 0.095 0.016 0.649 0.005 0.004 0.004 0.010 0.007 0.030 0.057 0.100 0.003 
 41 TMA-ZAIN-G-    (0)   :  0.029 0.004 0.002 0.021 0.003 0.661 0.005 0.003 0.024 0.003 0.005 0.006 0.034 0.197 0.003 
 42 TMA-ZAIN-G-    (9)   :  0.041 0.003 0.002 0.010 0.005 0.799 0.015 0.004 0.089 0.002 0.007 0.005 0.007 0.008 0.003 
 43 TMA-ZAIN-G-    (0)   :  0.014 0.003 0.002 0.003 0.004 0.011 0.005 0.004 0.925 0.003 0.010 0.005 0.004 0.005 0.003 
 44 TMA-ZAIN-G-    (0)   :  0.008 0.003 0.006 0.012 0.007 0.010 0.003 0.009 0.004 0.766 0.010 0.095 0.026 0.036 0.005 
 45 TMA-ZAIN-G-    (0)   :  0.024 0.012 0.005 0.119 0.014 0.201 0.010 0.008 0.017 0.012 0.006 0.394 0.159 0.015 0.005 
 46 TMA-ZAIN-G-    (0)   :  0.002 0.003 0.006 0.002 0.006 0.002 0.004 0.005 0.003 0.951 0.002 0.003 0.002 0.003 0.004 
 47 TMA-ZAIN-G-    (0)   :  0.005 0.005 0.002 0.004 0.014 0.004 0.935 0.004 0.003 0.005 0.004 0.003 0.005 0.003 0.004 
 48 TMA-ZAIN-G-    (0)   :  0.170 0.045 0.027 0.017 0.138 0.143 0.186 0.011 0.043 0.016 0.018 0.135 0.031 0.015 0.006 
 49 TMA-ZAIN-G-    (9)   :  0.009 0.011 0.008 0.027 0.018 0.008 0.006 0.808 0.004 0.004 0.040 0.010 0.030 0.005 0.012 
 50 TMA-ZAIN-G-    (0)   :  0.011 0.018 0.005 0.010 0.006 0.074 0.003 0.811 0.008 0.006 0.003 0.006 0.005 0.024 0.011 
 51 TMA-ZAIN-G-    (0)   :  0.011 0.020 0.005 0.004 0.013 0.023 0.016 0.798 0.056 0.011 0.007 0.014 0.008 0.009 0.007 
 52 TMA-ZAIN-G-    (0)   :  0.010 0.031 0.008 0.011 0.130 0.007 0.031 0.718 0.016 0.008 0.003 0.008 0.007 0.006 0.006 
 53 TMA-ZAIN-G-    (0)   :  0.010 0.009 0.010 0.003 0.068 0.010 0.054 0.636 0.031 0.004 0.005 0.015 0.005 0.010 0.129 
 54 TMA-ZAIN-G-    (0)   :  0.010 0.010 0.006 0.007 0.004 0.011 0.905 0.008 0.011 0.003 0.004 0.007 0.005 0.004 0.005 
 55 TMA-ZAIN-G-    (0)   :  0.016 0.024 0.009 0.010 0.004 0.043 0.821 0.020 0.024 0.006 0.003 0.007 0.006 0.004 0.005 
 56 TMA-ZAIN-G-    (0)   :  0.098 0.056 0.009 0.015 0.398 0.205 0.043 0.030 0.027 0.005 0.021 0.041 0.028 0.020 0.006 
 57 TMA-ZAIN-G-    (0)   :  0.008 0.005 0.004 0.037 0.012 0.006 0.843 0.027 0.005 0.003 0.008 0.010 0.012 0.011 0.008 
 58 TMA-ZAIN-G-    (0)   :  0.042 0.203 0.201 0.016 0.012 0.018 0.043 0.378 0.009 0.006 0.007 0.006 0.013 0.004 0.042 
 59 TMA-ZAIN-G-    (0)   :  0.052 0.026 0.024 0.017 0.045 0.024 0.016 0.014 0.009 0.023 0.018 0.128 0.041 0.021 0.543 
 60 TMA-ZAIN-G-    (0)   :  0.021 0.064 0.009 0.006 0.046 0.016 0.021 0.113 0.144 0.010 0.007 0.022 0.009 0.006 0.507 
 61 TMA-ZAIN-G-    (0)   :  0.004 0.007 0.022 0.003 0.033 0.003 0.012 0.009 0.004 0.015 0.003 0.004 0.005 0.003 0.874 
 62 TMA-ZAIN-G-    (9)   :  0.010 0.054 0.010 0.032 0.003 0.038 0.013 0.016 0.005 0.027 0.006 0.021 0.072 0.016 0.677 
 63 TMA-ZAIN-G-    (0)   :  0.006 0.008 0.011 0.006 0.013 0.005 0.012 0.012 0.007 0.005 0.003 0.004 0.006 0.003 0.901 
 64 TMA-ZAIN-G-    (0)   :  0.004 0.003 0.002 0.004 0.004 0.005 0.003 0.002 0.005 0.002 0.940 0.008 0.006 0.009 0.002 
 65 TMA-ZAIN-G-    (9)   :  0.010 0.006 0.003 0.015 0.005 0.007 0.007 0.003 0.006 0.002 0.877 0.007 0.042 0.006 0.003 
 66 TMA-ZAIN-G-    (0)   :  0.008 0.005 0.003 0.012 0.005 0.009 0.004 0.003 0.005 0.003 0.877 0.030 0.020 0.015 0.002 
 67 TMA-ZAIN-G-    (0)   :  0.007 0.013 0.010 0.019 0.004 0.013 0.005 0.009 0.004 0.017 0.687 0.033 0.054 0.123 0.003 
 68 TMA-ZAIN-G-    (0)   :  0.009 0.003 0.002 0.005 0.004 0.005 0.005 0.003 0.006 0.002 0.939 0.005 0.005 0.004 0.002 
 69 TMA-ZAIN-G-    (0)   :  0.007 0.007 0.020 0.028 0.019 0.006 0.008 0.025 0.015 0.026 0.702 0.029 0.062 0.029 0.016 
 70 TMA-ZAIN-G-    (0)   :  0.005 0.004 0.004 0.009 0.004 0.006 0.003 0.004 0.005 0.004 0.011 0.053 0.009 0.876 0.003 
 71 TMA-ZAIN-G-    (0)   :  0.004 0.003 0.003 0.011 0.003 0.006 0.003 0.003 0.003 0.004 0.004 0.014 0.010 0.924 0.003 
 72 TMA-ZAIN-G-    (0)   :  0.006 0.006 0.004 0.007 0.004 0.010 0.006 0.004 0.006 0.003 0.013 0.010 0.011 0.907 0.003 
 73 TMA-ZAIN-G-    (0)   :  0.006 0.016 0.019 0.007 0.004 0.005 0.013 0.014 0.003 0.021 0.005 0.005 0.014 0.851 0.016 
 74 TMA-ZAIN-G-    (0)   :  0.005 0.004 0.004 0.011 0.003 0.006 0.004 0.006 0.003 0.005 0.004 0.007 0.011 0.921 0.004 
 75 TMA-ZAIN-G-    (0)   :  0.005 0.005 0.003 0.007 0.005 0.005 0.006 0.005 0.004 0.003 0.004 0.007 0.010 0.926 0.004 
 76 TMA-ZAIN-G-    (0)   :  0.004 0.004 0.008 0.008 0.003 0.004 0.003 0.008 0.003 0.017 0.005 0.013 0.010 0.906 0.004 
 77 TMA-ZAIN-G-    (0)   :  0.004 0.005 0.004 0.004 0.008 0.008 0.004 0.005 0.005 0.006 0.005 0.008 0.006 0.926 0.003 
 78 TMA-ZAIN-G-    (0)   :  0.006 0.006 0.007 0.007 0.009 0.005 0.006 0.010 0.005 0.011 0.004 0.013 0.011 0.895 0.005 
 79 TMA-ZAIN-G-    (0)   :  0.005 0.005 0.005 0.006 0.023 0.009 0.004 0.007 0.006 0.011 0.003 0.014 0.007 0.891 0.003 
 80 TMA-ZAIN-G-    (0)   :  0.011 0.006 0.003 0.097 0.006 0.016 0.012 0.004 0.004 0.007 0.019 0.020 0.032 0.761 0.003 
 81 TMA-ZAIN-G-    (0)   :  0.010 0.008 0.004 0.012 0.030 0.012 0.005 0.006 0.007 0.006 0.005 0.047 0.017 0.825 0.004 
 82 TMA-ZAIN-G-    (0)   :  0.016 0.006 0.003 0.052 0.008 0.007 0.015 0.005 0.007 0.003 0.192 0.145 0.451 0.084 0.005 
 83 TMA-ZAIN-G-    (9)   :  0.018 0.020 0.022 0.081 0.004 0.007 0.011 0.010 0.005 0.020 0.019 0.014 0.734 0.009 0.026 
 84 TMA-ZAIN-G-    (0)   :  0.007 0.006 0.006 0.018 0.011 0.010 0.004 0.007 0.006 0.023 0.005 0.041 0.014 0.840 0.003 
 85 TMA-ZAIN-G-    (0)   :  0.004 0.004 0.004 0.003 0.950 0.003 0.004 0.004 0.003 0.003 0.003 0.004 0.004 0.003 0.004 
 86 TMA-ZAIN-G-    (0)   :  0.007 0.005 0.004 0.009 0.917 0.007 0.005 0.003 0.004 0.006 0.005 0.010 0.010 0.005 0.003 
 87 TMA-ZAIN-G-    (0)   :  0.003 0.003 0.006 0.003 0.951 0.003 0.003 0.003 0.003 0.003 0.002 0.004 0.004 0.003 0.004 
 88 TMA-ZAIN-G-    (0)   :  0.013 0.009 0.008 0.088 0.422 0.011 0.050 0.009 0.016 0.008 0.039 0.031 0.089 0.024 0.183 
 89 TMA-ZAIN-G-    (0)   :  0.010 0.004 0.019 0.033 0.303 0.013 0.385 0.008 0.039 0.019 0.027 0.042 0.029 0.039 0.028 
 90 TMA-ZAIN-G-    (0)   :  0.005 0.005 0.004 0.021 0.841 0.004 0.037 0.008 0.004 0.004 0.013 0.005 0.030 0.004 0.015 
 91 TMA-ZAIN-G-    (0)   :  0.013 0.018 0.005 0.008 0.785 0.007 0.034 0.007 0.013 0.005 0.011 0.016 0.010 0.008 0.060 
 92 TMA-ZAIN-G-    (0)   :  0.009 0.026 0.028 0.005 0.523 0.009 0.272 0.030 0.015 0.034 0.006 0.012 0.010 0.011 0.010 
 93 TMA-ZAIN-G-    (0)   :  0.007 0.100 0.013 0.004 0.232 0.007 0.500 0.026 0.025 0.012 0.007 0.009 0.007 0.006 0.044 
 94 TMA-ZAIN-G-    (0)   :  0.005 0.014 0.011 0.003 0.743 0.003 0.059 0.010 0.006 0.006 0.005 0.006 0.005 0.005 0.120 
 95 TMA-ZAIN-G-    (0)   :  0.004 0.876 0.008 0.006 0.005 0.017 0.004 0.028 0.015 0.003 0.007 0.006 0.005 0.010 0.006 
 96 TMA-ZAIN-G-    (0)   :  0.006 0.748 0.008 0.008 0.008 0.105 0.005 0.068 0.015 0.005 0.004 0.005 0.005 0.003 0.006 
 97 TMA-ZAIN-G-    (0)   :  0.006 0.004 0.006 0.004 0.008 0.004 0.011 0.019 0.008 0.006 0.007 0.010 0.004 0.015 0.889 
 98 TMA-ZAIN-G-    (0)   :  0.007 0.003 0.004 0.003 0.007 0.004 0.010 0.005 0.006 0.004 0.005 0.010 0.004 0.014 0.917 
 99 TMA-ZAIN-G-    (0)   :  0.010 0.008 0.006 0.017 0.005 0.034 0.003 0.006 0.006 0.019 0.013 0.083 0.118 0.006 0.666 
100 TMA-ZAIN-G-    (0)   :  0.004 0.005 0.008 0.003 0.032 0.003 0.024 0.025 0.007 0.030 0.004 0.005 0.004 0.005 0.840 
101 TMA-ZAIN-G-    (0)   :  0.007 0.005 0.004 0.005 0.004 0.004 0.012 0.008 0.006 0.006 0.006 0.023 0.006 0.009 0.894 
102 TMA-ZAIN-G-    (0)   :  0.008 0.012 0.542 0.074 0.021 0.035 0.011 0.057 0.023 0.007 0.012 0.014 0.024 0.012 0.147 
103 TMA-ZAIN-G-    (0)   :  0.012 0.018 0.094 0.032 0.026 0.011 0.007 0.058 0.007 0.005 0.006 0.013 0.027 0.007 0.678 
104 TMA-ZAIN-G-    (0)   :  0.005 0.004 0.009 0.004 0.003 0.003 0.004 0.007 0.004 0.004 0.002 0.003 0.004 0.003 0.940 
105 TMA-ZAIN-G-    (0)   :  0.016 0.019 0.027 0.030 0.046 0.012 0.006 0.025 0.007 0.003 0.006 0.017 0.025 0.008 0.752 
106 TMA-ZAIN-G-    (0)   :  0.049 0.006 0.003 0.063 0.007 0.500 0.006 0.004 0.095 0.003 0.047 0.106 0.027 0.081 0.004 
107 TMA-ZAIN-G-    (0)   :  0.032 0.007 0.003 0.398 0.007 0.022 0.008 0.005 0.016 0.002 0.012 0.265 0.087 0.130 0.005 
108 TMA-ZAIN-G-    (9)   :  0.011 0.010 0.043 0.011 0.053 0.047 0.014 0.066 0.029 0.019 0.006 0.042 0.512 0.017 0.120 
109 TMA-ZAIN-G-    (0)   :  0.074 0.058 0.007 0.140 0.015 0.098 0.071 0.007 0.022 0.004 0.117 0.015 0.102 0.008 0.261 
110 TMA-ZAIN-G-    (0)   :  0.096 0.023 0.067 0.079 0.019 0.072 0.013 0.071 0.018 0.114 0.007 0.227 0.131 0.020 0.042 
111 TMA-ZAIN-G-    (9)   :  0.010 0.022 0.145 0.136 0.006 0.011 0.017 0.060 0.004 0.021 0.010 0.014 0.139 0.037 0.368 
112 TMA-ZAIN-G-    (0)   :  0.079 0.043 0.062 0.086 0.015 0.166 0.024 0.106 0.031 0.013 0.018 0.070 0.058 0.015 0.214 
113 TMA-ZAIN-G-    (0)   :  0.009 0.004 0.010 0.013 0.006 0.005 0.017 0.005 0.006 0.005 0.010 0.018 0.009 0.022 0.863 
114 TMA-ZAIN-G-    (0)   :  0.003 0.005 0.011 0.003 0.007 0.002 0.004 0.005 0.002 0.008 0.002 0.003 0.003 0.003 0.938 
115 TMA-ZAIN-G-    (0)   :  0.003 0.005 0.006 0.005 0.003 0.003 0.004 0.004 0.004 0.004 0.003 0.003 0.004 0.003 0.946 
116 TMA-ZAIN-G-    (0)   :  0.017 0.006 0.003 0.179 0.005 0.007 0.010 0.003 0.005 0.002 0.011 0.008 0.728 0.011 0.005 
117 TMA-ZAIN-G-    (0)   :  0.146 0.029 0.004 0.024 0.030 0.040 0.031 0.007 0.051 0.003 0.176 0.039 0.343 0.070 0.006 
118 TMA-ZAIN-G-    (0)   :  0.013 0.010 0.003 0.253 0.005 0.011 0.008 0.005 0.019 0.003 0.017 0.009 0.628 0.010 0.006 
119 TMA-ZAIN-G-    (0)   :  0.014 0.014 0.012 0.196 0.004 0.006 0.009 0.015 0.005 0.013 0.020 0.010 0.632 0.032 0.017 
120 TMA-ZAIN-G-    (0)   :  0.014 0.016 0.004 0.149 0.011 0.010 0.010 0.008 0.043 0.003 0.015 0.010 0.680 0.018 0.007 
121 TMA-ZAIN-G-    (0)   :  0.023 0.016 0.003 0.016 0.006 0.013 0.008 0.004 0.009 0.003 0.036 0.009 0.840 0.009 0.005 
122 TMA-ZAIN-G-    (0)   :  0.100 0.039 0.004 0.039 0.064 0.020 0.009 0.005 0.010 0.006 0.017 0.069 0.592 0.024 0.004 
123 TMA-ZAIN-G-    (0)   :  0.005 0.006 0.015 0.004 0.009 0.005 0.005 0.012 0.013 0.004 0.003 0.005 0.005 0.005 0.903 
124 TMA-ZAIN-G-    (0)   :  0.916 0.005 0.003 0.006 0.006 0.023 0.003 0.004 0.007 0.003 0.003 0.007 0.006 0.004 0.004 
125 TMA-ZAIN-G-    (0)   :  0.911 0.004 0.002 0.005 0.005 0.009 0.023 0.003 0.009 0.002 0.011 0.005 0.004 0.005 0.002 
126 TMA-ZAIN-G-    (0)   :  0.911 0.004 0.003 0.012 0.005 0.014 0.006 0.004 0.016 0.003 0.004 0.007 0.006 0.004 0.004 
127 TMA-ZAIN-G-    (0)   :  0.890 0.004 0.002 0.011 0.005 0.044 0.003 0.003 0.007 0.003 0.005 0.010 0.006 0.004 0.003 
128 TMA-ZAIN-G-    (0)   :  0.902 0.007 0.003 0.007 0.005 0.019 0.005 0.003 0.005 0.003 0.013 0.010 0.011 0.005 0.003 
129 TMA-ZAIN-G-    (0)   :  0.926 0.004 0.003 0.006 0.005 0.009 0.005 0.004 0.008 0.003 0.005 0.007 0.008 0.004 0.004 
130 TMA-ZAIN-G-    (0)   :  0.917 0.005 0.003 0.008 0.005 0.006 0.012 0.004 0.015 0.002 0.004 0.004 0.007 0.004 0.004 
131 TMA-ZAIN-G-    (0)   :  0.911 0.006 0.003 0.007 0.006 0.027 0.004 0.005 0.008 0.002 0.004 0.006 0.005 0.003 0.003 
132 TMA-ZAIN-G-    (0)   :  0.893 0.007 0.002 0.008 0.005 0.014 0.011 0.003 0.007 0.002 0.016 0.011 0.012 0.007 0.003 
133 TMA-ZAIN-G-    (0)   :  0.055 0.014 0.006 0.051 0.048 0.410 0.026 0.014 0.137 0.018 0.090 0.025 0.015 0.088 0.003 
134 TMA-ZAIN-G-    (0)   :  0.266 0.005 0.004 0.123 0.044 0.077 0.021 0.007 0.273 0.012 0.069 0.021 0.010 0.065 0.003 
135 TMA-ZAIN-G-    (0)   :  0.079 0.004 0.003 0.527 0.034 0.047 0.014 0.005 0.019 0.011 0.026 0.133 0.036 0.061 0.003 
136 TMA-ZAIN-G-    (0)   :  0.032 0.008 0.005 0.058 0.006 0.041 0.014 0.004 0.006 0.006 0.562 0.059 0.159 0.037 0.005 
137 TMA-ZAIN-G-    (0)   :  0.015 0.003 0.004 0.871 0.019 0.009 0.005 0.006 0.005 0.012 0.005 0.014 0.011 0.020 0.004 
138 TMA-ZAIN-G-    (0)   :  0.417 0.003 0.002 0.224 0.004 0.079 0.016 0.003 0.025 0.003 0.013 0.078 0.109 0.020 0.004 
139 TMA-ZAIN-G-    (0)   :  0.269 0.003 0.003 0.365 0.011 0.033 0.073 0.004 0.017 0.009 0.011 0.030 0.100 0.069 0.004 
140 TMA-ZAIN-G-    (0)   :  0.016 0.009 0.004 0.180 0.005 0.053 0.004 0.005 0.006 0.004 0.009 0.483 0.206 0.016 0.003 
141 TMA-ZAIN-G-    (0)   :  0.042 0.005 0.004 0.044 0.011 0.018 0.006 0.005 0.016 0.003 0.006 0.751 0.054 0.031 0.005 
142 TMA-ZAIN-G-    (9)   :  0.015 0.006 0.003 0.140 0.006 0.021 0.004 0.003 0.006 0.003 0.012 0.592 0.168 0.018 0.003 
143 TMA-ZAIN-G-    (0)   :  0.103 0.008 0.003 0.099 0.006 0.048 0.005 0.004 0.010 0.003 0.012 0.250 0.432 0.013 0.004 
144 TMA-ZAIN-G-    (0)   :  0.083 0.029 0.006 0.257 0.012 0.136 0.028 0.011 0.014 0.008 0.006 0.049 0.347 0.009 0.003 
145 TMA-ZAIN-G-    (0)   :  0.067 0.007 0.002 0.434 0.005 0.021 0.017 0.003 0.007 0.002 0.288 0.059 0.040 0.046 0.003 
146 TMA-ZAIN-G-    (0)   :  0.005 0.003 0.003 0.007 0.004 0.005 0.003 0.003 0.004 0.003 0.004 0.923 0.013 0.019 0.003 
147 TMA-ZAIN-G-    (9)   :  0.006 0.004 0.003 0.007 0.004 0.006 0.003 0.003 0.004 0.003 0.007 0.926 0.013 0.009 0.003 
148 TMA-ZAIN-G-    (0)   :  0.027 0.003 0.003 0.006 0.004 0.028 0.020 0.003 0.043 0.002 0.003 0.839 0.008 0.008 0.002 
149 TMA-ZAIN-G-    (0)   :  0.045 0.013 0.017 0.011 0.023 0.028 0.048 0.009 0.023 0.005 0.005 0.710 0.039 0.008 0.017 
150 TMA-ZAIN-G-    (0)   :  0.020 0.012 0.015 0.038 0.012 0.015 0.084 0.007 0.018 0.004 0.093 0.390 0.255 0.016 0.021 
151 TMA-ZAIN-G-    (0)   :  0.007 0.004 0.002 0.706 0.003 0.157 0.004 0.003 0.016 0.003 0.006 0.006 0.074 0.006 0.003 
152 TMA-ZAIN-G-    (0)   :  0.006 0.005 0.002 0.730 0.003 0.013 0.004 0.003 0.015 0.003 0.006 0.009 0.191 0.005 0.005 
153 TMA-ZAIN-G-    (0)   :  0.041 0.004 0.003 0.671 0.004 0.076 0.014 0.003 0.030 0.002 0.015 0.028 0.093 0.012 0.003 
154 TMA-ZAIN-G-    (0)   :  0.007 0.003 0.002 0.918 0.004 0.006 0.004 0.003 0.004 0.002 0.004 0.006 0.030 0.004 0.003 
155 TMA-ZAIN-G-    (0)   :  0.010 0.004 0.003 0.916 0.005 0.008 0.003 0.003 0.006 0.003 0.005 0.014 0.010 0.006 0.004 
156 TMA-ZAIN-G-    (9)   :  0.027 0.004 0.003 0.741 0.003 0.054 0.010 0.004 0.074 0.003 0.003 0.014 0.049 0.004 0.006 
157 TMA-ZAIN-G-    (0)   :  0.018 0.004 0.003 0.620 0.004 0.077 0.006 0.004 0.134 0.003 0.006 0.068 0.038 0.009 0.004 
158 TMA-ZAIN-G-    (0)   :  0.009 0.006 0.003 0.597 0.003 0.014 0.004 0.006 0.004 0.004 0.005 0.037 0.283 0.022 0.003 
159 TMA-ZAIN-G-    (0)   :  0.015 0.004 0.002 0.595 0.003 0.008 0.005 0.003 0.005 0.002 0.017 0.126 0.062 0.148 0.004 
160 TMA-ZAIN-G-    (0)   :  0.009 0.003 0.003 0.623 0.004 0.005 0.008 0.003 0.005 0.002 0.023 0.045 0.128 0.135 0.006 
161 TMA-ZAIN-G-    (0)   :  0.196 0.007 0.003 0.469 0.007 0.089 0.026 0.005 0.022 0.003 0.008 0.053 0.094 0.018 0.003 
162 TMA-ZAIN-G-    (0)   :  0.005 0.009 0.014 0.889 0.011 0.008 0.010 0.005 0.003 0.005 0.005 0.005 0.009 0.006 0.015 
163 TMA-ZAIN-G-    (0)   :  0.006 0.003 0.002 0.921 0.003 0.005 0.003 0.003 0.002 0.002 0.004 0.007 0.032 0.005 0.003 
164 TMA-ZAIN-G-    (0)   :  0.011 0.006 0.004 0.464 0.010 0.006 0.007 0.004 0.004 0.005 0.008 0.021 0.438 0.007 0.004 
165 TMA-ZAIN-G-    (0)   :  0.011 0.004 0.003 0.621 0.003 0.008 0.003 0.003 0.004 0.003 0.007 0.027 0.290 0.009 0.004 
166 TMA-ZAIN-G-    (0)   :  0.091 0.004 0.002 0.621 0.006 0.023 0.010 0.003 0.005 0.002 0.011 0.129 0.058 0.031 0.003 
167 TMA-ZAIN-G-    (0)   :  0.013 0.007 0.005 0.024 0.008 0.022 0.004 0.007 0.007 0.004 0.004 0.756 0.056 0.079 0.005 
168 TMA-ZAIN-G-    (0)   :  0.006 0.005 0.003 0.007 0.005 0.008 0.005 0.005 0.021 0.003 0.011 0.785 0.066 0.066 0.005 
169 TMA-ZAIN-G-    (0)   :  0.007 0.003 0.002 0.015 0.005 0.005 0.004 0.003 0.005 0.002 0.057 0.770 0.060 0.058 0.003 
170 TMA-ZAIN-G-    (0)   :  0.036 0.008 0.010 0.033 0.006 0.059 0.004 0.036 0.053 0.017 0.012 0.633 0.055 0.023 0.016 
171 TMA-ZAIN-G-    (0)   :  0.005 0.003 0.003 0.008 0.004 0.004 0.004 0.003 0.004 0.003 0.014 0.834 0.039 0.070 0.003 
172 TMA-ZAIN-G-    (0)   :  0.030 0.005 0.004 0.023 0.006 0.482 0.004 0.005 0.014 0.004 0.005 0.385 0.017 0.014 0.003 
173 TMA-ZAIN-G-    (0)   :  0.041 0.008 0.003 0.016 0.007 0.651 0.004 0.006 0.016 0.004 0.006 0.195 0.022 0.017 0.003 
174 TMA-ZAIN-G-    (0)   :  0.587 0.006 0.002 0.050 0.005 0.081 0.007 0.003 0.004 0.003 0.035 0.149 0.042 0.024 0.003 
175 TMA-ZAIN-G-    (0)   :  0.005 0.003 0.003 0.010 0.005 0.005 0.003 0.003 0.004 0.003 0.006 0.812 0.024 0.110 0.003 
176 TMA-ZAIN-G-    (0)   :  0.006 0.003 0.003 0.011 0.004 0.005 0.003 0.003 0.004 0.003 0.005 0.905 0.015 0.028 0.003 
177 TMA-ZAIN-G-    (0)   :  0.005 0.003 0.003 0.011 0.004 0.011 0.003 0.004 0.012 0.003 0.003 0.910 0.016 0.010 0.003 
178 TMA-ZAIN-G-    (0)   :  0.010 0.007 0.004 0.017 0.005 0.347 0.004 0.007 0.037 0.005 0.004 0.455 0.076 0.018 0.005 
179 TMA-ZAIN-G-    (0)   :  0.011 0.005 0.002 0.022 0.004 0.043 0.003 0.004 0.016 0.003 0.006 0.839 0.029 0.012 0.003 
180 TMA-ZAIN-G-    (0)   :  0.396 0.016 0.005 0.020 0.030 0.257 0.012 0.006 0.031 0.012 0.093 0.050 0.064 0.006 0.004 
181 TMA-ZAIN-G-    (0)   :  0.021 0.004 0.003 0.050 0.003 0.747 0.005 0.004 0.116 0.003 0.005 0.009 0.014 0.011 0.005 
182 TMA-ZAIN-G-    (0)   :  0.425 0.004 0.003 0.035 0.006 0.285 0.005 0.005 0.163 0.003 0.003 0.035 0.016 0.005 0.007 
183 TMA-ZAIN-G-    (0)   :  0.009 0.004 0.003 0.012 0.005 0.843 0.004 0.004 0.066 0.003 0.004 0.010 0.025 0.006 0.004 
184 TMA-ZAIN-G-    (0)   :  0.021 0.012 0.016 0.033 0.019 0.766 0.018 0.009 0.021 0.006 0.007 0.015 0.023 0.010 0.025 
185 TMA-ZAIN-G-    (0)   :  0.034 0.030 0.018 0.013 0.012 0.813 0.019 0.009 0.004 0.007 0.005 0.007 0.010 0.007 0.011 
186 TMA-ZAIN-G-    (9)   :  0.042 0.010 0.004 0.015 0.005 0.862 0.005 0.007 0.005 0.004 0.007 0.008 0.011 0.012 0.004 
187 TMA-ZAIN-G-    (0)   :  0.016 0.005 0.003 0.046 0.004 0.829 0.003 0.004 0.014 0.003 0.014 0.015 0.008 0.031 0.004 
188 TMA-ZAIN-G-    (0)   :  0.016 0.005 0.003 0.018 0.003 0.852 0.004 0.003 0.006 0.002 0.023 0.006 0.013 0.043 0.003 
189 TMA-ZAIN-G-    (0)   :  0.013 0.003 0.002 0.006 0.003 0.934 0.002 0.003 0.006 0.003 0.007 0.005 0.005 0.004 0.002 
190 TMA-ZAIN-G-    (0)   :  0.009 0.006 0.003 0.005 0.004 0.811 0.006 0.005 0.026 0.003 0.019 0.033 0.044 0.024 0.003 
191 TMA-ZAIN-G-    (0)   :  0.007 0.008 0.016 0.006 0.013 0.888 0.007 0.007 0.004 0.006 0.005 0.009 0.006 0.008 0.010 
192 TMA-ZAIN-G-    (0)   :  0.016 0.003 0.004 0.010 0.015 0.873 0.004 0.007 0.016 0.022 0.004 0.009 0.005 0.011 0.003 
193 TMA-ZAIN-G-    (0)   :  0.004 0.003 0.002 0.003 0.004 0.005 0.005 0.003 0.954 0.002 0.004 0.003 0.003 0.003 0.002 
194 TMA-ZAIN-G-    (0)   :  0.028 0.021 0.005 0.004 0.005 0.073 0.015 0.012 0.795 0.008 0.012 0.007 0.007 0.006 0.002 
195 TMA-ZAIN-G-    (0)   :  0.028 0.005 0.002 0.006 0.004 0.079 0.007 0.010 0.741 0.003 0.036 0.034 0.018 0.024 0.003 
196 TMA-ZAIN-G-    (0)   :  0.009 0.007 0.002 0.007 0.004 0.016 0.007 0.004 0.902 0.003 0.014 0.007 0.009 0.005 0.003 
197 TMA-ZAIN-G-    (0)   :  0.012 0.004 0.003 0.007 0.008 0.010 0.005 0.003 0.904 0.002 0.012 0.010 0.008 0.010 0.003 
198 TMA-ZAIN-G-    (0)   :  0.007 0.003 0.002 0.010 0.004 0.017 0.005 0.003 0.905 0.004 0.007 0.014 0.008 0.009 0.003 
199 TMA-ZAIN-G-    (0)   :  0.038 0.008 0.003 0.013 0.004 0.878 0.006 0.005 0.006 0.003 0.005 0.007 0.011 0.008 0.004 
200 TMA-ZAIN-G-    (0)   :  0.005 0.021 0.043 0.003 0.007 0.005 0.010 0.038 0.049 0.771 0.006 0.006 0.007 0.006 0.025 
201 TMA-ZAIN-G-    (0)   :  0.012 0.022 0.038 0.007 0.010 0.007 0.006 0.021 0.006 0.796 0.018 0.014 0.017 0.017 0.009 
202 TMA-ZAIN-G-    (0)   :  0.005 0.004 0.004 0.004 0.003 0.006 0.002 0.006 0.014 0.930 0.002 0.005 0.004 0.002 0.008 
203 TMA-ZAIN-G-    (0)   :  0.059 0.005 0.003 0.027 0.005 0.028 0.005 0.004 0.783 0.002 0.003 0.023 0.025 0.009 0.018 
204 TMA-ZAIN-G-    (9)   :  0.004 0.008 0.020 0.003 0.105 0.004 0.019 0.046 0.005 0.750 0.005 0.007 0.005 0.007 0.012 
205 TMA-ZAIN-G-    (0)   :  0.010 0.005 0.005 0.081 0.010 0.006 0.008 0.025 0.009 0.786 0.004 0.011 0.024 0.009 0.008 
206 TMA-ZAIN-G-    (9)   :  0.012 0.016 0.010 0.010 0.190 0.015 0.016 0.018 0.020 0.609 0.007 0.024 0.020 0.008 0.024 
207 TMA-ZAIN-G-    (9)   :  0.015 0.053 0.009 0.117 0.052 0.016 0.047 0.019 0.008 0.004 0.039 0.010 0.586 0.013 0.010 
208 TMA-ZAIN-G-    (0)   :  0.006 0.008 0.003 0.036 0.002 0.024 0.004 0.003 0.003 0.003 0.028 0.119 0.744 0.014 0.003 
209 TMA-ZAIN-G-    (0)   :  0.280 0.004 0.003 0.074 0.010 0.097 0.064 0.004 0.196 0.003 0.016 0.150 0.031 0.067 0.003 
210 TMA-ZAIN-G-    (0)   :  0.084 0.009 0.003 0.063 0.013 0.123 0.014 0.005 0.317 0.003 0.097 0.189 0.021 0.056 0.004 
211 TMA-ZAIN-G-    (0)   :  0.492 0.016 0.015 0.028 0.008 0.117 0.009 0.022 0.056 0.020 0.020 0.119 0.025 0.044 0.009 
212 TMA-ZAIN-G-    (0)   :  0.048 0.009 0.003 0.038 0.016 0.305 0.006 0.004 0.020 0.006 0.013 0.434 0.087 0.006 0.003 
213 TMA-ZAIN-G-    (0)   :  0.048 0.005 0.004 0.220 0.004 0.266 0.008 0.005 0.028 0.004 0.007 0.348 0.018 0.030 0.003 
214 TMA-ZAIN-G-    (0)   :  0.202 0.004 0.004 0.242 0.006 0.217 0.009 0.005 0.034 0.004 0.057 0.095 0.033 0.084 0.003 
215 TMA-ZAIN-G-    (0)   :  0.014 0.005 0.006 0.037 0.003 0.334 0.002 0.246 0.004 0.011 0.005 0.158 0.127 0.046 0.003 
216 TMA-ZAIN-G-    (0)   :  0.122 0.006 0.004 0.034 0.006 0.690 0.013 0.006 0.015 0.005 0.007 0.044 0.029 0.016 0.003 
217 TMA-ZAIN-G-    (0)   :  0.237 0.003 0.003 0.059 0.006 0.052 0.008 0.003 0.058 0.003 0.120 0.284 0.020 0.140 0.003 
218 TMA-ZAIN-G-    (0)   :  0.011 0.011 0.003 0.006 0.004 0.006 0.005 0.914 0.003 0.003 0.009 0.007 0.006 0.004 0.006 
219 TMA-ZAIN-G-    (0)   :  0.007 0.006 0.004 0.004 0.012 0.004 0.007 0.922 0.003 0.010 0.004 0.003 0.005 0.004 0.004 
220 TMA-ZAIN-G-    (0)   :  0.006 0.057 0.008 0.016 0.009 0.007 0.007 0.722 0.005 0.003 0.012 0.009 0.107 0.007 0.025 
221 TMA-ZAIN-G-    (0)   :  0.013 0.011 0.005 0.009 0.011 0.017 0.005 0.863 0.006 0.025 0.005 0.012 0.008 0.006 0.003 
222 TMA-ZAIN-G-    (0)   :  0.012 0.005 0.006 0.011 0.018 0.007 0.007 0.869 0.005 0.005 0.010 0.008 0.015 0.007 0.016 
223 TMA-ZAIN-G-    (0)   :  0.005 0.017 0.007 0.004 0.013 0.005 0.005 0.910 0.003 0.006 0.005 0.005 0.005 0.004 0.005 
224 TMA-ZAIN-G-    (0)   :  0.026 0.011 0.013 0.005 0.106 0.012 0.007 0.776 0.008 0.005 0.005 0.007 0.005 0.005 0.009 
225 TMA-ZAIN-G-    (0)   :  0.004 0.010 0.005 0.003 0.005 0.006 0.003 0.927 0.009 0.007 0.002 0.004 0.004 0.003 0.008 
226 TMA-ZAIN-G-    (0)   :  0.005 0.010 0.008 0.006 0.009 0.011 0.005 0.881 0.021 0.006 0.005 0.007 0.008 0.007 0.010 
227 TMA-ZAIN-G-    (0)   :  0.004 0.007 0.006 0.008 0.006 0.010 0.004 0.880 0.017 0.021 0.003 0.011 0.009 0.008 0.009 
228 TMA-ZAIN-G-    (0)   :  0.008 0.015 0.025 0.012 0.015 0.011 0.005 0.811 0.007 0.005 0.007 0.023 0.019 0.026 0.012 
229 TMA-ZAIN-G-    (0)   :  0.003 0.008 0.018 0.003 0.007 0.003 0.006 0.903 0.002 0.012 0.008 0.004 0.004 0.003 0.015 
230 TMA-ZAIN-G-    (0)   :  0.055 0.011 0.011 0.005 0.267 0.017 0.012 0.475 0.011 0.003 0.011 0.055 0.010 0.028 0.028 
231 TMA-ZAIN-G-    (0)   :  0.012 0.009 0.447 0.033 0.073 0.009 0.022 0.204 0.011 0.020 0.012 0.018 0.028 0.027 0.075 
232 TMA-ZAIN-G-    (9)   :  0.039 0.004 0.542 0.012 0.016 0.015 0.014 0.141 0.008 0.015 0.045 0.013 0.011 0.009 0.116 
233 TMA-ZAIN-G-    (0)   :  0.023 0.015 0.007 0.012 0.021 0.010 0.009 0.784 0.008 0.015 0.042 0.015 0.007 0.028 0.005 
234 TMA-ZAIN-G-    (0)   :  0.005 0.007 0.032 0.008 0.005 0.004 0.029 0.676 0.010 0.028 0.007 0.005 0.011 0.004 0.167 
235 TMA-ZAIN-G-    (0)   :  0.004 0.033 0.019 0.012 0.037 0.070 0.009 0.571 0.022 0.012 0.004 0.007 0.013 0.055 0.133 
236 TMA-ZAIN-G-    (0)   :  0.009 0.007 0.011 0.011 0.047 0.011 0.003 0.783 0.026 0.023 0.006 0.014 0.013 0.013 0.022 
237 TMA-ZAIN-G-    (0)   :  0.030 0.016 0.011 0.017 0.098 0.013 0.005 0.372 0.007 0.004 0.010 0.135 0.019 0.132 0.133 
238 TMA-ZAIN-G-    (0)   :  0.017 0.006 0.010 0.033 0.006 0.017 0.003 0.775 0.006 0.021 0.004 0.023 0.022 0.026 0.030 
239 TMA-ZAIN-G-    (0)   :  0.006 0.004 0.017 0.002 0.098 0.024 0.064 0.027 0.049 0.663 0.009 0.003 0.022 0.003 0.010 
240 TMA-ZAIN-G-    (0)   :  0.003 0.002 0.004 0.002 0.005 0.003 0.004 0.004 0.003 0.956 0.002 0.003 0.002 0.003 0.003 
241 TMA-ZAIN-G-    (0)   :  0.003 0.002 0.003 0.003 0.003 0.003 0.003 0.003 0.003 0.955 0.003 0.005 0.003 0.005 0.003 
242 TMA-ZAIN-G-    (0)   :  0.002 0.003 0.003 0.003 0.003 0.003 0.003 0.003 0.002 0.959 0.003 0.003 0.003 0.003 0.003 
243 TMA-ZAIN-G-    (0)   :  0.003 0.002 0.003 0.004 0.003 0.003 0.003 0.003 0.003 0.955 0.004 0.005 0.003 0.005 0.002 
244 TMA-ZAIN-G-    (0)   :  0.003 0.002 0.004 0.005 0.002 0.004 0.003 0.003 0.002 0.950 0.004 0.005 0.005 0.005 0.003 
245 TMA-ZAIN-G-    (9)   :  0.002 0.002 0.005 0.003 0.003 0.003 0.003 0.004 0.003 0.960 0.002 0.003 0.003 0.003 0.003 
246 TMA-ZAIN-G-    (0)   :  0.002 0.003 0.004 0.002 0.003 0.002 0.002 0.004 0.002 0.963 0.002 0.002 0.002 0.002 0.002 
247 TMA-ZAIN-G-    (0)   :  0.002 0.003 0.003 0.002 0.003 0.003 0.003 0.003 0.002 0.966 0.003 0.002 0.002 0.002 0.002 
248 TMA-ZAIN-G-    (0)   :  0.003 0.003 0.004 0.003 0.003 0.004 0.003 0.004 0.004 0.952 0.003 0.004 0.004 0.003 0.003 
249 TMA-ZAIN-G-    (0)   :  0.003 0.003 0.004 0.002 0.003 0.003 0.003 0.004 0.004 0.960 0.002 0.003 0.003 0.002 0.003 
250 TMA-ZAIN-G-    (0)   :  0.003 0.003 0.003 0.002 0.003 0.003 0.003 0.004 0.003 0.961 0.003 0.002 0.003 0.002 0.002 
251 TMA-ZAIN-G-    (0)   :  0.006 0.005 0.003 0.004 0.009 0.003 0.939 0.004 0.005 0.002 0.004 0.003 0.005 0.003 0.005 
252 TMA-ZAIN-G-    (0)   :  0.005 0.003 0.002 0.009 0.004 0.006 0.849 0.006 0.004 0.004 0.019 0.027 0.036 0.023 0.003 
253 TMA-ZAIN-G-    (0)   :  0.005 0.003 0.002 0.010 0.004 0.004 0.936 0.003 0.004 0.005 0.004 0.003 0.008 0.004 0.004 
254 TMA-ZAIN-G-    (9)   :  0.012 0.005 0.003 0.022 0.006 0.007 0.868 0.004 0.005 0.004 0.010 0.011 0.030 0.007 0.007 
255 TMA-ZAIN-G-    (0)   :  0.005 0.003 0.027 0.007 0.004 0.004 0.906 0.003 0.004 0.004 0.007 0.005 0.007 0.004 0.010 
256 TMA-ZAIN-G-    (0)   :  0.008 0.004 0.006 0.008 0.020 0.009 0.859 0.006 0.028 0.015 0.006 0.010 0.008 0.007 0.007 
257 TMA-ZAIN-G-    (0)   :  0.005 0.003 0.004 0.003 0.013 0.003 0.929 0.004 0.014 0.004 0.003 0.004 0.003 0.003 0.004 
258 TMA-ZAIN-G-    (0)   :  0.003 0.003 0.002 0.003 0.006 0.003 0.953 0.003 0.005 0.004 0.004 0.002 0.003 0.003 0.003 
259 TMA-ZAIN-G-    (0)   :  0.004 0.005 0.005 0.003 0.019 0.004 0.925 0.005 0.006 0.006 0.006 0.004 0.003 0.003 0.003 
260 TMA-ZAIN-G-    (0)   :  0.005 0.005 0.005 0.003 0.015 0.004 0.924 0.004 0.006 0.004 0.009 0.004 0.005 0.004 0.003 
261 TMA-ZAIN-G-   (18)   :  0.010 0.012 0.005 0.005 0.022 0.006 0.894 0.005 0.007 0.003 0.009 0.005 0.007 0.004 0.005 
262 TMA-ZAIN-G-    (0)   :  0.004 0.003 0.003 0.003 0.008 0.003 0.945 0.004 0.006 0.004 0.003 0.003 0.003 0.003 0.004 
263 TMA-ZAIN-G-    (0)   :  0.004 0.004 0.004 0.004 0.009 0.003 0.944 0.004 0.004 0.003 0.003 0.003 0.004 0.003 0.006 
264 TMA-ZAIN-G-    (0)   :  0.005 0.004 0.004 0.005 0.006 0.003 0.939 0.004 0.005 0.003 0.004 0.004 0.005 0.004 0.007 
265 TMA-ZAIN-G-    (0)   :  0.028 0.021 0.006 0.021 0.420 0.019 0.103 0.233 0.010 0.019 0.024 0.063 0.014 0.009 0.010 
266 TMA-ZAIN-G-    (0)   :  0.143 0.058 0.011 0.018 0.019 0.032 0.569 0.014 0.037 0.009 0.019 0.019 0.036 0.009 0.008 
267 TMA-ZAIN-G-    (0)   :  0.019 0.071 0.388 0.005 0.203 0.009 0.143 0.017 0.008 0.029 0.018 0.037 0.020 0.016 0.016 
268 TMA-ZAIN-G-    (0)   :  0.003 0.004 0.949 0.003 0.005 0.002 0.003 0.004 0.003 0.004 0.003 0.003 0.003 0.003 0.008 
269 TMA-ZAIN-G-    (0)   :  0.004 0.006 0.926 0.003 0.015 0.003 0.003 0.006 0.003 0.003 0.003 0.004 0.004 0.004 0.011 
270 TMA-ZAIN-G-    (0)   :  0.004 0.006 0.910 0.003 0.031 0.003 0.004 0.007 0.003 0.004 0.003 0.004 0.004 0.004 0.009 
271 TMA-ZAIN-G-    (0)   :  0.003 0.005 0.941 0.003 0.009 0.003 0.003 0.004 0.003 0.004 0.003 0.004 0.004 0.003 0.008 
272 TMA-ZAIN-G-    (0)   :  0.004 0.008 0.928 0.003 0.011 0.003 0.003 0.011 0.003 0.004 0.003 0.004 0.003 0.004 0.007 
273 TMA-ZAIN-G-    (0)   :  0.003 0.005 0.941 0.002 0.006 0.003 0.003 0.011 0.003 0.007 0.002 0.003 0.002 0.003 0.007 
274 TMA-ZAIN-G-    (0)   :  0.005 0.009 0.866 0.006 0.007 0.021 0.006 0.012 0.026 0.005 0.007 0.006 0.004 0.011 0.010 
275 TMA-ZAIN-G-    (0)   :  0.003 0.004 0.956 0.003 0.003 0.003 0.002 0.005 0.003 0.004 0.002 0.003 0.002 0.002 0.004 
276 TMA-ZAIN-G-    (0)   :  0.002 0.003 0.941 0.005 0.004 0.003 0.003 0.005 0.003 0.006 0.004 0.005 0.004 0.006 0.006 
277 TMA-ZAIN-G-    (0)   :  0.003 0.004 0.907 0.005 0.004 0.004 0.006 0.006 0.005 0.024 0.005 0.005 0.006 0.007 0.010 
278 TMA-ZAIN-G-    (0)   :  0.003 0.004 0.942 0.002 0.008 0.003 0.004 0.006 0.003 0.011 0.003 0.003 0.003 0.003 0.004 
279 TMA-ZAIN-G-    (0)   :  0.004 0.006 0.941 0.003 0.003 0.004 0.003 0.009 0.004 0.005 0.002 0.003 0.003 0.003 0.006 
280 TMA-ZAIN-G-    (0)   :  0.007 0.007 0.901 0.005 0.005 0.006 0.003 0.020 0.007 0.006 0.002 0.004 0.004 0.003 0.020 
281 TMA-ZAIN-G-    (0)   :  0.005 0.006 0.920 0.003 0.007 0.003 0.004 0.009 0.006 0.008 0.003 0.004 0.004 0.003 0.016 
282 TMA-ZAIN-G-    (9)   :  0.003 0.004 0.946 0.003 0.005 0.002 0.004 0.005 0.003 0.008 0.003 0.003 0.003 0.003 0.007 
283 TMA-ZAIN-G-    (0)   :  0.012 0.030 0.678 0.012 0.034 0.007 0.108 0.034 0.004 0.011 0.005 0.005 0.014 0.012 0.034 
284 TMA-ZAIN-G-    (0)   :  0.018 0.034 0.576 0.019 0.054 0.010 0.118 0.059 0.005 0.009 0.005 0.007 0.015 0.008 0.064 
285 TMA-ZAIN-G-    (0)   :  0.006 0.012 0.785 0.015 0.008 0.018 0.033 0.018 0.008 0.018 0.015 0.003 0.008 0.036 0.017 
286 TMA-ZAIN-G-    (0)   :  0.003 0.005 0.938 0.002 0.009 0.003 0.006 0.006 0.003 0.006 0.002 0.003 0.003 0.003 0.009 
287 TMA-ZAIN-G-    (0)   :  0.003 0.005 0.912 0.004 0.006 0.009 0.005 0.006 0.009 0.007 0.007 0.003 0.003 0.012 0.009 
288 TMA-ZAIN-G-    (0)   :  0.007 0.032 0.770 0.011 0.008 0.039 0.010 0.021 0.033 0.004 0.008 0.010 0.007 0.019 0.021 
289 TMA-ZAIN-G-    (0)   :  0.004 0.010 0.880 0.006 0.008 0.014 0.007 0.007 0.015 0.006 0.009 0.006 0.005 0.016 0.009 
290 TMA-ZAIN-G-    (0)   :  0.014 0.018 0.792 0.009 0.006 0.009 0.008 0.018 0.009 0.004 0.003 0.008 0.008 0.004 0.091 
291 TMA-ZAIN-G-    (0)   :  0.005 0.038 0.013 0.005 0.009 0.006 0.009 0.877 0.005 0.006 0.004 0.004 0.005 0.004 0.011 
292 TMA-ZAIN-G-    (0)   :  0.041 0.010 0.014 0.072 0.009 0.031 0.004 0.026 0.020 0.016 0.006 0.651 0.034 0.055 0.011 
293 TMA-ZAIN-G-    (0)   :  0.043 0.015 0.004 0.031 0.058 0.077 0.018 0.012 0.020 0.030 0.028 0.268 0.378 0.016 0.004 
294 TMA-ZAIN-G-    (0)   :  0.006 0.004 0.003 0.007 0.007 0.006 0.004 0.003 0.004 0.004 0.007 0.894 0.037 0.012 0.003 
295 TMA-ZAIN-G-    (9)   :  0.007 0.012 0.006 0.011 0.009 0.010 0.005 0.006 0.004 0.006 0.010 0.806 0.067 0.037 0.003 
296 TMA-ZAIN-G-    (0)   :  0.056 0.011 0.005 0.013 0.025 0.014 0.007 0.008 0.036 0.004 0.005 0.595 0.206 0.009 0.008 
297 TMA-ZAIN-G-    (0)   :  0.076 0.015 0.009 0.280 0.020 0.027 0.024 0.008 0.117 0.006 0.024 0.067 0.272 0.051 0.005 
