

----------------------------------------------------
STRUCTURE by Pritchard, Stephens and Donnelly (2000)
     and Falush, Stephens and Pritchard (2003)
       Code by Pritchard, Falush and Hubisz
             Version 2.3.4 (Jul 2012)
----------------------------------------------------



Command line arguments:   bin\structure -m C:\Users\eschumacher\Documents\GitHub\GCC_QUAC_ZAIN\Data_Files\Structure_Files\ZAIN\ZAIN_rebinned_garden_wild_nopopinfo\50-50\mainparams -e C:\Users\eschumacher\Documents\GitHub\GCC_QUAC_ZAIN\Data_Files\Structure_Files\ZAIN\ZAIN_rebinned_garden_wild_nopopinfo\50-50\extraparams 
Input File:    C:\Users\eschumacher\Documents\GitHub\GCC_QUAC_ZAIN\Data_Files\Structure_Files\ZAIN\ZAIN_rebinned_garden_wild_nopopinfo\project_data

Run parameters:
   1133 individuals
   11 loci
   15 populations assumed
   50000 Burn-in period
   50000 Reps


--------------------------------------------
Overall proportion of membership of the
sample in each of the 15 clusters

Inferred Clusters
  1      2      3      4      5      6      7      8      9     10     11     12     13     14     15    
0.051  0.131  0.057  0.125  0.060  0.051  0.042  0.051  0.052  0.046  0.142  0.036  0.076  0.037  0.045  

--------------------------------------------

Allele-freq. divergence among pops (Net nucleotide distance),
computed using point estimates of P.

      1       2       3       4       5       6       7       8       9      10      11      12      13      14      15      
 1      -    0.2385  0.1554  0.3842  0.2993  0.1318  0.1690  0.1757  0.1303  0.1271  0.3648  0.2896  0.2330  0.1013  0.1972  
 2   0.2385     -    0.1442  0.1315  0.2024  0.1414  0.1591  0.2385  0.1706  0.1945  0.1015  0.1460  0.1612  0.1779  0.2169  
 3   0.1554  0.1442     -    0.3061  0.1474  0.0552  0.0738  0.1173  0.1092  0.1423  0.2859  0.2196  0.2340  0.0909  0.1236  
 4   0.3842  0.1315  0.3061     -    0.3765  0.2757  0.3593  0.3976  0.3209  0.3129  0.1575  0.2368  0.2822  0.3130  0.3400  
 5   0.2993  0.2024  0.1474  0.3765     -    0.1997  0.1870  0.3205  0.2833  0.2602  0.2970  0.2489  0.2125  0.2643  0.2666  
 6   0.1318  0.1414  0.0552  0.2757  0.1997     -    0.0707  0.0662  0.0471  0.0763  0.2373  0.1742  0.2344  0.0502  0.0510  
 7   0.1690  0.1591  0.0738  0.3593  0.1870  0.0707     -    0.1245  0.1155  0.1740  0.2562  0.1895  0.1927  0.0930  0.1516  
 8   0.1757  0.2385  0.1173  0.3976  0.3205  0.0662  0.1245     -    0.0445  0.1301  0.2841  0.2932  0.3010  0.0994  0.0972  
 9   0.1303  0.1706  0.1092  0.3209  0.2833  0.0471  0.1155  0.0445     -    0.0959  0.2428  0.2133  0.2336  0.0543  0.0700  
10   0.1271  0.1945  0.1423  0.3129  0.2602  0.0763  0.1740  0.1301  0.0959     -    0.2790  0.2252  0.2510  0.1073  0.0847  
11   0.3648  0.1015  0.2859  0.1575  0.2970  0.2373  0.2562  0.2841  0.2428  0.2790     -    0.2251  0.1862  0.2681  0.2941  
12   0.2896  0.1460  0.2196  0.2368  0.2489  0.1742  0.1895  0.2932  0.2133  0.2252  0.2251     -    0.2077  0.1853  0.2216  
13   0.2330  0.1612  0.2340  0.2822  0.2125  0.2344  0.1927  0.3010  0.2336  0.2510  0.1862  0.2077     -    0.2304  0.3117  
14   0.1013  0.1779  0.0909  0.3130  0.2643  0.0502  0.0930  0.0994  0.0543  0.1073  0.2681  0.1853  0.2304     -    0.0817  
15   0.1972  0.2169  0.1236  0.3400  0.2666  0.0510  0.1516  0.0972  0.0700  0.0847  0.2941  0.2216  0.3117  0.0817     -    

Average distances (expected heterozygosity) between individuals in same cluster:
cluster  1  : 0.3508 
cluster  2  : 0.5446 
cluster  3  : 0.4256 
cluster  4  : 0.4052 
cluster  5  : 0.2229 
cluster  6  : 0.4205 
cluster  7  : 0.3459 
cluster  8  : 0.3091 
cluster  9  : 0.3723 
cluster 10  : 0.3879 
cluster 11  : 0.4652 
cluster 12  : 0.2557 
cluster 13  : 0.3665 
cluster 14  : 0.3926 
cluster 15  : 0.2696 

--------------------------------------------
Estimated Ln Prob of Data   = -20981.3
Mean value of ln likelihood = -20052.5
Variance of ln likelihood   = 1857.5
Mean value of alpha         = 0.0354

Mean value of Fst_1         = 0.4060
Mean value of Fst_2         = 0.1799
Mean value of Fst_3         = 0.3109
Mean value of Fst_4         = 0.4519
Mean value of Fst_5         = 0.6152
Mean value of Fst_6         = 0.2546
Mean value of Fst_7         = 0.5026
Mean value of Fst_8         = 0.4575
Mean value of Fst_9         = 0.3674
Mean value of Fst_10         = 0.3805
Mean value of Fst_11         = 0.4080
Mean value of Fst_12         = 0.6048
Mean value of Fst_13         = 0.4676
Mean value of Fst_14         = 0.2946
Mean value of Fst_15         = 0.4312


Inferred ancestry of individuals:
        Label (%Miss) :  Inferred clusters
  1 TMA-ZAIN-G-    (9)   :  0.007 0.050 0.041 0.010 0.035 0.007 0.010 0.007 0.010 0.004 0.656 0.007 0.009 0.141 0.006 
  2 TMA-ZAIN-G-    (0)   :  0.004 0.008 0.008 0.007 0.007 0.015 0.005 0.014 0.009 0.130 0.651 0.013 0.022 0.090 0.018 
  3 TMA-ZAIN-G-    (0)   :  0.069 0.006 0.046 0.003 0.031 0.100 0.096 0.092 0.378 0.015 0.006 0.008 0.009 0.119 0.022 
  4 TMA-ZAIN-G-    (0)   :  0.040 0.005 0.007 0.004 0.014 0.020 0.011 0.095 0.145 0.011 0.008 0.573 0.018 0.026 0.023 
  5 TMA-ZAIN-G-    (0)   :  0.002 0.004 0.002 0.006 0.002 0.003 0.003 0.003 0.004 0.002 0.952 0.005 0.006 0.003 0.002 
  6 TMA-ZAIN-G-    (0)   :  0.075 0.073 0.024 0.036 0.017 0.073 0.109 0.017 0.217 0.020 0.036 0.037 0.019 0.240 0.007 
  7 TMA-ZAIN-G-    (0)   :  0.008 0.010 0.025 0.005 0.034 0.241 0.149 0.031 0.057 0.019 0.010 0.085 0.010 0.242 0.074 
  8 TMA-ZAIN-G-    (0)   :  0.008 0.003 0.008 0.002 0.004 0.009 0.889 0.015 0.013 0.008 0.004 0.004 0.008 0.016 0.008 
  9 TMA-ZAIN-G-    (9)   :  0.015 0.006 0.030 0.005 0.007 0.412 0.017 0.021 0.125 0.042 0.005 0.006 0.005 0.212 0.091 
 10 TMA-ZAIN-G-    (0)   :  0.030 0.010 0.121 0.005 0.012 0.192 0.046 0.018 0.151 0.027 0.003 0.010 0.010 0.183 0.183 
 11 TMA-ZAIN-G-    (0)   :  0.006 0.007 0.086 0.005 0.009 0.280 0.011 0.007 0.026 0.015 0.006 0.021 0.007 0.076 0.439 
 12 TMA-ZAIN-G-    (0)   :  0.005 0.005 0.026 0.003 0.019 0.042 0.014 0.260 0.572 0.006 0.005 0.004 0.004 0.017 0.016 
 13 TMA-ZAIN-G-    (9)   :  0.014 0.020 0.054 0.064 0.071 0.428 0.023 0.022 0.012 0.112 0.032 0.014 0.014 0.016 0.102 
 14 TMA-ZAIN-G-    (9)   :  0.007 0.010 0.074 0.011 0.777 0.022 0.008 0.008 0.016 0.015 0.003 0.005 0.009 0.011 0.026 
 15 TMA-ZAIN-G-    (0)   :  0.009 0.004 0.112 0.002 0.629 0.007 0.008 0.005 0.008 0.004 0.003 0.003 0.007 0.194 0.004 
 16 TMA-ZAIN-G-    (0)   :  0.006 0.006 0.017 0.004 0.006 0.076 0.007 0.141 0.418 0.010 0.004 0.005 0.004 0.009 0.288 
 17 TMA-ZAIN-G-    (9)   :  0.007 0.018 0.625 0.010 0.015 0.020 0.093 0.010 0.007 0.005 0.008 0.125 0.021 0.026 0.010 
 18 TMA-ZAIN-G-    (0)   :  0.007 0.083 0.010 0.007 0.012 0.006 0.016 0.018 0.012 0.004 0.761 0.013 0.043 0.005 0.005 
 19 TMA-ZAIN-G-    (0)   :  0.004 0.737 0.018 0.019 0.012 0.029 0.057 0.019 0.012 0.007 0.014 0.039 0.004 0.012 0.017 
 20 TMA-ZAIN-G-    (0)   :  0.004 0.797 0.003 0.091 0.004 0.003 0.004 0.003 0.003 0.005 0.039 0.008 0.029 0.004 0.004 
 21 TMA-ZAIN-G-    (0)   :  0.005 0.005 0.006 0.938 0.002 0.005 0.003 0.004 0.005 0.003 0.003 0.004 0.005 0.008 0.004 
 22 TMA-ZAIN-G-    (0)   :  0.002 0.013 0.003 0.881 0.003 0.003 0.003 0.002 0.004 0.003 0.060 0.010 0.006 0.003 0.003 
 23 TMA-ZAIN-G-    (0)   :  0.004 0.043 0.007 0.855 0.007 0.009 0.010 0.006 0.007 0.005 0.019 0.009 0.004 0.005 0.008 
 24 TMA-ZAIN-G-    (9)   :  0.076 0.003 0.014 0.636 0.017 0.010 0.003 0.008 0.005 0.192 0.007 0.003 0.006 0.011 0.008 
 25 TMA-ZAIN-G-    (9)   :  0.004 0.516 0.006 0.025 0.003 0.004 0.003 0.005 0.004 0.028 0.093 0.004 0.005 0.294 0.006 
 26 TMA-ZAIN-G-    (9)   :  0.006 0.005 0.020 0.021 0.008 0.015 0.010 0.005 0.006 0.019 0.006 0.009 0.437 0.419 0.015 
 27 TMA-ZAIN-G-    (0)   :  0.012 0.647 0.024 0.012 0.058 0.009 0.013 0.004 0.010 0.004 0.120 0.023 0.015 0.038 0.010 
 28 TMA-ZAIN-G-    (0)   :  0.008 0.877 0.007 0.004 0.012 0.010 0.019 0.006 0.010 0.005 0.011 0.006 0.006 0.013 0.006 
 29 TMA-ZAIN-G-    (0)   :  0.689 0.243 0.006 0.004 0.005 0.004 0.004 0.004 0.004 0.005 0.004 0.004 0.017 0.004 0.004 
 30 TMA-ZAIN-G-    (0)   :  0.037 0.305 0.237 0.005 0.051 0.113 0.017 0.038 0.048 0.072 0.004 0.008 0.006 0.032 0.028 
 31 TMA-ZAIN-G-    (0)   :  0.006 0.010 0.003 0.011 0.007 0.004 0.007 0.004 0.004 0.010 0.837 0.021 0.061 0.008 0.007 
 32 TMA-ZAIN-G-    (9)   :  0.004 0.016 0.054 0.042 0.012 0.011 0.006 0.039 0.085 0.006 0.524 0.005 0.006 0.179 0.013 
 33 TMA-ZAIN-G-   (18)   :  0.008 0.004 0.014 0.003 0.005 0.021 0.015 0.031 0.016 0.006 0.004 0.003 0.003 0.853 0.013 
 34 TMA-ZAIN-G-    (0)   :  0.005 0.012 0.009 0.024 0.005 0.014 0.008 0.087 0.354 0.012 0.096 0.006 0.008 0.348 0.012 
 35 TMA-ZAIN-G-    (9)   :  0.029 0.007 0.028 0.003 0.014 0.014 0.010 0.018 0.376 0.014 0.008 0.007 0.008 0.452 0.009 
 36 TMA-ZAIN-G-    (0)   :  0.011 0.005 0.092 0.003 0.090 0.105 0.046 0.012 0.015 0.210 0.004 0.008 0.016 0.359 0.025 
 37 TMA-ZAIN-G-    (9)   :  0.004 0.004 0.005 0.003 0.004 0.007 0.010 0.005 0.007 0.005 0.004 0.008 0.005 0.925 0.004 
 38 TMA-ZAIN-G-   (18)   :  0.006 0.025 0.029 0.031 0.018 0.009 0.005 0.011 0.017 0.010 0.485 0.014 0.007 0.320 0.013 
 39 TMA-ZAIN-G-    (0)   :  0.013 0.005 0.039 0.005 0.004 0.078 0.017 0.066 0.079 0.545 0.003 0.008 0.008 0.088 0.044 
 40 TMA-ZAIN-G-    (0)   :  0.006 0.004 0.336 0.007 0.004 0.052 0.009 0.072 0.012 0.080 0.003 0.016 0.005 0.375 0.021 
 41 TMA-ZAIN-G-    (0)   :  0.006 0.004 0.659 0.003 0.017 0.014 0.023 0.028 0.006 0.150 0.003 0.003 0.005 0.067 0.013 
 42 TMA-ZAIN-G-    (9)   :  0.009 0.003 0.757 0.002 0.101 0.009 0.055 0.009 0.005 0.009 0.003 0.005 0.016 0.011 0.005 
 43 TMA-ZAIN-G-    (0)   :  0.014 0.004 0.013 0.003 0.907 0.005 0.020 0.003 0.004 0.005 0.003 0.004 0.005 0.004 0.007 
 44 TMA-ZAIN-G-    (0)   :  0.007 0.006 0.006 0.753 0.004 0.019 0.006 0.006 0.015 0.030 0.005 0.009 0.004 0.044 0.083 
 45 TMA-ZAIN-G-    (0)   :  0.006 0.009 0.146 0.006 0.017 0.099 0.017 0.061 0.318 0.013 0.005 0.016 0.009 0.081 0.199 
 46 TMA-ZAIN-G-    (0)   :  0.003 0.004 0.003 0.942 0.004 0.003 0.003 0.002 0.003 0.005 0.003 0.009 0.005 0.004 0.006 
 47 TMA-ZAIN-G-    (0)   :  0.004 0.004 0.004 0.003 0.004 0.004 0.006 0.005 0.006 0.004 0.004 0.013 0.932 0.004 0.003 
 48 TMA-ZAIN-G-    (0)   :  0.015 0.017 0.104 0.027 0.035 0.215 0.103 0.011 0.034 0.011 0.006 0.147 0.166 0.052 0.057 
 49 TMA-ZAIN-G-    (9)   :  0.046 0.791 0.006 0.006 0.004 0.008 0.007 0.030 0.038 0.005 0.019 0.017 0.007 0.007 0.008 
 50 TMA-ZAIN-G-    (0)   :  0.003 0.829 0.063 0.006 0.009 0.011 0.011 0.010 0.004 0.028 0.007 0.005 0.003 0.006 0.005 
 51 TMA-ZAIN-G-    (0)   :  0.006 0.749 0.025 0.009 0.094 0.013 0.011 0.003 0.008 0.010 0.007 0.018 0.018 0.010 0.018 
 52 TMA-ZAIN-G-    (0)   :  0.003 0.606 0.009 0.012 0.029 0.024 0.011 0.016 0.012 0.007 0.006 0.204 0.047 0.006 0.009 
 53 TMA-ZAIN-G-    (0)   :  0.006 0.341 0.015 0.010 0.060 0.014 0.013 0.003 0.009 0.020 0.287 0.086 0.096 0.010 0.029 
 54 TMA-ZAIN-G-    (0)   :  0.004 0.009 0.012 0.005 0.012 0.008 0.011 0.007 0.007 0.004 0.005 0.004 0.902 0.004 0.007 
 55 TMA-ZAIN-G-    (0)   :  0.003 0.029 0.047 0.007 0.022 0.016 0.014 0.010 0.008 0.004 0.004 0.004 0.821 0.004 0.007 
 56 TMA-ZAIN-G-    (0)   :  0.021 0.036 0.167 0.007 0.021 0.114 0.049 0.009 0.025 0.019 0.008 0.412 0.050 0.039 0.023 
 57 TMA-ZAIN-G-    (0)   :  0.008 0.020 0.005 0.003 0.006 0.011 0.006 0.044 0.013 0.010 0.008 0.012 0.831 0.012 0.010 
 58 TMA-ZAIN-G-    (0)   :  0.006 0.666 0.015 0.129 0.008 0.011 0.038 0.016 0.009 0.003 0.043 0.012 0.029 0.009 0.005 
 59 TMA-ZAIN-G-    (0)   :  0.017 0.025 0.016 0.025 0.008 0.051 0.027 0.013 0.026 0.014 0.547 0.035 0.014 0.140 0.040 
 60 TMA-ZAIN-G-    (0)   :  0.006 0.187 0.016 0.007 0.129 0.011 0.022 0.005 0.008 0.006 0.494 0.043 0.020 0.025 0.020 
 61 TMA-ZAIN-G-    (0)   :  0.003 0.009 0.003 0.020 0.004 0.004 0.004 0.003 0.005 0.003 0.890 0.032 0.012 0.006 0.003 
 62 TMA-ZAIN-G-    (9)   :  0.007 0.040 0.036 0.017 0.006 0.032 0.009 0.023 0.094 0.017 0.652 0.003 0.010 0.030 0.025 
 63 TMA-ZAIN-G-    (0)   :  0.003 0.010 0.006 0.008 0.008 0.005 0.007 0.007 0.007 0.003 0.904 0.013 0.011 0.005 0.004 
 64 TMA-ZAIN-G-    (0)   :  0.931 0.003 0.005 0.003 0.005 0.008 0.004 0.004 0.006 0.009 0.002 0.004 0.003 0.005 0.009 
 65 TMA-ZAIN-G-    (9)   :  0.874 0.003 0.006 0.002 0.006 0.011 0.008 0.021 0.029 0.006 0.003 0.005 0.007 0.011 0.007 
 66 TMA-ZAIN-G-    (0)   :  0.838 0.003 0.008 0.003 0.005 0.022 0.007 0.010 0.022 0.013 0.003 0.005 0.004 0.017 0.040 
 67 TMA-ZAIN-G-    (0)   :  0.661 0.012 0.011 0.012 0.004 0.036 0.006 0.015 0.063 0.100 0.004 0.004 0.005 0.016 0.051 
 68 TMA-ZAIN-G-    (0)   :  0.935 0.003 0.005 0.002 0.006 0.005 0.009 0.005 0.005 0.004 0.002 0.004 0.004 0.005 0.005 
 69 TMA-ZAIN-G-    (0)   :  0.687 0.015 0.006 0.024 0.015 0.016 0.007 0.030 0.082 0.034 0.015 0.022 0.008 0.011 0.029 
 70 TMA-ZAIN-G-    (0)   :  0.013 0.004 0.006 0.004 0.005 0.020 0.004 0.008 0.012 0.865 0.003 0.004 0.003 0.009 0.041 
 71 TMA-ZAIN-G-    (0)   :  0.005 0.004 0.007 0.003 0.004 0.009 0.004 0.012 0.014 0.855 0.003 0.003 0.003 0.009 0.063 
 72 TMA-ZAIN-G-    (0)   :  0.013 0.005 0.008 0.003 0.006 0.018 0.006 0.006 0.011 0.895 0.003 0.005 0.006 0.008 0.007 
 73 TMA-ZAIN-G-    (0)   :  0.006 0.022 0.005 0.030 0.003 0.007 0.006 0.008 0.012 0.842 0.022 0.004 0.018 0.007 0.009 
 74 TMA-ZAIN-G-    (0)   :  0.005 0.005 0.006 0.005 0.003 0.008 0.005 0.010 0.010 0.913 0.004 0.003 0.005 0.008 0.010 
 75 TMA-ZAIN-G-    (0)   :  0.005 0.005 0.005 0.003 0.004 0.006 0.006 0.008 0.012 0.915 0.004 0.005 0.007 0.005 0.010 
 76 TMA-ZAIN-G-    (0)   :  0.005 0.007 0.005 0.013 0.003 0.007 0.004 0.008 0.012 0.858 0.004 0.003 0.003 0.007 0.060 
 77 TMA-ZAIN-G-    (0)   :  0.006 0.005 0.008 0.005 0.006 0.014 0.004 0.004 0.007 0.914 0.003 0.008 0.004 0.005 0.007 
 78 TMA-ZAIN-G-    (0)   :  0.004 0.010 0.004 0.011 0.005 0.021 0.006 0.006 0.015 0.867 0.005 0.008 0.006 0.005 0.026 
 79 TMA-ZAIN-G-    (0)   :  0.004 0.006 0.006 0.008 0.007 0.069 0.005 0.006 0.008 0.820 0.004 0.025 0.004 0.005 0.023 
 80 TMA-ZAIN-G-    (0)   :  0.020 0.005 0.015 0.004 0.004 0.091 0.011 0.073 0.062 0.634 0.003 0.007 0.011 0.018 0.042 
 81 TMA-ZAIN-G-    (0)   :  0.005 0.008 0.011 0.007 0.008 0.035 0.009 0.012 0.021 0.601 0.003 0.030 0.006 0.019 0.225 
 82 TMA-ZAIN-G-    (0)   :  0.163 0.005 0.006 0.003 0.006 0.015 0.016 0.045 0.407 0.046 0.005 0.009 0.018 0.040 0.215 
 83 TMA-ZAIN-G-    (9)   :  0.026 0.020 0.008 0.031 0.005 0.036 0.020 0.137 0.509 0.011 0.051 0.005 0.019 0.109 0.013 
 84 TMA-ZAIN-G-    (0)   :  0.005 0.009 0.010 0.019 0.006 0.046 0.007 0.013 0.014 0.602 0.004 0.011 0.004 0.015 0.237 
 85 TMA-ZAIN-G-    (0)   :  0.003 0.004 0.003 0.004 0.004 0.004 0.004 0.003 0.004 0.003 0.004 0.950 0.003 0.003 0.004 
 86 TMA-ZAIN-G-    (0)   :  0.005 0.004 0.008 0.006 0.003 0.011 0.010 0.009 0.010 0.005 0.004 0.893 0.005 0.015 0.011 
 87 TMA-ZAIN-G-    (0)   :  0.003 0.004 0.003 0.005 0.003 0.004 0.004 0.003 0.003 0.003 0.004 0.950 0.004 0.003 0.004 
 88 TMA-ZAIN-G-    (0)   :  0.028 0.009 0.009 0.010 0.016 0.054 0.009 0.082 0.089 0.020 0.154 0.409 0.057 0.019 0.034 
 89 TMA-ZAIN-G-    (0)   :  0.022 0.006 0.010 0.030 0.036 0.043 0.006 0.030 0.025 0.029 0.022 0.287 0.382 0.017 0.054 
 90 TMA-ZAIN-G-    (0)   :  0.013 0.006 0.004 0.004 0.004 0.005 0.005 0.023 0.035 0.004 0.014 0.833 0.035 0.009 0.004 
 91 TMA-ZAIN-G-    (0)   :  0.011 0.013 0.007 0.006 0.013 0.010 0.013 0.008 0.012 0.008 0.048 0.779 0.039 0.018 0.016 
 92 TMA-ZAIN-G-    (0)   :  0.007 0.041 0.010 0.037 0.015 0.013 0.007 0.004 0.011 0.011 0.009 0.548 0.268 0.009 0.011 
 93 TMA-ZAIN-G-    (0)   :  0.008 0.067 0.008 0.015 0.026 0.008 0.007 0.003 0.009 0.008 0.048 0.304 0.473 0.009 0.008 
 94 TMA-ZAIN-G-    (0)   :  0.005 0.014 0.003 0.009 0.007 0.005 0.005 0.003 0.005 0.005 0.096 0.780 0.051 0.006 0.005 
 95 TMA-ZAIN-G-    (0)   :  0.014 0.839 0.032 0.006 0.024 0.012 0.005 0.009 0.006 0.021 0.008 0.005 0.005 0.009 0.005 
 96 TMA-ZAIN-G-    (0)   :  0.005 0.739 0.162 0.005 0.016 0.006 0.009 0.009 0.006 0.003 0.005 0.010 0.006 0.015 0.005 
 97 TMA-ZAIN-G-    (0)   :  0.007 0.010 0.004 0.006 0.008 0.006 0.006 0.004 0.004 0.015 0.887 0.009 0.012 0.008 0.012 
 98 TMA-ZAIN-G-    (0)   :  0.005 0.004 0.004 0.004 0.006 0.005 0.007 0.003 0.004 0.015 0.908 0.008 0.010 0.008 0.010 
 99 TMA-ZAIN-G-    (0)   :  0.013 0.006 0.028 0.012 0.005 0.078 0.007 0.016 0.057 0.006 0.666 0.005 0.003 0.046 0.051 
100 TMA-ZAIN-G-    (0)   :  0.005 0.017 0.003 0.017 0.008 0.004 0.005 0.003 0.004 0.006 0.853 0.036 0.025 0.008 0.005 
101 TMA-ZAIN-G-    (0)   :  0.007 0.008 0.004 0.005 0.006 0.014 0.006 0.006 0.005 0.009 0.878 0.004 0.012 0.008 0.028 
102 TMA-ZAIN-G-    (0)   :  0.012 0.054 0.056 0.219 0.029 0.026 0.010 0.050 0.025 0.016 0.439 0.036 0.009 0.012 0.009 
103 TMA-ZAIN-G-    (0)   :  0.007 0.030 0.011 0.017 0.007 0.015 0.014 0.020 0.024 0.008 0.790 0.030 0.005 0.009 0.015 
104 TMA-ZAIN-G-    (0)   :  0.003 0.006 0.003 0.006 0.004 0.004 0.005 0.004 0.004 0.004 0.941 0.004 0.005 0.003 0.003 
105 TMA-ZAIN-G-    (0)   :  0.006 0.020 0.012 0.008 0.007 0.016 0.016 0.025 0.033 0.008 0.776 0.044 0.006 0.009 0.016 
106 TMA-ZAIN-G-    (0)   :  0.046 0.005 0.340 0.003 0.088 0.147 0.036 0.067 0.019 0.078 0.004 0.007 0.006 0.110 0.045 
107 TMA-ZAIN-G-    (0)   :  0.015 0.004 0.016 0.003 0.011 0.341 0.018 0.231 0.100 0.112 0.005 0.006 0.007 0.095 0.037 
108 TMA-ZAIN-G-    (9)   :  0.004 0.033 0.013 0.039 0.016 0.009 0.007 0.008 0.018 0.008 0.195 0.026 0.010 0.597 0.018 
109 TMA-ZAIN-G-    (0)   :  0.127 0.048 0.066 0.005 0.025 0.089 0.039 0.170 0.060 0.007 0.272 0.014 0.048 0.017 0.013 
110 TMA-ZAIN-G-    (0)   :  0.007 0.087 0.055 0.141 0.016 0.207 0.047 0.056 0.080 0.019 0.063 0.024 0.017 0.132 0.049 
111 TMA-ZAIN-G-    (9)   :  0.009 0.072 0.011 0.134 0.004 0.017 0.007 0.108 0.167 0.038 0.381 0.007 0.018 0.009 0.018 
112 TMA-ZAIN-G-    (0)   :  0.017 0.117 0.123 0.054 0.031 0.048 0.038 0.065 0.070 0.014 0.250 0.016 0.021 0.026 0.111 
113 TMA-ZAIN-G-    (0)   :  0.010 0.004 0.004 0.009 0.005 0.009 0.007 0.015 0.010 0.024 0.844 0.006 0.019 0.013 0.020 
114 TMA-ZAIN-G-    (0)   :  0.003 0.006 0.002 0.010 0.002 0.004 0.003 0.004 0.004 0.003 0.943 0.007 0.004 0.004 0.003 
115 TMA-ZAIN-G-    (0)   :  0.003 0.004 0.003 0.005 0.004 0.004 0.003 0.006 0.004 0.004 0.946 0.003 0.004 0.003 0.003 
116 TMA-ZAIN-G-    (0)   :  0.009 0.005 0.006 0.003 0.005 0.010 0.015 0.214 0.668 0.010 0.005 0.005 0.010 0.028 0.007 
117 TMA-ZAIN-G-    (0)   :  0.156 0.010 0.031 0.003 0.054 0.051 0.111 0.027 0.307 0.055 0.006 0.030 0.027 0.094 0.037 
118 TMA-ZAIN-G-    (0)   :  0.019 0.006 0.011 0.003 0.016 0.016 0.011 0.216 0.649 0.010 0.005 0.006 0.008 0.014 0.009 
119 TMA-ZAIN-G-    (0)   :  0.020 0.018 0.007 0.015 0.006 0.014 0.013 0.210 0.590 0.043 0.019 0.005 0.009 0.024 0.008 
120 TMA-ZAIN-G-    (0)   :  0.015 0.008 0.011 0.004 0.042 0.019 0.016 0.112 0.706 0.015 0.007 0.012 0.009 0.016 0.010 
121 TMA-ZAIN-G-    (0)   :  0.049 0.006 0.015 0.003 0.011 0.025 0.026 0.028 0.688 0.012 0.005 0.006 0.009 0.108 0.008 
122 TMA-ZAIN-G-    (0)   :  0.009 0.005 0.010 0.003 0.008 0.016 0.032 0.009 0.010 0.006 0.004 0.020 0.005 0.855 0.007 
123 TMA-ZAIN-G-    (0)   :  0.004 0.010 0.005 0.008 0.012 0.005 0.005 0.005 0.005 0.005 0.912 0.009 0.005 0.005 0.007 
124 TMA-ZAIN-G-    (0)   :  0.004 0.004 0.021 0.003 0.007 0.012 0.906 0.006 0.007 0.004 0.004 0.006 0.003 0.007 0.007 
125 TMA-ZAIN-G-    (0)   :  0.012 0.003 0.012 0.002 0.010 0.010 0.895 0.005 0.005 0.005 0.002 0.005 0.023 0.005 0.005 
126 TMA-ZAIN-G-    (0)   :  0.004 0.004 0.014 0.003 0.018 0.013 0.894 0.013 0.006 0.004 0.003 0.006 0.006 0.005 0.007 
127 TMA-ZAIN-G-    (0)   :  0.005 0.003 0.048 0.003 0.008 0.019 0.858 0.014 0.007 0.004 0.003 0.005 0.004 0.009 0.011 
128 TMA-ZAIN-G-    (0)   :  0.011 0.004 0.010 0.003 0.005 0.011 0.895 0.007 0.008 0.005 0.003 0.006 0.005 0.022 0.007 
129 TMA-ZAIN-G-    (0)   :  0.004 0.004 0.013 0.003 0.007 0.014 0.910 0.006 0.006 0.004 0.004 0.006 0.004 0.010 0.005 
130 TMA-ZAIN-G-    (0)   :  0.004 0.004 0.007 0.002 0.016 0.007 0.910 0.008 0.006 0.004 0.004 0.005 0.013 0.004 0.004 
131 TMA-ZAIN-G-    (0)   :  0.004 0.005 0.017 0.003 0.008 0.008 0.914 0.006 0.005 0.004 0.004 0.007 0.004 0.006 0.007 
132 TMA-ZAIN-G-    (0)   :  0.017 0.003 0.012 0.002 0.007 0.011 0.874 0.008 0.011 0.007 0.003 0.005 0.011 0.021 0.008 
133 TMA-ZAIN-G-    (0)   :  0.055 0.011 0.129 0.007 0.080 0.574 0.025 0.014 0.011 0.028 0.003 0.027 0.016 0.009 0.010 
134 TMA-ZAIN-G-    (0)   :  0.025 0.005 0.017 0.004 0.120 0.628 0.090 0.032 0.005 0.020 0.003 0.019 0.017 0.008 0.007 
135 TMA-ZAIN-G-    (0)   :  0.009 0.003 0.007 0.004 0.005 0.871 0.010 0.035 0.009 0.010 0.003 0.007 0.004 0.013 0.011 
136 TMA-ZAIN-G-    (0)   :  0.316 0.004 0.014 0.005 0.006 0.467 0.017 0.027 0.045 0.020 0.004 0.005 0.013 0.048 0.008 
137 TMA-ZAIN-G-    (0)   :  0.005 0.006 0.007 0.008 0.005 0.194 0.014 0.687 0.007 0.015 0.004 0.019 0.005 0.011 0.013 
138 TMA-ZAIN-G-    (0)   :  0.009 0.003 0.018 0.002 0.014 0.621 0.125 0.097 0.041 0.010 0.004 0.004 0.011 0.019 0.022 
139 TMA-ZAIN-G-    (0)   :  0.010 0.003 0.010 0.004 0.008 0.653 0.075 0.116 0.034 0.024 0.004 0.006 0.028 0.013 0.011 
140 TMA-ZAIN-G-    (0)   :  0.008 0.005 0.026 0.004 0.006 0.317 0.017 0.075 0.205 0.014 0.004 0.005 0.004 0.041 0.269 
141 TMA-ZAIN-G-    (0)   :  0.006 0.006 0.014 0.003 0.022 0.211 0.038 0.030 0.053 0.021 0.006 0.010 0.005 0.028 0.545 
142 TMA-ZAIN-G-    (9)   :  0.012 0.004 0.013 0.003 0.006 0.115 0.015 0.069 0.172 0.011 0.003 0.005 0.004 0.036 0.531 
143 TMA-ZAIN-G-    (0)   :  0.013 0.004 0.030 0.003 0.009 0.474 0.056 0.054 0.131 0.012 0.005 0.006 0.005 0.131 0.068 
144 TMA-ZAIN-G-    (0)   :  0.006 0.008 0.051 0.005 0.011 0.428 0.053 0.074 0.293 0.007 0.004 0.010 0.016 0.022 0.012 
145 TMA-ZAIN-G-    (0)   :  0.270 0.004 0.017 0.002 0.006 0.033 0.045 0.385 0.056 0.041 0.003 0.006 0.014 0.060 0.060 
146 TMA-ZAIN-G-    (0)   :  0.005 0.003 0.004 0.003 0.004 0.064 0.004 0.006 0.008 0.012 0.003 0.004 0.003 0.008 0.871 
147 TMA-ZAIN-G-    (9)   :  0.010 0.003 0.007 0.003 0.004 0.197 0.006 0.008 0.010 0.010 0.003 0.004 0.004 0.039 0.692 
148 TMA-ZAIN-G-    (0)   :  0.004 0.003 0.018 0.002 0.047 0.195 0.022 0.005 0.008 0.009 0.003 0.004 0.021 0.009 0.649 
149 TMA-ZAIN-G-    (0)   :  0.006 0.009 0.015 0.012 0.014 0.557 0.026 0.008 0.017 0.010 0.015 0.023 0.032 0.056 0.199 
150 TMA-ZAIN-G-    (0)   :  0.075 0.007 0.009 0.009 0.010 0.504 0.012 0.022 0.071 0.017 0.022 0.012 0.050 0.099 0.080 
151 TMA-ZAIN-G-    (0)   :  0.008 0.003 0.157 0.002 0.017 0.007 0.006 0.670 0.093 0.005 0.003 0.003 0.004 0.017 0.007 
152 TMA-ZAIN-G-    (0)   :  0.006 0.004 0.013 0.002 0.013 0.006 0.006 0.490 0.424 0.004 0.004 0.003 0.004 0.010 0.011 
153 TMA-ZAIN-G-    (0)   :  0.015 0.003 0.073 0.002 0.028 0.146 0.040 0.486 0.133 0.014 0.004 0.004 0.013 0.018 0.022 
154 TMA-ZAIN-G-    (0)   :  0.004 0.003 0.005 0.002 0.004 0.006 0.006 0.895 0.047 0.004 0.003 0.004 0.004 0.005 0.008 
155 TMA-ZAIN-G-    (0)   :  0.006 0.004 0.008 0.003 0.006 0.048 0.009 0.864 0.010 0.006 0.004 0.006 0.003 0.009 0.013 
156 TMA-ZAIN-G-    (9)   :  0.003 0.004 0.059 0.003 0.081 0.024 0.035 0.650 0.092 0.004 0.005 0.004 0.009 0.009 0.017 
157 TMA-ZAIN-G-    (0)   :  0.007 0.004 0.058 0.003 0.125 0.213 0.016 0.407 0.069 0.008 0.005 0.005 0.005 0.011 0.065 
158 TMA-ZAIN-G-    (0)   :  0.005 0.006 0.012 0.004 0.004 0.018 0.007 0.234 0.624 0.013 0.003 0.004 0.004 0.007 0.056 
159 TMA-ZAIN-G-    (0)   :  0.014 0.003 0.006 0.002 0.005 0.078 0.014 0.419 0.095 0.146 0.004 0.004 0.005 0.015 0.190 
160 TMA-ZAIN-G-    (0)   :  0.026 0.003 0.004 0.003 0.005 0.028 0.008 0.536 0.167 0.141 0.005 0.004 0.008 0.018 0.046 
161 TMA-ZAIN-G-    (0)   :  0.007 0.005 0.039 0.003 0.015 0.409 0.108 0.199 0.128 0.013 0.003 0.006 0.014 0.019 0.032 
162 TMA-ZAIN-G-    (0)   :  0.005 0.007 0.009 0.013 0.003 0.011 0.005 0.876 0.011 0.005 0.018 0.012 0.012 0.007 0.006 
163 TMA-ZAIN-G-    (0)   :  0.004 0.003 0.006 0.002 0.003 0.015 0.006 0.845 0.083 0.006 0.003 0.003 0.003 0.006 0.013 
164 TMA-ZAIN-G-    (0)   :  0.007 0.004 0.006 0.004 0.005 0.029 0.016 0.418 0.437 0.007 0.005 0.012 0.007 0.020 0.022 
165 TMA-ZAIN-G-    (0)   :  0.006 0.003 0.007 0.003 0.004 0.050 0.010 0.518 0.337 0.010 0.004 0.003 0.003 0.017 0.024 
166 TMA-ZAIN-G-    (0)   :  0.012 0.003 0.023 0.002 0.005 0.059 0.047 0.475 0.104 0.029 0.003 0.006 0.010 0.061 0.160 
167 TMA-ZAIN-G-    (0)   :  0.005 0.006 0.015 0.005 0.008 0.284 0.013 0.015 0.129 0.073 0.006 0.008 0.005 0.024 0.404 
168 TMA-ZAIN-G-    (0)   :  0.008 0.005 0.006 0.003 0.023 0.010 0.006 0.005 0.030 0.022 0.005 0.006 0.006 0.009 0.855 
169 TMA-ZAIN-G-    (0)   :  0.022 0.003 0.004 0.002 0.005 0.006 0.005 0.007 0.014 0.009 0.003 0.004 0.004 0.008 0.904 
170 TMA-ZAIN-G-    (0)   :  0.016 0.022 0.058 0.014 0.057 0.102 0.038 0.037 0.030 0.019 0.031 0.006 0.004 0.049 0.519 
171 TMA-ZAIN-G-    (0)   :  0.007 0.003 0.003 0.003 0.004 0.007 0.004 0.006 0.016 0.015 0.003 0.004 0.003 0.007 0.915 
172 TMA-ZAIN-G-    (0)   :  0.005 0.006 0.178 0.004 0.016 0.076 0.020 0.009 0.027 0.007 0.003 0.005 0.003 0.009 0.632 
173 TMA-ZAIN-G-    (0)   :  0.006 0.009 0.370 0.004 0.021 0.109 0.044 0.010 0.058 0.016 0.003 0.008 0.005 0.013 0.323 
174 TMA-ZAIN-G-    (0)   :  0.034 0.004 0.072 0.002 0.004 0.063 0.380 0.042 0.047 0.019 0.003 0.004 0.007 0.210 0.109 
175 TMA-ZAIN-G-    (0)   :  0.006 0.003 0.004 0.003 0.004 0.009 0.004 0.006 0.016 0.032 0.003 0.004 0.003 0.010 0.892 
176 TMA-ZAIN-G-    (0)   :  0.005 0.003 0.005 0.003 0.004 0.008 0.005 0.008 0.010 0.011 0.003 0.004 0.003 0.008 0.922 
177 TMA-ZAIN-G-    (0)   :  0.003 0.003 0.009 0.003 0.009 0.009 0.004 0.006 0.013 0.007 0.003 0.003 0.002 0.011 0.914 
178 TMA-ZAIN-G-    (0)   :  0.005 0.007 0.209 0.004 0.041 0.148 0.010 0.012 0.166 0.017 0.005 0.005 0.004 0.046 0.320 
179 TMA-ZAIN-G-    (0)   :  0.006 0.004 0.025 0.002 0.014 0.016 0.008 0.012 0.032 0.006 0.003 0.005 0.004 0.032 0.831 
180 TMA-ZAIN-G-    (0)   :  0.090 0.007 0.196 0.007 0.032 0.105 0.346 0.017 0.045 0.005 0.004 0.025 0.011 0.086 0.024 
181 TMA-ZAIN-G-    (0)   :  0.005 0.004 0.727 0.003 0.112 0.021 0.017 0.056 0.014 0.011 0.005 0.004 0.005 0.007 0.008 
182 TMA-ZAIN-G-    (0)   :  0.003 0.004 0.238 0.003 0.187 0.107 0.342 0.032 0.013 0.004 0.007 0.006 0.005 0.028 0.021 
183 TMA-ZAIN-G-    (0)   :  0.005 0.004 0.815 0.003 0.072 0.014 0.009 0.011 0.013 0.006 0.004 0.005 0.004 0.024 0.011 
184 TMA-ZAIN-G-    (0)   :  0.007 0.010 0.674 0.011 0.023 0.094 0.013 0.039 0.028 0.011 0.026 0.023 0.018 0.010 0.013 
185 TMA-ZAIN-G-    (0)   :  0.006 0.014 0.793 0.015 0.004 0.048 0.027 0.011 0.012 0.006 0.012 0.012 0.023 0.009 0.006 
186 TMA-ZAIN-G-    (9)   :  0.006 0.009 0.802 0.005 0.005 0.039 0.061 0.011 0.019 0.012 0.004 0.005 0.006 0.007 0.009 
187 TMA-ZAIN-G-    (0)   :  0.014 0.005 0.766 0.003 0.015 0.060 0.015 0.048 0.008 0.038 0.004 0.005 0.003 0.008 0.009 
188 TMA-ZAIN-G-    (0)   :  0.024 0.004 0.785 0.003 0.006 0.023 0.019 0.023 0.007 0.049 0.003 0.004 0.004 0.043 0.004 
189 TMA-ZAIN-G-    (0)   :  0.007 0.003 0.924 0.003 0.005 0.008 0.012 0.006 0.006 0.004 0.002 0.004 0.002 0.007 0.006 
190 TMA-ZAIN-G-    (0)   :  0.016 0.006 0.689 0.003 0.030 0.011 0.011 0.005 0.027 0.022 0.003 0.004 0.006 0.135 0.032 
191 TMA-ZAIN-G-    (0)   :  0.004 0.007 0.869 0.015 0.004 0.013 0.007 0.006 0.005 0.007 0.010 0.014 0.009 0.021 0.008 
192 TMA-ZAIN-G-    (0)   :  0.004 0.007 0.822 0.014 0.017 0.037 0.018 0.010 0.005 0.016 0.004 0.023 0.006 0.008 0.010 
193 TMA-ZAIN-G-    (0)   :  0.004 0.003 0.005 0.002 0.952 0.003 0.004 0.003 0.003 0.003 0.003 0.003 0.004 0.003 0.004 
194 TMA-ZAIN-G-    (0)   :  0.013 0.015 0.103 0.006 0.749 0.015 0.036 0.003 0.009 0.007 0.003 0.005 0.019 0.007 0.009 
195 TMA-ZAIN-G-    (0)   :  0.031 0.009 0.071 0.003 0.718 0.016 0.045 0.005 0.016 0.022 0.003 0.004 0.006 0.025 0.025 
196 TMA-ZAIN-G-    (0)   :  0.018 0.005 0.023 0.003 0.879 0.011 0.011 0.008 0.008 0.006 0.003 0.004 0.007 0.010 0.005 
197 TMA-ZAIN-G-    (0)   :  0.012 0.004 0.012 0.003 0.879 0.011 0.013 0.009 0.009 0.010 0.002 0.008 0.005 0.008 0.014 
198 TMA-ZAIN-G-    (0)   :  0.007 0.003 0.019 0.003 0.884 0.010 0.006 0.012 0.010 0.009 0.003 0.004 0.004 0.010 0.016 
199 TMA-ZAIN-G-    (0)   :  0.005 0.006 0.842 0.004 0.006 0.030 0.043 0.013 0.014 0.008 0.004 0.005 0.007 0.007 0.009 
200 TMA-ZAIN-G-    (0)   :  0.003 0.035 0.006 0.851 0.054 0.003 0.003 0.002 0.004 0.003 0.017 0.005 0.004 0.004 0.004 
201 TMA-ZAIN-G-    (0)   :  0.005 0.016 0.003 0.930 0.003 0.004 0.003 0.003 0.004 0.004 0.007 0.005 0.004 0.004 0.004 
202 TMA-ZAIN-G-    (0)   :  0.003 0.013 0.016 0.867 0.039 0.006 0.005 0.004 0.005 0.003 0.014 0.004 0.002 0.011 0.007 
203 TMA-ZAIN-G-    (0)   :  0.004 0.004 0.022 0.003 0.770 0.036 0.042 0.026 0.016 0.008 0.019 0.005 0.005 0.030 0.011 
204 TMA-ZAIN-G-    (9)   :  0.010 0.013 0.007 0.766 0.006 0.011 0.008 0.004 0.006 0.020 0.005 0.065 0.026 0.035 0.018 
205 TMA-ZAIN-G-    (0)   :  0.006 0.014 0.007 0.739 0.007 0.034 0.011 0.074 0.027 0.010 0.007 0.019 0.013 0.022 0.010 
206 TMA-ZAIN-G-    (9)   :  0.010 0.022 0.025 0.634 0.056 0.009 0.008 0.005 0.015 0.007 0.014 0.139 0.011 0.021 0.024 
207 TMA-ZAIN-G-    (9)   :  0.027 0.019 0.011 0.008 0.006 0.094 0.011 0.039 0.655 0.011 0.009 0.051 0.039 0.013 0.007 
208 TMA-ZAIN-G-    (0)   :  0.026 0.004 0.013 0.003 0.003 0.295 0.006 0.020 0.525 0.011 0.003 0.002 0.004 0.020 0.065 
209 TMA-ZAIN-G-    (0)   :  0.012 0.004 0.026 0.002 0.185 0.296 0.122 0.041 0.037 0.039 0.003 0.008 0.058 0.008 0.158 
210 TMA-ZAIN-G-    (0)   :  0.092 0.005 0.080 0.003 0.330 0.137 0.049 0.061 0.021 0.049 0.004 0.013 0.012 0.048 0.095 
211 TMA-ZAIN-G-    (0)   :  0.025 0.020 0.076 0.018 0.058 0.237 0.289 0.022 0.021 0.040 0.010 0.008 0.010 0.059 0.108 
212 TMA-ZAIN-G-    (0)   :  0.009 0.005 0.174 0.003 0.019 0.063 0.031 0.024 0.053 0.005 0.003 0.011 0.005 0.499 0.095 
213 TMA-ZAIN-G-    (0)   :  0.005 0.004 0.023 0.004 0.012 0.828 0.015 0.018 0.012 0.010 0.003 0.004 0.005 0.006 0.051 
214 TMA-ZAIN-G-    (0)   :  0.023 0.004 0.032 0.003 0.012 0.736 0.070 0.035 0.015 0.021 0.003 0.004 0.006 0.004 0.032 
215 TMA-ZAIN-G-    (0)   :  0.005 0.154 0.199 0.012 0.004 0.201 0.010 0.010 0.045 0.039 0.004 0.003 0.002 0.037 0.276 
216 TMA-ZAIN-G-    (0)   :  0.007 0.006 0.323 0.005 0.017 0.370 0.110 0.018 0.039 0.011 0.003 0.005 0.012 0.006 0.067 
217 TMA-ZAIN-G-    (0)   :  0.056 0.003 0.016 0.003 0.027 0.639 0.080 0.014 0.008 0.040 0.003 0.005 0.006 0.008 0.093 
218 TMA-ZAIN-G-    (0)   :  0.013 0.905 0.007 0.004 0.004 0.004 0.014 0.005 0.006 0.004 0.006 0.005 0.005 0.003 0.015 
219 TMA-ZAIN-G-    (0)   :  0.004 0.912 0.005 0.011 0.003 0.004 0.009 0.005 0.005 0.004 0.005 0.019 0.007 0.003 0.004 
220 TMA-ZAIN-G-    (0)   :  0.011 0.717 0.010 0.005 0.005 0.006 0.005 0.018 0.049 0.006 0.034 0.011 0.007 0.111 0.007 
221 TMA-ZAIN-G-    (0)   :  0.005 0.850 0.022 0.017 0.006 0.012 0.017 0.009 0.009 0.006 0.004 0.012 0.005 0.010 0.014 
222 TMA-ZAIN-G-    (0)   :  0.017 0.797 0.008 0.009 0.006 0.007 0.016 0.015 0.021 0.009 0.034 0.027 0.015 0.008 0.011 
223 TMA-ZAIN-G-    (0)   :  0.004 0.928 0.003 0.010 0.003 0.004 0.004 0.003 0.004 0.004 0.007 0.013 0.005 0.005 0.004 
224 TMA-ZAIN-G-    (0)   :  0.005 0.716 0.014 0.019 0.007 0.010 0.031 0.004 0.005 0.004 0.022 0.141 0.007 0.005 0.008 
225 TMA-ZAIN-G-    (0)   :  0.003 0.921 0.006 0.008 0.014 0.005 0.004 0.003 0.004 0.003 0.010 0.006 0.004 0.003 0.005 
226 TMA-ZAIN-G-    (0)   :  0.005 0.865 0.011 0.009 0.023 0.009 0.004 0.007 0.009 0.008 0.018 0.010 0.005 0.007 0.010 
227 TMA-ZAIN-G-    (0)   :  0.004 0.845 0.014 0.024 0.026 0.011 0.005 0.007 0.011 0.007 0.012 0.007 0.005 0.007 0.016 
228 TMA-ZAIN-G-    (0)   :  0.008 0.773 0.009 0.020 0.007 0.013 0.006 0.009 0.021 0.038 0.029 0.018 0.006 0.011 0.032 
229 TMA-ZAIN-G-    (0)   :  0.013 0.840 0.003 0.066 0.003 0.003 0.003 0.002 0.003 0.003 0.033 0.010 0.007 0.003 0.008 
230 TMA-ZAIN-G-    (0)   :  0.013 0.257 0.022 0.012 0.011 0.011 0.061 0.004 0.010 0.030 0.088 0.327 0.011 0.015 0.128 
231 TMA-ZAIN-G-    (0)   :  0.010 0.086 0.009 0.524 0.011 0.021 0.014 0.035 0.048 0.021 0.123 0.046 0.014 0.012 0.026 
232 TMA-ZAIN-G-    (9)   :  0.033 0.025 0.021 0.471 0.006 0.011 0.048 0.010 0.012 0.008 0.298 0.018 0.010 0.007 0.021 
233 TMA-ZAIN-G-    (0)   :  0.046 0.764 0.008 0.023 0.008 0.012 0.017 0.009 0.007 0.033 0.005 0.024 0.013 0.009 0.023 
234 TMA-ZAIN-G-    (0)   :  0.007 0.561 0.005 0.053 0.013 0.004 0.005 0.009 0.015 0.006 0.272 0.007 0.031 0.006 0.006 
235 TMA-ZAIN-G-    (0)   :  0.005 0.436 0.084 0.033 0.025 0.008 0.004 0.009 0.019 0.067 0.237 0.050 0.008 0.008 0.008 
236 TMA-ZAIN-G-    (0)   :  0.007 0.586 0.011 0.062 0.029 0.026 0.007 0.011 0.011 0.015 0.109 0.094 0.004 0.014 0.014 
237 TMA-ZAIN-G-    (0)   :  0.009 0.235 0.009 0.011 0.008 0.036 0.019 0.011 0.011 0.133 0.238 0.131 0.005 0.042 0.101 
238 TMA-ZAIN-G-    (0)   :  0.004 0.719 0.013 0.041 0.005 0.053 0.014 0.032 0.014 0.026 0.034 0.008 0.003 0.023 0.011 
239 TMA-ZAIN-G-    (0)   :  0.020 0.005 0.037 0.720 0.075 0.011 0.007 0.003 0.005 0.003 0.004 0.029 0.038 0.040 0.004 
240 TMA-ZAIN-G-    (0)   :  0.003 0.004 0.003 0.940 0.004 0.003 0.003 0.003 0.003 0.005 0.003 0.009 0.006 0.004 0.006 
241 TMA-ZAIN-G-    (0)   :  0.004 0.003 0.004 0.909 0.004 0.007 0.003 0.005 0.005 0.013 0.004 0.005 0.004 0.007 0.020 
242 TMA-ZAIN-G-    (0)   :  0.005 0.004 0.005 0.928 0.003 0.007 0.003 0.008 0.008 0.006 0.003 0.003 0.003 0.007 0.008 
243 TMA-ZAIN-G-    (0)   :  0.008 0.004 0.006 0.894 0.004 0.009 0.004 0.007 0.008 0.012 0.003 0.005 0.005 0.013 0.018 
244 TMA-ZAIN-G-    (0)   :  0.008 0.005 0.006 0.882 0.003 0.013 0.003 0.016 0.014 0.014 0.004 0.003 0.003 0.010 0.016 
245 TMA-ZAIN-G-    (9)   :  0.002 0.004 0.004 0.953 0.003 0.003 0.003 0.003 0.003 0.003 0.004 0.003 0.003 0.003 0.004 
246 TMA-ZAIN-G-    (0)   :  0.003 0.004 0.003 0.955 0.003 0.004 0.003 0.003 0.003 0.003 0.002 0.004 0.003 0.004 0.003 
247 TMA-ZAIN-G-    (0)   :  0.006 0.005 0.005 0.941 0.002 0.005 0.004 0.004 0.005 0.003 0.002 0.004 0.004 0.008 0.004 
248 TMA-ZAIN-G-    (0)   :  0.005 0.006 0.010 0.913 0.010 0.007 0.003 0.005 0.008 0.006 0.004 0.004 0.004 0.008 0.008 
249 TMA-ZAIN-G-    (0)   :  0.003 0.006 0.006 0.942 0.007 0.004 0.003 0.003 0.004 0.003 0.003 0.005 0.003 0.005 0.004 
250 TMA-ZAIN-G-    (0)   :  0.007 0.005 0.006 0.943 0.004 0.004 0.003 0.003 0.005 0.003 0.003 0.004 0.003 0.004 0.003 
251 TMA-ZAIN-G-    (0)   :  0.004 0.004 0.004 0.003 0.005 0.003 0.007 0.004 0.005 0.003 0.006 0.009 0.936 0.004 0.004 
252 TMA-ZAIN-G-    (0)   :  0.017 0.004 0.005 0.003 0.004 0.007 0.005 0.007 0.042 0.021 0.003 0.004 0.838 0.020 0.021 
253 TMA-ZAIN-G-    (0)   :  0.005 0.003 0.004 0.004 0.005 0.005 0.005 0.011 0.012 0.003 0.004 0.004 0.927 0.004 0.004 
254 TMA-ZAIN-G-    (9)   :  0.009 0.004 0.007 0.003 0.005 0.008 0.012 0.025 0.034 0.006 0.007 0.006 0.847 0.014 0.012 
255 TMA-ZAIN-G-    (0)   :  0.007 0.003 0.004 0.017 0.004 0.004 0.005 0.008 0.008 0.004 0.009 0.004 0.912 0.006 0.005 
256 TMA-ZAIN-G-    (0)   :  0.005 0.005 0.008 0.011 0.029 0.011 0.007 0.008 0.010 0.007 0.008 0.023 0.846 0.007 0.013 
257 TMA-ZAIN-G-    (0)   :  0.004 0.004 0.004 0.004 0.013 0.004 0.005 0.003 0.003 0.004 0.004 0.013 0.928 0.003 0.004 
258 TMA-ZAIN-G-    (0)   :  0.004 0.003 0.003 0.003 0.004 0.003 0.003 0.004 0.004 0.003 0.003 0.006 0.951 0.003 0.003 
259 TMA-ZAIN-G-    (0)   :  0.006 0.004 0.004 0.006 0.006 0.004 0.004 0.003 0.004 0.004 0.004 0.020 0.926 0.004 0.003 
260 TMA-ZAIN-G-    (0)   :  0.009 0.004 0.004 0.005 0.007 0.004 0.004 0.003 0.004 0.004 0.003 0.014 0.924 0.006 0.004 
261 TMA-ZAIN-G-   (18)   :  0.010 0.007 0.006 0.004 0.008 0.006 0.010 0.005 0.008 0.004 0.005 0.023 0.892 0.007 0.005 
262 TMA-ZAIN-G-    (0)   :  0.003 0.004 0.003 0.003 0.006 0.003 0.004 0.003 0.003 0.003 0.004 0.008 0.945 0.003 0.003 
263 TMA-ZAIN-G-    (0)   :  0.004 0.004 0.003 0.004 0.005 0.003 0.004 0.004 0.005 0.003 0.005 0.008 0.942 0.003 0.003 
264 TMA-ZAIN-G-    (0)   :  0.004 0.004 0.003 0.004 0.006 0.003 0.005 0.005 0.006 0.004 0.007 0.008 0.934 0.004 0.004 
265 TMA-ZAIN-G-    (0)   :  0.023 0.206 0.018 0.014 0.011 0.033 0.022 0.024 0.014 0.008 0.015 0.394 0.114 0.062 0.042 
266 TMA-ZAIN-G-    (0)   :  0.016 0.018 0.030 0.010 0.031 0.054 0.128 0.018 0.027 0.009 0.008 0.020 0.585 0.035 0.011 
267 TMA-ZAIN-G-    (0)   :  0.015 0.061 0.008 0.351 0.007 0.016 0.016 0.006 0.023 0.015 0.031 0.229 0.156 0.047 0.020 
268 TMA-ZAIN-G-    (0)   :  0.004 0.006 0.003 0.872 0.003 0.004 0.005 0.004 0.005 0.004 0.065 0.009 0.005 0.005 0.005 
269 TMA-ZAIN-G-    (0)   :  0.005 0.030 0.004 0.558 0.004 0.008 0.009 0.005 0.007 0.008 0.260 0.083 0.005 0.007 0.008 
270 TMA-ZAIN-G-    (0)   :  0.004 0.016 0.003 0.699 0.004 0.006 0.006 0.004 0.006 0.005 0.072 0.155 0.006 0.006 0.006 
271 TMA-ZAIN-G-    (0)   :  0.003 0.008 0.004 0.880 0.003 0.004 0.005 0.005 0.007 0.004 0.035 0.024 0.005 0.006 0.007 
272 TMA-ZAIN-G-    (0)   :  0.003 0.059 0.004 0.829 0.004 0.006 0.006 0.004 0.006 0.006 0.027 0.031 0.004 0.005 0.006 
273 TMA-ZAIN-G-    (0)   :  0.002 0.017 0.003 0.925 0.003 0.003 0.003 0.002 0.003 0.003 0.017 0.009 0.003 0.003 0.003 
274 TMA-ZAIN-G-    (0)   :  0.009 0.018 0.038 0.784 0.044 0.014 0.005 0.010 0.006 0.016 0.025 0.009 0.010 0.007 0.005 
275 TMA-ZAIN-G-    (0)   :  0.002 0.008 0.005 0.944 0.003 0.005 0.004 0.004 0.003 0.003 0.006 0.003 0.002 0.003 0.004 
276 TMA-ZAIN-G-    (0)   :  0.004 0.005 0.003 0.941 0.003 0.004 0.003 0.005 0.004 0.005 0.009 0.006 0.003 0.003 0.004 
277 TMA-ZAIN-G-    (0)   :  0.005 0.005 0.003 0.929 0.005 0.005 0.003 0.004 0.006 0.007 0.009 0.004 0.007 0.004 0.005 
278 TMA-ZAIN-G-    (0)   :  0.003 0.006 0.003 0.944 0.003 0.003 0.003 0.002 0.004 0.004 0.006 0.008 0.004 0.003 0.003 
279 TMA-ZAIN-G-    (0)   :  0.003 0.017 0.006 0.915 0.006 0.006 0.006 0.004 0.005 0.004 0.011 0.004 0.004 0.004 0.005 
280 TMA-ZAIN-G-    (0)   :  0.002 0.051 0.008 0.781 0.009 0.010 0.012 0.007 0.005 0.003 0.091 0.006 0.003 0.005 0.006 
281 TMA-ZAIN-G-    (0)   :  0.003 0.014 0.004 0.888 0.007 0.006 0.008 0.004 0.004 0.004 0.038 0.009 0.004 0.005 0.003 
282 TMA-ZAIN-G-    (9)   :  0.003 0.008 0.003 0.934 0.003 0.003 0.003 0.003 0.004 0.003 0.014 0.007 0.005 0.004 0.004 
283 TMA-ZAIN-G-    (0)   :  0.006 0.056 0.007 0.629 0.004 0.010 0.015 0.014 0.023 0.011 0.067 0.032 0.113 0.007 0.007 
284 TMA-ZAIN-G-    (0)   :  0.004 0.138 0.010 0.452 0.005 0.014 0.019 0.017 0.019 0.006 0.148 0.057 0.095 0.007 0.009 
285 TMA-ZAIN-G-    (0)   :  0.018 0.016 0.024 0.783 0.010 0.010 0.006 0.017 0.008 0.045 0.020 0.006 0.029 0.005 0.003 
286 TMA-ZAIN-G-    (0)   :  0.003 0.011 0.003 0.893 0.003 0.004 0.004 0.003 0.005 0.003 0.039 0.011 0.009 0.004 0.004 
287 TMA-ZAIN-G-    (0)   :  0.010 0.009 0.015 0.868 0.014 0.007 0.003 0.006 0.004 0.017 0.023 0.007 0.006 0.007 0.003 
288 TMA-ZAIN-G-    (0)   :  0.011 0.143 0.061 0.540 0.050 0.020 0.009 0.014 0.011 0.022 0.077 0.010 0.014 0.010 0.008 
289 TMA-ZAIN-G-    (0)   :  0.014 0.014 0.024 0.811 0.024 0.010 0.004 0.008 0.007 0.028 0.020 0.012 0.010 0.011 0.005 
290 TMA-ZAIN-G-    (0)   :  0.003 0.072 0.009 0.434 0.009 0.013 0.017 0.008 0.010 0.004 0.386 0.009 0.010 0.008 0.009 
291 TMA-ZAIN-G-    (0)   :  0.004 0.915 0.005 0.012 0.005 0.005 0.004 0.005 0.005 0.004 0.010 0.011 0.009 0.003 0.004 
292 TMA-ZAIN-G-    (0)   :  0.006 0.019 0.016 0.014 0.019 0.295 0.028 0.036 0.020 0.042 0.012 0.009 0.004 0.016 0.464 
293 TMA-ZAIN-G-    (0)   :  0.027 0.010 0.044 0.006 0.015 0.589 0.022 0.020 0.055 0.009 0.004 0.034 0.015 0.093 0.057 
294 TMA-ZAIN-G-    (0)   :  0.013 0.005 0.006 0.005 0.004 0.032 0.006 0.009 0.066 0.014 0.003 0.015 0.006 0.100 0.715 
295 TMA-ZAIN-G-    (9)   :  0.015 0.010 0.013 0.009 0.005 0.113 0.008 0.008 0.252 0.029 0.004 0.018 0.007 0.065 0.445 
296 TMA-ZAIN-G-    (0)   :  0.005 0.008 0.010 0.005 0.026 0.593 0.033 0.010 0.039 0.010 0.007 0.031 0.008 0.070 0.144 
297 TMA-ZAIN-G-    (0)   :  0.017 0.009 0.017 0.006 0.068 0.416 0.045 0.122 0.177 0.026 0.005 0.014 0.016 0.021 0.041 
