

----------------------------------------------------
STRUCTURE by Pritchard, Stephens and Donnelly (2000)
     and Falush, Stephens and Pritchard (2003)
       Code by Pritchard, Falush and Hubisz
             Version 2.3.4 (Jul 2012)
----------------------------------------------------



Command line arguments:   bin\structure -m C:\Users\eschumacher\Documents\GitHub\GCC_QUAC_ZAIN\Data_Files\Structure_Files\ZAIN\ZAIN_rebinned_garden_wild_nopopinfo\50-50\mainparams -e C:\Users\eschumacher\Documents\GitHub\GCC_QUAC_ZAIN\Data_Files\Structure_Files\ZAIN\ZAIN_rebinned_garden_wild_nopopinfo\50-50\extraparams 
Input File:    C:\Users\eschumacher\Documents\GitHub\GCC_QUAC_ZAIN\Data_Files\Structure_Files\ZAIN\ZAIN_rebinned_garden_wild_nopopinfo\project_data

Run parameters:
   1133 individuals
   11 loci
   7 populations assumed
   50000 Burn-in period
   50000 Reps


--------------------------------------------
Overall proportion of membership of the
sample in each of the 7 clusters

Inferred Clusters
  1      2      3      4      5      6      7    
0.154  0.160  0.112  0.133  0.226  0.154  0.062  

--------------------------------------------

Allele-freq. divergence among pops (Net nucleotide distance),
computed using point estimates of P.

      1       2       3       4       5       6       7      
 1      -    0.2098  0.1423  0.1433  0.2125  0.0900  0.3206  
 2   0.2098     -    0.1164  0.2720  0.0871  0.1059  0.1483  
 3   0.1423  0.1164     -    0.2102  0.1611  0.0988  0.1765  
 4   0.1433  0.2720  0.2102     -    0.2778  0.1211  0.3449  
 5   0.2125  0.0871  0.1611  0.2778     -    0.1439  0.0966  
 6   0.0900  0.1059  0.0988  0.1211  0.1439     -    0.2069  
 7   0.3206  0.1483  0.1765  0.3449  0.0966  0.2069     -    

Average distances (expected heterozygosity) between individuals in same cluster:
cluster  1  : 0.4826 
cluster  2  : 0.4250 
cluster  3  : 0.4382 
cluster  4  : 0.4257 
cluster  5  : 0.4153 
cluster  6  : 0.5530 
cluster  7  : 0.3675 

--------------------------------------------
Estimated Ln Prob of Data   = -21815.9
Mean value of ln likelihood = -21367.1
Variance of ln likelihood   = 897.8
Mean value of alpha         = 0.0338

Mean value of Fst_1         = 0.3332
Mean value of Fst_2         = 0.3880
Mean value of Fst_3         = 0.4186
Mean value of Fst_4         = 0.4179
Mean value of Fst_5         = 0.2921
Mean value of Fst_6         = 0.1301
Mean value of Fst_7         = 0.4267


Inferred ancestry of individuals:
        Label (%Miss) :  Inferred clusters
  1 TMA-ZAIN-G-    (9)   :  0.804 0.065 0.021 0.006 0.017 0.070 0.016 
  2 TMA-ZAIN-G-    (0)   :  0.731 0.012 0.025 0.007 0.195 0.025 0.005 
  3 TMA-ZAIN-G-    (0)   :  0.010 0.283 0.016 0.004 0.481 0.009 0.198 
  4 TMA-ZAIN-G-    (0)   :  0.020 0.029 0.742 0.010 0.125 0.015 0.060 
  5 TMA-ZAIN-G-    (0)   :  0.977 0.002 0.006 0.005 0.003 0.004 0.002 
  6 TMA-ZAIN-G-    (0)   :  0.098 0.181 0.072 0.040 0.199 0.180 0.231 
  7 TMA-ZAIN-G-    (0)   :  0.015 0.249 0.034 0.007 0.669 0.017 0.009 
  8 TMA-ZAIN-G-    (0)   :  0.010 0.692 0.026 0.002 0.198 0.006 0.066 
  9 TMA-ZAIN-G-    (9)   :  0.009 0.098 0.006 0.005 0.820 0.011 0.049 
 10 TMA-ZAIN-G-    (0)   :  0.004 0.145 0.012 0.005 0.776 0.012 0.047 
 11 TMA-ZAIN-G-    (0)   :  0.006 0.142 0.007 0.006 0.823 0.008 0.007 
 12 TMA-ZAIN-G-    (0)   :  0.005 0.023 0.005 0.002 0.955 0.005 0.005 
 13 TMA-ZAIN-G-    (9)   :  0.047 0.364 0.022 0.098 0.421 0.031 0.018 
 14 TMA-ZAIN-G-    (9)   :  0.003 0.964 0.007 0.005 0.008 0.006 0.006 
 15 TMA-ZAIN-G-    (0)   :  0.004 0.971 0.005 0.002 0.006 0.005 0.007 
 16 TMA-ZAIN-G-    (0)   :  0.003 0.011 0.004 0.004 0.968 0.005 0.005 
 17 TMA-ZAIN-G-    (9)   :  0.018 0.842 0.037 0.020 0.021 0.055 0.007 
 18 TMA-ZAIN-G-    (0)   :  0.757 0.017 0.052 0.006 0.011 0.148 0.010 
 19 TMA-ZAIN-G-    (0)   :  0.014 0.027 0.006 0.011 0.017 0.920 0.005 
 20 TMA-ZAIN-G-    (0)   :  0.039 0.003 0.022 0.090 0.003 0.840 0.004 
 21 TMA-ZAIN-G-    (0)   :  0.003 0.003 0.006 0.975 0.004 0.004 0.005 
 22 TMA-ZAIN-G-    (0)   :  0.046 0.003 0.006 0.927 0.003 0.012 0.002 
 23 TMA-ZAIN-G-    (0)   :  0.020 0.009 0.005 0.916 0.007 0.040 0.003 
 24 TMA-ZAIN-G-    (9)   :  0.008 0.023 0.006 0.701 0.041 0.004 0.216 
 25 TMA-ZAIN-G-    (9)   :  0.120 0.006 0.004 0.010 0.052 0.803 0.005 
 26 TMA-ZAIN-G-    (9)   :  0.008 0.065 0.532 0.029 0.346 0.012 0.007 
 27 TMA-ZAIN-G-    (0)   :  0.063 0.038 0.022 0.013 0.008 0.848 0.009 
 28 TMA-ZAIN-G-    (0)   :  0.012 0.011 0.007 0.004 0.007 0.950 0.008 
 29 TMA-ZAIN-G-    (0)   :  0.004 0.006 0.013 0.004 0.004 0.242 0.728 
 30 TMA-ZAIN-G-    (0)   :  0.004 0.324 0.008 0.006 0.164 0.402 0.092 
 31 TMA-ZAIN-G-    (0)   :  0.915 0.005 0.043 0.014 0.006 0.011 0.006 
 32 TMA-ZAIN-G-    (9)   :  0.860 0.026 0.005 0.016 0.068 0.020 0.004 
 33 TMA-ZAIN-G-   (18)   :  0.006 0.127 0.004 0.003 0.839 0.006 0.016 
 34 TMA-ZAIN-G-    (0)   :  0.201 0.010 0.008 0.024 0.737 0.012 0.008 
 35 TMA-ZAIN-G-    (9)   :  0.019 0.132 0.010 0.004 0.759 0.015 0.061 
 36 TMA-ZAIN-G-    (0)   :  0.004 0.315 0.016 0.003 0.646 0.006 0.010 
 37 TMA-ZAIN-G-    (9)   :  0.008 0.024 0.012 0.006 0.923 0.013 0.013 
 38 TMA-ZAIN-G-   (18)   :  0.874 0.043 0.006 0.010 0.034 0.026 0.007 
 39 TMA-ZAIN-G-    (0)   :  0.003 0.009 0.008 0.006 0.961 0.005 0.010 
 40 TMA-ZAIN-G-    (0)   :  0.003 0.023 0.005 0.003 0.956 0.004 0.006 
 41 TMA-ZAIN-G-    (0)   :  0.003 0.602 0.004 0.003 0.373 0.006 0.008 
 42 TMA-ZAIN-G-    (9)   :  0.003 0.970 0.006 0.002 0.009 0.003 0.006 
 43 TMA-ZAIN-G-    (0)   :  0.004 0.965 0.009 0.003 0.005 0.004 0.010 
 44 TMA-ZAIN-G-    (0)   :  0.005 0.011 0.005 0.845 0.104 0.012 0.018 
 45 TMA-ZAIN-G-    (0)   :  0.005 0.078 0.009 0.007 0.888 0.008 0.005 
 46 TMA-ZAIN-G-    (0)   :  0.003 0.003 0.005 0.979 0.004 0.004 0.003 
 47 TMA-ZAIN-G-    (0)   :  0.004 0.004 0.976 0.003 0.004 0.004 0.004 
 48 TMA-ZAIN-G-    (0)   :  0.006 0.194 0.667 0.026 0.067 0.020 0.020 
 49 TMA-ZAIN-G-    (9)   :  0.021 0.006 0.012 0.006 0.019 0.892 0.044 
 50 TMA-ZAIN-G-    (0)   :  0.007 0.023 0.003 0.006 0.013 0.945 0.003 
 51 TMA-ZAIN-G-    (0)   :  0.006 0.047 0.024 0.009 0.010 0.898 0.006 
 52 TMA-ZAIN-G-    (0)   :  0.008 0.013 0.104 0.013 0.015 0.845 0.003 
 53 TMA-ZAIN-G-    (0)   :  0.142 0.034 0.164 0.009 0.013 0.633 0.005 
 54 TMA-ZAIN-G-    (0)   :  0.005 0.012 0.959 0.005 0.006 0.009 0.004 
 55 TMA-ZAIN-G-    (0)   :  0.005 0.041 0.903 0.009 0.009 0.030 0.003 
 56 TMA-ZAIN-G-    (0)   :  0.008 0.105 0.673 0.010 0.060 0.099 0.044 
 57 TMA-ZAIN-G-    (0)   :  0.007 0.005 0.953 0.004 0.010 0.013 0.009 
 58 TMA-ZAIN-G-    (0)   :  0.031 0.013 0.026 0.064 0.008 0.854 0.006 
 59 TMA-ZAIN-G-    (0)   :  0.675 0.041 0.054 0.033 0.114 0.038 0.046 
 60 TMA-ZAIN-G-    (0)   :  0.393 0.081 0.047 0.009 0.013 0.447 0.009 
 61 TMA-ZAIN-G-    (0)   :  0.941 0.003 0.018 0.023 0.004 0.009 0.003 
 62 TMA-ZAIN-G-    (9)   :  0.835 0.019 0.012 0.027 0.043 0.053 0.011 
 63 TMA-ZAIN-G-    (0)   :  0.952 0.006 0.014 0.007 0.005 0.013 0.003 
 64 TMA-ZAIN-G-    (0)   :  0.002 0.006 0.003 0.002 0.006 0.003 0.977 
 65 TMA-ZAIN-G-    (9)   :  0.003 0.006 0.006 0.003 0.013 0.004 0.965 
 66 TMA-ZAIN-G-    (0)   :  0.003 0.009 0.005 0.003 0.016 0.003 0.963 
 67 TMA-ZAIN-G-    (0)   :  0.004 0.006 0.005 0.013 0.043 0.011 0.918 
 68 TMA-ZAIN-G-    (0)   :  0.002 0.007 0.005 0.002 0.005 0.003 0.976 
 69 TMA-ZAIN-G-    (0)   :  0.024 0.013 0.014 0.030 0.059 0.018 0.842 
 70 TMA-ZAIN-G-    (0)   :  0.004 0.008 0.004 0.005 0.878 0.007 0.094 
 71 TMA-ZAIN-G-    (0)   :  0.003 0.005 0.004 0.003 0.976 0.004 0.006 
 72 TMA-ZAIN-G-    (0)   :  0.005 0.033 0.012 0.005 0.871 0.010 0.065 
 73 TMA-ZAIN-G-    (0)   :  0.025 0.006 0.014 0.040 0.878 0.031 0.006 
 74 TMA-ZAIN-G-    (0)   :  0.009 0.008 0.006 0.012 0.934 0.019 0.012 
 75 TMA-ZAIN-G-    (0)   :  0.005 0.009 0.009 0.004 0.959 0.008 0.007 
 76 TMA-ZAIN-G-    (0)   :  0.007 0.004 0.004 0.059 0.892 0.024 0.010 
 77 TMA-ZAIN-G-    (0)   :  0.003 0.020 0.008 0.010 0.941 0.009 0.009 
 78 TMA-ZAIN-G-    (0)   :  0.010 0.008 0.015 0.050 0.875 0.034 0.008 
 79 TMA-ZAIN-G-    (0)   :  0.005 0.018 0.015 0.032 0.910 0.014 0.006 
 80 TMA-ZAIN-G-    (0)   :  0.003 0.008 0.010 0.005 0.945 0.005 0.024 
 81 TMA-ZAIN-G-    (0)   :  0.004 0.010 0.010 0.009 0.952 0.010 0.005 
 82 TMA-ZAIN-G-    (0)   :  0.008 0.012 0.016 0.003 0.699 0.007 0.255 
 83 TMA-ZAIN-G-    (9)   :  0.079 0.013 0.022 0.032 0.692 0.026 0.136 
 84 TMA-ZAIN-G-    (0)   :  0.005 0.007 0.005 0.039 0.924 0.014 0.006 
 85 TMA-ZAIN-G-    (0)   :  0.024 0.008 0.790 0.024 0.009 0.139 0.006 
 86 TMA-ZAIN-G-    (0)   :  0.009 0.012 0.884 0.040 0.023 0.023 0.010 
 87 TMA-ZAIN-G-    (0)   :  0.034 0.008 0.655 0.213 0.013 0.070 0.005 
 88 TMA-ZAIN-G-    (0)   :  0.165 0.028 0.630 0.012 0.111 0.012 0.043 
 89 TMA-ZAIN-G-    (0)   :  0.018 0.018 0.887 0.020 0.034 0.006 0.017 
 90 TMA-ZAIN-G-    (0)   :  0.008 0.006 0.952 0.007 0.009 0.010 0.007 
 91 TMA-ZAIN-G-    (0)   :  0.022 0.010 0.933 0.007 0.009 0.013 0.007 
 92 TMA-ZAIN-G-    (0)   :  0.006 0.009 0.928 0.019 0.006 0.027 0.005 
 93 TMA-ZAIN-G-    (0)   :  0.015 0.009 0.936 0.009 0.005 0.021 0.005 
 94 TMA-ZAIN-G-    (0)   :  0.043 0.005 0.916 0.011 0.004 0.017 0.003 
 95 TMA-ZAIN-G-    (0)   :  0.010 0.031 0.005 0.009 0.015 0.911 0.020 
 96 TMA-ZAIN-G-    (0)   :  0.005 0.056 0.006 0.005 0.010 0.914 0.005 
 97 TMA-ZAIN-G-    (0)   :  0.955 0.005 0.010 0.006 0.007 0.010 0.006 
 98 TMA-ZAIN-G-    (0)   :  0.968 0.005 0.009 0.004 0.006 0.004 0.004 
 99 TMA-ZAIN-G-    (0)   :  0.844 0.024 0.004 0.017 0.075 0.008 0.028 
100 TMA-ZAIN-G-    (0)   :  0.928 0.005 0.024 0.017 0.005 0.017 0.005 
101 TMA-ZAIN-G-    (0)   :  0.959 0.005 0.008 0.005 0.010 0.007 0.005 
102 TMA-ZAIN-G-    (0)   :  0.657 0.043 0.013 0.162 0.052 0.061 0.011 
103 TMA-ZAIN-G-    (0)   :  0.914 0.012 0.009 0.014 0.014 0.032 0.005 
104 TMA-ZAIN-G-    (0)   :  0.974 0.004 0.005 0.006 0.004 0.006 0.002 
105 TMA-ZAIN-G-    (0)   :  0.925 0.011 0.013 0.009 0.017 0.018 0.006 
106 TMA-ZAIN-G-    (0)   :  0.003 0.643 0.006 0.003 0.299 0.005 0.041 
107 TMA-ZAIN-G-    (0)   :  0.004 0.009 0.005 0.003 0.968 0.004 0.008 
108 TMA-ZAIN-G-    (9)   :  0.416 0.180 0.023 0.051 0.260 0.056 0.014 
109 TMA-ZAIN-G-    (0)   :  0.380 0.157 0.047 0.005 0.073 0.044 0.294 
110 TMA-ZAIN-G-    (0)   :  0.083 0.199 0.031 0.151 0.408 0.117 0.010 
111 TMA-ZAIN-G-    (9)   :  0.664 0.012 0.037 0.080 0.121 0.064 0.021 
112 TMA-ZAIN-G-    (0)   :  0.309 0.271 0.028 0.053 0.173 0.135 0.030 
113 TMA-ZAIN-G-    (0)   :  0.942 0.006 0.014 0.008 0.016 0.005 0.011 
114 TMA-ZAIN-G-    (0)   :  0.971 0.002 0.004 0.011 0.003 0.005 0.003 
115 TMA-ZAIN-G-    (0)   :  0.977 0.003 0.004 0.005 0.004 0.004 0.003 
116 TMA-ZAIN-G-    (0)   :  0.008 0.008 0.012 0.003 0.942 0.004 0.024 
117 TMA-ZAIN-G-    (0)   :  0.011 0.314 0.084 0.004 0.273 0.023 0.291 
118 TMA-ZAIN-G-    (0)   :  0.006 0.017 0.010 0.003 0.906 0.007 0.050 
119 TMA-ZAIN-G-    (0)   :  0.020 0.008 0.015 0.007 0.896 0.010 0.045 
120 TMA-ZAIN-G-    (0)   :  0.010 0.035 0.017 0.004 0.881 0.015 0.039 
121 TMA-ZAIN-G-    (0)   :  0.024 0.069 0.038 0.003 0.563 0.012 0.291 
122 TMA-ZAIN-G-    (0)   :  0.005 0.042 0.029 0.007 0.854 0.016 0.047 
123 TMA-ZAIN-G-    (0)   :  0.955 0.007 0.006 0.009 0.005 0.014 0.004 
124 TMA-ZAIN-G-    (0)   :  0.005 0.960 0.004 0.003 0.017 0.005 0.005 
125 TMA-ZAIN-G-    (0)   :  0.003 0.893 0.047 0.002 0.011 0.005 0.041 
126 TMA-ZAIN-G-    (0)   :  0.005 0.961 0.009 0.003 0.014 0.004 0.005 
127 TMA-ZAIN-G-    (0)   :  0.003 0.966 0.004 0.003 0.013 0.003 0.008 
128 TMA-ZAIN-G-    (0)   :  0.004 0.911 0.007 0.003 0.023 0.005 0.046 
129 TMA-ZAIN-G-    (0)   :  0.006 0.964 0.005 0.003 0.011 0.004 0.006 
130 TMA-ZAIN-G-    (0)   :  0.007 0.938 0.025 0.003 0.014 0.005 0.009 
131 TMA-ZAIN-G-    (0)   :  0.004 0.968 0.005 0.003 0.010 0.005 0.005 
132 TMA-ZAIN-G-    (0)   :  0.004 0.793 0.038 0.003 0.054 0.005 0.103 
133 TMA-ZAIN-G-    (0)   :  0.003 0.710 0.051 0.015 0.106 0.017 0.097 
134 TMA-ZAIN-G-    (0)   :  0.003 0.821 0.028 0.009 0.071 0.006 0.060 
135 TMA-ZAIN-G-    (0)   :  0.004 0.043 0.010 0.005 0.915 0.004 0.020 
136 TMA-ZAIN-G-    (0)   :  0.010 0.038 0.014 0.005 0.209 0.005 0.719 
137 TMA-ZAIN-G-    (0)   :  0.005 0.012 0.005 0.004 0.963 0.004 0.006 
138 TMA-ZAIN-G-    (0)   :  0.004 0.331 0.018 0.003 0.624 0.003 0.017 
139 TMA-ZAIN-G-    (0)   :  0.005 0.087 0.058 0.004 0.826 0.003 0.017 
140 TMA-ZAIN-G-    (0)   :  0.004 0.018 0.004 0.004 0.954 0.005 0.011 
141 TMA-ZAIN-G-    (0)   :  0.006 0.046 0.006 0.003 0.925 0.006 0.007 
142 TMA-ZAIN-G-    (9)   :  0.004 0.019 0.005 0.003 0.950 0.005 0.014 
143 TMA-ZAIN-G-    (0)   :  0.005 0.055 0.006 0.003 0.910 0.006 0.015 
144 TMA-ZAIN-G-    (0)   :  0.003 0.040 0.020 0.005 0.913 0.011 0.008 
145 TMA-ZAIN-G-    (0)   :  0.004 0.018 0.012 0.002 0.654 0.006 0.303 
146 TMA-ZAIN-G-    (0)   :  0.003 0.006 0.004 0.003 0.974 0.004 0.006 
147 TMA-ZAIN-G-    (9)   :  0.003 0.008 0.005 0.004 0.968 0.003 0.009 
148 TMA-ZAIN-G-    (0)   :  0.003 0.076 0.029 0.003 0.880 0.004 0.005 
149 TMA-ZAIN-G-    (0)   :  0.028 0.044 0.084 0.020 0.803 0.015 0.006 
150 TMA-ZAIN-G-    (0)   :  0.028 0.016 0.077 0.019 0.814 0.013 0.034 
151 TMA-ZAIN-G-    (0)   :  0.004 0.032 0.006 0.002 0.938 0.004 0.013 
152 TMA-ZAIN-G-    (0)   :  0.005 0.010 0.006 0.002 0.964 0.004 0.009 
153 TMA-ZAIN-G-    (0)   :  0.004 0.051 0.010 0.003 0.915 0.004 0.014 
154 TMA-ZAIN-G-    (0)   :  0.005 0.009 0.007 0.002 0.967 0.004 0.007 
155 TMA-ZAIN-G-    (0)   :  0.005 0.011 0.004 0.003 0.964 0.004 0.010 
156 TMA-ZAIN-G-    (9)   :  0.011 0.097 0.013 0.003 0.866 0.005 0.005 
157 TMA-ZAIN-G-    (0)   :  0.005 0.163 0.007 0.003 0.807 0.005 0.010 
158 TMA-ZAIN-G-    (0)   :  0.004 0.007 0.005 0.003 0.972 0.005 0.005 
159 TMA-ZAIN-G-    (0)   :  0.004 0.007 0.004 0.002 0.968 0.004 0.012 
160 TMA-ZAIN-G-    (0)   :  0.006 0.004 0.005 0.002 0.963 0.003 0.016 
161 TMA-ZAIN-G-    (0)   :  0.003 0.038 0.013 0.003 0.933 0.004 0.006 
162 TMA-ZAIN-G-    (0)   :  0.035 0.007 0.018 0.015 0.907 0.010 0.007 
163 TMA-ZAIN-G-    (0)   :  0.003 0.005 0.003 0.002 0.978 0.003 0.005 
164 TMA-ZAIN-G-    (0)   :  0.005 0.007 0.009 0.003 0.964 0.004 0.008 
165 TMA-ZAIN-G-    (0)   :  0.005 0.006 0.004 0.003 0.974 0.003 0.005 
166 TMA-ZAIN-G-    (0)   :  0.003 0.010 0.007 0.002 0.967 0.003 0.007 
167 TMA-ZAIN-G-    (0)   :  0.005 0.015 0.006 0.005 0.956 0.007 0.005 
168 TMA-ZAIN-G-    (0)   :  0.006 0.024 0.006 0.004 0.923 0.005 0.032 
169 TMA-ZAIN-G-    (0)   :  0.005 0.011 0.007 0.003 0.676 0.004 0.293 
170 TMA-ZAIN-G-    (0)   :  0.017 0.172 0.005 0.011 0.738 0.025 0.032 
171 TMA-ZAIN-G-    (0)   :  0.004 0.006 0.005 0.003 0.928 0.003 0.051 
172 TMA-ZAIN-G-    (0)   :  0.004 0.622 0.004 0.004 0.352 0.007 0.007 
173 TMA-ZAIN-G-    (0)   :  0.004 0.811 0.006 0.004 0.160 0.008 0.008 
174 TMA-ZAIN-G-    (0)   :  0.003 0.132 0.009 0.003 0.761 0.005 0.088 
175 TMA-ZAIN-G-    (0)   :  0.004 0.007 0.005 0.003 0.969 0.003 0.009 
176 TMA-ZAIN-G-    (0)   :  0.004 0.007 0.004 0.003 0.972 0.003 0.007 
177 TMA-ZAIN-G-    (0)   :  0.004 0.022 0.004 0.003 0.958 0.004 0.004 
178 TMA-ZAIN-G-    (0)   :  0.006 0.494 0.005 0.004 0.478 0.008 0.006 
179 TMA-ZAIN-G-    (0)   :  0.003 0.071 0.005 0.003 0.905 0.005 0.008 
180 TMA-ZAIN-G-    (0)   :  0.005 0.805 0.018 0.008 0.057 0.009 0.097 
181 TMA-ZAIN-G-    (0)   :  0.005 0.961 0.004 0.002 0.017 0.004 0.007 
182 TMA-ZAIN-G-    (0)   :  0.006 0.967 0.005 0.003 0.012 0.005 0.003 
183 TMA-ZAIN-G-    (0)   :  0.005 0.969 0.004 0.003 0.011 0.004 0.005 
184 TMA-ZAIN-G-    (0)   :  0.052 0.809 0.030 0.019 0.062 0.015 0.013 
185 TMA-ZAIN-G-    (0)   :  0.019 0.766 0.045 0.038 0.076 0.045 0.011 
186 TMA-ZAIN-G-    (9)   :  0.004 0.898 0.007 0.006 0.058 0.015 0.011 
187 TMA-ZAIN-G-    (0)   :  0.004 0.849 0.003 0.003 0.113 0.005 0.022 
188 TMA-ZAIN-G-    (0)   :  0.003 0.845 0.004 0.003 0.115 0.005 0.025 
189 TMA-ZAIN-G-    (0)   :  0.003 0.962 0.003 0.003 0.011 0.003 0.014 
190 TMA-ZAIN-G-    (0)   :  0.003 0.891 0.005 0.004 0.059 0.009 0.030 
191 TMA-ZAIN-G-    (0)   :  0.020 0.865 0.017 0.035 0.041 0.015 0.007 
192 TMA-ZAIN-G-    (0)   :  0.004 0.949 0.007 0.013 0.016 0.005 0.005 
193 TMA-ZAIN-G-    (0)   :  0.003 0.974 0.007 0.003 0.004 0.004 0.005 
194 TMA-ZAIN-G-    (0)   :  0.003 0.968 0.011 0.004 0.004 0.005 0.005 
195 TMA-ZAIN-G-    (0)   :  0.003 0.961 0.005 0.003 0.011 0.006 0.011 
196 TMA-ZAIN-G-    (0)   :  0.003 0.972 0.005 0.003 0.005 0.004 0.008 
197 TMA-ZAIN-G-    (0)   :  0.003 0.967 0.009 0.003 0.006 0.004 0.008 
198 TMA-ZAIN-G-    (0)   :  0.003 0.971 0.006 0.003 0.006 0.004 0.006 
199 TMA-ZAIN-G-    (0)   :  0.004 0.928 0.007 0.005 0.039 0.009 0.007 
200 TMA-ZAIN-G-    (0)   :  0.016 0.012 0.004 0.928 0.003 0.034 0.003 
201 TMA-ZAIN-G-    (0)   :  0.006 0.003 0.004 0.968 0.004 0.011 0.004 
202 TMA-ZAIN-G-    (0)   :  0.015 0.020 0.003 0.942 0.005 0.013 0.003 
203 TMA-ZAIN-G-    (0)   :  0.007 0.969 0.005 0.003 0.007 0.004 0.004 
204 TMA-ZAIN-G-    (9)   :  0.005 0.007 0.040 0.913 0.009 0.015 0.011 
205 TMA-ZAIN-G-    (0)   :  0.007 0.009 0.014 0.805 0.123 0.034 0.008 
206 TMA-ZAIN-G-    (9)   :  0.015 0.046 0.024 0.855 0.016 0.032 0.012 
207 TMA-ZAIN-G-    (9)   :  0.012 0.022 0.123 0.010 0.665 0.065 0.103 
208 TMA-ZAIN-G-    (0)   :  0.003 0.009 0.004 0.003 0.928 0.005 0.049 
209 TMA-ZAIN-G-    (0)   :  0.003 0.839 0.036 0.003 0.099 0.004 0.016 
210 TMA-ZAIN-G-    (0)   :  0.004 0.729 0.016 0.003 0.149 0.005 0.094 
211 TMA-ZAIN-G-    (0)   :  0.012 0.656 0.012 0.023 0.232 0.031 0.034 
212 TMA-ZAIN-G-    (0)   :  0.004 0.360 0.013 0.005 0.589 0.008 0.022 
213 TMA-ZAIN-G-    (0)   :  0.003 0.226 0.012 0.004 0.742 0.006 0.007 
214 TMA-ZAIN-G-    (0)   :  0.003 0.422 0.008 0.003 0.494 0.005 0.064 
215 TMA-ZAIN-G-    (0)   :  0.003 0.060 0.003 0.010 0.656 0.261 0.007 
216 TMA-ZAIN-G-    (0)   :  0.003 0.869 0.009 0.006 0.098 0.007 0.008 
217 TMA-ZAIN-G-    (0)   :  0.004 0.439 0.008 0.003 0.390 0.003 0.152 
218 TMA-ZAIN-G-    (0)   :  0.006 0.006 0.005 0.004 0.005 0.965 0.010 
219 TMA-ZAIN-G-    (0)   :  0.005 0.005 0.011 0.012 0.004 0.960 0.003 
220 TMA-ZAIN-G-    (0)   :  0.064 0.007 0.009 0.004 0.022 0.881 0.012 
221 TMA-ZAIN-G-    (0)   :  0.005 0.018 0.007 0.020 0.011 0.930 0.008 
222 TMA-ZAIN-G-    (0)   :  0.034 0.008 0.019 0.009 0.013 0.904 0.013 
223 TMA-ZAIN-G-    (0)   :  0.007 0.003 0.006 0.009 0.003 0.967 0.004 
224 TMA-ZAIN-G-    (0)   :  0.014 0.016 0.017 0.016 0.006 0.927 0.005 
225 TMA-ZAIN-G-    (0)   :  0.011 0.007 0.004 0.010 0.004 0.962 0.002 
226 TMA-ZAIN-G-    (0)   :  0.015 0.011 0.007 0.009 0.007 0.947 0.005 
227 TMA-ZAIN-G-    (0)   :  0.012 0.011 0.005 0.024 0.008 0.935 0.004 
228 TMA-ZAIN-G-    (0)   :  0.018 0.008 0.007 0.012 0.016 0.932 0.007 
229 TMA-ZAIN-G-    (0)   :  0.028 0.003 0.007 0.065 0.003 0.885 0.010 
230 TMA-ZAIN-G-    (0)   :  0.035 0.061 0.064 0.009 0.029 0.783 0.019 
231 TMA-ZAIN-G-    (0)   :  0.151 0.013 0.028 0.557 0.080 0.159 0.013 
232 TMA-ZAIN-G-    (9)   :  0.276 0.038 0.015 0.512 0.023 0.080 0.056 
233 TMA-ZAIN-G-    (0)   :  0.005 0.011 0.016 0.025 0.015 0.886 0.042 
234 TMA-ZAIN-G-    (0)   :  0.297 0.007 0.021 0.054 0.008 0.606 0.006 
235 TMA-ZAIN-G-    (0)   :  0.125 0.047 0.011 0.018 0.026 0.768 0.004 
236 TMA-ZAIN-G-    (0)   :  0.084 0.018 0.008 0.067 0.013 0.804 0.007 
237 TMA-ZAIN-G-    (0)   :  0.242 0.053 0.027 0.013 0.174 0.459 0.033 
238 TMA-ZAIN-G-    (0)   :  0.057 0.016 0.005 0.033 0.030 0.853 0.005 
239 TMA-ZAIN-G-    (0)   :  0.006 0.136 0.057 0.763 0.005 0.006 0.027 
240 TMA-ZAIN-G-    (0)   :  0.004 0.003 0.006 0.977 0.004 0.004 0.003 
241 TMA-ZAIN-G-    (0)   :  0.004 0.004 0.005 0.971 0.009 0.003 0.005 
242 TMA-ZAIN-G-    (0)   :  0.003 0.004 0.004 0.974 0.006 0.004 0.005 
243 TMA-ZAIN-G-    (0)   :  0.003 0.005 0.006 0.962 0.011 0.005 0.009 
244 TMA-ZAIN-G-    (0)   :  0.004 0.005 0.004 0.960 0.015 0.004 0.008 
245 TMA-ZAIN-G-    (9)   :  0.003 0.003 0.003 0.981 0.003 0.004 0.002 
246 TMA-ZAIN-G-    (0)   :  0.002 0.003 0.004 0.981 0.003 0.004 0.003 
247 TMA-ZAIN-G-    (0)   :  0.002 0.003 0.004 0.976 0.004 0.004 0.006 
248 TMA-ZAIN-G-    (0)   :  0.004 0.007 0.004 0.967 0.006 0.007 0.005 
249 TMA-ZAIN-G-    (0)   :  0.003 0.005 0.003 0.977 0.003 0.005 0.003 
250 TMA-ZAIN-G-    (0)   :  0.003 0.004 0.003 0.975 0.003 0.006 0.006 
251 TMA-ZAIN-G-    (0)   :  0.005 0.005 0.974 0.003 0.004 0.005 0.004 
252 TMA-ZAIN-G-    (0)   :  0.004 0.009 0.876 0.003 0.049 0.008 0.051 
253 TMA-ZAIN-G-    (0)   :  0.006 0.005 0.970 0.003 0.006 0.003 0.006 
254 TMA-ZAIN-G-    (9)   :  0.008 0.008 0.947 0.003 0.017 0.005 0.013 
255 TMA-ZAIN-G-    (0)   :  0.012 0.005 0.950 0.016 0.006 0.004 0.009 
256 TMA-ZAIN-G-    (0)   :  0.006 0.008 0.964 0.007 0.006 0.004 0.005 
257 TMA-ZAIN-G-    (0)   :  0.004 0.005 0.978 0.004 0.003 0.003 0.003 
258 TMA-ZAIN-G-    (0)   :  0.003 0.004 0.979 0.003 0.003 0.003 0.004 
259 TMA-ZAIN-G-    (0)   :  0.003 0.004 0.976 0.005 0.003 0.004 0.005 
260 TMA-ZAIN-G-    (0)   :  0.003 0.004 0.971 0.004 0.004 0.004 0.009 
261 TMA-ZAIN-G-   (18)   :  0.004 0.007 0.964 0.004 0.005 0.006 0.011 
262 TMA-ZAIN-G-    (0)   :  0.004 0.005 0.979 0.003 0.003 0.004 0.003 
263 TMA-ZAIN-G-    (0)   :  0.006 0.004 0.975 0.003 0.004 0.004 0.004 
264 TMA-ZAIN-G-    (0)   :  0.009 0.004 0.970 0.004 0.004 0.004 0.005 
265 TMA-ZAIN-G-    (0)   :  0.017 0.020 0.706 0.016 0.026 0.174 0.042 
266 TMA-ZAIN-G-    (0)   :  0.020 0.154 0.727 0.010 0.033 0.029 0.027 
267 TMA-ZAIN-G-    (0)   :  0.022 0.010 0.586 0.297 0.015 0.055 0.014 
268 TMA-ZAIN-G-    (0)   :  0.069 0.003 0.006 0.906 0.004 0.007 0.004 
269 TMA-ZAIN-G-    (0)   :  0.267 0.005 0.009 0.675 0.007 0.032 0.005 
270 TMA-ZAIN-G-    (0)   :  0.072 0.005 0.011 0.883 0.006 0.018 0.004 
271 TMA-ZAIN-G-    (0)   :  0.035 0.004 0.007 0.937 0.005 0.010 0.003 
272 TMA-ZAIN-G-    (0)   :  0.030 0.004 0.005 0.896 0.005 0.056 0.003 
273 TMA-ZAIN-G-    (0)   :  0.017 0.003 0.004 0.959 0.003 0.011 0.002 
274 TMA-ZAIN-G-    (0)   :  0.037 0.033 0.009 0.876 0.014 0.020 0.010 
275 TMA-ZAIN-G-    (0)   :  0.007 0.004 0.003 0.974 0.003 0.007 0.002 
276 TMA-ZAIN-G-    (0)   :  0.008 0.003 0.003 0.975 0.004 0.004 0.003 
277 TMA-ZAIN-G-    (0)   :  0.009 0.004 0.006 0.967 0.004 0.005 0.005 
278 TMA-ZAIN-G-    (0)   :  0.005 0.003 0.005 0.976 0.003 0.006 0.003 
279 TMA-ZAIN-G-    (0)   :  0.012 0.006 0.004 0.958 0.004 0.014 0.003 
280 TMA-ZAIN-G-    (0)   :  0.102 0.010 0.004 0.821 0.005 0.056 0.003 
281 TMA-ZAIN-G-    (0)   :  0.045 0.005 0.005 0.924 0.004 0.013 0.003 
282 TMA-ZAIN-G-    (9)   :  0.013 0.003 0.005 0.968 0.003 0.006 0.003 
283 TMA-ZAIN-G-    (0)   :  0.086 0.009 0.142 0.635 0.017 0.105 0.007 
284 TMA-ZAIN-G-    (0)   :  0.206 0.011 0.170 0.446 0.014 0.149 0.004 
285 TMA-ZAIN-G-    (0)   :  0.036 0.026 0.032 0.827 0.021 0.027 0.030 
286 TMA-ZAIN-G-    (0)   :  0.030 0.004 0.008 0.940 0.004 0.011 0.003 
287 TMA-ZAIN-G-    (0)   :  0.027 0.011 0.006 0.930 0.007 0.009 0.009 
288 TMA-ZAIN-G-    (0)   :  0.110 0.064 0.014 0.605 0.026 0.168 0.012 
289 TMA-ZAIN-G-    (0)   :  0.021 0.022 0.010 0.903 0.012 0.017 0.015 
290 TMA-ZAIN-G-    (0)   :  0.445 0.011 0.010 0.431 0.008 0.093 0.003 
291 TMA-ZAIN-G-    (0)   :  0.012 0.006 0.008 0.014 0.004 0.953 0.003 
292 TMA-ZAIN-G-    (0)   :  0.010 0.066 0.005 0.014 0.882 0.016 0.007 
293 TMA-ZAIN-G-    (0)   :  0.004 0.047 0.015 0.008 0.885 0.013 0.028 
294 TMA-ZAIN-G-    (0)   :  0.003 0.007 0.007 0.004 0.962 0.004 0.012 
295 TMA-ZAIN-G-    (9)   :  0.004 0.009 0.008 0.008 0.946 0.009 0.017 
296 TMA-ZAIN-G-    (0)   :  0.013 0.044 0.010 0.006 0.909 0.012 0.006 
297 TMA-ZAIN-G-    (0)   :  0.006 0.118 0.024 0.005 0.810 0.009 0.027 
298 TMA-ZAIN-G-    (0)   :  0.012 0.007 0.051 0.020 0.886 0.014 0.010 
299 TMA-ZAIN-G-    (0)   :  0.004 0.005 0.003 0.007 0.961 0.006 0.012 
300 TMA-ZAIN-G-    (0)   :  0.003 0.030 0.007 0.007 0.873 0.009 0.071 
301 TMA-ZAIN-G-    (0)   :  0.005 0.073 0.008 0.007 0.873 0.007 0.026 
302 TMA-ZAIN-G-    (9)   :  0.004 0.046 0.006 0.003 0.928 0.005 0.007 
303 TMA-ZAIN-G-    (0)   :  0.018 0.070 0.037 0.007 0.005 0.861 0.002 
304 TMA-ZAIN-G-    (0)   :  0.021 0.120 0.568 0.009 0.053 0.011 0.218 
305 TMA-ZAIN-G-    (0)   :  0.004 0.022 0.009 0.004 0.938 0.006 0.018 
306 TMA-ZAIN-G-    (0)   :  0.133 0.055 0.382 0.030 0.371 0.011 0.019 
307 TMA-ZAIN-G-    (0)   :  0.013 0.083 0.396 0.013 0.046 0.006 0.443 
308 TMA-ZAIN-G-    (0)   :  0.029 0.009 0.816 0.019 0.004 0.108 0.015 
309 TMA-ZAIN-G-    (0)   :  0.003 0.946 0.003 0.003 0.032 0.004 0.009 
310 TMA-ZAIN-G-    (0)   :  0.006 0.010 0.018 0.027 0.912 0.014 0.013 
311 TMA-ZAIN-G-    (0)   :  0.041 0.045 0.060 0.008 0.810 0.027 0.008 
312 TMA-ZAIN-G-    (0)   :  0.005 0.795 0.012 0.006 0.140 0.027 0.016 
313 TMA-ZAIN-G-    (0)   :  0.014 0.072 0.772 0.004 0.093 0.006 0.039 
314 TMA-ZAIN-G-    (0)   :  0.269 0.020 0.018 0.198 0.011 0.474 0.011 
315 TMA-ZAIN-G-    (0)   :  0.008 0.029 0.018 0.402 0.403 0.056 0.085 
316 TMA-ZAIN-G-    (0)   :  0.011 0.027 0.018 0.411 0.357 0.096 0.081 
317 TMA-ZAIN-G-    (0)   :  0.038 0.006 0.012 0.018 0.008 0.913 0.004 
318 TMA-ZAIN-G-    (9)   :  0.334 0.006 0.046 0.458 0.008 0.138 0.010 
319 TMA-ZAIN-G-    (0)   :  0.015 0.205 0.012 0.063 0.007 0.694 0.004 
320 TMA-ZAIN-G-    (0)   :  0.006 0.036 0.006 0.009 0.450 0.464 0.029 
321 TMA-ZAIN-G-    (0)   :  0.077 0.201 0.015 0.103 0.423 0.144 0.038 
322 TMA-ZAIN-G-    (0)   :  0.051 0.056 0.080 0.009 0.253 0.491 0.060 
323 TMA-ZAIN-G-    (0)   :  0.007 0.042 0.013 0.014 0.008 0.898 0.017 
324 TMA-ZAIN-G-    (0)   :  0.008 0.048 0.030 0.004 0.875 0.010 0.025 
325 TMA-ZAIN-G-    (0)   :  0.005 0.011 0.009 0.054 0.011 0.904 0.006 
326 TMA-ZAIN-G-    (0)   :  0.003 0.316 0.034 0.003 0.011 0.625 0.008 
327 TMA-ZAIN-G-    (0)   :  0.003 0.960 0.014 0.003 0.005 0.004 0.011 
328 TMA-ZAIN-G-    (0)   :  0.293 0.130 0.016 0.094 0.023 0.199 0.246 
329 TMA-ZAIN-G-    (0)   :  0.005 0.385 0.040 0.009 0.437 0.018 0.106 
330 TMA-ZAIN-G-    (0)   :  0.004 0.651 0.045 0.003 0.168 0.012 0.116 
331 TMA-ZAIN-G-    (0)   :  0.030 0.262 0.164 0.069 0.414 0.051 0.010 
332 TMA-ZAIN-G-    (0)   :  0.003 0.963 0.004 0.002 0.016 0.005 0.008 
333 TMA-ZAIN-G-    (0)   :  0.003 0.976 0.007 0.002 0.004 0.004 0.004 
334 TMA-ZAIN-G-    (0)   :  0.013 0.003 0.007 0.959 0.004 0.011 0.003 
335 TMA-ZAIN-G-    (0)   :  0.004 0.004 0.004 0.973 0.004 0.005 0.006 
336 TMA-ZAIN-G-    (0)   :  0.014 0.007 0.012 0.936 0.008 0.016 0.006 
337 TMA-ZAIN-G-    (9)   :  0.070 0.004 0.007 0.876 0.007 0.032 0.004 
338 TMA-ZAIN-G-    (0)   :  0.038 0.003 0.006 0.936 0.004 0.009 0.003 
339 TMA-ZAIN-G-    (0)   :  0.016 0.002 0.004 0.969 0.002 0.005 0.002 
340 TMA-ZAIN-G-    (0)   :  0.006 0.003 0.003 0.977 0.003 0.006 0.003 
341 TMA-ZAIN-G-    (0)   :  0.010 0.005 0.003 0.969 0.005 0.005 0.004 
342 TMA-ZAIN-G-    (0)   :  0.007 0.004 0.005 0.970 0.004 0.006 0.004 
343 TMA-ZAIN-G-    (0)   :  0.025 0.004 0.003 0.957 0.003 0.006 0.002 
344 TMA-ZAIN-G-    (0)   :  0.008 0.006 0.005 0.963 0.004 0.012 0.003 
345 TMA-ZAIN-G-    (0)   :  0.005 0.003 0.004 0.978 0.003 0.004 0.003 
346 TMA-ZAIN-G-    (0)   :  0.029 0.009 0.005 0.931 0.007 0.016 0.003 
347 TMA-ZAIN-G-    (9)   :  0.008 0.003 0.004 0.973 0.003 0.006 0.003 
348 TMA-ZAIN-G-    (0)   :  0.021 0.005 0.009 0.936 0.005 0.019 0.004 
349 TMA-ZAIN-G-    (0)   :  0.017 0.003 0.005 0.962 0.004 0.006 0.003 
350 TMA-ZAIN-G-    (0)   :  0.031 0.009 0.005 0.869 0.007 0.075 0.005 
351 TMA-ZAIN-G-    (0)   :  0.007 0.003 0.005 0.971 0.003 0.007 0.004 
352 TMA-ZAIN-G-    (0)   :  0.008 0.005 0.008 0.958 0.008 0.007 0.007 
353 TMA-ZAIN-G-    (0)   :  0.042 0.013 0.005 0.906 0.007 0.024 0.003 
354 TMA-ZAIN-G-    (0)   :  0.008 0.007 0.003 0.963 0.005 0.013 0.002 
355 TMA-ZAIN-G-    (0)   :  0.014 0.010 0.003 0.952 0.009 0.009 0.004 
356 TMA-ZAIN-G-    (0)   :  0.003 0.003 0.019 0.002 0.766 0.013 0.194 
357 TMA-ZAIN-G-    (0)   :  0.014 0.403 0.013 0.004 0.480 0.014 0.072 
358 TMA-ZAIN-G-    (0)   :  0.077 0.264 0.029 0.029 0.301 0.044 0.256 
359 TMA-ZAIN-G-    (0)   :  0.013 0.007 0.119 0.024 0.397 0.050 0.391 
360 TMA-ZAIN-G-    (0)   :  0.003 0.005 0.005 0.003 0.960 0.005 0.019 
361 TMA-ZAIN-G-    (0)   :  0.013 0.715 0.012 0.003 0.213 0.013 0.031 
362 TMA-ZAIN-G-    (0)   :  0.005 0.005 0.005 0.012 0.959 0.007 0.008 
363 TMA-ZAIN-G-    (0)   :  0.005 0.567 0.023 0.014 0.314 0.056 0.022 
364 TMA-ZAIN-G-    (0)   :  0.187 0.017 0.019 0.015 0.020 0.729 0.013 
365 TMA-ZAIN-G-    (0)   :  0.012 0.027 0.005 0.156 0.679 0.075 0.046 
366 TMA-ZAIN-G-    (0)   :  0.004 0.008 0.020 0.006 0.770 0.005 0.187 
367 TMA-ZAIN-G-    (0)   :  0.143 0.646 0.079 0.006 0.092 0.025 0.009 
368 TMA-ZAIN-G-    (0)   :  0.005 0.022 0.015 0.005 0.805 0.007 0.141 
369 TMA-ZAIN-G-    (0)   :  0.003 0.917 0.005 0.003 0.031 0.005 0.038 
370 TMA-ZAIN-G-    (0)   :  0.009 0.786 0.005 0.003 0.174 0.009 0.014 
371 TMA-ZAIN-G-    (0)   :  0.005 0.008 0.005 0.003 0.947 0.004 0.027 
372 TMA-ZAIN-G-    (0)   :  0.004 0.017 0.006 0.003 0.941 0.004 0.025 
373 TMA-ZAIN-G-    (0)   :  0.003 0.976 0.004 0.003 0.004 0.005 0.004 
374 TMA-ZAIN-G-    (0)   :  0.313 0.402 0.168 0.009 0.047 0.056 0.006 
375 TMA-ZAIN-G-    (0)   :  0.034 0.184 0.007 0.009 0.028 0.730 0.009 
376 TMA-ZAIN-G-    (9)   :  0.005 0.007 0.003 0.003 0.973 0.004 0.005 
377 TMA-ZAIN-G-    (0)   :  0.002 0.009 0.004 0.002 0.962 0.003 0.017 
378 TMA-ZAIN-G-    (0)   :  0.004 0.011 0.004 0.002 0.960 0.003 0.015 
379 TMA-ZAIN-G-    (0)   :  0.004 0.010 0.010 0.002 0.957 0.003 0.014 
380 TMA-ZAIN-G-    (0)   :  0.002 0.012 0.007 0.003 0.919 0.004 0.052 
381 TMA-ZAIN-G-    (9)   :  0.010 0.039 0.099 0.011 0.118 0.590 0.132 
382 TMA-ZAIN-G-    (9)   :  0.694 0.009 0.010 0.060 0.008 0.216 0.003 
383    ZFB01    (0)   :  0.972 0.004 0.004 0.008 0.005 0.004 0.004 
384    ZFB02    (0)   :  0.945 0.003 0.009 0.032 0.004 0.006 0.003 
385    ZFB03    (0)   :  0.969 0.007 0.005 0.005 0.004 0.008 0.002 
386    ZFB04    (0)   :  0.942 0.003 0.007 0.036 0.005 0.005 0.003 
387    ZFB05    (0)   :  0.809 0.008 0.013 0.115 0.003 0.041 0.011 
388    ZFB06    (0)   :  0.886 0.009 0.008 0.053 0.003 0.031 0.011 
389    ZFB07    (9)   :  0.950 0.007 0.005 0.011 0.008 0.014 0.004 
390    ZFB08    (0)   :  0.960 0.006 0.006 0.006 0.007 0.009 0.006 
391    ZFB09    (0)   :  0.978 0.003 0.003 0.005 0.003 0.005 0.003 
392    ZFB10    (0)   :  0.945 0.005 0.007 0.011 0.021 0.004 0.006 
393    ZFB11    (0)   :  0.952 0.004 0.008 0.018 0.010 0.004 0.004 
394    ZFB12    (0)   :  0.921 0.008 0.005 0.034 0.010 0.019 0.004 
395    ZFB13    (0)   :  0.955 0.006 0.005 0.007 0.009 0.012 0.006 
396    ZFB14    (0)   :  0.974 0.004 0.005 0.004 0.006 0.004 0.003 
397    ZFB15    (0)   :  0.969 0.003 0.004 0.016 0.003 0.004 0.002 
398    ZFB16    (0)   :  0.957 0.005 0.004 0.016 0.006 0.008 0.004 
399    ZFB17    (0)   :  0.889 0.008 0.026 0.027 0.013 0.022 0.015 
400    ZFB18    (0)   :  0.978 0.003 0.004 0.004 0.004 0.004 0.003 
401    ZFB19    (0)   :  0.919 0.012 0.005 0.008 0.028 0.018 0.010 
402    ZFB20    (0)   :  0.936 0.004 0.004 0.040 0.006 0.007 0.004 
403    ZFB21    (0)   :  0.969 0.003 0.003 0.013 0.003 0.006 0.002 
404    ZFB22    (0)   :  0.855 0.008 0.009 0.090 0.012 0.012 0.013 
405    ZFB23    (0)   :  0.943 0.005 0.007 0.026 0.010 0.006 0.003 
406    ZFB24    (0)   :  0.935 0.004 0.007 0.036 0.009 0.005 0.004 
407    ZFB25    (0)   :  0.949 0.006 0.005 0.006 0.024 0.004 0.006 
408    ZFB26    (0)   :  0.880 0.007 0.010 0.062 0.030 0.007 0.005 
409    ZFB27    (0)   :  0.888 0.004 0.005 0.086 0.009 0.004 0.003 
410    ZFB28    (0)   :  0.830 0.007 0.013 0.102 0.010 0.035 0.003 
411    ZFB29    (0)   :  0.956 0.003 0.008 0.021 0.004 0.006 0.003 
412    ZFB30    (0)   :  0.780 0.012 0.005 0.142 0.008 0.039 0.014 
413    ZFB31    (0)   :  0.958 0.005 0.004 0.007 0.016 0.005 0.005 
414    ZFB32    (0)   :  0.824 0.013 0.037 0.060 0.018 0.043 0.005 
415    ZFB33    (0)   :  0.972 0.003 0.003 0.012 0.004 0.004 0.003 
416    ZFB34    (0)   :  0.977 0.003 0.005 0.004 0.004 0.004 0.003 
417    ZFB35    (0)   :  0.962 0.005 0.006 0.010 0.008 0.005 0.004 
418  ZFBP101    (0)   :  0.012 0.169 0.152 0.007 0.582 0.013 0.066 
419  ZFBP102    (0)   :  0.013 0.053 0.019 0.010 0.872 0.014 0.019 
420  ZFBP103    (0)   :  0.009 0.404 0.240 0.006 0.313 0.010 0.019 
421  ZFBP104    (0)   :  0.041 0.220 0.005 0.017 0.666 0.041 0.011 
422  ZFBP105    (0)   :  0.006 0.076 0.005 0.005 0.896 0.006 0.007 
423  ZFBP106    (0)   :  0.003 0.069 0.007 0.003 0.899 0.005 0.013 
424  ZFBP107    (0)   :  0.005 0.171 0.007 0.011 0.790 0.010 0.006 
425  ZFBP108    (0)   :  0.003 0.008 0.003 0.003 0.975 0.003 0.005 
426  ZFBP109    (0)   :  0.004 0.008 0.003 0.002 0.971 0.003 0.008 
427  ZFBP110    (0)   :  0.044 0.335 0.040 0.007 0.528 0.039 0.006 
428  ZFBP111    (0)   :  0.003 0.043 0.005 0.003 0.758 0.006 0.183 
429  ZFBP112    (0)   :  0.004 0.022 0.017 0.006 0.880 0.005 0.066 
430  ZFBP113    (0)   :  0.004 0.007 0.003 0.004 0.973 0.005 0.005 
431  ZFBP114    (0)   :  0.004 0.028 0.006 0.004 0.947 0.005 0.007 
432  ZFBP115    (0)   :  0.003 0.699 0.010 0.004 0.260 0.006 0.019 
433  ZFBP116    (0)   :  0.003 0.011 0.004 0.004 0.966 0.006 0.006 
434  ZFBP117    (0)   :  0.003 0.009 0.006 0.002 0.967 0.004 0.008 
435  ZFBP118    (0)   :  0.003 0.021 0.005 0.005 0.952 0.005 0.009 
436  ZFBP119    (0)   :  0.004 0.179 0.027 0.003 0.754 0.008 0.024 
437  ZFBP120    (0)   :  0.006 0.056 0.005 0.005 0.917 0.006 0.006 
438  ZFBP121    (0)   :  0.005 0.016 0.007 0.003 0.958 0.004 0.006 
439  ZFBP122    (9)   :  0.004 0.014 0.006 0.003 0.954 0.005 0.015 
440  ZFBP123    (0)   :  0.004 0.009 0.016 0.006 0.934 0.006 0.025 
441  ZFBP124    (0)   :  0.007 0.009 0.006 0.004 0.965 0.004 0.005 
442  ZFBP125    (0)   :  0.003 0.018 0.006 0.003 0.950 0.003 0.019 
443  ZFBP126    (0)   :  0.009 0.007 0.026 0.009 0.927 0.015 0.007 
444  ZFBP127    (0)   :  0.003 0.040 0.011 0.003 0.934 0.005 0.005 
445  ZFBP128    (0)   :  0.004 0.022 0.015 0.003 0.913 0.003 0.040 
446  ZFBP129    (0)   :  0.004 0.006 0.007 0.003 0.950 0.005 0.025 
447  ZFBP130    (0)   :  0.002 0.026 0.023 0.003 0.867 0.004 0.075 
448  ZFBP131    (0)   :  0.004 0.005 0.004 0.004 0.975 0.004 0.005 
449  ZFBP132    (0)   :  0.004 0.012 0.004 0.003 0.969 0.004 0.004 
450  ZFBP133    (0)   :  0.004 0.004 0.006 0.002 0.727 0.003 0.254 
451  ZFBP134    (0)   :  0.004 0.193 0.032 0.003 0.743 0.005 0.021 
452  ZFBP135    (0)   :  0.016 0.061 0.253 0.005 0.641 0.007 0.017 
453  ZFBP136    (0)   :  0.004 0.112 0.154 0.008 0.630 0.007 0.085 
454  ZFBP201    (0)   :  0.005 0.011 0.005 0.006 0.960 0.007 0.005 
455  ZFBP202    (0)   :  0.005 0.017 0.005 0.003 0.953 0.005 0.012 
456  ZFBP203    (0)   :  0.005 0.009 0.007 0.030 0.901 0.020 0.027 
457  ZFBP204    (0)   :  0.004 0.103 0.017 0.005 0.836 0.007 0.027 
458  ZFBP205    (0)   :  0.003 0.005 0.010 0.004 0.959 0.005 0.014 
459  ZFBP206    (0)   :  0.006 0.006 0.018 0.007 0.830 0.007 0.127 
460  ZFBP207    (0)   :  0.006 0.302 0.012 0.004 0.659 0.006 0.011 
461  ZFBP208    (0)   :  0.004 0.006 0.009 0.011 0.949 0.009 0.013 
462  ZFBP209    (0)   :  0.003 0.005 0.007 0.002 0.900 0.003 0.080 
463  ZFBP210    (0)   :  0.005 0.012 0.006 0.007 0.946 0.007 0.016 
464  ZFBP211    (0)   :  0.005 0.010 0.005 0.004 0.967 0.004 0.005 
465  ZFBP212    (0)   :  0.006 0.061 0.003 0.003 0.918 0.004 0.006 
466  ZFBP213    (0)   :  0.008 0.011 0.016 0.005 0.937 0.006 0.017 
467  ZFBP214    (0)   :  0.015 0.045 0.046 0.005 0.739 0.020 0.131 
468  ZFBP215    (0)   :  0.004 0.007 0.006 0.003 0.969 0.004 0.009 
469  ZFBP216    (0)   :  0.004 0.020 0.005 0.007 0.943 0.013 0.007 
470  ZFBP217    (0)   :  0.007 0.041 0.007 0.003 0.778 0.008 0.156 
471  ZFBP218    (0)   :  0.003 0.006 0.003 0.003 0.969 0.003 0.012 
472  ZFBP219    (0)   :  0.003 0.006 0.003 0.004 0.975 0.004 0.005 
473  ZFBP220    (0)   :  0.003 0.054 0.022 0.003 0.853 0.005 0.059 
474  ZFBP221    (0)   :  0.005 0.060 0.003 0.003 0.914 0.004 0.011 
475  ZFBP222    (0)   :  0.005 0.004 0.009 0.005 0.962 0.005 0.010 
476  ZFBP223    (0)   :  0.010 0.221 0.009 0.005 0.735 0.008 0.012 
477  ZFBP224    (0)   :  0.005 0.008 0.006 0.004 0.965 0.006 0.006 
478  ZFBP225    (0)   :  0.004 0.152 0.016 0.008 0.446 0.012 0.362 
479  ZFBP226    (0)   :  0.004 0.010 0.004 0.005 0.967 0.005 0.006 
480  ZFBP227    (0)   :  0.023 0.063 0.006 0.021 0.749 0.130 0.008 
481  ZFBP228    (0)   :  0.005 0.113 0.012 0.003 0.856 0.004 0.008 
482  ZFBP229    (0)   :  0.003 0.010 0.006 0.003 0.951 0.004 0.024 
483  ZFBP230    (0)   :  0.003 0.055 0.025 0.004 0.861 0.006 0.046 
484  ZFBP231    (0)   :  0.005 0.008 0.006 0.004 0.966 0.005 0.006 
485  ZFBP232    (0)   :  0.003 0.006 0.004 0.003 0.971 0.003 0.009 
486  ZFBP233    (0)   :  0.006 0.014 0.006 0.004 0.947 0.005 0.017 
487   ZFCC01    (0)   :  0.008 0.004 0.971 0.005 0.004 0.004 0.004 
488   ZFCC03    (0)   :  0.005 0.006 0.974 0.003 0.004 0.004 0.005 
489   ZFCC04    (0)   :  0.005 0.004 0.973 0.004 0.003 0.004 0.006 
490   ZFCC05    (0)   :  0.007 0.008 0.966 0.004 0.005 0.006 0.006 
491   ZFCC08    (0)   :  0.005 0.007 0.957 0.002 0.008 0.004 0.018 
492   ZFCC09    (0)   :  0.007 0.005 0.973 0.003 0.004 0.003 0.004 
493   ZFCC10    (0)   :  0.015 0.003 0.966 0.004 0.004 0.004 0.004 
494   ZFCC11    (0)   :  0.006 0.005 0.972 0.004 0.005 0.004 0.005 
495   ZFCC12    (0)   :  0.015 0.008 0.926 0.033 0.006 0.008 0.005 
496   ZFCC13    (0)   :  0.004 0.010 0.956 0.006 0.009 0.007 0.008 
497   ZFCC14    (0)   :  0.010 0.005 0.959 0.005 0.009 0.005 0.007 
498   ZFCC15    (0)   :  0.005 0.005 0.969 0.005 0.004 0.007 0.005 
499   ZFCC16    (0)   :  0.006 0.004 0.973 0.004 0.004 0.005 0.005 
500   ZFCC17    (0)   :  0.006 0.004 0.974 0.006 0.003 0.004 0.004 
501   ZFCC18    (0)   :  0.006 0.005 0.971 0.004 0.004 0.004 0.006 
502   ZFCC19    (0)   :  0.005 0.003 0.972 0.006 0.003 0.006 0.004 
503   ZFCC20    (0)   :  0.003 0.007 0.974 0.003 0.004 0.004 0.006 
504   ZFCC21    (0)   :  0.008 0.006 0.914 0.006 0.024 0.013 0.030 
505   ZFCC22    (0)   :  0.006 0.015 0.797 0.004 0.118 0.004 0.056 
506   ZFCC26    (0)   :  0.005 0.004 0.975 0.003 0.004 0.004 0.004 
507   ZFCC27    (0)   :  0.004 0.005 0.978 0.003 0.003 0.004 0.004 
508   ZFCC29    (0)   :  0.008 0.005 0.967 0.004 0.004 0.006 0.006 
509   ZFCC30    (0)   :  0.003 0.005 0.976 0.003 0.003 0.003 0.006 
510   ZFCC32    (0)   :  0.006 0.006 0.965 0.007 0.004 0.007 0.005 
511   ZFCC33    (0)   :  0.007 0.004 0.970 0.005 0.004 0.007 0.003 
512   ZFCC34    (0)   :  0.014 0.027 0.883 0.012 0.041 0.005 0.017 
513   ZFCC35    (0)   :  0.004 0.004 0.979 0.003 0.003 0.003 0.005 
514   ZFCC36    (0)   :  0.004 0.006 0.954 0.009 0.007 0.007 0.013 
515   ZFCC37    (0)   :  0.019 0.009 0.921 0.029 0.008 0.010 0.005 
516   ZFCC40    (0)   :  0.006 0.004 0.972 0.005 0.006 0.003 0.004 
517   ZFCC42    (0)   :  0.017 0.053 0.369 0.527 0.007 0.012 0.015 
518   ZFCC44    (0)   :  0.003 0.005 0.979 0.003 0.003 0.003 0.003 
519   ZFCC45    (9)   :  0.011 0.006 0.952 0.013 0.004 0.010 0.004 
520   ZFCC46    (0)   :  0.004 0.013 0.942 0.003 0.007 0.004 0.027 
521   ZFCC47    (0)   :  0.014 0.005 0.946 0.019 0.004 0.005 0.007 
522   ZFCC48    (0)   :  0.007 0.007 0.923 0.003 0.018 0.005 0.037 
523   ZFCC50    (0)   :  0.005 0.004 0.977 0.004 0.003 0.004 0.004 
524   ZFCC51    (0)   :  0.005 0.005 0.977 0.003 0.003 0.003 0.004 
525   ZFCC52    (0)   :  0.004 0.006 0.960 0.005 0.010 0.004 0.011 
526   ZFCC53    (0)   :  0.005 0.004 0.979 0.003 0.003 0.003 0.003 
527  ZFCNS01    (0)   :  0.003 0.970 0.006 0.005 0.004 0.009 0.003 
528  ZFCNS02    (0)   :  0.004 0.968 0.010 0.003 0.005 0.004 0.006 
529  ZFCNS05    (0)   :  0.005 0.962 0.012 0.003 0.007 0.004 0.007 
530  ZFCNS06    (0)   :  0.004 0.964 0.011 0.003 0.006 0.004 0.007 
531  ZFCNS07    (0)   :  0.005 0.957 0.005 0.003 0.010 0.004 0.016 
532  ZFCNS10    (0)   :  0.003 0.975 0.005 0.003 0.005 0.004 0.005 
533  ZFCNS11    (0)   :  0.003 0.973 0.007 0.004 0.004 0.005 0.004 
534  ZFCNS15    (0)   :  0.004 0.969 0.004 0.003 0.010 0.004 0.005 
