

----------------------------------------------------
STRUCTURE by Pritchard, Stephens and Donnelly (2000)
     and Falush, Stephens and Pritchard (2003)
       Code by Pritchard, Falush and Hubisz
             Version 2.3.4 (Jul 2012)
----------------------------------------------------



Command line arguments:   bin\structure -m C:\Users\eschumacher\Documents\GitHub\GCC_QUAC_ZAIN\Data_Files\Structure_Files\ZAIN\ZAIN_rebinned_garden_wild_nopopinfo\50-50\mainparams -e C:\Users\eschumacher\Documents\GitHub\GCC_QUAC_ZAIN\Data_Files\Structure_Files\ZAIN\ZAIN_rebinned_garden_wild_nopopinfo\50-50\extraparams 
Input File:    C:\Users\eschumacher\Documents\GitHub\GCC_QUAC_ZAIN\Data_Files\Structure_Files\ZAIN\ZAIN_rebinned_garden_wild_nopopinfo\project_data

Run parameters:
   1133 individuals
   11 loci
   4 populations assumed
   50000 Burn-in period
   50000 Reps


--------------------------------------------
Overall proportion of membership of the
sample in each of the 4 clusters

Inferred Clusters
  1      2      3      4    
0.384  0.171  0.302  0.143  

--------------------------------------------

Allele-freq. divergence among pops (Net nucleotide distance),
computed using point estimates of P.

      1       2       3       4      
 1      -    0.1071  0.1418  0.2525  
 2   0.1071     -    0.1011  0.2172  
 3   0.1418  0.1011     -    0.1026  
 4   0.2525  0.2172  0.1026     -    

Average distances (expected heterozygosity) between individuals in same cluster:
cluster  1  : 0.4573 
cluster  2  : 0.4478 
cluster  3  : 0.5640 
cluster  4  : 0.4351 

--------------------------------------------
Estimated Ln Prob of Data   = -23615.4
Mean value of ln likelihood = -23324.5
Variance of ln likelihood   = 581.9
Mean value of alpha         = 0.0369

Mean value of Fst_1         = 0.2602
Mean value of Fst_2         = 0.3277
Mean value of Fst_3         = 0.1297
Mean value of Fst_4         = 0.4108


Inferred ancestry of individuals:
        Label (%Miss) :  Inferred clusters
  1 TMA-ZAIN-G-    (9)   :  0.011 0.018 0.965 0.007 
  2 TMA-ZAIN-G-    (0)   :  0.040 0.028 0.924 0.008 
  3 TMA-ZAIN-G-    (0)   :  0.973 0.018 0.006 0.003 
  4 TMA-ZAIN-G-    (0)   :  0.149 0.805 0.027 0.019 
  5 TMA-ZAIN-G-    (0)   :  0.003 0.005 0.984 0.008 
  6 TMA-ZAIN-G-    (0)   :  0.643 0.168 0.145 0.045 
  7 TMA-ZAIN-G-    (0)   :  0.890 0.080 0.023 0.008 
  8 TMA-ZAIN-G-    (0)   :  0.972 0.019 0.006 0.003 
  9 TMA-ZAIN-G-    (9)   :  0.979 0.007 0.009 0.005 
 10 TMA-ZAIN-G-    (0)   :  0.978 0.012 0.005 0.005 
 11 TMA-ZAIN-G-    (0)   :  0.979 0.008 0.007 0.005 
 12 TMA-ZAIN-G-    (0)   :  0.984 0.007 0.006 0.003 
 13 TMA-ZAIN-G-    (9)   :  0.812 0.039 0.044 0.105 
 14 TMA-ZAIN-G-    (9)   :  0.093 0.892 0.006 0.008 
 15 TMA-ZAIN-G-    (0)   :  0.130 0.855 0.012 0.003 
 16 TMA-ZAIN-G-    (0)   :  0.985 0.005 0.005 0.005 
 17 TMA-ZAIN-G-    (9)   :  0.872 0.093 0.021 0.015 
 18 TMA-ZAIN-G-    (0)   :  0.005 0.012 0.977 0.006 
 19 TMA-ZAIN-G-    (0)   :  0.039 0.016 0.919 0.027 
 20 TMA-ZAIN-G-    (0)   :  0.004 0.010 0.936 0.051 
 21 TMA-ZAIN-G-    (0)   :  0.005 0.004 0.004 0.987 
 22 TMA-ZAIN-G-    (0)   :  0.003 0.006 0.027 0.964 
 23 TMA-ZAIN-G-    (0)   :  0.007 0.007 0.049 0.937 
 24 TMA-ZAIN-G-    (9)   :  0.152 0.023 0.008 0.817 
 25 TMA-ZAIN-G-    (9)   :  0.028 0.004 0.960 0.008 
 26 TMA-ZAIN-G-    (9)   :  0.428 0.495 0.018 0.060 
 27 TMA-ZAIN-G-    (0)   :  0.017 0.137 0.829 0.017 
 28 TMA-ZAIN-G-    (0)   :  0.012 0.015 0.967 0.005 
 29 TMA-ZAIN-G-    (0)   :  0.639 0.079 0.278 0.004 
 30 TMA-ZAIN-G-    (0)   :  0.736 0.032 0.224 0.007 
 31 TMA-ZAIN-G-    (0)   :  0.005 0.016 0.964 0.015 
 32 TMA-ZAIN-G-    (9)   :  0.043 0.012 0.931 0.014 
 33 TMA-ZAIN-G-   (18)   :  0.984 0.006 0.006 0.003 
 34 TMA-ZAIN-G-    (0)   :  0.825 0.012 0.121 0.042 
 35 TMA-ZAIN-G-    (9)   :  0.962 0.021 0.013 0.004 
 36 TMA-ZAIN-G-    (0)   :  0.968 0.023 0.006 0.003 
 37 TMA-ZAIN-G-    (9)   :  0.968 0.016 0.010 0.007 
 38 TMA-ZAIN-G-   (18)   :  0.057 0.029 0.900 0.015 
 39 TMA-ZAIN-G-    (0)   :  0.981 0.008 0.005 0.007 
 40 TMA-ZAIN-G-    (0)   :  0.985 0.006 0.004 0.004 
 41 TMA-ZAIN-G-    (0)   :  0.980 0.013 0.004 0.003 
 42 TMA-ZAIN-G-    (9)   :  0.894 0.099 0.004 0.003 
 43 TMA-ZAIN-G-    (0)   :  0.021 0.971 0.004 0.003 
 44 TMA-ZAIN-G-    (0)   :  0.115 0.006 0.015 0.864 
 45 TMA-ZAIN-G-    (0)   :  0.960 0.024 0.009 0.007 
 46 TMA-ZAIN-G-    (0)   :  0.003 0.005 0.004 0.987 
 47 TMA-ZAIN-G-    (0)   :  0.006 0.983 0.006 0.005 
 48 TMA-ZAIN-G-    (0)   :  0.116 0.848 0.011 0.025 
 49 TMA-ZAIN-G-    (9)   :  0.029 0.009 0.954 0.008 
 50 TMA-ZAIN-G-    (0)   :  0.039 0.006 0.938 0.016 
 51 TMA-ZAIN-G-    (0)   :  0.043 0.256 0.689 0.013 
 52 TMA-ZAIN-G-    (0)   :  0.049 0.212 0.714 0.025 
 53 TMA-ZAIN-G-    (0)   :  0.019 0.213 0.758 0.010 
 54 TMA-ZAIN-G-    (0)   :  0.006 0.978 0.009 0.007 
 55 TMA-ZAIN-G-    (0)   :  0.007 0.970 0.012 0.011 
 56 TMA-ZAIN-G-    (0)   :  0.115 0.832 0.036 0.017 
 57 TMA-ZAIN-G-    (0)   :  0.008 0.961 0.026 0.005 
 58 TMA-ZAIN-G-    (0)   :  0.017 0.048 0.846 0.089 
 59 TMA-ZAIN-G-    (0)   :  0.040 0.025 0.910 0.025 
 60 TMA-ZAIN-G-    (0)   :  0.012 0.054 0.925 0.010 
 61 TMA-ZAIN-G-    (0)   :  0.004 0.010 0.961 0.025 
 62 TMA-ZAIN-G-    (9)   :  0.030 0.014 0.946 0.010 
 63 TMA-ZAIN-G-    (0)   :  0.005 0.021 0.963 0.011 
 64 TMA-ZAIN-G-    (0)   :  0.985 0.010 0.003 0.003 
 65 TMA-ZAIN-G-    (9)   :  0.954 0.039 0.004 0.003 
 66 TMA-ZAIN-G-    (0)   :  0.983 0.011 0.003 0.003 
 67 TMA-ZAIN-G-    (0)   :  0.975 0.006 0.007 0.011 
 68 TMA-ZAIN-G-    (0)   :  0.962 0.032 0.003 0.003 
 69 TMA-ZAIN-G-    (0)   :  0.958 0.013 0.011 0.018 
 70 TMA-ZAIN-G-    (0)   :  0.983 0.006 0.006 0.005 
 71 TMA-ZAIN-G-    (0)   :  0.988 0.004 0.004 0.004 
 72 TMA-ZAIN-G-    (0)   :  0.979 0.011 0.006 0.005 
 73 TMA-ZAIN-G-    (0)   :  0.891 0.013 0.048 0.048 
 74 TMA-ZAIN-G-    (0)   :  0.955 0.008 0.021 0.016 
 75 TMA-ZAIN-G-    (0)   :  0.978 0.010 0.008 0.004 
 76 TMA-ZAIN-G-    (0)   :  0.915 0.004 0.016 0.064 
 77 TMA-ZAIN-G-    (0)   :  0.973 0.009 0.006 0.011 
 78 TMA-ZAIN-G-    (0)   :  0.897 0.017 0.023 0.063 
 79 TMA-ZAIN-G-    (0)   :  0.923 0.023 0.009 0.045 
 80 TMA-ZAIN-G-    (0)   :  0.979 0.010 0.004 0.006 
 81 TMA-ZAIN-G-    (0)   :  0.968 0.012 0.008 0.012 
 82 TMA-ZAIN-G-    (0)   :  0.983 0.009 0.005 0.003 
 83 TMA-ZAIN-G-    (9)   :  0.868 0.020 0.063 0.048 
 84 TMA-ZAIN-G-    (0)   :  0.932 0.006 0.009 0.053 
 85 TMA-ZAIN-G-    (0)   :  0.021 0.359 0.527 0.093 
 86 TMA-ZAIN-G-    (0)   :  0.098 0.536 0.070 0.297 
 87 TMA-ZAIN-G-    (0)   :  0.020 0.075 0.148 0.757 
 88 TMA-ZAIN-G-    (0)   :  0.114 0.683 0.184 0.020 
 89 TMA-ZAIN-G-    (0)   :  0.017 0.936 0.013 0.034 
 90 TMA-ZAIN-G-    (0)   :  0.013 0.910 0.054 0.022 
 91 TMA-ZAIN-G-    (0)   :  0.011 0.917 0.056 0.015 
 92 TMA-ZAIN-G-    (0)   :  0.008 0.937 0.019 0.036 
 93 TMA-ZAIN-G-    (0)   :  0.006 0.930 0.053 0.012 
 94 TMA-ZAIN-G-    (0)   :  0.006 0.675 0.281 0.038 
 95 TMA-ZAIN-G-    (0)   :  0.021 0.012 0.958 0.009 
 96 TMA-ZAIN-G-    (0)   :  0.139 0.057 0.794 0.010 
 97 TMA-ZAIN-G-    (0)   :  0.005 0.007 0.981 0.007 
 98 TMA-ZAIN-G-    (0)   :  0.005 0.007 0.983 0.006 
 99 TMA-ZAIN-G-    (0)   :  0.098 0.006 0.878 0.018 
100 TMA-ZAIN-G-    (0)   :  0.004 0.011 0.971 0.014 
101 TMA-ZAIN-G-    (0)   :  0.008 0.006 0.980 0.006 
102 TMA-ZAIN-G-    (0)   :  0.048 0.033 0.727 0.193 
103 TMA-ZAIN-G-    (0)   :  0.009 0.009 0.968 0.015 
104 TMA-ZAIN-G-    (0)   :  0.004 0.006 0.982 0.008 
105 TMA-ZAIN-G-    (0)   :  0.010 0.008 0.973 0.009 
106 TMA-ZAIN-G-    (0)   :  0.981 0.011 0.004 0.003 
107 TMA-ZAIN-G-    (0)   :  0.986 0.006 0.005 0.003 
108 TMA-ZAIN-G-    (9)   :  0.326 0.155 0.454 0.065 
109 TMA-ZAIN-G-    (0)   :  0.422 0.197 0.375 0.006 
110 TMA-ZAIN-G-    (0)   :  0.475 0.054 0.333 0.138 
111 TMA-ZAIN-G-    (9)   :  0.050 0.015 0.904 0.032 
112 TMA-ZAIN-G-    (0)   :  0.293 0.108 0.535 0.065 
113 TMA-ZAIN-G-    (0)   :  0.013 0.012 0.960 0.016 
114 TMA-ZAIN-G-    (0)   :  0.004 0.004 0.976 0.015 
115 TMA-ZAIN-G-    (0)   :  0.005 0.006 0.982 0.008 
116 TMA-ZAIN-G-    (0)   :  0.977 0.013 0.007 0.003 
117 TMA-ZAIN-G-    (0)   :  0.867 0.121 0.009 0.004 
118 TMA-ZAIN-G-    (0)   :  0.977 0.012 0.007 0.003 
119 TMA-ZAIN-G-    (0)   :  0.963 0.010 0.018 0.008 
120 TMA-ZAIN-G-    (0)   :  0.958 0.025 0.013 0.004 
121 TMA-ZAIN-G-    (0)   :  0.969 0.020 0.007 0.004 
122 TMA-ZAIN-G-    (0)   :  0.962 0.022 0.008 0.008 
123 TMA-ZAIN-G-    (0)   :  0.006 0.011 0.968 0.015 
124 TMA-ZAIN-G-    (0)   :  0.972 0.012 0.011 0.004 
125 TMA-ZAIN-G-    (0)   :  0.319 0.675 0.004 0.003 
126 TMA-ZAIN-G-    (0)   :  0.821 0.169 0.007 0.003 
127 TMA-ZAIN-G-    (0)   :  0.982 0.011 0.004 0.003 
128 TMA-ZAIN-G-    (0)   :  0.973 0.018 0.006 0.003 
129 TMA-ZAIN-G-    (0)   :  0.959 0.026 0.012 0.004 
130 TMA-ZAIN-G-    (0)   :  0.288 0.700 0.009 0.003 
131 TMA-ZAIN-G-    (0)   :  0.959 0.027 0.009 0.004 
132 TMA-ZAIN-G-    (0)   :  0.878 0.114 0.005 0.003 
133 TMA-ZAIN-G-    (0)   :  0.859 0.126 0.005 0.009 
134 TMA-ZAIN-G-    (0)   :  0.766 0.223 0.005 0.005 
135 TMA-ZAIN-G-    (0)   :  0.982 0.008 0.004 0.006 
136 TMA-ZAIN-G-    (0)   :  0.973 0.018 0.004 0.004 
137 TMA-ZAIN-G-    (0)   :  0.980 0.007 0.007 0.006 
138 TMA-ZAIN-G-    (0)   :  0.978 0.015 0.004 0.003 
139 TMA-ZAIN-G-    (0)   :  0.967 0.024 0.005 0.004 
140 TMA-ZAIN-G-    (0)   :  0.985 0.005 0.005 0.005 
141 TMA-ZAIN-G-    (0)   :  0.978 0.011 0.007 0.004 
142 TMA-ZAIN-G-    (9)   :  0.986 0.006 0.004 0.004 
143 TMA-ZAIN-G-    (0)   :  0.985 0.007 0.005 0.003 
144 TMA-ZAIN-G-    (0)   :  0.973 0.017 0.005 0.005 
145 TMA-ZAIN-G-    (0)   :  0.984 0.010 0.004 0.002 
146 TMA-ZAIN-G-    (0)   :  0.987 0.006 0.004 0.004 
147 TMA-ZAIN-G-    (9)   :  0.986 0.006 0.004 0.004 
148 TMA-ZAIN-G-    (0)   :  0.971 0.021 0.004 0.004 
149 TMA-ZAIN-G-    (0)   :  0.878 0.065 0.029 0.029 
150 TMA-ZAIN-G-    (0)   :  0.908 0.039 0.030 0.023 
151 TMA-ZAIN-G-    (0)   :  0.985 0.009 0.004 0.003 
152 TMA-ZAIN-G-    (0)   :  0.984 0.009 0.004 0.003 
153 TMA-ZAIN-G-    (0)   :  0.983 0.010 0.004 0.003 
154 TMA-ZAIN-G-    (0)   :  0.984 0.009 0.005 0.003 
155 TMA-ZAIN-G-    (0)   :  0.986 0.006 0.006 0.003 
156 TMA-ZAIN-G-    (9)   :  0.964 0.026 0.008 0.003 
157 TMA-ZAIN-G-    (0)   :  0.977 0.014 0.005 0.003 
158 TMA-ZAIN-G-    (0)   :  0.985 0.006 0.005 0.003 
159 TMA-ZAIN-G-    (0)   :  0.988 0.005 0.004 0.003 
160 TMA-ZAIN-G-    (0)   :  0.985 0.006 0.006 0.003 
161 TMA-ZAIN-G-    (0)   :  0.982 0.011 0.005 0.003 
162 TMA-ZAIN-G-    (0)   :  0.934 0.018 0.028 0.020 
163 TMA-ZAIN-G-    (0)   :  0.989 0.004 0.004 0.002 
164 TMA-ZAIN-G-    (0)   :  0.980 0.010 0.006 0.004 
165 TMA-ZAIN-G-    (0)   :  0.988 0.005 0.005 0.003 
166 TMA-ZAIN-G-    (0)   :  0.986 0.007 0.004 0.002 
167 TMA-ZAIN-G-    (0)   :  0.978 0.008 0.009 0.006 
168 TMA-ZAIN-G-    (0)   :  0.978 0.013 0.006 0.004 
169 TMA-ZAIN-G-    (0)   :  0.987 0.006 0.004 0.003 
170 TMA-ZAIN-G-    (0)   :  0.960 0.010 0.019 0.011 
171 TMA-ZAIN-G-    (0)   :  0.987 0.005 0.004 0.004 
172 TMA-ZAIN-G-    (0)   :  0.980 0.009 0.005 0.005 
173 TMA-ZAIN-G-    (0)   :  0.976 0.013 0.006 0.005 
174 TMA-ZAIN-G-    (0)   :  0.985 0.008 0.004 0.003 
175 TMA-ZAIN-G-    (0)   :  0.986 0.006 0.004 0.004 
176 TMA-ZAIN-G-    (0)   :  0.986 0.006 0.004 0.003 
177 TMA-ZAIN-G-    (0)   :  0.984 0.007 0.005 0.004 
178 TMA-ZAIN-G-    (0)   :  0.970 0.016 0.009 0.005 
179 TMA-ZAIN-G-    (0)   :  0.984 0.009 0.004 0.003 
180 TMA-ZAIN-G-    (0)   :  0.950 0.041 0.004 0.005 
181 TMA-ZAIN-G-    (0)   :  0.948 0.043 0.006 0.003 
182 TMA-ZAIN-G-    (0)   :  0.727 0.255 0.013 0.004 
183 TMA-ZAIN-G-    (0)   :  0.942 0.048 0.007 0.003 
184 TMA-ZAIN-G-    (0)   :  0.808 0.132 0.040 0.021 
185 TMA-ZAIN-G-    (0)   :  0.857 0.068 0.035 0.040 
186 TMA-ZAIN-G-    (9)   :  0.976 0.009 0.008 0.007 
187 TMA-ZAIN-G-    (0)   :  0.980 0.008 0.007 0.004 
188 TMA-ZAIN-G-    (0)   :  0.984 0.008 0.005 0.003 
189 TMA-ZAIN-G-    (0)   :  0.988 0.006 0.003 0.003 
190 TMA-ZAIN-G-    (0)   :  0.971 0.020 0.005 0.004 
191 TMA-ZAIN-G-    (0)   :  0.926 0.016 0.025 0.034 
192 TMA-ZAIN-G-    (0)   :  0.977 0.012 0.005 0.007 
193 TMA-ZAIN-G-    (0)   :  0.009 0.984 0.004 0.003 
194 TMA-ZAIN-G-    (0)   :  0.014 0.976 0.005 0.005 
195 TMA-ZAIN-G-    (0)   :  0.378 0.610 0.008 0.003 
196 TMA-ZAIN-G-    (0)   :  0.059 0.932 0.005 0.003 
197 TMA-ZAIN-G-    (0)   :  0.022 0.968 0.005 0.004 
198 TMA-ZAIN-G-    (0)   :  0.087 0.904 0.005 0.004 
199 TMA-ZAIN-G-    (0)   :  0.969 0.018 0.007 0.005 
200 TMA-ZAIN-G-    (0)   :  0.004 0.015 0.026 0.954 
201 TMA-ZAIN-G-    (0)   :  0.004 0.004 0.009 0.982 
202 TMA-ZAIN-G-    (0)   :  0.007 0.009 0.015 0.968 
203 TMA-ZAIN-G-    (0)   :  0.133 0.845 0.018 0.004 
204 TMA-ZAIN-G-    (9)   :  0.010 0.021 0.009 0.960 
205 TMA-ZAIN-G-    (0)   :  0.121 0.014 0.020 0.844 
206 TMA-ZAIN-G-    (9)   :  0.023 0.099 0.025 0.853 
207 TMA-ZAIN-G-    (9)   :  0.858 0.104 0.023 0.014 
208 TMA-ZAIN-G-    (0)   :  0.989 0.004 0.003 0.003 
209 TMA-ZAIN-G-    (0)   :  0.799 0.194 0.004 0.003 
210 TMA-ZAIN-G-    (0)   :  0.856 0.136 0.005 0.004 
211 TMA-ZAIN-G-    (0)   :  0.938 0.037 0.011 0.013 
212 TMA-ZAIN-G-    (0)   :  0.973 0.018 0.005 0.004 
213 TMA-ZAIN-G-    (0)   :  0.977 0.014 0.005 0.004 
214 TMA-ZAIN-G-    (0)   :  0.982 0.011 0.004 0.004 
215 TMA-ZAIN-G-    (0)   :  0.868 0.004 0.107 0.021 
216 TMA-ZAIN-G-    (0)   :  0.964 0.025 0.005 0.006 
217 TMA-ZAIN-G-    (0)   :  0.979 0.014 0.004 0.003 
218 TMA-ZAIN-G-    (0)   :  0.026 0.006 0.960 0.008 
219 TMA-ZAIN-G-    (0)   :  0.008 0.015 0.936 0.041 
220 TMA-ZAIN-G-    (0)   :  0.011 0.005 0.978 0.005 
221 TMA-ZAIN-G-    (0)   :  0.020 0.015 0.934 0.030 
222 TMA-ZAIN-G-    (0)   :  0.016 0.014 0.953 0.017 
223 TMA-ZAIN-G-    (0)   :  0.005 0.006 0.958 0.031 
224 TMA-ZAIN-G-    (0)   :  0.027 0.052 0.883 0.038 
225 TMA-ZAIN-G-    (0)   :  0.006 0.007 0.965 0.022 
226 TMA-ZAIN-G-    (0)   :  0.008 0.013 0.966 0.013 
227 TMA-ZAIN-G-    (0)   :  0.010 0.010 0.887 0.092 
228 TMA-ZAIN-G-    (0)   :  0.028 0.010 0.942 0.020 
229 TMA-ZAIN-G-    (0)   :  0.008 0.005 0.866 0.120 
230 TMA-ZAIN-G-    (0)   :  0.183 0.167 0.635 0.015 
231 TMA-ZAIN-G-    (0)   :  0.051 0.034 0.476 0.439 
232 TMA-ZAIN-G-    (9)   :  0.044 0.023 0.553 0.380 
233 TMA-ZAIN-G-    (0)   :  0.117 0.038 0.766 0.079 
234 TMA-ZAIN-G-    (0)   :  0.006 0.014 0.942 0.038 
235 TMA-ZAIN-G-    (0)   :  0.027 0.020 0.936 0.017 
236 TMA-ZAIN-G-    (0)   :  0.014 0.015 0.863 0.108 
237 TMA-ZAIN-G-    (0)   :  0.100 0.035 0.850 0.015 
238 TMA-ZAIN-G-    (0)   :  0.010 0.006 0.929 0.054 
239 TMA-ZAIN-G-    (0)   :  0.022 0.216 0.006 0.756 
240 TMA-ZAIN-G-    (0)   :  0.003 0.005 0.004 0.987 
241 TMA-ZAIN-G-    (0)   :  0.007 0.005 0.004 0.984 
242 TMA-ZAIN-G-    (0)   :  0.007 0.004 0.004 0.985 
243 TMA-ZAIN-G-    (0)   :  0.011 0.005 0.004 0.980 
244 TMA-ZAIN-G-    (0)   :  0.014 0.004 0.005 0.977 
245 TMA-ZAIN-G-    (9)   :  0.003 0.003 0.004 0.990 
246 TMA-ZAIN-G-    (0)   :  0.004 0.004 0.003 0.989 
247 TMA-ZAIN-G-    (0)   :  0.005 0.003 0.003 0.988 
248 TMA-ZAIN-G-    (0)   :  0.007 0.008 0.006 0.979 
249 TMA-ZAIN-G-    (0)   :  0.004 0.005 0.004 0.986 
250 TMA-ZAIN-G-    (0)   :  0.005 0.004 0.004 0.987 
251 TMA-ZAIN-G-    (0)   :  0.005 0.984 0.008 0.004 
252 TMA-ZAIN-G-    (0)   :  0.074 0.912 0.010 0.004 
253 TMA-ZAIN-G-    (0)   :  0.008 0.979 0.007 0.006 
254 TMA-ZAIN-G-    (9)   :  0.026 0.958 0.012 0.004 
255 TMA-ZAIN-G-    (0)   :  0.008 0.927 0.016 0.049 
256 TMA-ZAIN-G-    (0)   :  0.007 0.976 0.007 0.010 
257 TMA-ZAIN-G-    (0)   :  0.004 0.987 0.005 0.005 
258 TMA-ZAIN-G-    (0)   :  0.004 0.987 0.004 0.004 
259 TMA-ZAIN-G-    (0)   :  0.004 0.982 0.006 0.009 
260 TMA-ZAIN-G-    (0)   :  0.004 0.984 0.005 0.007 
261 TMA-ZAIN-G-   (18)   :  0.007 0.981 0.007 0.005 
262 TMA-ZAIN-G-    (0)   :  0.003 0.988 0.005 0.004 
263 TMA-ZAIN-G-    (0)   :  0.005 0.980 0.009 0.006 
264 TMA-ZAIN-G-    (0)   :  0.005 0.980 0.010 0.005 
265 TMA-ZAIN-G-    (0)   :  0.057 0.757 0.145 0.041 
266 TMA-ZAIN-G-    (0)   :  0.019 0.964 0.010 0.007 
267 TMA-ZAIN-G-    (0)   :  0.031 0.180 0.139 0.651 
268 TMA-ZAIN-G-    (0)   :  0.004 0.005 0.014 0.977 
269 TMA-ZAIN-G-    (0)   :  0.006 0.006 0.130 0.858 
270 TMA-ZAIN-G-    (0)   :  0.006 0.007 0.044 0.943 
271 TMA-ZAIN-G-    (0)   :  0.005 0.005 0.015 0.975 
272 TMA-ZAIN-G-    (0)   :  0.005 0.005 0.062 0.929 
273 TMA-ZAIN-G-    (0)   :  0.003 0.004 0.024 0.969 
274 TMA-ZAIN-G-    (0)   :  0.016 0.024 0.036 0.924 
275 TMA-ZAIN-G-    (0)   :  0.004 0.003 0.008 0.985 
276 TMA-ZAIN-G-    (0)   :  0.004 0.003 0.006 0.987 
277 TMA-ZAIN-G-    (0)   :  0.005 0.006 0.009 0.980 
278 TMA-ZAIN-G-    (0)   :  0.003 0.004 0.007 0.985 
279 TMA-ZAIN-G-    (0)   :  0.005 0.006 0.017 0.973 
280 TMA-ZAIN-G-    (0)   :  0.006 0.006 0.180 0.808 
281 TMA-ZAIN-G-    (0)   :  0.005 0.005 0.033 0.957 
282 TMA-ZAIN-G-    (9)   :  0.003 0.004 0.010 0.982 
283 TMA-ZAIN-G-    (0)   :  0.020 0.085 0.221 0.673 
284 TMA-ZAIN-G-    (0)   :  0.016 0.094 0.448 0.443 
285 TMA-ZAIN-G-    (0)   :  0.031 0.072 0.057 0.840 
286 TMA-ZAIN-G-    (0)   :  0.004 0.006 0.017 0.973 
287 TMA-ZAIN-G-    (0)   :  0.007 0.009 0.014 0.971 
288 TMA-ZAIN-G-    (0)   :  0.031 0.039 0.335 0.595 
289 TMA-ZAIN-G-    (0)   :  0.012 0.017 0.022 0.949 
290 TMA-ZAIN-G-    (0)   :  0.009 0.012 0.547 0.431 
291 TMA-ZAIN-G-    (0)   :  0.006 0.010 0.968 0.017 
292 TMA-ZAIN-G-    (0)   :  0.964 0.008 0.014 0.014 
293 TMA-ZAIN-G-    (0)   :  0.963 0.022 0.006 0.009 
294 TMA-ZAIN-G-    (0)   :  0.983 0.008 0.004 0.005 
295 TMA-ZAIN-G-    (9)   :  0.976 0.009 0.006 0.009 
296 TMA-ZAIN-G-    (0)   :  0.959 0.020 0.014 0.007 
297 TMA-ZAIN-G-    (0)   :  0.967 0.020 0.008 0.006 
298 TMA-ZAIN-G-    (0)   :  0.909 0.040 0.017 0.033 
299 TMA-ZAIN-G-    (0)   :  0.981 0.004 0.006 0.009 
300 TMA-ZAIN-G-    (0)   :  0.981 0.008 0.004 0.007 
301 TMA-ZAIN-G-    (0)   :  0.973 0.012 0.007 0.008 
302 TMA-ZAIN-G-    (9)   :  0.981 0.010 0.005 0.004 
303 TMA-ZAIN-G-    (0)   :  0.010 0.191 0.792 0.007 
304 TMA-ZAIN-G-    (0)   :  0.047 0.933 0.010 0.010 
305 TMA-ZAIN-G-    (0)   :  0.980 0.010 0.005 0.005 
306 TMA-ZAIN-G-    (0)   :  0.441 0.365 0.117 0.077 
307 TMA-ZAIN-G-    (0)   :  0.157 0.820 0.010 0.013 
308 TMA-ZAIN-G-    (0)   :  0.007 0.787 0.168 0.037 
309 TMA-ZAIN-G-    (0)   :  0.982 0.009 0.005 0.004 
310 TMA-ZAIN-G-    (0)   :  0.937 0.014 0.010 0.039 
311 TMA-ZAIN-G-    (0)   :  0.859 0.083 0.047 0.012 
312 TMA-ZAIN-G-    (0)   :  0.951 0.029 0.013 0.007 
313 TMA-ZAIN-G-    (0)   :  0.119 0.862 0.013 0.006 
314 TMA-ZAIN-G-    (0)   :  0.008 0.010 0.835 0.147 
315 TMA-ZAIN-G-    (0)   :  0.533 0.015 0.015 0.436 
316 TMA-ZAIN-G-    (0)   :  0.488 0.014 0.031 0.466 
317 TMA-ZAIN-G-    (0)   :  0.010 0.012 0.963 0.016 
318 TMA-ZAIN-G-    (9)   :  0.007 0.021 0.739 0.234 
319 TMA-ZAIN-G-    (0)   :  0.015 0.485 0.347 0.153 
320 TMA-ZAIN-G-    (0)   :  0.665 0.010 0.304 0.021 
321 TMA-ZAIN-G-    (0)   :  0.670 0.014 0.189 0.127 
322 TMA-ZAIN-G-    (0)   :  0.438 0.105 0.444 0.013 
323 TMA-ZAIN-G-    (0)   :  0.085 0.080 0.793 0.042 
324 TMA-ZAIN-G-    (0)   :  0.888 0.099 0.009 0.004 
325 TMA-ZAIN-G-    (0)   :  0.015 0.011 0.852 0.122 
326 TMA-ZAIN-G-    (0)   :  0.105 0.385 0.504 0.006 
327 TMA-ZAIN-G-    (0)   :  0.025 0.966 0.005 0.003 
328 TMA-ZAIN-G-    (0)   :  0.192 0.127 0.577 0.105 
329 TMA-ZAIN-G-    (0)   :  0.934 0.053 0.006 0.007 
330 TMA-ZAIN-G-    (0)   :  0.908 0.083 0.006 0.003 
331 TMA-ZAIN-G-    (0)   :  0.681 0.151 0.082 0.086 
332 TMA-ZAIN-G-    (0)   :  0.933 0.060 0.004 0.003 
333 TMA-ZAIN-G-    (0)   :  0.021 0.970 0.006 0.003 
334 TMA-ZAIN-G-    (0)   :  0.004 0.005 0.012 0.979 
335 TMA-ZAIN-G-    (0)   :  0.005 0.004 0.005 0.987 
336 TMA-ZAIN-G-    (0)   :  0.009 0.010 0.018 0.964 
337 TMA-ZAIN-G-    (9)   :  0.006 0.005 0.141 0.848 
338 TMA-ZAIN-G-    (0)   :  0.004 0.005 0.016 0.975 
339 TMA-ZAIN-G-    (0)   :  0.002 0.003 0.009 0.985 
340 TMA-ZAIN-G-    (0)   :  0.003 0.003 0.007 0.987 
341 TMA-ZAIN-G-    (0)   :  0.005 0.003 0.008 0.984 
342 TMA-ZAIN-G-    (0)   :  0.004 0.004 0.009 0.983 
343 TMA-ZAIN-G-    (0)   :  0.004 0.003 0.015 0.979 
344 TMA-ZAIN-G-    (0)   :  0.005 0.005 0.011 0.979 
345 TMA-ZAIN-G-    (0)   :  0.003 0.004 0.005 0.988 
346 TMA-ZAIN-G-    (0)   :  0.009 0.008 0.030 0.953 
347 TMA-ZAIN-G-    (9)   :  0.003 0.003 0.009 0.985 
348 TMA-ZAIN-G-    (0)   :  0.005 0.007 0.024 0.964 
349 TMA-ZAIN-G-    (0)   :  0.004 0.004 0.013 0.979 
350 TMA-ZAIN-G-    (0)   :  0.007 0.007 0.072 0.914 
351 TMA-ZAIN-G-    (0)   :  0.004 0.005 0.008 0.983 
352 TMA-ZAIN-G-    (0)   :  0.007 0.005 0.008 0.980 
353 TMA-ZAIN-G-    (0)   :  0.009 0.008 0.065 0.918 
354 TMA-ZAIN-G-    (0)   :  0.006 0.004 0.012 0.978 
355 TMA-ZAIN-G-    (0)   :  0.010 0.005 0.014 0.971 
356 TMA-ZAIN-G-    (0)   :  0.966 0.017 0.015 0.002 
357 TMA-ZAIN-G-    (0)   :  0.948 0.038 0.009 0.005 
358 TMA-ZAIN-G-    (0)   :  0.886 0.035 0.046 0.033 
359 TMA-ZAIN-G-    (0)   :  0.953 0.014 0.020 0.013 
360 TMA-ZAIN-G-    (0)   :  0.986 0.005 0.005 0.004 
361 TMA-ZAIN-G-    (0)   :  0.954 0.027 0.014 0.004 
362 TMA-ZAIN-G-    (0)   :  0.973 0.005 0.007 0.016 
363 TMA-ZAIN-G-    (0)   :  0.892 0.085 0.013 0.011 
364 TMA-ZAIN-G-    (0)   :  0.014 0.012 0.963 0.011 
365 TMA-ZAIN-G-    (0)   :  0.809 0.005 0.029 0.157 
366 TMA-ZAIN-G-    (0)   :  0.974 0.013 0.005 0.008 
367 TMA-ZAIN-G-    (0)   :  0.434 0.472 0.088 0.005 
368 TMA-ZAIN-G-    (0)   :  0.977 0.013 0.005 0.005 
369 TMA-ZAIN-G-    (0)   :  0.982 0.011 0.004 0.003 
370 TMA-ZAIN-G-    (0)   :  0.979 0.010 0.008 0.003 
371 TMA-ZAIN-G-    (0)   :  0.985 0.006 0.005 0.003 
372 TMA-ZAIN-G-    (0)   :  0.985 0.006 0.004 0.004 
373 TMA-ZAIN-G-    (0)   :  0.184 0.801 0.010 0.005 
374 TMA-ZAIN-G-    (0)   :  0.070 0.573 0.345 0.013 
375 TMA-ZAIN-G-    (0)   :  0.155 0.034 0.800 0.011 
376 TMA-ZAIN-G-    (9)   :  0.987 0.004 0.006 0.003 
377 TMA-ZAIN-G-    (0)   :  0.989 0.005 0.003 0.003 
378 TMA-ZAIN-G-    (0)   :  0.988 0.005 0.004 0.002 
379 TMA-ZAIN-G-    (0)   :  0.986 0.007 0.005 0.002 
380 TMA-ZAIN-G-    (0)   :  0.986 0.007 0.004 0.004 
381 TMA-ZAIN-G-    (9)   :  0.251 0.175 0.559 0.014 
382 TMA-ZAIN-G-    (9)   :  0.007 0.007 0.951 0.035 
383    ZFB01    (0)   :  0.008 0.006 0.963 0.023 
384    ZFB02    (0)   :  0.005 0.007 0.851 0.137 
385    ZFB03    (0)   :  0.005 0.009 0.980 0.006 
386    ZFB04    (0)   :  0.005 0.005 0.734 0.256 
387    ZFB05    (0)   :  0.004 0.010 0.902 0.084 
388    ZFB06    (0)   :  0.003 0.007 0.957 0.032 
389    ZFB07    (9)   :  0.011 0.007 0.965 0.018 
390    ZFB08    (0)   :  0.006 0.007 0.980 0.006 
391    ZFB09    (0)   :  0.004 0.004 0.983 0.008 
392    ZFB10    (0)   :  0.022 0.006 0.952 0.020 
393    ZFB11    (0)   :  0.012 0.006 0.957 0.024 
394    ZFB12    (0)   :  0.007 0.005 0.974 0.014 
395    ZFB13    (0)   :  0.008 0.005 0.980 0.007 
396    ZFB14    (0)   :  0.007 0.005 0.982 0.006 
397    ZFB15    (0)   :  0.004 0.004 0.943 0.050 
398    ZFB16    (0)   :  0.006 0.004 0.964 0.027 
399    ZFB17    (0)   :  0.006 0.005 0.964 0.024 
400    ZFB18    (0)   :  0.005 0.005 0.984 0.006 
401    ZFB19    (0)   :  0.026 0.006 0.959 0.009 
402    ZFB20    (0)   :  0.006 0.004 0.932 0.058 
403    ZFB21    (0)   :  0.004 0.004 0.969 0.022 
404    ZFB22    (0)   :  0.006 0.004 0.867 0.123 
405    ZFB23    (0)   :  0.012 0.008 0.947 0.033 
406    ZFB24    (0)   :  0.011 0.006 0.910 0.073 
407    ZFB25    (0)   :  0.047 0.007 0.936 0.010 
408    ZFB26    (0)   :  0.029 0.010 0.854 0.107 
409    ZFB27    (0)   :  0.013 0.005 0.851 0.130 
410    ZFB28    (0)   :  0.006 0.009 0.967 0.018 
411    ZFB29    (0)   :  0.004 0.005 0.959 0.032 
412    ZFB30    (0)   :  0.009 0.007 0.900 0.085 
413    ZFB31    (0)   :  0.028 0.006 0.957 0.009 
414    ZFB32    (0)   :  0.010 0.022 0.956 0.012 
415    ZFB33    (0)   :  0.005 0.004 0.948 0.043 
416    ZFB34    (0)   :  0.005 0.005 0.984 0.006 
417    ZFB35    (0)   :  0.009 0.008 0.952 0.031 
418  ZFBP101    (0)   :  0.865 0.112 0.014 0.009 
419  ZFBP102    (0)   :  0.955 0.019 0.014 0.012 
420  ZFBP103    (0)   :  0.658 0.329 0.007 0.006 
421  ZFBP104    (0)   :  0.901 0.007 0.068 0.024 
422  ZFBP105    (0)   :  0.977 0.009 0.008 0.006 
423  ZFBP106    (0)   :  0.978 0.013 0.004 0.004 
424  ZFBP107    (0)   :  0.966 0.011 0.010 0.013 
425  ZFBP108    (0)   :  0.988 0.005 0.004 0.003 
426  ZFBP109    (0)   :  0.989 0.004 0.004 0.003 
427  ZFBP110    (0)   :  0.716 0.231 0.046 0.007 
428  ZFBP111    (0)   :  0.988 0.006 0.003 0.003 
429  ZFBP112    (0)   :  0.979 0.010 0.005 0.006 
430  ZFBP113    (0)   :  0.986 0.004 0.005 0.004 
431  ZFBP114    (0)   :  0.983 0.007 0.004 0.006 
432  ZFBP115    (0)   :  0.976 0.016 0.004 0.004 
433  ZFBP116    (0)   :  0.986 0.006 0.004 0.004 
434  ZFBP117    (0)   :  0.986 0.008 0.004 0.003 
435  ZFBP118    (0)   :  0.984 0.006 0.004 0.006 
436  ZFBP119    (0)   :  0.964 0.027 0.006 0.003 
437  ZFBP120    (0)   :  0.980 0.006 0.008 0.006 
438  ZFBP121    (0)   :  0.979 0.011 0.007 0.003 
439  ZFBP122    (9)   :  0.986 0.006 0.004 0.004 
440  ZFBP123    (0)   :  0.972 0.013 0.006 0.008 
441  ZFBP124    (0)   :  0.980 0.008 0.007 0.005 
442  ZFBP125    (0)   :  0.986 0.008 0.003 0.003 
443  ZFBP126    (0)   :  0.949 0.022 0.018 0.012 
444  ZFBP127    (0)   :  0.981 0.012 0.004 0.003 
445  ZFBP128    (0)   :  0.985 0.008 0.004 0.003 
446  ZFBP129    (0)   :  0.984 0.008 0.005 0.003 
447  ZFBP130    (0)   :  0.984 0.009 0.003 0.003 
448  ZFBP131    (0)   :  0.986 0.005 0.005 0.004 
449  ZFBP132    (0)   :  0.986 0.007 0.004 0.003 
450  ZFBP133    (0)   :  0.988 0.006 0.004 0.003 
451  ZFBP134    (0)   :  0.976 0.016 0.004 0.004 
452  ZFBP135    (0)   :  0.746 0.230 0.017 0.007 
453  ZFBP136    (0)   :  0.884 0.103 0.005 0.008 
454  ZFBP201    (0)   :  0.975 0.010 0.008 0.007 
455  ZFBP202    (0)   :  0.985 0.005 0.006 0.003 
456  ZFBP203    (0)   :  0.948 0.007 0.014 0.032 
457  ZFBP204    (0)   :  0.964 0.024 0.006 0.006 
458  ZFBP205    (0)   :  0.982 0.008 0.005 0.006 
459  ZFBP206    (0)   :  0.972 0.013 0.007 0.009 
460  ZFBP207    (0)   :  0.962 0.030 0.005 0.003 
461  ZFBP208    (0)   :  0.970 0.008 0.007 0.016 
462  ZFBP209    (0)   :  0.988 0.006 0.004 0.003 
463  ZFBP210    (0)   :  0.977 0.009 0.007 0.008 
464  ZFBP211    (0)   :  0.983 0.007 0.006 0.004 
465  ZFBP212    (0)   :  0.985 0.006 0.006 0.004 
466  ZFBP213    (0)   :  0.966 0.018 0.010 0.006 
467  ZFBP214    (0)   :  0.907 0.078 0.011 0.004 
468  ZFBP215    (0)   :  0.984 0.008 0.005 0.003 
469  ZFBP216    (0)   :  0.977 0.006 0.009 0.008 
470  ZFBP217    (0)   :  0.983 0.009 0.005 0.003 
471  ZFBP218    (0)   :  0.989 0.004 0.004 0.003 
472  ZFBP219    (0)   :  0.988 0.004 0.004 0.004 
473  ZFBP220    (0)   :  0.982 0.011 0.004 0.004 
474  ZFBP221    (0)   :  0.987 0.005 0.005 0.003 
475  ZFBP222    (0)   :  0.979 0.008 0.007 0.006 
476  ZFBP223    (0)   :  0.948 0.039 0.008 0.005 
477  ZFBP224    (0)   :  0.980 0.008 0.007 0.006 
478  ZFBP225    (0)   :  0.975 0.015 0.004 0.006 
479  ZFBP226    (0)   :  0.984 0.006 0.005 0.005 
480  ZFBP227    (0)   :  0.860 0.010 0.092 0.038 
481  ZFBP228    (0)   :  0.977 0.016 0.005 0.003 
482  ZFBP229    (0)   :  0.986 0.006 0.004 0.003 
483  ZFBP230    (0)   :  0.977 0.014 0.005 0.004 
484  ZFBP231    (0)   :  0.982 0.007 0.006 0.005 
485  ZFBP232    (0)   :  0.987 0.006 0.004 0.003 
486  ZFBP233    (0)   :  0.981 0.008 0.006 0.004 
487   ZFCC01    (0)   :  0.005 0.976 0.011 0.008 
488   ZFCC03    (0)   :  0.005 0.987 0.005 0.004 
489   ZFCC04    (0)   :  0.005 0.980 0.009 0.006 
490   ZFCC05    (0)   :  0.006 0.977 0.011 0.005 
491   ZFCC08    (0)   :  0.016 0.974 0.007 0.003 
492   ZFCC09    (0)   :  0.005 0.983 0.007 0.005 
493   ZFCC10    (0)   :  0.005 0.974 0.014 0.007 
494   ZFCC11    (0)   :  0.005 0.985 0.006 0.004 
495   ZFCC12    (0)   :  0.007 0.863 0.026 0.105 
496   ZFCC13    (0)   :  0.011 0.973 0.007 0.009 
497   ZFCC14    (0)   :  0.008 0.965 0.019 0.009 
498   ZFCC15    (0)   :  0.006 0.975 0.010 0.009 
499   ZFCC16    (0)   :  0.005 0.979 0.009 0.007 
500   ZFCC17    (0)   :  0.004 0.970 0.008 0.019 
501   ZFCC18    (0)   :  0.005 0.982 0.007 0.005 
502   ZFCC19    (0)   :  0.004 0.967 0.013 0.015 
503   ZFCC20    (0)   :  0.005 0.985 0.006 0.004 
504   ZFCC21    (0)   :  0.068 0.880 0.044 0.008 
505   ZFCC22    (0)   :  0.323 0.654 0.014 0.009 
506   ZFCC26    (0)   :  0.005 0.982 0.007 0.006 
507   ZFCC27    (0)   :  0.004 0.988 0.005 0.003 
508   ZFCC29    (0)   :  0.006 0.968 0.020 0.007 
509   ZFCC30    (0)   :  0.004 0.988 0.004 0.004 
510   ZFCC32    (0)   :  0.005 0.969 0.013 0.012 
511   ZFCC33    (0)   :  0.005 0.970 0.016 0.010 
512   ZFCC34    (0)   :  0.032 0.940 0.011 0.017 
513   ZFCC35    (0)   :  0.005 0.986 0.005 0.004 
514   ZFCC36    (0)   :  0.011 0.956 0.010 0.023 
515   ZFCC37    (0)   :  0.014 0.855 0.045 0.086 
516   ZFCC40    (0)   :  0.007 0.970 0.010 0.014 
517   ZFCC42    (0)   :  0.008 0.471 0.011 0.510 
518   ZFCC44    (0)   :  0.004 0.988 0.004 0.005 
519   ZFCC45    (9)   :  0.006 0.928 0.035 0.031 
520   ZFCC46    (0)   :  0.014 0.977 0.005 0.004 
521   ZFCC47    (0)   :  0.007 0.919 0.022 0.053 
522   ZFCC48    (0)   :  0.036 0.945 0.014 0.005 
523   ZFCC50    (0)   :  0.004 0.979 0.008 0.009 
524   ZFCC51    (0)   :  0.004 0.988 0.005 0.004 
525   ZFCC52    (0)   :  0.011 0.973 0.006 0.010 
526   ZFCC53    (0)   :  0.004 0.987 0.005 0.005 
527  ZFCNS01    (0)   :  0.017 0.965 0.008 0.010 
528  ZFCNS02    (0)   :  0.011 0.981 0.004 0.003 
529  ZFCNS05    (0)   :  0.018 0.971 0.007 0.004 
530  ZFCNS06    (0)   :  0.013 0.978 0.006 0.003 
531  ZFCNS07    (0)   :  0.357 0.631 0.007 0.004 
532  ZFCNS10    (0)   :  0.054 0.938 0.004 0.004 
533  ZFCNS11    (0)   :  0.012 0.977 0.006 0.005 
534  ZFCNS15    (0)   :  0.826 0.161 0.010 0.004 
535  ZFCNS17    (0)   :  0.010 0.982 0.004 0.004 
536  ZFCNS18    (0)   :  0.024 0.968 0.005 0.003 
537  ZFCNS19    (0)   :  0.006 0.986 0.005 0.003 
538  ZFCNS20    (0)   :  0.095 0.895 0.006 0.004 
539  ZFCNS21    (0)   :  0.009 0.982 0.005 0.003 
540  ZFCNS22    (0)   :  0.136 0.851 0.009 0.004 
541  ZFCNS23    (0)   :  0.012 0.978 0.006 0.004 
542  ZFCNS24    (0)   :  0.010 0.983 0.004 0.004 
543  ZFCNS25    (0)   :  0.053 0.939 0.005 0.003 
544  ZFCNS26    (0)   :  0.280 0.707 0.009 0.004 
545  ZFCNS27    (0)   :  0.924 0.065 0.008 0.004 
546  ZFCNS28    (0)   :  0.017 0.972 0.008 0.004 
547  ZFCNS29    (0)   :  0.015 0.976 0.005 0.004 
548  ZFCNS30    (0)   :  0.009 0.982 0.006 0.003 
549  ZFCNS31    (0)   :  0.043 0.946 0.007 0.004 
550  ZFCNS32    (0)   :  0.030 0.958 0.007 0.004 
551  ZFCNS33    (0)   :  0.021 0.971 0.005 0.004 
552  ZFCNS34    (0)   :  0.006 0.986 0.005 0.004 
553  ZFCNS35    (0)   :  0.019 0.970 0.008 0.003 
554  ZFCNS36    (0)   :  0.007 0.985 0.004 0.004 
555  ZFCNS37    (0)   :  0.027 0.963 0.007 0.003 
556  ZFCNS39    (0)   :  0.011 0.982 0.004 0.003 
557  ZFCNS40    (0)   :  0.013 0.980 0.004 0.003 
558  ZFCNS41    (0)   :  0.128 0.852 0.013 0.006 
559  ZFCNS42    (0)   :  0.058 0.932 0.006 0.003 
560  ZFCNS43    (0)   :  0.007 0.985 0.005 0.003 
561  ZFCNS44    (0)   :  0.017 0.974 0.005 0.004 
562  ZFCNS46    (0)   :  0.021 0.969 0.006 0.003 
563  ZFCNS47    (0)   :  0.012 0.979 0.005 0.003 
564  ZFCNS48    (0)   :  0.036 0.955 0.005 0.004 
565  ZFCNS49    (0)   :  0.788 0.202 0.006 0.003 
566   ZFCR01    (0)   :  0.011 0.006 0.968 0.014 
567   ZFCR02    (0)   :  0.072 0.017 0.899 0.012 
568   ZFCR03    (0)   :  0.027 0.011 0.910 0.051 
569   ZFCR04    (0)   :  0.020 0.017 0.934 0.030 
570   ZFCR05    (0)   :  0.006 0.008 0.977 0.009 
571   ZFCR06    (0)   :  0.210 0.055 0.728 0.007 
572   ZFCR07    (0)   :  0.026 0.118 0.832 0.024 
573   ZFCR08    (0)   :  0.057 0.036 0.842 0.065 
574   ZFCR09    (0)   :  0.195 0.074 0.376 0.355 
575   ZFCR11    (0)   :  0.020 0.013 0.959 0.008 
576   ZFCR12    (0)   :  0.083 0.162 0.750 0.005 
577   ZFCR13    (0)   :  0.036 0.011 0.948 0.004 
578   ZFCR14    (0)   :  0.016 0.014 0.964 0.006 
579   ZFCR15    (0)   :  0.024 0.014 0.953 0.009 
580   ZFCR16    (0)   :  0.022 0.007 0.966 0.004 
581   ZFCR18    (0)   :  0.007 0.009 0.978 0.006 
582   ZFCR19    (0)   :  0.053 0.018 0.864 0.064 
583   ZFCR20    (0)   :  0.035 0.009 0.938 0.018 
584   ZFCR21    (0)   :  0.013 0.013 0.969 0.005 
585   ZFCR22    (0)   :  0.027 0.009 0.957 0.008 
586   ZFCR23    (0)   :  0.068 0.005 0.899 0.029 
587   ZFCR24    (9)   :  0.370 0.009 0.609 0.012 
588   ZFCR25    (0)   :  0.009 0.007 0.980 0.005 
589   ZFCR26    (0)   :  0.048 0.019 0.855 0.078 
590   ZFCR27    (9)   :  0.004 0.004 0.976 0.017 
591   ZFCR28    (0)   :  0.355 0.019 0.617 0.009 
592   ZFCR29    (0)   :  0.011 0.006 0.974 0.009 
593   ZFCR30    (0)   :  0.015 0.014 0.962 0.009 
594   ZFCR31    (0)   :  0.089 0.046 0.820 0.044 
595   ZFCR33    (0)   :  0.028 0.066 0.853 0.053 
596   ZFCR34    (0)   :  0.052 0.034 0.901 0.013 
597   ZFCR35    (0)   :  0.006 0.007 0.973 0.014 
598   ZFCR36    (0)   :  0.009 0.012 0.968 0.011 
599   ZFCR37    (0)   :  0.007 0.021 0.950 0.022 
600   ZFCR38    (0)   :  0.012 0.030 0.925 0.033 
601   ZFCR39    (0)   :  0.246 0.027 0.057 0.670 
602   ZFCR40    (0)   :  0.015 0.018 0.940 0.028 
603   ZFCR41    (0)   :  0.049 0.162 0.785 0.003 
604   ZFCR42    (0)   :  0.066 0.099 0.810 0.025 
605   ZFCR43    (0)   :  0.030 0.007 0.958 0.006 
606  ZFENP25    (0)   :  0.007 0.009 0.976 0.008 
607  ZFENP26    (0)   :  0.006 0.007 0.965 0.023 
608  ZFENP27    (0)   :  0.025 0.379 0.486 0.110 
609  ZFENP28    (0)   :  0.007 0.016 0.945 0.032 
610  ZFENP29    (0)   :  0.005 0.011 0.973 0.011 
611  ZFENP30    (0)   :  0.008 0.052 0.901 0.039 
612  ZFENP31    (0)   :  0.013 0.040 0.038 0.909 
613  ZFENP32    (0)   :  0.022 0.057 0.700 0.221 
614  ZFENP33    (0)   :  0.008 0.008 0.951 0.033 
615  ZFENP34    (0)   :  0.005 0.013 0.962 0.019 
616  ZFENP35    (0)   :  0.013 0.011 0.906 0.070 
617  ZFENP36    (0)   :  0.004 0.007 0.945 0.044 
618  ZFENP37    (0)   :  0.008 0.012 0.947 0.033 
619  ZFENP38    (0)   :  0.013 0.044 0.922 0.021 
620  ZFENP39    (0)   :  0.005 0.011 0.951 0.034 
621  ZFENP40    (0)   :  0.006 0.009 0.919 0.065 
622  ZFENP41    (0)   :  0.010 0.072 0.764 0.155 
623  ZFENP42    (0)   :  0.011 0.013 0.494 0.481 
624  ZFENP43    (0)   :  0.032 0.179 0.673 0.115 
625  ZFENP44    (0)   :  0.034 0.151 0.436 0.379 
626  ZFENP45    (0)   :  0.383 0.025 0.427 0.165 
627  ZFENP46    (0)   :  0.017 0.006 0.891 0.085 
628  ZFENP47    (0)   :  0.153 0.027 0.421 0.399 
629  ZFENP48    (0)   :  0.013 0.028 0.930 0.029 
630  ZFENP49    (0)   :  0.017 0.016 0.946 0.021 
631  ZFENP50    (0)   :  0.114 0.006 0.807 0.073 
632  ZFENP51    (0)   :  0.049 0.018 0.335 0.598 
633  ZFENP52    (0)   :  0.028 0.069 0.861 0.042 
634  ZFENP53    (0)   :  0.036 0.014 0.890 0.060 
635  ZFENP54    (0)   :  0.163 0.020 0.799 0.018 
636  ZFENP55    (0)   :  0.008 0.005 0.955 0.032 
637  ZFENP56    (0)   :  0.008 0.015 0.959 0.018 
638  ZFENP57    (0)   :  0.006 0.010 0.753 0.231 
639  ZFENP58    (0)   :  0.026 0.122 0.836 0.016 
640  ZFENP59    (0)   :  0.009 0.111 0.702 0.178 
641  ZFENP60    (0)   :  0.007 0.007 0.965 0.021 
642  ZFENP61    (0)   :  0.004 0.009 0.969 0.019 
643 ZFFDSP01    (0)   :  0.983 0.008 0.005 0.003 
644 ZFFDSP02    (0)   :  0.988 0.005 0.004 0.002 
645 ZFFDSP04    (0)   :  0.987 0.005 0.005 0.003 
646 ZFFDSP05    (0)   :  0.985 0.006 0.005 0.004 
647 ZFFDSP06    (0)   :  0.987 0.006 0.005 0.002 
648 ZFFDSP07    (0)   :  0.975 0.014 0.006 0.006 
649 ZFFDSP08    (0)   :  0.974 0.017 0.005 0.005 
650 ZFFDSP10    (0)   :  0.984 0.007 0.005 0.004 
651 ZFFDSP11    (0)   :  0.985 0.005 0.006 0.004 
652 ZFFDSP12    (0)   :  0.988 0.005 0.003 0.003 
653 ZFFDSP13    (0)   :  0.967 0.021 0.006 0.005 
654 ZFFDSP14    (0)   :  0.983 0.008 0.005 0.004 
655 ZFFDSP16    (0)   :  0.975 0.012 0.009 0.004 
656 ZFFDSP17    (0)   :  0.987 0.005 0.005 0.003 
657 ZFFDSP18    (0)   :  0.984 0.007 0.007 0.003 
658 ZFFDSP19    (0)   :  0.969 0.022 0.006 0.003 
659 ZFFDSP21    (0)   :  0.973 0.020 0.004 0.003 
660 ZFFDSP22    (0)   :  0.988 0.006 0.003 0.003 
661 ZFFDSP23    (0)   :  0.988 0.006 0.003 0.003 
662 ZFFDSP24    (0)   :  0.984 0.008 0.005 0.003 
663 ZFFDSP26    (9)   :  0.986 0.007 0.005 0.003 
664 ZFFDSP27    (0)   :  0.986 0.006 0.005 0.003 
665 ZFFDSP28    (0)   :  0.922 0.015 0.038 0.025 
666 ZFFDSP30    (0)   :  0.962 0.020 0.013 0.005 
667 ZFFDSP31    (0)   :  0.983 0.007 0.007 0.003 
668 ZFFDSP32    (0)   :  0.987 0.005 0.005 0.003 
669 ZFFDSP33    (0)   :  0.989 0.004 0.004 0.003 
670 ZFFDSP34    (0)   :  0.986 0.007 0.005 0.002 
671 ZFFDSP35    (0)   :  0.986 0.006 0.005 0.003 
672 ZFFDSP37    (0)   :  0.987 0.005 0.005 0.003 
673 ZFFDSP38    (0)   :  0.987 0.005 0.005 0.003 
674 ZFFDSP39    (0)   :  0.989 0.005 0.004 0.003 
675 ZFFDSP40    (0)   :  0.986 0.005 0.005 0.003 
676 ZFFDSP42    (0)   :  0.986 0.007 0.004 0.003 
677 ZFFDSP43    (0)   :  0.988 0.005 0.004 0.003 
678 ZFFDSP44    (0)   :  0.985 0.006 0.005 0.004 
679 ZFFDSP45    (0)   :  0.985 0.007 0.005 0.003 
680 ZFFDSP46    (0)   :  0.985 0.008 0.005 0.003 
681 ZFFDSP47    (0)   :  0.986 0.007 0.004 0.003 
682 ZFFDSP48    (0)   :  0.985 0.007 0.005 0.003 
683    ZFI01    (0)   :  0.006 0.015 0.947 0.032 
684    ZFI02    (0)   :  0.008 0.007 0.965 0.020 
685    ZFI03    (0)   :  0.005 0.010 0.976 0.009 
686    ZFI04    (0)   :  0.006 0.009 0.896 0.088 
687    ZFI05    (0)   :  0.008 0.012 0.974 0.006 
688    ZFI06    (0)   :  0.015 0.012 0.959 0.014 
689    ZFI07    (0)   :  0.005 0.007 0.978 0.011 
690    ZFI08    (0)   :  0.004 0.006 0.977 0.013 
691    ZFI09    (0)   :  0.005 0.007 0.973 0.014 
692    ZFI10    (0)   :  0.011 0.022 0.937 0.030 
693    ZFI11    (0)   :  0.005 0.009 0.862 0.124 
694    ZFI12    (0)   :  0.006 0.015 0.974 0.006 
695    ZFI13    (0)   :  0.005 0.008 0.980 0.007 
696    ZFI14    (0)   :  0.016 0.011 0.965 0.008 
697    ZFI15    (0)   :  0.005 0.007 0.982 0.007 
698    ZFI16    (0)   :  0.005 0.007 0.985 0.004 
699    ZFI17    (0)   :  0.006 0.008 0.971 0.015 
700    ZFI18    (0)   :  0.005 0.005 0.975 0.015 
701    ZFI19    (9)   :  0.004 0.006 0.981 0.009 
702    ZFI20    (0)   :  0.008 0.006 0.978 0.008 
703    ZFI21    (0)   :  0.037 0.015 0.942 0.007 
704    ZFI22    (0)   :  0.008 0.008 0.971 0.014 
705    ZFI23    (0)   :  0.005 0.008 0.981 0.007 
706    ZFI24    (0)   :  0.006 0.015 0.973 0.006 
707    ZFI25    (0)   :  0.007 0.008 0.979 0.006 
708    ZFI26    (0)   :  0.004 0.008 0.981 0.006 
709    ZFI27    (0)   :  0.008 0.021 0.964 0.007 
710    ZFK01    (0)   :  0.012 0.955 0.009 0.023 
711    ZFK02    (0)   :  0.012 0.950 0.017 0.021 
712    ZFK03    (0)   :  0.013 0.909 0.017 0.062 
713    ZFK04    (0)   :  0.021 0.567 0.043 0.369 
714    ZFK05    (0)   :  0.012 0.522 0.018 0.448 
715    ZFK06    (0)   :  0.011 0.675 0.255 0.059 
716    ZFK07    (0)   :  0.013 0.945 0.007 0.035 
717    ZFK08    (0)   :  0.030 0.164 0.143 0.663 
718    ZFK10    (0)   :  0.015 0.765 0.067 0.154 
719    ZFK11    (0)   :  0.014 0.833 0.022 0.131 
720    ZFK12    (0)   :  0.024 0.941 0.014 0.020 
721    ZFK13    (0)   :  0.109 0.818 0.009 0.064 
722    ZFK14    (0)   :  0.017 0.959 0.007 0.017 
723    ZFK15    (0)   :  0.110 0.601 0.019 0.270 
724    ZFK16    (0)   :  0.055 0.918 0.007 0.020 
725   ZFLB01    (0)   :  0.009 0.005 0.006 0.980 
726   ZFLB02    (0)   :  0.005 0.003 0.030 0.962 
727   ZFLB03    (0)   :  0.010 0.035 0.018 0.936 
728   ZFLB04    (0)   :  0.066 0.120 0.023 0.791 
729   ZFLB05    (0)   :  0.006 0.006 0.008 0.980 
730   ZFLB06    (0)   :  0.008 0.009 0.005 0.978 
731   ZFLB07    (0)   :  0.076 0.190 0.023 0.711 
732   ZFLB08    (0)   :  0.006 0.006 0.019 0.970 
733   ZFLB09    (9)   :  0.006 0.007 0.007 0.980 
734   ZFLB10    (0)   :  0.006 0.007 0.006 0.981 
735   ZFLB11    (0)   :  0.010 0.011 0.005 0.973 
736   ZFLB12    (0)   :  0.004 0.005 0.006 0.986 
737   ZFLB13    (0)   :  0.015 0.016 0.015 0.953 
