

----------------------------------------------------
STRUCTURE by Pritchard, Stephens and Donnelly (2000)
     and Falush, Stephens and Pritchard (2003)
       Code by Pritchard, Falush and Hubisz
             Version 2.3.4 (Jul 2012)
----------------------------------------------------



Command line arguments:   bin\structure -m C:\Users\eschumacher\Documents\GitHub\GCC_QUAC_ZAIN\Data_Files\Structure_Files\ZAIN\ZAIN_rebinned_garden_wild_nopopinfo\50-50\mainparams -e C:\Users\eschumacher\Documents\GitHub\GCC_QUAC_ZAIN\Data_Files\Structure_Files\ZAIN\ZAIN_rebinned_garden_wild_nopopinfo\50-50\extraparams 
Input File:    C:\Users\eschumacher\Documents\GitHub\GCC_QUAC_ZAIN\Data_Files\Structure_Files\ZAIN\ZAIN_rebinned_garden_wild_nopopinfo\project_data

Run parameters:
   1133 individuals
   11 loci
   6 populations assumed
   50000 Burn-in period
   50000 Reps


--------------------------------------------
Overall proportion of membership of the
sample in each of the 6 clusters

Inferred Clusters
  1      2      3      4      5      6    
0.139  0.228  0.285  0.116  0.066  0.165  

--------------------------------------------

Allele-freq. divergence among pops (Net nucleotide distance),
computed using point estimates of P.

      1       2       3       4       5       6      
 1      -    0.2743  0.1070  0.2057  0.3391  0.2675  
 2   0.2743     -    0.1641  0.1589  0.0973  0.0872  
 3   0.1070  0.1641     -    0.1043  0.2519  0.1456  
 4   0.2057  0.1589  0.1043     -    0.1732  0.1146  
 5   0.3391  0.0973  0.2519  0.1732     -    0.1465  
 6   0.2675  0.0872  0.1456  0.1146  0.1465     -    

Average distances (expected heterozygosity) between individuals in same cluster:
cluster  1  : 0.4293 
cluster  2  : 0.4161 
cluster  3  : 0.5571 
cluster  4  : 0.4396 
cluster  5  : 0.3683 
cluster  6  : 0.4246 

--------------------------------------------
Estimated Ln Prob of Data   = -22540.7
Mean value of ln likelihood = -22099.2
Variance of ln likelihood   = 882.9
Mean value of alpha         = 0.0363

Mean value of Fst_1         = 0.4253
Mean value of Fst_2         = 0.2727
Mean value of Fst_3         = 0.1554
Mean value of Fst_4         = 0.4099
Mean value of Fst_5         = 0.3987
Mean value of Fst_6         = 0.3670


Inferred ancestry of individuals:
        Label (%Miss) :  Inferred clusters
  1 TMA-ZAIN-G-    (9)   :  0.006 0.008 0.948 0.008 0.006 0.023 
  2 TMA-ZAIN-G-    (0)   :  0.011 0.082 0.853 0.036 0.006 0.011 
  3 TMA-ZAIN-G-    (0)   :  0.005 0.467 0.011 0.016 0.230 0.271 
  4 TMA-ZAIN-G-    (0)   :  0.011 0.122 0.020 0.766 0.048 0.033 
  5 TMA-ZAIN-G-    (0)   :  0.008 0.004 0.975 0.009 0.003 0.003 
  6 TMA-ZAIN-G-    (0)   :  0.048 0.228 0.195 0.086 0.272 0.171 
  7 TMA-ZAIN-G-    (0)   :  0.008 0.680 0.021 0.032 0.012 0.248 
  8 TMA-ZAIN-G-    (0)   :  0.003 0.251 0.008 0.024 0.067 0.647 
  9 TMA-ZAIN-G-    (9)   :  0.006 0.795 0.014 0.007 0.068 0.110 
 10 TMA-ZAIN-G-    (0)   :  0.005 0.749 0.006 0.015 0.059 0.165 
 11 TMA-ZAIN-G-    (0)   :  0.006 0.830 0.007 0.008 0.008 0.142 
 12 TMA-ZAIN-G-    (0)   :  0.003 0.958 0.005 0.005 0.006 0.023 
 13 TMA-ZAIN-G-    (9)   :  0.106 0.440 0.054 0.028 0.019 0.353 
 14 TMA-ZAIN-G-    (9)   :  0.005 0.009 0.005 0.007 0.006 0.968 
 15 TMA-ZAIN-G-    (0)   :  0.003 0.006 0.004 0.005 0.007 0.975 
 16 TMA-ZAIN-G-    (0)   :  0.005 0.967 0.005 0.004 0.005 0.014 
 17 TMA-ZAIN-G-    (9)   :  0.024 0.017 0.029 0.043 0.007 0.880 
 18 TMA-ZAIN-G-    (0)   :  0.006 0.005 0.957 0.022 0.004 0.005 
 19 TMA-ZAIN-G-    (0)   :  0.043 0.040 0.814 0.013 0.010 0.080 
 20 TMA-ZAIN-G-    (0)   :  0.047 0.004 0.926 0.015 0.004 0.004 
 21 TMA-ZAIN-G-    (0)   :  0.977 0.004 0.004 0.006 0.006 0.003 
 22 TMA-ZAIN-G-    (0)   :  0.954 0.003 0.030 0.007 0.003 0.003 
 23 TMA-ZAIN-G-    (0)   :  0.937 0.007 0.039 0.005 0.004 0.008 
 24 TMA-ZAIN-G-    (9)   :  0.703 0.054 0.006 0.006 0.207 0.025 
 25 TMA-ZAIN-G-    (9)   :  0.008 0.054 0.924 0.003 0.006 0.006 
 26 TMA-ZAIN-G-    (9)   :  0.029 0.345 0.010 0.541 0.009 0.066 
 27 TMA-ZAIN-G-    (0)   :  0.016 0.011 0.832 0.044 0.019 0.078 
 28 TMA-ZAIN-G-    (0)   :  0.005 0.009 0.940 0.013 0.015 0.018 
 29 TMA-ZAIN-G-    (0)   :  0.005 0.005 0.163 0.015 0.806 0.006 
 30 TMA-ZAIN-G-    (0)   :  0.007 0.164 0.178 0.011 0.045 0.596 
 31 TMA-ZAIN-G-    (0)   :  0.015 0.005 0.930 0.042 0.004 0.004 
 32 TMA-ZAIN-G-    (9)   :  0.027 0.098 0.845 0.006 0.005 0.018 
 33 TMA-ZAIN-G-   (18)   :  0.003 0.853 0.006 0.005 0.016 0.116 
 34 TMA-ZAIN-G-    (0)   :  0.041 0.850 0.081 0.012 0.008 0.009 
 35 TMA-ZAIN-G-    (9)   :  0.004 0.772 0.017 0.011 0.066 0.128 
 36 TMA-ZAIN-G-    (0)   :  0.003 0.625 0.006 0.016 0.010 0.340 
 37 TMA-ZAIN-G-    (9)   :  0.007 0.929 0.011 0.014 0.016 0.024 
 38 TMA-ZAIN-G-   (18)   :  0.021 0.064 0.842 0.008 0.009 0.057 
 39 TMA-ZAIN-G-    (0)   :  0.006 0.963 0.004 0.008 0.011 0.009 
 40 TMA-ZAIN-G-    (0)   :  0.004 0.960 0.004 0.005 0.006 0.022 
 41 TMA-ZAIN-G-    (0)   :  0.003 0.353 0.004 0.005 0.009 0.626 
 42 TMA-ZAIN-G-    (9)   :  0.003 0.008 0.003 0.006 0.006 0.973 
 43 TMA-ZAIN-G-    (0)   :  0.003 0.006 0.004 0.009 0.012 0.966 
 44 TMA-ZAIN-G-    (0)   :  0.847 0.109 0.009 0.006 0.018 0.012 
 45 TMA-ZAIN-G-    (0)   :  0.006 0.881 0.008 0.010 0.006 0.089 
 46 TMA-ZAIN-G-    (0)   :  0.979 0.004 0.004 0.006 0.003 0.004 
 47 TMA-ZAIN-G-    (0)   :  0.003 0.004 0.004 0.979 0.005 0.004 
 48 TMA-ZAIN-G-    (0)   :  0.028 0.071 0.012 0.669 0.018 0.201 
 49 TMA-ZAIN-G-    (9)   :  0.009 0.013 0.874 0.009 0.084 0.011 
 50 TMA-ZAIN-G-    (0)   :  0.016 0.031 0.854 0.005 0.005 0.090 
 51 TMA-ZAIN-G-    (0)   :  0.016 0.022 0.672 0.070 0.014 0.207 
 52 TMA-ZAIN-G-    (0)   :  0.021 0.044 0.619 0.284 0.004 0.028 
 53 TMA-ZAIN-G-    (0)   :  0.012 0.013 0.669 0.259 0.006 0.041 
 54 TMA-ZAIN-G-    (0)   :  0.005 0.007 0.008 0.964 0.004 0.012 
 55 TMA-ZAIN-G-    (0)   :  0.009 0.009 0.012 0.917 0.004 0.048 
 56 TMA-ZAIN-G-    (0)   :  0.011 0.055 0.022 0.778 0.048 0.086 
 57 TMA-ZAIN-G-    (0)   :  0.004 0.010 0.012 0.959 0.010 0.006 
 58 TMA-ZAIN-G-    (0)   :  0.109 0.014 0.795 0.047 0.009 0.025 
 59 TMA-ZAIN-G-    (0)   :  0.030 0.049 0.848 0.033 0.018 0.022 
 60 TMA-ZAIN-G-    (0)   :  0.008 0.010 0.910 0.023 0.007 0.041 
 61 TMA-ZAIN-G-    (0)   :  0.024 0.004 0.943 0.023 0.003 0.004 
 62 TMA-ZAIN-G-    (9)   :  0.012 0.036 0.914 0.011 0.011 0.016 
 63 TMA-ZAIN-G-    (0)   :  0.008 0.005 0.960 0.016 0.003 0.007 
 64 TMA-ZAIN-G-    (0)   :  0.003 0.007 0.003 0.003 0.978 0.006 
 65 TMA-ZAIN-G-    (9)   :  0.003 0.013 0.003 0.007 0.967 0.007 
 66 TMA-ZAIN-G-    (0)   :  0.003 0.017 0.003 0.005 0.964 0.009 
 67 TMA-ZAIN-G-    (0)   :  0.011 0.049 0.006 0.006 0.922 0.007 
 68 TMA-ZAIN-G-    (0)   :  0.002 0.005 0.003 0.005 0.977 0.008 
 69 TMA-ZAIN-G-    (0)   :  0.033 0.074 0.027 0.017 0.835 0.014 
 70 TMA-ZAIN-G-    (0)   :  0.005 0.889 0.005 0.005 0.084 0.012 
 71 TMA-ZAIN-G-    (0)   :  0.004 0.978 0.004 0.003 0.005 0.006 
 72 TMA-ZAIN-G-    (0)   :  0.005 0.869 0.007 0.011 0.067 0.041 
 73 TMA-ZAIN-G-    (0)   :  0.047 0.880 0.038 0.018 0.008 0.008 
 74 TMA-ZAIN-G-    (0)   :  0.015 0.950 0.013 0.006 0.010 0.007 
 75 TMA-ZAIN-G-    (0)   :  0.004 0.960 0.007 0.011 0.008 0.010 
 76 TMA-ZAIN-G-    (0)   :  0.059 0.909 0.013 0.004 0.011 0.005 
 77 TMA-ZAIN-G-    (0)   :  0.010 0.943 0.006 0.009 0.010 0.023 
 78 TMA-ZAIN-G-    (0)   :  0.056 0.893 0.020 0.015 0.007 0.010 
 79 TMA-ZAIN-G-    (0)   :  0.030 0.920 0.008 0.019 0.005 0.019 
 80 TMA-ZAIN-G-    (0)   :  0.006 0.944 0.004 0.010 0.027 0.008 
 81 TMA-ZAIN-G-    (0)   :  0.010 0.957 0.006 0.010 0.005 0.011 
 82 TMA-ZAIN-G-    (0)   :  0.003 0.789 0.007 0.014 0.177 0.010 
 83 TMA-ZAIN-G-    (9)   :  0.047 0.731 0.061 0.028 0.122 0.011 
 84 TMA-ZAIN-G-    (0)   :  0.039 0.934 0.008 0.006 0.007 0.006 
 85 TMA-ZAIN-G-    (0)   :  0.027 0.010 0.066 0.882 0.006 0.010 
 86 TMA-ZAIN-G-    (0)   :  0.041 0.021 0.011 0.903 0.011 0.012 
 87 TMA-ZAIN-G-    (0)   :  0.197 0.013 0.050 0.726 0.007 0.007 
 88 TMA-ZAIN-G-    (0)   :  0.013 0.121 0.080 0.727 0.036 0.022 
 89 TMA-ZAIN-G-    (0)   :  0.017 0.035 0.012 0.899 0.020 0.017 
 90 TMA-ZAIN-G-    (0)   :  0.009 0.009 0.009 0.958 0.008 0.007 
 91 TMA-ZAIN-G-    (0)   :  0.008 0.009 0.019 0.947 0.007 0.009 
 92 TMA-ZAIN-G-    (0)   :  0.020 0.008 0.010 0.947 0.005 0.010 
 93 TMA-ZAIN-G-    (0)   :  0.009 0.005 0.024 0.947 0.006 0.009 
 94 TMA-ZAIN-G-    (0)   :  0.010 0.005 0.038 0.939 0.004 0.005 
 95 TMA-ZAIN-G-    (0)   :  0.009 0.015 0.913 0.006 0.020 0.036 
 96 TMA-ZAIN-G-    (0)   :  0.014 0.021 0.590 0.015 0.012 0.348 
 97 TMA-ZAIN-G-    (0)   :  0.008 0.006 0.968 0.009 0.005 0.005 
 98 TMA-ZAIN-G-    (0)   :  0.005 0.007 0.973 0.007 0.004 0.004 
 99 TMA-ZAIN-G-    (0)   :  0.017 0.152 0.801 0.005 0.012 0.012 
100 TMA-ZAIN-G-    (0)   :  0.017 0.004 0.954 0.018 0.003 0.004 
101 TMA-ZAIN-G-    (0)   :  0.006 0.013 0.964 0.008 0.004 0.004 
102 TMA-ZAIN-G-    (0)   :  0.190 0.050 0.700 0.013 0.013 0.034 
103 TMA-ZAIN-G-    (0)   :  0.015 0.012 0.951 0.010 0.005 0.007 
104 TMA-ZAIN-G-    (0)   :  0.008 0.004 0.975 0.006 0.003 0.004 
105 TMA-ZAIN-G-    (0)   :  0.009 0.013 0.953 0.013 0.005 0.007 
106 TMA-ZAIN-G-    (0)   :  0.004 0.261 0.004 0.006 0.050 0.675 
107 TMA-ZAIN-G-    (0)   :  0.003 0.968 0.004 0.005 0.009 0.011 
108 TMA-ZAIN-G-    (9)   :  0.082 0.300 0.364 0.028 0.012 0.215 
109 TMA-ZAIN-G-    (0)   :  0.006 0.098 0.431 0.064 0.284 0.116 
110 TMA-ZAIN-G-    (0)   :  0.163 0.395 0.234 0.032 0.013 0.163 
111 TMA-ZAIN-G-    (9)   :  0.052 0.090 0.796 0.033 0.019 0.009 
112 TMA-ZAIN-G-    (0)   :  0.066 0.176 0.498 0.035 0.030 0.195 
113 TMA-ZAIN-G-    (0)   :  0.016 0.022 0.928 0.018 0.010 0.006 
114 TMA-ZAIN-G-    (0)   :  0.015 0.004 0.969 0.006 0.003 0.003 
115 TMA-ZAIN-G-    (0)   :  0.008 0.005 0.972 0.005 0.004 0.005 
116 TMA-ZAIN-G-    (0)   :  0.003 0.941 0.006 0.016 0.026 0.008 
117 TMA-ZAIN-G-    (0)   :  0.005 0.276 0.015 0.089 0.309 0.306 
118 TMA-ZAIN-G-    (0)   :  0.003 0.905 0.007 0.013 0.054 0.017 
119 TMA-ZAIN-G-    (0)   :  0.008 0.918 0.014 0.014 0.040 0.007 
120 TMA-ZAIN-G-    (0)   :  0.004 0.878 0.013 0.017 0.045 0.043 
121 TMA-ZAIN-G-    (0)   :  0.004 0.578 0.022 0.037 0.296 0.063 
122 TMA-ZAIN-G-    (0)   :  0.008 0.843 0.009 0.034 0.057 0.050 
123 TMA-ZAIN-G-    (0)   :  0.014 0.006 0.961 0.007 0.005 0.007 
124 TMA-ZAIN-G-    (0)   :  0.003 0.014 0.006 0.005 0.005 0.966 
125 TMA-ZAIN-G-    (0)   :  0.002 0.014 0.003 0.052 0.037 0.891 
126 TMA-ZAIN-G-    (0)   :  0.003 0.015 0.005 0.009 0.006 0.963 
127 TMA-ZAIN-G-    (0)   :  0.003 0.014 0.003 0.004 0.008 0.967 
128 TMA-ZAIN-G-    (0)   :  0.003 0.028 0.005 0.008 0.070 0.886 
129 TMA-ZAIN-G-    (0)   :  0.003 0.014 0.006 0.005 0.007 0.965 
130 TMA-ZAIN-G-    (0)   :  0.003 0.016 0.007 0.027 0.009 0.939 
131 TMA-ZAIN-G-    (0)   :  0.003 0.010 0.005 0.005 0.006 0.972 
132 TMA-ZAIN-G-    (0)   :  0.003 0.060 0.006 0.041 0.103 0.787 
133 TMA-ZAIN-G-    (0)   :  0.016 0.102 0.006 0.049 0.098 0.729 
134 TMA-ZAIN-G-    (0)   :  0.010 0.084 0.005 0.032 0.057 0.813 
135 TMA-ZAIN-G-    (0)   :  0.005 0.915 0.004 0.012 0.024 0.040 
136 TMA-ZAIN-G-    (0)   :  0.005 0.199 0.010 0.016 0.737 0.034 
137 TMA-ZAIN-G-    (0)   :  0.004 0.961 0.006 0.006 0.006 0.016 
138 TMA-ZAIN-G-    (0)   :  0.003 0.625 0.004 0.020 0.018 0.331 
139 TMA-ZAIN-G-    (0)   :  0.004 0.828 0.004 0.063 0.018 0.084 
140 TMA-ZAIN-G-    (0)   :  0.004 0.953 0.005 0.005 0.011 0.022 
141 TMA-ZAIN-G-    (0)   :  0.004 0.930 0.006 0.008 0.007 0.045 
142 TMA-ZAIN-G-    (9)   :  0.004 0.953 0.004 0.006 0.016 0.018 
143 TMA-ZAIN-G-    (0)   :  0.004 0.898 0.005 0.006 0.017 0.071 
144 TMA-ZAIN-G-    (0)   :  0.006 0.911 0.006 0.024 0.007 0.046 
145 TMA-ZAIN-G-    (0)   :  0.002 0.653 0.004 0.013 0.306 0.021 
146 TMA-ZAIN-G-    (0)   :  0.004 0.975 0.004 0.004 0.006 0.007 
147 TMA-ZAIN-G-    (9)   :  0.004 0.969 0.003 0.005 0.010 0.009 
148 TMA-ZAIN-G-    (0)   :  0.003 0.874 0.003 0.025 0.006 0.089 
149 TMA-ZAIN-G-    (0)   :  0.024 0.801 0.028 0.087 0.008 0.051 
150 TMA-ZAIN-G-    (0)   :  0.019 0.822 0.026 0.090 0.028 0.016 
151 TMA-ZAIN-G-    (0)   :  0.002 0.938 0.004 0.006 0.013 0.037 
152 TMA-ZAIN-G-    (0)   :  0.003 0.966 0.004 0.006 0.010 0.012 
153 TMA-ZAIN-G-    (0)   :  0.003 0.921 0.004 0.011 0.014 0.048 
154 TMA-ZAIN-G-    (0)   :  0.003 0.969 0.004 0.007 0.007 0.009 
155 TMA-ZAIN-G-    (0)   :  0.003 0.965 0.005 0.004 0.011 0.013 
156 TMA-ZAIN-G-    (9)   :  0.003 0.886 0.007 0.013 0.005 0.087 
157 TMA-ZAIN-G-    (0)   :  0.003 0.808 0.006 0.007 0.008 0.168 
158 TMA-ZAIN-G-    (0)   :  0.003 0.976 0.005 0.005 0.005 0.006 
159 TMA-ZAIN-G-    (0)   :  0.002 0.974 0.004 0.005 0.010 0.006 
160 TMA-ZAIN-G-    (0)   :  0.003 0.967 0.004 0.006 0.016 0.004 
161 TMA-ZAIN-G-    (0)   :  0.003 0.933 0.004 0.014 0.006 0.040 
162 TMA-ZAIN-G-    (0)   :  0.020 0.915 0.027 0.023 0.008 0.008 
163 TMA-ZAIN-G-    (0)   :  0.002 0.979 0.004 0.004 0.005 0.005 
164 TMA-ZAIN-G-    (0)   :  0.004 0.966 0.005 0.009 0.009 0.008 
165 TMA-ZAIN-G-    (0)   :  0.003 0.976 0.004 0.004 0.007 0.006 
166 TMA-ZAIN-G-    (0)   :  0.002 0.968 0.004 0.007 0.008 0.010 
167 TMA-ZAIN-G-    (0)   :  0.005 0.952 0.007 0.007 0.006 0.023 
168 TMA-ZAIN-G-    (0)   :  0.004 0.927 0.006 0.007 0.031 0.025 
169 TMA-ZAIN-G-    (0)   :  0.003 0.722 0.005 0.007 0.253 0.010 
170 TMA-ZAIN-G-    (0)   :  0.012 0.769 0.019 0.005 0.031 0.164 
171 TMA-ZAIN-G-    (0)   :  0.003 0.937 0.004 0.005 0.045 0.006 
172 TMA-ZAIN-G-    (0)   :  0.004 0.323 0.005 0.005 0.007 0.656 
173 TMA-ZAIN-G-    (0)   :  0.005 0.136 0.005 0.005 0.009 0.840 
174 TMA-ZAIN-G-    (0)   :  0.003 0.787 0.004 0.009 0.088 0.109 
175 TMA-ZAIN-G-    (0)   :  0.004 0.971 0.004 0.005 0.009 0.007 
176 TMA-ZAIN-G-    (0)   :  0.004 0.971 0.004 0.005 0.007 0.009 
177 TMA-ZAIN-G-    (0)   :  0.003 0.959 0.004 0.004 0.005 0.024 
178 TMA-ZAIN-G-    (0)   :  0.005 0.464 0.007 0.005 0.006 0.513 
179 TMA-ZAIN-G-    (0)   :  0.003 0.899 0.004 0.005 0.009 0.080 
180 TMA-ZAIN-G-    (0)   :  0.009 0.053 0.006 0.018 0.120 0.794 
181 TMA-ZAIN-G-    (0)   :  0.003 0.015 0.004 0.005 0.006 0.967 
182 TMA-ZAIN-G-    (0)   :  0.003 0.012 0.006 0.005 0.003 0.970 
183 TMA-ZAIN-G-    (0)   :  0.003 0.014 0.004 0.004 0.006 0.969 
184 TMA-ZAIN-G-    (0)   :  0.024 0.077 0.042 0.040 0.013 0.803 
185 TMA-ZAIN-G-    (0)   :  0.044 0.066 0.040 0.052 0.012 0.787 
186 TMA-ZAIN-G-    (9)   :  0.007 0.056 0.007 0.007 0.012 0.911 
187 TMA-ZAIN-G-    (0)   :  0.004 0.107 0.005 0.003 0.021 0.860 
188 TMA-ZAIN-G-    (0)   :  0.003 0.114 0.004 0.004 0.023 0.853 
189 TMA-ZAIN-G-    (0)   :  0.003 0.012 0.003 0.003 0.016 0.964 
190 TMA-ZAIN-G-    (0)   :  0.003 0.052 0.005 0.005 0.026 0.909 
191 TMA-ZAIN-G-    (0)   :  0.041 0.040 0.025 0.018 0.008 0.868 
192 TMA-ZAIN-G-    (0)   :  0.013 0.017 0.005 0.008 0.005 0.953 
193 TMA-ZAIN-G-    (0)   :  0.003 0.004 0.003 0.008 0.005 0.977 
194 TMA-ZAIN-G-    (0)   :  0.004 0.004 0.003 0.012 0.006 0.970 
195 TMA-ZAIN-G-    (0)   :  0.003 0.010 0.004 0.006 0.010 0.968 
196 TMA-ZAIN-G-    (0)   :  0.003 0.006 0.004 0.005 0.009 0.973 
197 TMA-ZAIN-G-    (0)   :  0.003 0.007 0.004 0.011 0.010 0.965 
198 TMA-ZAIN-G-    (0)   :  0.003 0.007 0.004 0.006 0.008 0.972 
199 TMA-ZAIN-G-    (0)   :  0.005 0.038 0.006 0.009 0.008 0.935 
200 TMA-ZAIN-G-    (0)   :  0.946 0.003 0.030 0.004 0.003 0.014 
201 TMA-ZAIN-G-    (0)   :  0.974 0.004 0.009 0.004 0.004 0.004 
202 TMA-ZAIN-G-    (0)   :  0.955 0.006 0.014 0.003 0.003 0.019 
203 TMA-ZAIN-G-    (0)   :  0.003 0.009 0.006 0.006 0.004 0.971 
204 TMA-ZAIN-G-    (9)   :  0.909 0.010 0.008 0.050 0.013 0.009 
205 TMA-ZAIN-G-    (0)   :  0.831 0.118 0.014 0.016 0.011 0.010 
206 TMA-ZAIN-G-    (9)   :  0.866 0.018 0.025 0.025 0.015 0.050 
207 TMA-ZAIN-G-    (9)   :  0.013 0.700 0.027 0.135 0.100 0.024 
208 TMA-ZAIN-G-    (0)   :  0.003 0.925 0.004 0.004 0.054 0.010 
209 TMA-ZAIN-G-    (0)   :  0.003 0.120 0.004 0.039 0.014 0.821 
210 TMA-ZAIN-G-    (0)   :  0.003 0.124 0.004 0.016 0.088 0.765 
211 TMA-ZAIN-G-    (0)   :  0.026 0.240 0.018 0.013 0.038 0.664 
212 TMA-ZAIN-G-    (0)   :  0.006 0.545 0.005 0.014 0.030 0.401 
213 TMA-ZAIN-G-    (0)   :  0.004 0.706 0.004 0.011 0.007 0.267 
214 TMA-ZAIN-G-    (0)   :  0.004 0.496 0.004 0.009 0.060 0.427 
215 TMA-ZAIN-G-    (0)   :  0.019 0.781 0.110 0.003 0.009 0.078 
216 TMA-ZAIN-G-    (0)   :  0.006 0.116 0.005 0.009 0.008 0.856 
217 TMA-ZAIN-G-    (0)   :  0.003 0.410 0.004 0.010 0.143 0.430 
218 TMA-ZAIN-G-    (0)   :  0.009 0.012 0.921 0.005 0.041 0.013 
219 TMA-ZAIN-G-    (0)   :  0.043 0.005 0.917 0.017 0.006 0.011 
220 TMA-ZAIN-G-    (0)   :  0.006 0.011 0.958 0.006 0.012 0.007 
221 TMA-ZAIN-G-    (0)   :  0.034 0.011 0.893 0.011 0.014 0.037 
222 TMA-ZAIN-G-    (0)   :  0.019 0.012 0.920 0.011 0.015 0.023 
223 TMA-ZAIN-G-    (0)   :  0.033 0.006 0.941 0.009 0.006 0.005 
224 TMA-ZAIN-G-    (0)   :  0.061 0.014 0.802 0.032 0.011 0.080 
225 TMA-ZAIN-G-    (0)   :  0.022 0.004 0.957 0.005 0.003 0.009 
226 TMA-ZAIN-G-    (0)   :  0.013 0.008 0.948 0.008 0.006 0.018 
227 TMA-ZAIN-G-    (0)   :  0.081 0.009 0.884 0.005 0.004 0.016 
228 TMA-ZAIN-G-    (0)   :  0.022 0.036 0.900 0.011 0.016 0.014 
229 TMA-ZAIN-G-    (0)   :  0.147 0.006 0.802 0.008 0.033 0.003 
230 TMA-ZAIN-G-    (0)   :  0.017 0.082 0.566 0.089 0.045 0.201 
231 TMA-ZAIN-G-    (0)   :  0.500 0.074 0.365 0.034 0.014 0.014 
232 TMA-ZAIN-G-    (9)   :  0.434 0.019 0.473 0.012 0.043 0.019 
233 TMA-ZAIN-G-    (0)   :  0.130 0.033 0.600 0.035 0.177 0.025 
234 TMA-ZAIN-G-    (0)   :  0.035 0.006 0.935 0.012 0.005 0.006 
235 TMA-ZAIN-G-    (0)   :  0.018 0.028 0.887 0.010 0.005 0.051 
236 TMA-ZAIN-G-    (0)   :  0.123 0.012 0.828 0.010 0.009 0.019 
237 TMA-ZAIN-G-    (0)   :  0.015 0.132 0.745 0.030 0.036 0.042 
238 TMA-ZAIN-G-    (0)   :  0.054 0.012 0.913 0.007 0.006 0.008 
239 TMA-ZAIN-G-    (0)   :  0.765 0.006 0.007 0.056 0.027 0.139 
240 TMA-ZAIN-G-    (0)   :  0.979 0.004 0.004 0.007 0.003 0.003 
241 TMA-ZAIN-G-    (0)   :  0.972 0.009 0.004 0.006 0.005 0.004 
242 TMA-ZAIN-G-    (0)   :  0.976 0.008 0.004 0.004 0.005 0.003 
243 TMA-ZAIN-G-    (0)   :  0.964 0.013 0.003 0.006 0.009 0.005 
244 TMA-ZAIN-G-    (0)   :  0.958 0.018 0.004 0.005 0.010 0.005 
245 TMA-ZAIN-G-    (9)   :  0.983 0.004 0.004 0.003 0.002 0.003 
246 TMA-ZAIN-G-    (0)   :  0.983 0.003 0.003 0.004 0.003 0.003 
247 TMA-ZAIN-G-    (0)   :  0.978 0.005 0.003 0.005 0.005 0.004 
248 TMA-ZAIN-G-    (0)   :  0.969 0.007 0.006 0.004 0.005 0.009 
249 TMA-ZAIN-G-    (0)   :  0.979 0.004 0.004 0.004 0.003 0.006 
250 TMA-ZAIN-G-    (0)   :  0.978 0.004 0.004 0.004 0.006 0.005 
251 TMA-ZAIN-G-    (0)   :  0.003 0.004 0.005 0.977 0.005 0.006 
252 TMA-ZAIN-G-    (0)   :  0.003 0.050 0.006 0.883 0.048 0.010 
253 TMA-ZAIN-G-    (0)   :  0.004 0.007 0.004 0.974 0.006 0.005 
254 TMA-ZAIN-G-    (9)   :  0.004 0.017 0.007 0.952 0.013 0.007 
255 TMA-ZAIN-G-    (0)   :  0.017 0.006 0.006 0.958 0.009 0.005 
256 TMA-ZAIN-G-    (0)   :  0.007 0.006 0.005 0.967 0.005 0.010 
257 TMA-ZAIN-G-    (0)   :  0.004 0.003 0.004 0.979 0.003 0.006 
258 TMA-ZAIN-G-    (0)   :  0.003 0.004 0.003 0.981 0.004 0.004 
259 TMA-ZAIN-G-    (0)   :  0.005 0.004 0.004 0.977 0.006 0.005 
260 TMA-ZAIN-G-    (0)   :  0.004 0.004 0.004 0.973 0.009 0.005 
261 TMA-ZAIN-G-   (18)   :  0.004 0.006 0.005 0.966 0.012 0.007 
262 TMA-ZAIN-G-    (0)   :  0.003 0.003 0.004 0.981 0.003 0.005 
263 TMA-ZAIN-G-    (0)   :  0.004 0.004 0.005 0.979 0.004 0.004 
264 TMA-ZAIN-G-    (0)   :  0.004 0.005 0.007 0.975 0.005 0.005 
265 TMA-ZAIN-G-    (0)   :  0.025 0.030 0.107 0.752 0.064 0.022 
266 TMA-ZAIN-G-    (0)   :  0.011 0.038 0.030 0.741 0.030 0.149 
267 TMA-ZAIN-G-    (0)   :  0.292 0.014 0.049 0.617 0.017 0.011 
268 TMA-ZAIN-G-    (0)   :  0.962 0.005 0.019 0.006 0.004 0.004 
269 TMA-ZAIN-G-    (0)   :  0.821 0.006 0.154 0.010 0.004 0.005 
270 TMA-ZAIN-G-    (0)   :  0.926 0.007 0.046 0.012 0.004 0.005 
271 TMA-ZAIN-G-    (0)   :  0.962 0.005 0.017 0.008 0.004 0.004 
272 TMA-ZAIN-G-    (0)   :  0.914 0.005 0.067 0.006 0.003 0.005 
273 TMA-ZAIN-G-    (0)   :  0.966 0.003 0.021 0.005 0.002 0.003 
274 TMA-ZAIN-G-    (0)   :  0.887 0.014 0.039 0.011 0.011 0.038 
275 TMA-ZAIN-G-    (0)   :  0.980 0.004 0.007 0.003 0.002 0.004 
276 TMA-ZAIN-G-    (0)   :  0.980 0.004 0.006 0.003 0.004 0.003 
277 TMA-ZAIN-G-    (0)   :  0.972 0.005 0.007 0.006 0.005 0.004 
278 TMA-ZAIN-G-    (0)   :  0.978 0.003 0.006 0.005 0.003 0.004 
279 TMA-ZAIN-G-    (0)   :  0.967 0.004 0.015 0.004 0.003 0.006 
280 TMA-ZAIN-G-    (0)   :  0.797 0.006 0.180 0.004 0.002 0.010 
281 TMA-ZAIN-G-    (0)   :  0.945 0.004 0.037 0.005 0.003 0.006 
282 TMA-ZAIN-G-    (9)   :  0.974 0.003 0.011 0.005 0.003 0.003 
283 TMA-ZAIN-G-    (0)   :  0.650 0.017 0.139 0.176 0.009 0.008 
284 TMA-ZAIN-G-    (0)   :  0.422 0.016 0.365 0.183 0.004 0.010 
285 TMA-ZAIN-G-    (0)   :  0.838 0.025 0.042 0.039 0.032 0.025 
286 TMA-ZAIN-G-    (0)   :  0.963 0.004 0.018 0.009 0.003 0.004 
287 TMA-ZAIN-G-    (0)   :  0.950 0.007 0.015 0.006 0.010 0.012 
288 TMA-ZAIN-G-    (0)   :  0.568 0.024 0.319 0.014 0.013 0.063 
289 TMA-ZAIN-G-    (0)   :  0.913 0.013 0.023 0.011 0.017 0.023 
290 TMA-ZAIN-G-    (0)   :  0.387 0.007 0.580 0.010 0.003 0.013 
291 TMA-ZAIN-G-    (0)   :  0.017 0.005 0.958 0.007 0.005 0.008 
292 TMA-ZAIN-G-    (0)   :  0.013 0.911 0.012 0.006 0.006 0.053 
293 TMA-ZAIN-G-    (0)   :  0.008 0.891 0.006 0.018 0.029 0.049 
294 TMA-ZAIN-G-    (0)   :  0.004 0.964 0.004 0.008 0.013 0.007 
295 TMA-ZAIN-G-    (9)   :  0.009 0.947 0.006 0.010 0.019 0.009 
296 TMA-ZAIN-G-    (0)   :  0.007 0.907 0.013 0.014 0.006 0.054 
297 TMA-ZAIN-G-    (0)   :  0.006 0.802 0.008 0.025 0.033 0.127 
298 TMA-ZAIN-G-    (0)   :  0.024 0.893 0.012 0.053 0.009 0.008 
299 TMA-ZAIN-G-    (0)   :  0.008 0.969 0.005 0.004 0.010 0.006 
300 TMA-ZAIN-G-    (0)   :  0.007 0.862 0.005 0.008 0.087 0.030 
301 TMA-ZAIN-G-    (0)   :  0.008 0.886 0.007 0.008 0.024 0.066 
302 TMA-ZAIN-G-    (9)   :  0.004 0.938 0.005 0.007 0.007 0.040 
303 TMA-ZAIN-G-    (0)   :  0.007 0.005 0.759 0.085 0.003 0.140 
304 TMA-ZAIN-G-    (0)   :  0.010 0.061 0.020 0.568 0.216 0.125 
305 TMA-ZAIN-G-    (0)   :  0.004 0.938 0.004 0.010 0.022 0.022 
306 TMA-ZAIN-G-    (0)   :  0.037 0.411 0.072 0.435 0.017 0.028 
307 TMA-ZAIN-G-    (0)   :  0.016 0.048 0.011 0.393 0.450 0.082 
308 TMA-ZAIN-G-    (0)   :  0.026 0.005 0.112 0.826 0.020 0.011 
309 TMA-ZAIN-G-    (0)   :  0.003 0.032 0.004 0.004 0.009 0.948 
310 TMA-ZAIN-G-    (0)   :  0.028 0.923 0.010 0.019 0.012 0.008 
311 TMA-ZAIN-G-    (0)   :  0.011 0.826 0.041 0.062 0.008 0.053 
312 TMA-ZAIN-G-    (0)   :  0.006 0.158 0.009 0.012 0.016 0.799 
313 TMA-ZAIN-G-    (0)   :  0.006 0.103 0.010 0.773 0.037 0.071 
314 TMA-ZAIN-G-    (0)   :  0.169 0.007 0.796 0.010 0.008 0.011 
315 TMA-ZAIN-G-    (0)   :  0.430 0.414 0.013 0.020 0.085 0.038 
316 TMA-ZAIN-G-    (0)   :  0.461 0.363 0.026 0.021 0.105 0.024 
317 TMA-ZAIN-G-    (0)   :  0.015 0.013 0.947 0.013 0.005 0.008 
318 TMA-ZAIN-G-    (9)   :  0.255 0.007 0.685 0.037 0.009 0.007 
319 TMA-ZAIN-G-    (0)   :  0.261 0.007 0.203 0.016 0.004 0.509 
320 TMA-ZAIN-G-    (0)   :  0.025 0.571 0.330 0.009 0.030 0.035 
321 TMA-ZAIN-G-    (0)   :  0.135 0.356 0.199 0.013 0.061 0.237 
322 TMA-ZAIN-G-    (0)   :  0.011 0.297 0.425 0.097 0.073 0.097 
323 TMA-ZAIN-G-    (0)   :  0.056 0.013 0.700 0.049 0.064 0.118 
324 TMA-ZAIN-G-    (0)   :  0.004 0.870 0.010 0.033 0.028 0.055 
325 TMA-ZAIN-G-    (0)   :  0.146 0.014 0.798 0.013 0.009 0.019 
326 TMA-ZAIN-G-    (0)   :  0.005 0.033 0.437 0.032 0.008 0.485 
327 TMA-ZAIN-G-    (0)   :  0.003 0.006 0.004 0.015 0.012 0.959 
328 TMA-ZAIN-G-    (0)   :  0.091 0.020 0.519 0.020 0.206 0.144 
329 TMA-ZAIN-G-    (0)   :  0.011 0.452 0.008 0.045 0.104 0.380 
330 TMA-ZAIN-G-    (0)   :  0.003 0.168 0.006 0.050 0.105 0.668 
331 TMA-ZAIN-G-    (0)   :  0.076 0.398 0.048 0.193 0.011 0.274 
332 TMA-ZAIN-G-    (0)   :  0.003 0.011 0.003 0.005 0.008 0.971 
333 TMA-ZAIN-G-    (0)   :  0.003 0.004 0.004 0.008 0.004 0.977 
334 TMA-ZAIN-G-    (0)   :  0.967 0.004 0.013 0.009 0.003 0.004 
335 TMA-ZAIN-G-    (0)   :  0.976 0.005 0.005 0.004 0.006 0.004 
336 TMA-ZAIN-G-    (0)   :  0.948 0.009 0.015 0.013 0.007 0.008 
337 TMA-ZAIN-G-    (9)   :  0.821 0.007 0.154 0.008 0.005 0.004 
338 TMA-ZAIN-G-    (0)   :  0.963 0.004 0.019 0.007 0.004 0.004 
339 TMA-ZAIN-G-    (0)   :  0.980 0.002 0.009 0.004 0.002 0.002 
340 TMA-ZAIN-G-    (0)   :  0.981 0.003 0.006 0.004 0.003 0.003 
341 TMA-ZAIN-G-    (0)   :  0.976 0.005 0.007 0.003 0.004 0.004 
342 TMA-ZAIN-G-    (0)   :  0.973 0.005 0.009 0.006 0.004 0.004 
343 TMA-ZAIN-G-    (0)   :  0.968 0.003 0.019 0.003 0.002 0.004 
344 TMA-ZAIN-G-    (0)   :  0.971 0.005 0.010 0.005 0.003 0.006 
345 TMA-ZAIN-G-    (0)   :  0.980 0.003 0.005 0.005 0.004 0.003 
346 TMA-ZAIN-G-    (0)   :  0.938 0.008 0.032 0.005 0.004 0.012 
347 TMA-ZAIN-G-    (9)   :  0.977 0.003 0.009 0.004 0.003 0.003 
348 TMA-ZAIN-G-    (0)   :  0.950 0.006 0.025 0.010 0.005 0.005 
349 TMA-ZAIN-G-    (0)   :  0.972 0.004 0.012 0.005 0.003 0.004 
350 TMA-ZAIN-G-    (0)   :  0.936 0.007 0.036 0.006 0.006 0.010 
351 TMA-ZAIN-G-    (0)   :  0.976 0.003 0.007 0.006 0.004 0.004 
352 TMA-ZAIN-G-    (0)   :  0.965 0.007 0.008 0.008 0.007 0.005 
353 TMA-ZAIN-G-    (0)   :  0.906 0.008 0.063 0.006 0.004 0.014 
354 TMA-ZAIN-G-    (0)   :  0.971 0.006 0.010 0.003 0.002 0.008 
355 TMA-ZAIN-G-    (0)   :  0.959 0.010 0.014 0.003 0.004 0.010 
356 TMA-ZAIN-G-    (0)   :  0.002 0.765 0.007 0.019 0.202 0.004 
357 TMA-ZAIN-G-    (0)   :  0.004 0.437 0.014 0.014 0.082 0.449 
358 TMA-ZAIN-G-    (0)   :  0.034 0.315 0.083 0.040 0.236 0.292 
359 TMA-ZAIN-G-    (0)   :  0.027 0.348 0.027 0.139 0.452 0.006 
360 TMA-ZAIN-G-    (0)   :  0.003 0.956 0.004 0.005 0.026 0.006 
361 TMA-ZAIN-G-    (0)   :  0.004 0.265 0.011 0.013 0.038 0.668 
362 TMA-ZAIN-G-    (0)   :  0.012 0.964 0.007 0.004 0.008 0.004 
363 TMA-ZAIN-G-    (0)   :  0.013 0.431 0.012 0.024 0.022 0.497 
364 TMA-ZAIN-G-    (0)   :  0.012 0.019 0.926 0.016 0.014 0.013 
365 TMA-ZAIN-G-    (0)   :  0.185 0.674 0.049 0.005 0.058 0.030 
366 TMA-ZAIN-G-    (0)   :  0.006 0.795 0.005 0.021 0.164 0.008 
367 TMA-ZAIN-G-    (0)   :  0.008 0.133 0.103 0.108 0.009 0.639 
368 TMA-ZAIN-G-    (0)   :  0.005 0.806 0.006 0.016 0.144 0.023 
369 TMA-ZAIN-G-    (0)   :  0.003 0.028 0.003 0.006 0.047 0.912 
370 TMA-ZAIN-G-    (0)   :  0.003 0.141 0.009 0.005 0.016 0.826 
371 TMA-ZAIN-G-    (0)   :  0.004 0.947 0.005 0.006 0.030 0.008 
372 TMA-ZAIN-G-    (0)   :  0.003 0.943 0.004 0.007 0.027 0.016 
373 TMA-ZAIN-G-    (0)   :  0.003 0.004 0.004 0.005 0.004 0.980 
374 TMA-ZAIN-G-    (0)   :  0.014 0.047 0.369 0.196 0.006 0.367 
375 TMA-ZAIN-G-    (0)   :  0.022 0.030 0.521 0.008 0.014 0.406 
376 TMA-ZAIN-G-    (9)   :  0.003 0.976 0.005 0.004 0.005 0.008 
377 TMA-ZAIN-G-    (0)   :  0.003 0.965 0.003 0.005 0.015 0.009 
378 TMA-ZAIN-G-    (0)   :  0.002 0.968 0.004 0.004 0.013 0.008 
379 TMA-ZAIN-G-    (0)   :  0.002 0.959 0.003 0.009 0.017 0.009 
380 TMA-ZAIN-G-    (0)   :  0.003 0.920 0.003 0.008 0.055 0.011 
381 TMA-ZAIN-G-    (9)   :  0.013 0.123 0.459 0.145 0.220 0.040 
382 TMA-ZAIN-G-    (9)   :  0.043 0.007 0.929 0.008 0.004 0.009 
383    ZFB01    (0)   :  0.021 0.009 0.954 0.006 0.005 0.005 
384    ZFB02    (0)   :  0.121 0.005 0.848 0.019 0.004 0.003 
385    ZFB03    (0)   :  0.006 0.006 0.972 0.006 0.003 0.007 
386    ZFB04    (0)   :  0.186 0.008 0.787 0.012 0.003 0.003 
387    ZFB05    (0)   :  0.065 0.003 0.910 0.013 0.005 0.004 
388    ZFB06    (0)   :  0.030 0.003 0.951 0.008 0.005 0.004 
389    ZFB07    (9)   :  0.017 0.015 0.947 0.007 0.005 0.009 
390    ZFB08    (0)   :  0.006 0.007 0.968 0.008 0.006 0.006 
391    ZFB09    (0)   :  0.007 0.004 0.977 0.005 0.003 0.003 
392    ZFB10    (0)   :  0.021 0.033 0.921 0.011 0.007 0.007 
393    ZFB11    (0)   :  0.022 0.023 0.934 0.010 0.005 0.005 
394    ZFB12    (0)   :  0.012 0.006 0.968 0.004 0.004 0.006 
395    ZFB13    (0)   :  0.007 0.010 0.966 0.006 0.006 0.006 
396    ZFB14    (0)   :  0.006 0.009 0.969 0.007 0.004 0.005 
397    ZFB15    (0)   :  0.035 0.004 0.950 0.004 0.003 0.003 
398    ZFB16    (0)   :  0.026 0.006 0.955 0.005 0.004 0.005 
399    ZFB17    (0)   :  0.021 0.006 0.954 0.010 0.004 0.004 
400    ZFB18    (0)   :  0.005 0.006 0.975 0.006 0.004 0.003 
401    ZFB19    (0)   :  0.007 0.037 0.929 0.005 0.009 0.012 
402    ZFB20    (0)   :  0.061 0.007 0.919 0.005 0.004 0.004 
403    ZFB21    (0)   :  0.018 0.003 0.969 0.004 0.002 0.004 
404    ZFB22    (0)   :  0.116 0.007 0.863 0.004 0.005 0.005 
405    ZFB23    (0)   :  0.032 0.017 0.932 0.007 0.005 0.007 
406    ZFB24    (0)   :  0.065 0.016 0.901 0.007 0.006 0.005 
407    ZFB25    (0)   :  0.010 0.080 0.883 0.007 0.008 0.012 
408    ZFB26    (0)   :  0.094 0.052 0.822 0.015 0.007 0.009 
409    ZFB27    (0)   :  0.133 0.020 0.829 0.006 0.005 0.007 
410    ZFB28    (0)   :  0.019 0.007 0.956 0.008 0.003 0.007 
411    ZFB29    (0)   :  0.025 0.005 0.951 0.012 0.003 0.003 
412    ZFB30    (0)   :  0.085 0.008 0.885 0.006 0.008 0.007 
413    ZFB31    (0)   :  0.010 0.042 0.925 0.006 0.007 0.010 
414    ZFB32    (0)   :  0.013 0.011 0.947 0.016 0.004 0.009 
415    ZFB33    (0)   :  0.038 0.006 0.944 0.005 0.004 0.004 
416    ZFB34    (0)   :  0.005 0.005 0.974 0.007 0.004 0.004 
417    ZFB35    (0)   :  0.027 0.012 0.937 0.012 0.005 0.007 
418  ZFBP101    (0)   :  0.008 0.537 0.014 0.159 0.073 0.208 
419  ZFBP102    (0)   :  0.011 0.880 0.014 0.021 0.018 0.056 
420  ZFBP103    (0)   :  0.007 0.287 0.009 0.228 0.018 0.450 
421  ZFBP104    (0)   :  0.024 0.697 0.066 0.005 0.011 0.197 
422  ZFBP105    (0)   :  0.006 0.906 0.007 0.006 0.007 0.069 
423  ZFBP106    (0)   :  0.003 0.917 0.004 0.009 0.014 0.052 
424  ZFBP107    (0)   :  0.011 0.804 0.008 0.008 0.006 0.162 
425  ZFBP108    (0)   :  0.004 0.975 0.004 0.004 0.006 0.008 
426  ZFBP109    (0)   :  0.002 0.975 0.004 0.004 0.006 0.009 
427  ZFBP110    (0)   :  0.009 0.489 0.057 0.047 0.007 0.390 
428  ZFBP111    (0)   :  0.003 0.744 0.004 0.005 0.193 0.050 
429  ZFBP112    (0)   :  0.006 0.874 0.005 0.018 0.072 0.024 
430  ZFBP113    (0)   :  0.004 0.975 0.004 0.004 0.005 0.007 
431  ZFBP114    (0)   :  0.005 0.953 0.004 0.006 0.007 0.025 
432  ZFBP115    (0)   :  0.004 0.237 0.004 0.010 0.022 0.724 
433  ZFBP116    (0)   :  0.004 0.965 0.004 0.005 0.009 0.014 
434  ZFBP117    (0)   :  0.003 0.971 0.003 0.006 0.007 0.010 
435  ZFBP118    (0)   :  0.005 0.957 0.004 0.005 0.010 0.020 
436  ZFBP119    (0)   :  0.003 0.763 0.005 0.030 0.027 0.172 
437  ZFBP120    (0)   :  0.005 0.923 0.007 0.005 0.006 0.054 
438  ZFBP121    (0)   :  0.003 0.963 0.005 0.008 0.006 0.014 
439  ZFBP122    (9)   :  0.004 0.958 0.004 0.006 0.015 0.013 
440  ZFBP123    (0)   :  0.007 0.929 0.005 0.019 0.028 0.011 
441  ZFBP124    (0)   :  0.004 0.969 0.006 0.006 0.006 0.009 
442  ZFBP125    (0)   :  0.003 0.949 0.003 0.007 0.021 0.018 
443  ZFBP126    (0)   :  0.010 0.936 0.015 0.024 0.007 0.009 
444  ZFBP127    (0)   :  0.003 0.924 0.003 0.012 0.005 0.053 
445  ZFBP128    (0)   :  0.003 0.912 0.004 0.016 0.040 0.025 
446  ZFBP129    (0)   :  0.003 0.952 0.005 0.008 0.026 0.007 
447  ZFBP130    (0)   :  0.003 0.843 0.003 0.024 0.099 0.028 
448  ZFBP131    (0)   :  0.004 0.978 0.004 0.004 0.006 0.004 
449  ZFBP132    (0)   :  0.003 0.972 0.004 0.004 0.004 0.012 
450  ZFBP133    (0)   :  0.003 0.734 0.003 0.007 0.249 0.005 
451  ZFBP134    (0)   :  0.004 0.724 0.005 0.033 0.019 0.215 
452  ZFBP135    (0)   :  0.005 0.641 0.010 0.259 0.017 0.067 
453  ZFBP136    (0)   :  0.008 0.606 0.005 0.159 0.101 0.122 
454  ZFBP201    (0)   :  0.007 0.962 0.007 0.007 0.006 0.012 
455  ZFBP202    (0)   :  0.003 0.958 0.006 0.005 0.011 0.018 
456  ZFBP203    (0)   :  0.029 0.921 0.012 0.007 0.023 0.009 
457  ZFBP204    (0)   :  0.005 0.816 0.006 0.020 0.035 0.118 
458  ZFBP205    (0)   :  0.005 0.959 0.004 0.011 0.016 0.005 
459  ZFBP206    (0)   :  0.008 0.809 0.006 0.021 0.150 0.007 
460  ZFBP207    (0)   :  0.004 0.687 0.006 0.014 0.011 0.278 
461  ZFBP208    (0)   :  0.011 0.951 0.006 0.009 0.016 0.007 
462  ZFBP209    (0)   :  0.002 0.904 0.003 0.008 0.077 0.005 
463  ZFBP210    (0)   :  0.008 0.948 0.006 0.006 0.018 0.013 
464  ZFBP211    (0)   :  0.004 0.972 0.005 0.006 0.005 0.009 
465  ZFBP212    (0)   :  0.003 0.913 0.005 0.003 0.007 0.069 
466  ZFBP213    (0)   :  0.007 0.936 0.007 0.020 0.021 0.010 
467  ZFBP214    (0)   :  0.005 0.763 0.014 0.055 0.119 0.044 
468  ZFBP215    (0)   :  0.003 0.970 0.004 0.006 0.008 0.008 
469  ZFBP216    (0)   :  0.008 0.950 0.007 0.005 0.007 0.022 
470  ZFBP217    (0)   :  0.004 0.783 0.007 0.007 0.153 0.046 
471  ZFBP218    (0)   :  0.003 0.969 0.004 0.004 0.014 0.007 
472  ZFBP219    (0)   :  0.004 0.977 0.004 0.003 0.005 0.006 
473  ZFBP220    (0)   :  0.004 0.852 0.004 0.021 0.065 0.054 
474  ZFBP221    (0)   :  0.004 0.927 0.005 0.003 0.010 0.051 
475  ZFBP222    (0)   :  0.005 0.961 0.005 0.009 0.014 0.005 
476  ZFBP223    (0)   :  0.006 0.726 0.010 0.009 0.013 0.236 
477  ZFBP224    (0)   :  0.005 0.968 0.005 0.007 0.007 0.008 
478  ZFBP225    (0)   :  0.008 0.427 0.006 0.014 0.397 0.147 
479  ZFBP226    (0)   :  0.005 0.973 0.004 0.004 0.006 0.008 
480  ZFBP227    (0)   :  0.039 0.769 0.091 0.008 0.009 0.084 
481  ZFBP228    (0)   :  0.003 0.865 0.005 0.012 0.007 0.107 
482  ZFBP229    (0)   :  0.003 0.953 0.004 0.006 0.021 0.013 
483  ZFBP230    (0)   :  0.004 0.838 0.005 0.027 0.055 0.072 
484  ZFBP231    (0)   :  0.004 0.968 0.006 0.005 0.007 0.010 
485  ZFBP232    (0)   :  0.003 0.974 0.003 0.005 0.009 0.006 
486  ZFBP233    (0)   :  0.004 0.953 0.006 0.006 0.018 0.013 
487   ZFCC01    (0)   :  0.005 0.004 0.006 0.975 0.005 0.004 
488   ZFCC03    (0)   :  0.003 0.004 0.004 0.976 0.006 0.006 
489   ZFCC04    (0)   :  0.004 0.004 0.005 0.975 0.007 0.005 
490   ZFCC05    (0)   :  0.005 0.005 0.006 0.968 0.006 0.008 
491   ZFCC08    (0)   :  0.003 0.010 0.005 0.958 0.018 0.007 
492   ZFCC09    (0)   :  0.004 0.004 0.005 0.978 0.004 0.005 
493   ZFCC10    (0)   :  0.004 0.005 0.008 0.974 0.004 0.004 
494   ZFCC11    (0)   :  0.004 0.005 0.005 0.976 0.005 0.006 
495   ZFCC12    (0)   :  0.031 0.006 0.012 0.938 0.005 0.008 
496   ZFCC13    (0)   :  0.007 0.009 0.006 0.957 0.010 0.012 
497   ZFCC14    (0)   :  0.006 0.010 0.008 0.965 0.007 0.004 
498   ZFCC15    (0)   :  0.006 0.005 0.006 0.972 0.006 0.006 
499   ZFCC16    (0)   :  0.004 0.004 0.006 0.977 0.005 0.004 
500   ZFCC17    (0)   :  0.007 0.003 0.005 0.976 0.004 0.004 
501   ZFCC18    (0)   :  0.004 0.004 0.005 0.974 0.007 0.006 
502   ZFCC19    (0)   :  0.006 0.003 0.006 0.976 0.004 0.004 
503   ZFCC20    (0)   :  0.003 0.004 0.004 0.976 0.006 0.006 
504   ZFCC21    (0)   :  0.005 0.021 0.012 0.912 0.043 0.007 
505   ZFCC22    (0)   :  0.005 0.121 0.006 0.793 0.057 0.018 
506   ZFCC26    (0)   :  0.004 0.004 0.005 0.978 0.005 0.004 
507   ZFCC27    (0)   :  0.003 0.004 0.004 0.980 0.004 0.005 
508   ZFCC29    (0)   :  0.004 0.004 0.008 0.973 0.006 0.005 
509   ZFCC30    (0)   :  0.003 0.004 0.003 0.978 0.006 0.006 
510   ZFCC32    (0)   :  0.007 0.004 0.007 0.969 0.007 0.007 
511   ZFCC33    (0)   :  0.005 0.004 0.006 0.975 0.004 0.005 
512   ZFCC34    (0)   :  0.013 0.046 0.010 0.887 0.019 0.025 
513   ZFCC35    (0)   :  0.003 0.004 0.004 0.979 0.005 0.005 
514   ZFCC36    (0)   :  0.012 0.008 0.006 0.953 0.014 0.007 
515   ZFCC37    (0)   :  0.030 0.009 0.013 0.933 0.005 0.009 
516   ZFCC40    (0)   :  0.006 0.006 0.005 0.974 0.004 0.004 
517   ZFCC42    (0)   :  0.544 0.007 0.018 0.349 0.022 0.060 
518   ZFCC44    (0)   :  0.004 0.003 0.004 0.980 0.003 0.006 
519   ZFCC45    (9)   :  0.015 0.005 0.013 0.957 0.004 0.006 
520   ZFCC46    (0)   :  0.004 0.008 0.004 0.941 0.032 0.012 
521   ZFCC47    (0)   :  0.017 0.005 0.008 0.957 0.007 0.006 
522   ZFCC48    (0)   :  0.004 0.017 0.006 0.932 0.036 0.006 
523   ZFCC50    (0)   :  0.004 0.003 0.004 0.980 0.004 0.004 
524   ZFCC51    (0)   :  0.003 0.004 0.004 0.979 0.004 0.005 
525   ZFCC52    (0)   :  0.006 0.011 0.004 0.960 0.012 0.007 
526   ZFCC53    (0)   :  0.004 0.003 0.004 0.980 0.004 0.005 
527  ZFCNS01    (0)   :  0.006 0.004 0.005 0.006 0.003 0.976 
528  ZFCNS02    (0)   :  0.003 0.005 0.004 0.012 0.007 0.968 
529  ZFCNS05    (0)   :  0.003 0.008 0.005 0.012 0.007 0.965 
530  ZFCNS06    (0)   :  0.003 0.006 0.004 0.013 0.007 0.966 
531  ZFCNS07    (0)   :  0.004 0.011 0.004 0.006 0.018 0.957 
532  ZFCNS10    (0)   :  0.003 0.005 0.003 0.005 0.005 0.978 
533  ZFCNS11    (0)   :  0.004 0.004 0.004 0.007 0.004 0.976 
534  ZFCNS15    (0)   :  0.003 0.014 0.004 0.004 0.006 0.969 
535  ZFCNS17    (0)   :  0.003 0.006 0.004 0.014 0.006 0.968 
536  ZFCNS18    (0)   :  0.003 0.006 0.003 0.007 0.005 0.977 
537  ZFCNS19    (0)   :  0.003 0.004 0.004 0.011 0.006 0.973 
538  ZFCNS20    (0)   :  0.003 0.011 0.005 0.008 0.014 0.959 
539  ZFCNS21    (0)   :  0.003 0.004 0.004 0.009 0.003 0.977 
540  ZFCNS22    (0)   :  0.003 0.011 0.005 0.007 0.007 0.966 
541  ZFCNS23    (0)   :  0.013 0.007 0.008 0.029 0.017 0.927 
542  ZFCNS24    (0)   :  0.003 0.005 0.004 0.030 0.006 0.952 
543  ZFCNS25    (0)   :  0.003 0.010 0.004 0.012 0.009 0.962 
544  ZFCNS26    (0)   :  0.003 0.007 0.005 0.004 0.004 0.977 
545  ZFCNS27    (0)   :  0.003 0.015 0.004 0.005 0.007 0.966 
546  ZFCNS28    (0)   :  0.004 0.006 0.004 0.008 0.006 0.972 
547  ZFCNS29    (0)   :  0.003 0.009 0.005 0.013 0.006 0.964 
548  ZFCNS30    (0)   :  0.003 0.005 0.004 0.012 0.004 0.971 
549  ZFCNS31    (0)   :  0.003 0.006 0.004 0.006 0.006 0.976 
550  ZFCNS32    (0)   :  0.003 0.005 0.005 0.008 0.006 0.973 
551  ZFCNS33    (0)   :  0.003 0.005 0.004 0.006 0.006 0.977 
552  ZFCNS34    (0)   :  0.003 0.006 0.005 0.028 0.006 0.951 
553  ZFCNS35    (0)   :  0.003 0.004 0.005 0.006 0.005 0.976 
554  ZFCNS36    (0)   :  0.004 0.007 0.004 0.064 0.009 0.912 
555  ZFCNS37    (0)   :  0.003 0.005 0.004 0.007 0.003 0.978 
556  ZFCNS39    (0)   :  0.003 0.004 0.003 0.009 0.007 0.974 
557  ZFCNS40    (0)   :  0.003 0.006 0.004 0.029 0.017 0.942 
558  ZFCNS41    (0)   :  0.005 0.008 0.006 0.010 0.006 0.966 
559  ZFCNS42    (0)   :  0.003 0.005 0.004 0.006 0.004 0.978 
560  ZFCNS43    (0)   :  0.003 0.004 0.004 0.011 0.004 0.974 
561  ZFCNS44    (0)   :  0.003 0.005 0.003 0.007 0.004 0.979 
562  ZFCNS46    (0)   :  0.003 0.006 0.004 0.006 0.005 0.976 
563  ZFCNS47    (0)   :  0.003 0.004 0.004 0.009 0.004 0.976 
564  ZFCNS48    (0)   :  0.003 0.006 0.003 0.007 0.005 0.975 
565  ZFCNS49    (0)   :  0.003 0.007 0.004 0.004 0.004 0.978 
566   ZFCR01    (0)   :  0.015 0.018 0.944 0.009 0.010 0.004 
567   ZFCR02    (0)   :  0.010 0.066 0.831 0.032 0.048 0.013 
568   ZFCR03    (0)   :  0.042 0.045 0.842 0.036 0.028 0.007 
569   ZFCR04    (0)   :  0.029 0.016 0.902 0.012 0.020 0.021 
570   ZFCR05    (0)   :  0.009 0.006 0.958 0.016 0.006 0.005 
571   ZFCR06    (0)   :  0.006 0.124 0.697 0.018 0.043 0.111 
572   ZFCR07    (0)   :  0.015 0.017 0.807 0.032 0.008 0.122 
573   ZFCR08    (0)   :  0.046 0.023 0.746 0.116 0.058 0.011 
574   ZFCR09    (0)   :  0.410 0.208 0.246 0.030 0.028 0.078 
575   ZFCR11    (0)   :  0.009 0.023 0.910 0.009 0.004 0.045 
576   ZFCR12    (0)   :  0.005 0.030 0.662 0.022 0.061 0.219 
577   ZFCR13    (0)   :  0.004 0.055 0.905 0.010 0.010 0.015 
578   ZFCR14    (0)   :  0.006 0.014 0.910 0.022 0.036 0.012 
579   ZFCR15    (0)   :  0.010 0.026 0.883 0.020 0.052 0.009 
580   ZFCR16    (0)   :  0.005 0.030 0.898 0.012 0.050 0.006 
581   ZFCR18    (0)   :  0.005 0.010 0.959 0.013 0.006 0.006 
582   ZFCR19    (0)   :  0.082 0.038 0.686 0.020 0.162 0.011 
583   ZFCR20    (0)   :  0.021 0.068 0.870 0.016 0.015 0.010 
584   ZFCR21    (0)   :  0.005 0.012 0.889 0.026 0.059 0.009 
585   ZFCR22    (0)   :  0.008 0.021 0.844 0.012 0.103 0.012 
586   ZFCR23    (0)   :  0.030 0.102 0.831 0.004 0.013 0.020 
587   ZFCR24    (9)   :  0.012 0.455 0.500 0.009 0.014 0.010 
588   ZFCR25    (0)   :  0.006 0.008 0.961 0.009 0.008 0.008 
