

----------------------------------------------------
STRUCTURE by Pritchard, Stephens and Donnelly (2000)
     and Falush, Stephens and Pritchard (2003)
       Code by Pritchard, Falush and Hubisz
             Version 2.3.4 (Jul 2012)
----------------------------------------------------



Command line arguments:   bin\structure -m C:\Users\eschumacher\Documents\GitHub\GCC_QUAC_ZAIN\Data_Files\Structure_Files\ZAIN\ZAIN_rebinned_garden_wild_nopopinfo\50-50\mainparams -e C:\Users\eschumacher\Documents\GitHub\GCC_QUAC_ZAIN\Data_Files\Structure_Files\ZAIN\ZAIN_rebinned_garden_wild_nopopinfo\50-50\extraparams 
Input File:    C:\Users\eschumacher\Documents\GitHub\GCC_QUAC_ZAIN\Data_Files\Structure_Files\ZAIN\ZAIN_rebinned_garden_wild_nopopinfo\project_data

Run parameters:
   1133 individuals
   11 loci
   6 populations assumed
   50000 Burn-in period
   50000 Reps


--------------------------------------------
Overall proportion of membership of the
sample in each of the 6 clusters

Inferred Clusters
  1      2      3      4      5      6    
0.154  0.159  0.261  0.179  0.113  0.133  

--------------------------------------------

Allele-freq. divergence among pops (Net nucleotide distance),
computed using point estimates of P.

      1       2       3       4       5       6      
 1      -    0.0885  0.2190  0.2032  0.1416  0.1424  
 2   0.0885     -    0.1399  0.1013  0.0962  0.1203  
 3   0.2190  0.1399     -    0.0762  0.1498  0.2768  
 4   0.2032  0.1013  0.0762     -    0.1144  0.2648  
 5   0.1416  0.0962  0.1498  0.1144     -    0.2092  
 6   0.1424  0.1203  0.2768  0.2648  0.2092     -    

Average distances (expected heterozygosity) between individuals in same cluster:
cluster  1  : 0.4843 
cluster  2  : 0.5573 
cluster  3  : 0.4321 
cluster  4  : 0.4347 
cluster  5  : 0.4384 
cluster  6  : 0.4278 

--------------------------------------------
Estimated Ln Prob of Data   = -22208.8
Mean value of ln likelihood = -21820.0
Variance of ln likelihood   = 777.6
Mean value of alpha         = 0.0341

Mean value of Fst_1         = 0.3206
Mean value of Fst_2         = 0.1196
Mean value of Fst_3         = 0.2689
Mean value of Fst_4         = 0.3752
Mean value of Fst_5         = 0.4189
Mean value of Fst_6         = 0.4089


Inferred ancestry of individuals:
        Label (%Miss) :  Inferred clusters
  1 TMA-ZAIN-G-    (9)   :  0.813 0.064 0.019 0.075 0.023 0.007 
  2 TMA-ZAIN-G-    (0)   :  0.759 0.052 0.135 0.021 0.026 0.007 
  3 TMA-ZAIN-G-    (0)   :  0.006 0.007 0.796 0.177 0.011 0.003 
  4 TMA-ZAIN-G-    (0)   :  0.018 0.013 0.152 0.039 0.765 0.012 
  5 TMA-ZAIN-G-    (0)   :  0.979 0.005 0.003 0.002 0.006 0.005 
  6 TMA-ZAIN-G-    (0)   :  0.037 0.201 0.510 0.151 0.064 0.037 
  7 TMA-ZAIN-G-    (0)   :  0.016 0.018 0.385 0.538 0.033 0.008 
  8 TMA-ZAIN-G-    (0)   :  0.009 0.006 0.299 0.661 0.023 0.003 
  9 TMA-ZAIN-G-    (9)   :  0.014 0.016 0.754 0.206 0.006 0.005 
 10 TMA-ZAIN-G-    (0)   :  0.004 0.011 0.761 0.208 0.012 0.005 
 11 TMA-ZAIN-G-    (0)   :  0.008 0.009 0.718 0.251 0.008 0.006 
 12 TMA-ZAIN-G-    (0)   :  0.007 0.006 0.938 0.042 0.004 0.003 
 13 TMA-ZAIN-G-    (9)   :  0.049 0.029 0.245 0.546 0.021 0.110 
 14 TMA-ZAIN-G-    (9)   :  0.003 0.006 0.007 0.971 0.007 0.005 
 15 TMA-ZAIN-G-    (0)   :  0.005 0.006 0.006 0.975 0.006 0.002 
 16 TMA-ZAIN-G-    (0)   :  0.004 0.007 0.961 0.019 0.004 0.005 
 17 TMA-ZAIN-G-    (9)   :  0.015 0.057 0.022 0.852 0.037 0.017 
 18 TMA-ZAIN-G-    (0)   :  0.735 0.170 0.012 0.017 0.059 0.007 
 19 TMA-ZAIN-G-    (0)   :  0.014 0.932 0.012 0.026 0.006 0.010 
 20 TMA-ZAIN-G-    (0)   :  0.039 0.840 0.003 0.003 0.022 0.093 
 21 TMA-ZAIN-G-    (0)   :  0.003 0.005 0.005 0.003 0.005 0.979 
 22 TMA-ZAIN-G-    (0)   :  0.050 0.013 0.003 0.003 0.007 0.924 
 23 TMA-ZAIN-G-    (0)   :  0.024 0.036 0.006 0.008 0.006 0.920 
 24 TMA-ZAIN-G-    (9)   :  0.010 0.005 0.144 0.051 0.007 0.783 
 25 TMA-ZAIN-G-    (9)   :  0.116 0.827 0.036 0.007 0.004 0.010 
 26 TMA-ZAIN-G-    (9)   :  0.011 0.016 0.286 0.141 0.507 0.038 
 27 TMA-ZAIN-G-    (0)   :  0.065 0.852 0.007 0.043 0.022 0.012 
 28 TMA-ZAIN-G-    (0)   :  0.010 0.959 0.008 0.012 0.007 0.004 
 29 TMA-ZAIN-G-    (0)   :  0.004 0.371 0.520 0.042 0.059 0.004 
 30 TMA-ZAIN-G-    (0)   :  0.004 0.369 0.170 0.442 0.009 0.005 
 31 TMA-ZAIN-G-    (0)   :  0.923 0.009 0.006 0.005 0.044 0.013 
 32 TMA-ZAIN-G-    (9)   :  0.923 0.014 0.024 0.026 0.005 0.008 
 33 TMA-ZAIN-G-   (18)   :  0.007 0.006 0.680 0.300 0.004 0.003 
 34 TMA-ZAIN-G-    (0)   :  0.336 0.011 0.609 0.019 0.008 0.017 
 35 TMA-ZAIN-G-    (9)   :  0.019 0.014 0.860 0.092 0.012 0.004 
 36 TMA-ZAIN-G-    (0)   :  0.004 0.007 0.352 0.620 0.014 0.003 
 37 TMA-ZAIN-G-    (9)   :  0.011 0.017 0.879 0.073 0.013 0.007 
 38 TMA-ZAIN-G-   (18)   :  0.901 0.021 0.021 0.041 0.006 0.009 
 39 TMA-ZAIN-G-    (0)   :  0.003 0.005 0.968 0.009 0.008 0.006 
 40 TMA-ZAIN-G-    (0)   :  0.004 0.004 0.886 0.096 0.005 0.004 
 41 TMA-ZAIN-G-    (0)   :  0.003 0.006 0.219 0.764 0.005 0.003 
 42 TMA-ZAIN-G-    (9)   :  0.003 0.004 0.008 0.978 0.005 0.002 
 43 TMA-ZAIN-G-    (0)   :  0.004 0.004 0.006 0.973 0.010 0.003 
 44 TMA-ZAIN-G-    (0)   :  0.005 0.015 0.096 0.021 0.005 0.857 
 45 TMA-ZAIN-G-    (0)   :  0.008 0.012 0.555 0.402 0.015 0.008 
 46 TMA-ZAIN-G-    (0)   :  0.004 0.004 0.003 0.003 0.006 0.979 
 47 TMA-ZAIN-G-    (0)   :  0.004 0.004 0.004 0.004 0.981 0.003 
 48 TMA-ZAIN-G-    (0)   :  0.007 0.024 0.062 0.250 0.627 0.029 
 49 TMA-ZAIN-G-    (9)   :  0.022 0.923 0.032 0.006 0.011 0.006 
 50 TMA-ZAIN-G-    (0)   :  0.006 0.951 0.010 0.024 0.003 0.007 
 51 TMA-ZAIN-G-    (0)   :  0.008 0.906 0.009 0.043 0.026 0.009 
 52 TMA-ZAIN-G-    (0)   :  0.006 0.852 0.011 0.013 0.104 0.013 
 53 TMA-ZAIN-G-    (0)   :  0.118 0.651 0.009 0.026 0.185 0.011 
 54 TMA-ZAIN-G-    (0)   :  0.005 0.010 0.006 0.014 0.961 0.005 
 55 TMA-ZAIN-G-    (0)   :  0.005 0.028 0.007 0.041 0.911 0.008 
 56 TMA-ZAIN-G-    (0)   :  0.010 0.101 0.054 0.118 0.707 0.010 
 57 TMA-ZAIN-G-    (0)   :  0.008 0.013 0.011 0.006 0.959 0.003 
 58 TMA-ZAIN-G-    (0)   :  0.022 0.876 0.006 0.011 0.028 0.057 
 59 TMA-ZAIN-G-    (0)   :  0.681 0.039 0.110 0.066 0.068 0.035 
 60 TMA-ZAIN-G-    (0)   :  0.392 0.459 0.015 0.081 0.043 0.010 
 61 TMA-ZAIN-G-    (0)   :  0.943 0.008 0.004 0.003 0.019 0.023 
 62 TMA-ZAIN-G-    (9)   :  0.864 0.046 0.031 0.021 0.012 0.027 
 63 TMA-ZAIN-G-    (0)   :  0.960 0.010 0.004 0.006 0.013 0.007 
 64 TMA-ZAIN-G-    (0)   :  0.002 0.003 0.971 0.014 0.007 0.003 
 65 TMA-ZAIN-G-    (9)   :  0.003 0.004 0.944 0.027 0.019 0.003 
 66 TMA-ZAIN-G-    (0)   :  0.003 0.003 0.967 0.017 0.007 0.003 
 67 TMA-ZAIN-G-    (0)   :  0.004 0.010 0.965 0.005 0.005 0.010 
 68 TMA-ZAIN-G-    (0)   :  0.002 0.004 0.904 0.064 0.023 0.002 
 69 TMA-ZAIN-G-    (0)   :  0.007 0.010 0.952 0.007 0.010 0.014 
 70 TMA-ZAIN-G-    (0)   :  0.003 0.007 0.972 0.008 0.004 0.005 
 71 TMA-ZAIN-G-    (0)   :  0.003 0.005 0.978 0.006 0.004 0.004 
 72 TMA-ZAIN-G-    (0)   :  0.004 0.008 0.910 0.062 0.010 0.005 
 73 TMA-ZAIN-G-    (0)   :  0.026 0.048 0.859 0.008 0.018 0.040 
 74 TMA-ZAIN-G-    (0)   :  0.012 0.023 0.936 0.009 0.006 0.014 
 75 TMA-ZAIN-G-    (0)   :  0.007 0.012 0.952 0.013 0.012 0.004 
 76 TMA-ZAIN-G-    (0)   :  0.007 0.024 0.906 0.005 0.004 0.054 
 77 TMA-ZAIN-G-    (0)   :  0.004 0.012 0.922 0.038 0.010 0.014 
 78 TMA-ZAIN-G-    (0)   :  0.013 0.057 0.834 0.020 0.019 0.057 
 79 TMA-ZAIN-G-    (0)   :  0.006 0.023 0.828 0.070 0.024 0.049 
 80 TMA-ZAIN-G-    (0)   :  0.003 0.005 0.965 0.011 0.010 0.006 
 81 TMA-ZAIN-G-    (0)   :  0.005 0.014 0.936 0.020 0.012 0.014 
 82 TMA-ZAIN-G-    (0)   :  0.005 0.005 0.970 0.007 0.011 0.003 
 83 TMA-ZAIN-G-    (9)   :  0.067 0.023 0.844 0.010 0.022 0.034 
 84 TMA-ZAIN-G-    (0)   :  0.005 0.017 0.914 0.011 0.006 0.048 
 85 TMA-ZAIN-G-    (0)   :  0.023 0.130 0.008 0.009 0.806 0.024 
 86 TMA-ZAIN-G-    (0)   :  0.007 0.023 0.021 0.013 0.894 0.041 
 87 TMA-ZAIN-G-    (0)   :  0.036 0.068 0.010 0.008 0.675 0.202 
 88 TMA-ZAIN-G-    (0)   :  0.172 0.011 0.117 0.037 0.651 0.012 
 89 TMA-ZAIN-G-    (0)   :  0.019 0.005 0.032 0.019 0.908 0.016 
 90 TMA-ZAIN-G-    (0)   :  0.008 0.014 0.009 0.006 0.955 0.008 
 91 TMA-ZAIN-G-    (0)   :  0.021 0.013 0.009 0.009 0.940 0.008 
 92 TMA-ZAIN-G-    (0)   :  0.006 0.029 0.007 0.010 0.932 0.016 
 93 TMA-ZAIN-G-    (0)   :  0.016 0.021 0.005 0.007 0.941 0.010 
 94 TMA-ZAIN-G-    (0)   :  0.042 0.015 0.004 0.004 0.923 0.010 
 95 TMA-ZAIN-G-    (0)   :  0.009 0.938 0.014 0.027 0.005 0.007 
 96 TMA-ZAIN-G-    (0)   :  0.005 0.928 0.009 0.047 0.007 0.005 
 97 TMA-ZAIN-G-    (0)   :  0.959 0.012 0.006 0.005 0.011 0.006 
 98 TMA-ZAIN-G-    (0)   :  0.973 0.004 0.006 0.004 0.009 0.004 
 99 TMA-ZAIN-G-    (0)   :  0.839 0.008 0.110 0.025 0.004 0.014 
100 TMA-ZAIN-G-    (0)   :  0.931 0.016 0.005 0.005 0.026 0.018 
101 TMA-ZAIN-G-    (0)   :  0.963 0.010 0.009 0.005 0.009 0.005 
102 TMA-ZAIN-G-    (0)   :  0.662 0.068 0.042 0.041 0.014 0.173 
103 TMA-ZAIN-G-    (0)   :  0.928 0.029 0.011 0.010 0.008 0.014 
104 TMA-ZAIN-G-    (0)   :  0.976 0.006 0.003 0.004 0.005 0.006 
105 TMA-ZAIN-G-    (0)   :  0.936 0.022 0.012 0.012 0.012 0.007 
106 TMA-ZAIN-G-    (0)   :  0.004 0.004 0.245 0.739 0.006 0.003 
107 TMA-ZAIN-G-    (0)   :  0.005 0.005 0.970 0.012 0.006 0.003 
108 TMA-ZAIN-G-    (9)   :  0.466 0.042 0.147 0.268 0.029 0.049 
109 TMA-ZAIN-G-    (0)   :  0.321 0.047 0.352 0.221 0.054 0.005 
110 TMA-ZAIN-G-    (0)   :  0.088 0.137 0.258 0.330 0.027 0.160 
111 TMA-ZAIN-G-    (9)   :  0.688 0.062 0.105 0.014 0.042 0.089 
112 TMA-ZAIN-G-    (0)   :  0.307 0.148 0.182 0.287 0.031 0.045 
113 TMA-ZAIN-G-    (0)   :  0.951 0.005 0.014 0.006 0.015 0.009 
114 TMA-ZAIN-G-    (0)   :  0.975 0.005 0.003 0.003 0.005 0.010 
115 TMA-ZAIN-G-    (0)   :  0.979 0.004 0.004 0.003 0.004 0.005 
116 TMA-ZAIN-G-    (0)   :  0.008 0.005 0.962 0.009 0.014 0.003 
117 TMA-ZAIN-G-    (0)   :  0.006 0.010 0.682 0.258 0.039 0.003 
118 TMA-ZAIN-G-    (0)   :  0.006 0.005 0.964 0.010 0.011 0.003 
119 TMA-ZAIN-G-    (0)   :  0.016 0.010 0.950 0.007 0.010 0.007 
120 TMA-ZAIN-G-    (0)   :  0.010 0.012 0.938 0.019 0.017 0.004 
121 TMA-ZAIN-G-    (0)   :  0.008 0.008 0.938 0.029 0.014 0.003 
122 TMA-ZAIN-G-    (0)   :  0.006 0.014 0.897 0.051 0.026 0.007 
123 TMA-ZAIN-G-    (0)   :  0.962 0.012 0.004 0.008 0.006 0.009 
124 TMA-ZAIN-G-    (0)   :  0.006 0.006 0.009 0.972 0.004 0.003 
125 TMA-ZAIN-G-    (0)   :  0.003 0.005 0.016 0.925 0.049 0.002 
126 TMA-ZAIN-G-    (0)   :  0.004 0.004 0.010 0.972 0.007 0.003 
127 TMA-ZAIN-G-    (0)   :  0.003 0.004 0.013 0.972 0.005 0.003 
128 TMA-ZAIN-G-    (0)   :  0.004 0.005 0.044 0.937 0.007 0.003 
129 TMA-ZAIN-G-    (0)   :  0.007 0.004 0.011 0.969 0.005 0.003 
130 TMA-ZAIN-G-    (0)   :  0.008 0.005 0.013 0.944 0.027 0.003 
131 TMA-ZAIN-G-    (0)   :  0.004 0.006 0.009 0.973 0.005 0.003 
132 TMA-ZAIN-G-    (0)   :  0.004 0.005 0.087 0.869 0.032 0.003 
133 TMA-ZAIN-G-    (0)   :  0.003 0.011 0.130 0.811 0.032 0.012 
134 TMA-ZAIN-G-    (0)   :  0.003 0.005 0.052 0.911 0.020 0.007 
135 TMA-ZAIN-G-    (0)   :  0.005 0.004 0.945 0.035 0.007 0.005 
136 TMA-ZAIN-G-    (0)   :  0.004 0.005 0.945 0.023 0.020 0.005 
137 TMA-ZAIN-G-    (0)   :  0.008 0.005 0.940 0.036 0.006 0.005 
138 TMA-ZAIN-G-    (0)   :  0.005 0.004 0.446 0.530 0.013 0.003 
139 TMA-ZAIN-G-    (0)   :  0.006 0.004 0.770 0.169 0.048 0.004 
140 TMA-ZAIN-G-    (0)   :  0.004 0.006 0.929 0.052 0.004 0.004 
141 TMA-ZAIN-G-    (0)   :  0.007 0.006 0.792 0.184 0.008 0.004 
142 TMA-ZAIN-G-    (9)   :  0.004 0.004 0.956 0.026 0.005 0.003 
143 TMA-ZAIN-G-    (0)   :  0.005 0.006 0.847 0.132 0.006 0.003 
144 TMA-ZAIN-G-    (0)   :  0.004 0.016 0.834 0.105 0.036 0.005 
145 TMA-ZAIN-G-    (0)   :  0.003 0.004 0.971 0.010 0.010 0.002 
146 TMA-ZAIN-G-    (0)   :  0.004 0.004 0.977 0.009 0.004 0.003 
147 TMA-ZAIN-G-    (9)   :  0.003 0.003 0.975 0.010 0.005 0.004 
148 TMA-ZAIN-G-    (0)   :  0.004 0.004 0.705 0.240 0.044 0.003 
149 TMA-ZAIN-G-    (0)   :  0.033 0.017 0.698 0.123 0.111 0.018 
150 TMA-ZAIN-G-    (0)   :  0.026 0.013 0.820 0.024 0.102 0.015 
151 TMA-ZAIN-G-    (0)   :  0.005 0.005 0.936 0.047 0.005 0.002 
152 TMA-ZAIN-G-    (0)   :  0.006 0.004 0.968 0.014 0.005 0.002 
153 TMA-ZAIN-G-    (0)   :  0.004 0.004 0.878 0.094 0.017 0.003 
154 TMA-ZAIN-G-    (0)   :  0.005 0.004 0.970 0.012 0.007 0.002 
155 TMA-ZAIN-G-    (0)   :  0.007 0.005 0.962 0.020 0.004 0.003 
156 TMA-ZAIN-G-    (9)   :  0.027 0.006 0.588 0.356 0.020 0.003 
157 TMA-ZAIN-G-    (0)   :  0.009 0.005 0.565 0.410 0.008 0.003 
158 TMA-ZAIN-G-    (0)   :  0.004 0.006 0.972 0.010 0.005 0.003 
159 TMA-ZAIN-G-    (0)   :  0.005 0.004 0.978 0.007 0.004 0.002 
160 TMA-ZAIN-G-    (0)   :  0.006 0.003 0.977 0.006 0.006 0.003 
161 TMA-ZAIN-G-    (0)   :  0.004 0.006 0.851 0.114 0.023 0.003 
162 TMA-ZAIN-G-    (0)   :  0.041 0.011 0.903 0.008 0.019 0.017 
163 TMA-ZAIN-G-    (0)   :  0.004 0.003 0.980 0.006 0.004 0.002 
164 TMA-ZAIN-G-    (0)   :  0.006 0.005 0.968 0.009 0.008 0.003 
165 TMA-ZAIN-G-    (0)   :  0.006 0.003 0.975 0.010 0.004 0.003 
166 TMA-ZAIN-G-    (0)   :  0.004 0.004 0.959 0.024 0.007 0.002 
167 TMA-ZAIN-G-    (0)   :  0.007 0.010 0.899 0.071 0.007 0.006 
168 TMA-ZAIN-G-    (0)   :  0.008 0.006 0.945 0.031 0.007 0.004 
169 TMA-ZAIN-G-    (0)   :  0.003 0.004 0.978 0.006 0.005 0.003 
170 TMA-ZAIN-G-    (0)   :  0.019 0.028 0.684 0.252 0.005 0.012 
171 TMA-ZAIN-G-    (0)   :  0.004 0.003 0.979 0.006 0.004 0.003 
172 TMA-ZAIN-G-    (0)   :  0.004 0.005 0.099 0.883 0.004 0.004 
173 TMA-ZAIN-G-    (0)   :  0.004 0.007 0.049 0.932 0.005 0.004 
174 TMA-ZAIN-G-    (0)   :  0.003 0.005 0.869 0.113 0.008 0.002 
175 TMA-ZAIN-G-    (0)   :  0.004 0.004 0.977 0.007 0.005 0.004 
176 TMA-ZAIN-G-    (0)   :  0.004 0.004 0.970 0.014 0.005 0.004 
177 TMA-ZAIN-G-    (0)   :  0.005 0.005 0.867 0.115 0.004 0.004 
178 TMA-ZAIN-G-    (0)   :  0.005 0.006 0.089 0.890 0.005 0.004 
179 TMA-ZAIN-G-    (0)   :  0.004 0.005 0.708 0.275 0.005 0.003 
180 TMA-ZAIN-G-    (0)   :  0.004 0.008 0.097 0.867 0.015 0.008 
181 TMA-ZAIN-G-    (0)   :  0.004 0.003 0.011 0.974 0.004 0.002 
182 TMA-ZAIN-G-    (0)   :  0.006 0.004 0.007 0.975 0.005 0.003 
183 TMA-ZAIN-G-    (0)   :  0.004 0.004 0.009 0.977 0.004 0.003 
184 TMA-ZAIN-G-    (0)   :  0.048 0.016 0.047 0.838 0.030 0.021 
185 TMA-ZAIN-G-    (0)   :  0.020 0.041 0.040 0.818 0.043 0.038 
186 TMA-ZAIN-G-    (9)   :  0.004 0.015 0.040 0.929 0.007 0.006 
187 TMA-ZAIN-G-    (0)   :  0.004 0.005 0.039 0.946 0.003 0.003 
188 TMA-ZAIN-G-    (0)   :  0.003 0.004 0.051 0.936 0.003 0.003 
189 TMA-ZAIN-G-    (0)   :  0.003 0.003 0.012 0.977 0.003 0.003 
190 TMA-ZAIN-G-    (0)   :  0.003 0.007 0.041 0.941 0.005 0.003 
191 TMA-ZAIN-G-    (0)   :  0.020 0.015 0.024 0.890 0.016 0.034 
192 TMA-ZAIN-G-    (0)   :  0.004 0.005 0.012 0.963 0.006 0.010 
193 TMA-ZAIN-G-    (0)   :  0.003 0.004 0.005 0.977 0.008 0.003 
194 TMA-ZAIN-G-    (0)   :  0.003 0.006 0.004 0.971 0.013 0.004 
195 TMA-ZAIN-G-    (0)   :  0.003 0.005 0.008 0.976 0.006 0.003 
196 TMA-ZAIN-G-    (0)   :  0.003 0.004 0.005 0.980 0.005 0.003 
197 TMA-ZAIN-G-    (0)   :  0.003 0.005 0.007 0.971 0.011 0.003 
198 TMA-ZAIN-G-    (0)   :  0.003 0.004 0.007 0.977 0.006 0.003 
199 TMA-ZAIN-G-    (0)   :  0.004 0.010 0.025 0.949 0.008 0.005 
200 TMA-ZAIN-G-    (0)   :  0.016 0.036 0.003 0.012 0.004 0.930 
201 TMA-ZAIN-G-    (0)   :  0.006 0.013 0.004 0.003 0.004 0.970 
202 TMA-ZAIN-G-    (0)   :  0.014 0.012 0.005 0.019 0.003 0.947 
203 TMA-ZAIN-G-    (0)   :  0.008 0.004 0.006 0.973 0.006 0.003 
204 TMA-ZAIN-G-    (9)   :  0.005 0.018 0.011 0.007 0.041 0.916 
205 TMA-ZAIN-G-    (0)   :  0.008 0.037 0.122 0.009 0.015 0.809 
206 TMA-ZAIN-G-    (9)   :  0.018 0.029 0.017 0.049 0.024 0.864 
207 TMA-ZAIN-G-    (9)   :  0.015 0.042 0.795 0.012 0.126 0.010 
208 TMA-ZAIN-G-    (0)   :  0.002 0.004 0.981 0.006 0.004 0.003 
209 TMA-ZAIN-G-    (0)   :  0.003 0.004 0.076 0.887 0.027 0.003 
210 TMA-ZAIN-G-    (0)   :  0.004 0.006 0.088 0.883 0.016 0.003 
211 TMA-ZAIN-G-    (0)   :  0.014 0.032 0.152 0.763 0.013 0.026 
212 TMA-ZAIN-G-    (0)   :  0.004 0.007 0.321 0.648 0.013 0.006 
213 TMA-ZAIN-G-    (0)   :  0.004 0.005 0.243 0.736 0.008 0.004 
214 TMA-ZAIN-G-    (0)   :  0.003 0.005 0.600 0.383 0.006 0.003 
215 TMA-ZAIN-G-    (0)   :  0.004 0.273 0.534 0.174 0.003 0.012 
216 TMA-ZAIN-G-    (0)   :  0.003 0.007 0.046 0.931 0.007 0.006 
217 TMA-ZAIN-G-    (0)   :  0.003 0.004 0.602 0.381 0.007 0.003 
218 TMA-ZAIN-G-    (0)   :  0.006 0.972 0.006 0.007 0.005 0.004 
219 TMA-ZAIN-G-    (0)   :  0.005 0.963 0.004 0.006 0.010 0.012 
220 TMA-ZAIN-G-    (0)   :  0.070 0.889 0.021 0.007 0.010 0.004 
221 TMA-ZAIN-G-    (0)   :  0.005 0.935 0.011 0.019 0.008 0.022 
222 TMA-ZAIN-G-    (0)   :  0.032 0.920 0.014 0.008 0.017 0.010 
223 TMA-ZAIN-G-    (0)   :  0.008 0.970 0.004 0.003 0.006 0.010 
224 TMA-ZAIN-G-    (0)   :  0.015 0.932 0.005 0.015 0.019 0.015 
225 TMA-ZAIN-G-    (0)   :  0.012 0.962 0.003 0.007 0.005 0.011 
226 TMA-ZAIN-G-    (0)   :  0.013 0.955 0.006 0.011 0.006 0.009 
227 TMA-ZAIN-G-    (0)   :  0.012 0.938 0.007 0.012 0.005 0.026 
228 TMA-ZAIN-G-    (0)   :  0.015 0.947 0.012 0.007 0.008 0.011 
229 TMA-ZAIN-G-    (0)   :  0.025 0.906 0.004 0.003 0.007 0.055 
230 TMA-ZAIN-G-    (0)   :  0.039 0.804 0.031 0.069 0.050 0.008 
231 TMA-ZAIN-G-    (0)   :  0.182 0.191 0.061 0.015 0.033 0.518 
232 TMA-ZAIN-G-    (9)   :  0.304 0.093 0.049 0.049 0.015 0.490 
233 TMA-ZAIN-G-    (0)   :  0.006 0.915 0.029 0.010 0.016 0.024 
234 TMA-ZAIN-G-    (0)   :  0.307 0.608 0.008 0.006 0.020 0.051 
235 TMA-ZAIN-G-    (0)   :  0.109 0.797 0.018 0.046 0.011 0.020 
236 TMA-ZAIN-G-    (0)   :  0.082 0.809 0.011 0.020 0.008 0.070 
237 TMA-ZAIN-G-    (0)   :  0.241 0.506 0.144 0.062 0.032 0.014 
238 TMA-ZAIN-G-    (0)   :  0.060 0.861 0.021 0.018 0.006 0.034 
239 TMA-ZAIN-G-    (0)   :  0.006 0.006 0.015 0.141 0.072 0.760 
240 TMA-ZAIN-G-    (0)   :  0.004 0.004 0.003 0.003 0.006 0.979 
241 TMA-ZAIN-G-    (0)   :  0.004 0.004 0.008 0.004 0.005 0.976 
242 TMA-ZAIN-G-    (0)   :  0.003 0.004 0.007 0.004 0.004 0.978 
243 TMA-ZAIN-G-    (0)   :  0.003 0.004 0.010 0.006 0.005 0.971 
244 TMA-ZAIN-G-    (0)   :  0.004 0.005 0.014 0.005 0.004 0.969 
245 TMA-ZAIN-G-    (9)   :  0.004 0.003 0.003 0.003 0.003 0.984 
246 TMA-ZAIN-G-    (0)   :  0.002 0.004 0.003 0.003 0.003 0.984 
247 TMA-ZAIN-G-    (0)   :  0.002 0.004 0.004 0.004 0.005 0.981 
248 TMA-ZAIN-G-    (0)   :  0.005 0.006 0.007 0.009 0.004 0.970 
249 TMA-ZAIN-G-    (0)   :  0.003 0.005 0.003 0.005 0.003 0.980 
250 TMA-ZAIN-G-    (0)   :  0.003 0.006 0.004 0.004 0.004 0.980 
251 TMA-ZAIN-G-    (0)   :  0.005 0.004 0.004 0.005 0.978 0.003 
252 TMA-ZAIN-G-    (0)   :  0.004 0.010 0.073 0.013 0.897 0.003 
253 TMA-ZAIN-G-    (0)   :  0.006 0.003 0.006 0.005 0.976 0.004 
254 TMA-ZAIN-G-    (9)   :  0.008 0.005 0.019 0.007 0.958 0.003 
255 TMA-ZAIN-G-    (0)   :  0.011 0.003 0.006 0.004 0.957 0.019 
256 TMA-ZAIN-G-    (0)   :  0.006 0.004 0.006 0.009 0.968 0.007 
257 TMA-ZAIN-G-    (0)   :  0.004 0.004 0.003 0.005 0.980 0.004 
258 TMA-ZAIN-G-    (0)   :  0.003 0.003 0.004 0.004 0.983 0.003 
259 TMA-ZAIN-G-    (0)   :  0.003 0.004 0.003 0.004 0.981 0.004 
260 TMA-ZAIN-G-    (0)   :  0.003 0.004 0.005 0.005 0.979 0.004 
261 TMA-ZAIN-G-   (18)   :  0.005 0.006 0.006 0.008 0.972 0.004 
262 TMA-ZAIN-G-    (0)   :  0.004 0.004 0.003 0.004 0.981 0.003 
263 TMA-ZAIN-G-    (0)   :  0.005 0.004 0.004 0.004 0.980 0.003 
264 TMA-ZAIN-G-    (0)   :  0.009 0.004 0.005 0.004 0.974 0.003 
265 TMA-ZAIN-G-    (0)   :  0.017 0.183 0.049 0.024 0.714 0.014 
266 TMA-ZAIN-G-    (0)   :  0.022 0.033 0.039 0.159 0.738 0.011 
267 TMA-ZAIN-G-    (0)   :  0.020 0.068 0.016 0.010 0.596 0.289 
268 TMA-ZAIN-G-    (0)   :  0.076 0.007 0.004 0.003 0.006 0.904 
269 TMA-ZAIN-G-    (0)   :  0.285 0.030 0.006 0.005 0.009 0.665 
270 TMA-ZAIN-G-    (0)   :  0.077 0.016 0.006 0.005 0.011 0.885 
271 TMA-ZAIN-G-    (0)   :  0.035 0.008 0.005 0.004 0.008 0.941 
272 TMA-ZAIN-G-    (0)   :  0.030 0.045 0.004 0.004 0.005 0.911 
273 TMA-ZAIN-G-    (0)   :  0.019 0.016 0.003 0.003 0.004 0.955 
274 TMA-ZAIN-G-    (0)   :  0.032 0.021 0.011 0.026 0.010 0.899 
275 TMA-ZAIN-G-    (0)   :  0.006 0.007 0.003 0.004 0.003 0.977 
276 TMA-ZAIN-G-    (0)   :  0.008 0.004 0.004 0.003 0.003 0.978 
277 TMA-ZAIN-G-    (0)   :  0.009 0.006 0.005 0.004 0.006 0.971 
278 TMA-ZAIN-G-    (0)   :  0.006 0.006 0.003 0.003 0.005 0.977 
279 TMA-ZAIN-G-    (0)   :  0.012 0.018 0.004 0.006 0.004 0.957 
280 TMA-ZAIN-G-    (0)   :  0.101 0.052 0.005 0.009 0.004 0.829 
281 TMA-ZAIN-G-    (0)   :  0.040 0.012 0.004 0.006 0.005 0.933 
282 TMA-ZAIN-G-    (9)   :  0.013 0.007 0.003 0.003 0.005 0.969 
283 TMA-ZAIN-G-    (0)   :  0.087 0.124 0.013 0.011 0.153 0.613 
284 TMA-ZAIN-G-    (0)   :  0.194 0.157 0.011 0.010 0.181 0.448 
285 TMA-ZAIN-G-    (0)   :  0.048 0.037 0.025 0.023 0.040 0.826 
286 TMA-ZAIN-G-    (0)   :  0.030 0.011 0.003 0.003 0.009 0.944 
287 TMA-ZAIN-G-    (0)   :  0.025 0.008 0.006 0.009 0.006 0.946 
288 TMA-ZAIN-G-    (0)   :  0.107 0.194 0.020 0.058 0.015 0.606 
289 TMA-ZAIN-G-    (0)   :  0.024 0.024 0.011 0.016 0.009 0.916 
290 TMA-ZAIN-G-    (0)   :  0.446 0.078 0.006 0.012 0.009 0.449 
291 TMA-ZAIN-G-    (0)   :  0.011 0.957 0.004 0.005 0.008 0.016 
292 TMA-ZAIN-G-    (0)   :  0.012 0.022 0.748 0.197 0.006 0.015 
293 TMA-ZAIN-G-    (0)   :  0.005 0.011 0.928 0.032 0.017 0.008 
294 TMA-ZAIN-G-    (0)   :  0.003 0.005 0.972 0.009 0.006 0.004 
295 TMA-ZAIN-G-    (9)   :  0.004 0.010 0.959 0.011 0.008 0.008 
296 TMA-ZAIN-G-    (0)   :  0.019 0.018 0.819 0.124 0.013 0.007 
297 TMA-ZAIN-G-    (0)   :  0.007 0.010 0.891 0.072 0.014 0.007 
298 TMA-ZAIN-G-    (0)   :  0.016 0.019 0.862 0.012 0.064 0.029 
299 TMA-ZAIN-G-    (0)   :  0.005 0.006 0.971 0.007 0.003 0.008 
300 TMA-ZAIN-G-    (0)   :  0.003 0.008 0.950 0.027 0.006 0.006 
301 TMA-ZAIN-G-    (0)   :  0.006 0.006 0.912 0.059 0.009 0.008 
302 TMA-ZAIN-G-    (9)   :  0.005 0.007 0.831 0.148 0.007 0.004 
303 TMA-ZAIN-G-    (0)   :  0.018 0.867 0.004 0.064 0.041 0.007 
304 TMA-ZAIN-G-    (0)   :  0.016 0.014 0.178 0.189 0.595 0.008 
305 TMA-ZAIN-G-    (0)   :  0.004 0.005 0.946 0.032 0.009 0.004 
306 TMA-ZAIN-G-    (0)   :  0.148 0.011 0.329 0.073 0.414 0.025 
307 TMA-ZAIN-G-    (0)   :  0.009 0.008 0.320 0.179 0.473 0.011 
308 TMA-ZAIN-G-    (0)   :  0.033 0.112 0.006 0.010 0.819 0.020 
309 TMA-ZAIN-G-    (0)   :  0.003 0.004 0.021 0.966 0.003 0.003 
310 TMA-ZAIN-G-    (0)   :  0.007 0.018 0.906 0.011 0.021 0.037 
311 TMA-ZAIN-G-    (0)   :  0.054 0.042 0.676 0.150 0.068 0.010 
312 TMA-ZAIN-G-    (0)   :  0.005 0.031 0.082 0.865 0.011 0.006 
313 TMA-ZAIN-G-    (0)   :  0.013 0.006 0.103 0.084 0.789 0.005 
314 TMA-ZAIN-G-    (0)   :  0.269 0.502 0.010 0.024 0.017 0.178 
315 TMA-ZAIN-G-    (0)   :  0.007 0.073 0.440 0.072 0.019 0.389 
316 TMA-ZAIN-G-    (0)   :  0.010 0.153 0.401 0.046 0.018 0.372 
317 TMA-ZAIN-G-    (0)   :  0.040 0.914 0.007 0.007 0.012 0.021 
318 TMA-ZAIN-G-    (9)   :  0.351 0.144 0.009 0.007 0.045 0.444 
319 TMA-ZAIN-G-    (0)   :  0.018 0.704 0.007 0.193 0.012 0.067 
320 TMA-ZAIN-G-    (0)   :  0.006 0.491 0.423 0.064 0.006 0.011 
321 TMA-ZAIN-G-    (0)   :  0.079 0.146 0.399 0.260 0.014 0.102 
322 TMA-ZAIN-G-    (0)   :  0.059 0.474 0.291 0.073 0.094 0.009 
323 TMA-ZAIN-G-    (0)   :  0.008 0.913 0.011 0.043 0.012 0.013 
324 TMA-ZAIN-G-    (0)   :  0.010 0.011 0.881 0.062 0.032 0.004 
325 TMA-ZAIN-G-    (0)   :  0.005 0.908 0.011 0.012 0.007 0.056 
326 TMA-ZAIN-G-    (0)   :  0.002 0.639 0.014 0.295 0.046 0.004 
327 TMA-ZAIN-G-    (0)   :  0.003 0.004 0.007 0.968 0.015 0.003 
328 TMA-ZAIN-G-    (0)   :  0.223 0.368 0.101 0.205 0.019 0.085 
329 TMA-ZAIN-G-    (0)   :  0.004 0.011 0.524 0.424 0.029 0.008 
330 TMA-ZAIN-G-    (0)   :  0.004 0.009 0.252 0.701 0.032 0.003 
331 TMA-ZAIN-G-    (0)   :  0.031 0.058 0.181 0.489 0.159 0.082 
332 TMA-ZAIN-G-    (0)   :  0.002 0.004 0.013 0.974 0.004 0.002 
333 TMA-ZAIN-G-    (0)   :  0.003 0.004 0.004 0.979 0.007 0.003 
334 TMA-ZAIN-G-    (0)   :  0.013 0.010 0.004 0.004 0.007 0.963 
335 TMA-ZAIN-G-    (0)   :  0.004 0.005 0.005 0.004 0.005 0.978 
336 TMA-ZAIN-G-    (0)   :  0.012 0.017 0.009 0.007 0.012 0.942 
337 TMA-ZAIN-G-    (9)   :  0.070 0.029 0.006 0.005 0.007 0.883 
338 TMA-ZAIN-G-    (0)   :  0.037 0.009 0.004 0.003 0.006 0.941 
339 TMA-ZAIN-G-    (0)   :  0.015 0.005 0.002 0.002 0.004 0.972 
340 TMA-ZAIN-G-    (0)   :  0.007 0.005 0.003 0.003 0.003 0.980 
341 TMA-ZAIN-G-    (0)   :  0.008 0.005 0.005 0.004 0.003 0.974 
342 TMA-ZAIN-G-    (0)   :  0.009 0.007 0.005 0.004 0.005 0.971 
343 TMA-ZAIN-G-    (0)   :  0.027 0.006 0.003 0.004 0.003 0.957 
344 TMA-ZAIN-G-    (0)   :  0.008 0.012 0.004 0.006 0.005 0.965 
345 TMA-ZAIN-G-    (0)   :  0.005 0.004 0.003 0.003 0.004 0.981 
346 TMA-ZAIN-G-    (0)   :  0.033 0.016 0.007 0.011 0.005 0.929 
347 TMA-ZAIN-G-    (9)   :  0.007 0.007 0.003 0.003 0.003 0.977 
348 TMA-ZAIN-G-    (0)   :  0.021 0.019 0.005 0.004 0.009 0.941 
349 TMA-ZAIN-G-    (0)   :  0.016 0.008 0.004 0.003 0.005 0.964 
350 TMA-ZAIN-G-    (0)   :  0.030 0.073 0.006 0.008 0.006 0.877 
351 TMA-ZAIN-G-    (0)   :  0.007 0.006 0.003 0.004 0.005 0.974 
352 TMA-ZAIN-G-    (0)   :  0.009 0.008 0.008 0.005 0.008 0.963 
353 TMA-ZAIN-G-    (0)   :  0.043 0.031 0.006 0.012 0.005 0.903 
354 TMA-ZAIN-G-    (0)   :  0.007 0.011 0.004 0.007 0.003 0.968 
355 TMA-ZAIN-G-    (0)   :  0.013 0.009 0.008 0.011 0.003 0.956 
356 TMA-ZAIN-G-    (0)   :  0.003 0.012 0.960 0.003 0.020 0.002 
357 TMA-ZAIN-G-    (0)   :  0.013 0.012 0.648 0.307 0.015 0.004 
358 TMA-ZAIN-G-    (0)   :  0.049 0.035 0.595 0.266 0.029 0.026 
359 TMA-ZAIN-G-    (0)   :  0.006 0.023 0.934 0.005 0.023 0.008 
360 TMA-ZAIN-G-    (0)   :  0.003 0.005 0.976 0.007 0.005 0.003 
361 TMA-ZAIN-G-    (0)   :  0.013 0.011 0.239 0.723 0.011 0.003 
362 TMA-ZAIN-G-    (0)   :  0.005 0.007 0.966 0.005 0.005 0.012 
363 TMA-ZAIN-G-    (0)   :  0.006 0.056 0.183 0.718 0.024 0.013 
364 TMA-ZAIN-G-    (0)   :  0.170 0.759 0.022 0.018 0.017 0.014 
365 TMA-ZAIN-G-    (0)   :  0.010 0.040 0.785 0.024 0.005 0.137 
366 TMA-ZAIN-G-    (0)   :  0.004 0.005 0.962 0.008 0.015 0.006 
367 TMA-ZAIN-G-    (0)   :  0.118 0.025 0.047 0.711 0.091 0.007 
368 TMA-ZAIN-G-    (0)   :  0.005 0.005 0.956 0.017 0.012 0.005 
369 TMA-ZAIN-G-    (0)   :  0.003 0.005 0.057 0.928 0.005 0.003 
370 TMA-ZAIN-G-    (0)   :  0.010 0.007 0.082 0.892 0.005 0.003 
371 TMA-ZAIN-G-    (0)   :  0.005 0.004 0.973 0.009 0.006 0.003 
372 TMA-ZAIN-G-    (0)   :  0.005 0.004 0.958 0.025 0.005 0.003 
373 TMA-ZAIN-G-    (0)   :  0.003 0.005 0.004 0.980 0.005 0.003 
374 TMA-ZAIN-G-    (0)   :  0.327 0.050 0.024 0.413 0.179 0.007 
375 TMA-ZAIN-G-    (0)   :  0.044 0.718 0.023 0.195 0.007 0.012 
376 TMA-ZAIN-G-    (9)   :  0.005 0.004 0.974 0.010 0.004 0.003 
377 TMA-ZAIN-G-    (0)   :  0.003 0.003 0.977 0.010 0.005 0.002 
378 TMA-ZAIN-G-    (0)   :  0.004 0.003 0.974 0.011 0.004 0.002 
379 TMA-ZAIN-G-    (0)   :  0.004 0.004 0.951 0.020 0.019 0.002 
380 TMA-ZAIN-G-    (0)   :  0.003 0.004 0.970 0.013 0.007 0.003 
381 TMA-ZAIN-G-    (9)   :  0.008 0.628 0.179 0.053 0.120 0.011 
382 TMA-ZAIN-G-    (9)   :  0.721 0.190 0.005 0.010 0.010 0.064 
383    ZFB01    (0)   :  0.976 0.003 0.005 0.004 0.004 0.009 
384    ZFB02    (0)   :  0.948 0.006 0.004 0.003 0.009 0.031 
385    ZFB03    (0)   :  0.972 0.009 0.004 0.006 0.004 0.005 
386    ZFB04    (0)   :  0.944 0.005 0.004 0.003 0.006 0.037 
387    ZFB05    (0)   :  0.805 0.045 0.005 0.007 0.012 0.125 
388    ZFB06    (0)   :  0.889 0.036 0.006 0.008 0.007 0.055 
389    ZFB07    (9)   :  0.959 0.011 0.007 0.007 0.005 0.011 
390    ZFB08    (0)   :  0.965 0.010 0.006 0.006 0.007 0.006 
391    ZFB09    (0)   :  0.981 0.004 0.003 0.003 0.004 0.005 
392    ZFB10    (0)   :  0.957 0.005 0.017 0.005 0.006 0.010 
393    ZFB11    (0)   :  0.958 0.004 0.008 0.004 0.007 0.018 
394    ZFB12    (0)   :  0.923 0.018 0.007 0.009 0.004 0.039 
395    ZFB13    (0)   :  0.964 0.010 0.008 0.006 0.005 0.007 
396    ZFB14    (0)   :  0.977 0.005 0.005 0.004 0.005 0.004 
397    ZFB15    (0)   :  0.972 0.004 0.003 0.003 0.003 0.014 
398    ZFB16    (0)   :  0.961 0.008 0.006 0.004 0.004 0.017 
399    ZFB17    (0)   :  0.891 0.025 0.014 0.009 0.027 0.033 
400    ZFB18    (0)   :  0.981 0.004 0.004 0.003 0.004 0.004 
401    ZFB19    (0)   :  0.925 0.025 0.025 0.014 0.005 0.007 
402    ZFB20    (0)   :  0.937 0.006 0.005 0.004 0.004 0.042 
403    ZFB21    (0)   :  0.971 0.006 0.003 0.004 0.003 0.013 
404    ZFB22    (0)   :  0.861 0.012 0.014 0.009 0.009 0.095 
405    ZFB23    (0)   :  0.948 0.005 0.008 0.006 0.007 0.026 
406    ZFB24    (0)   :  0.939 0.005 0.008 0.004 0.007 0.037 
407    ZFB25    (0)   :  0.959 0.004 0.019 0.007 0.005 0.006 
408    ZFB26    (0)   :  0.892 0.007 0.020 0.008 0.011 0.062 
409    ZFB27    (0)   :  0.898 0.004 0.008 0.004 0.005 0.082 
410    ZFB28    (0)   :  0.838 0.031 0.007 0.007 0.012 0.105 
411    ZFB29    (0)   :  0.961 0.005 0.004 0.003 0.009 0.018 
412    ZFB30    (0)   :  0.768 0.042 0.010 0.011 0.005 0.164 
413    ZFB31    (0)   :  0.967 0.005 0.011 0.006 0.005 0.007 
414    ZFB32    (0)   :  0.837 0.045 0.013 0.014 0.033 0.058 
415    ZFB33    (0)   :  0.974 0.004 0.003 0.003 0.003 0.012 
416    ZFB34    (0)   :  0.980 0.005 0.003 0.003 0.005 0.004 
417    ZFB35    (0)   :  0.967 0.005 0.006 0.005 0.006 0.010 
418  ZFBP101    (0)   :  0.012 0.015 0.651 0.205 0.107 0.010 
419  ZFBP102    (0)   :  0.018 0.015 0.832 0.101 0.023 0.011 
420  ZFBP103    (0)   :  0.009 0.011 0.209 0.558 0.205 0.007 
421  ZFBP104    (0)   :  0.046 0.042 0.453 0.439 0.004 0.016 
422  ZFBP105    (0)   :  0.007 0.008 0.684 0.289 0.006 0.006 
423  ZFBP106    (0)   :  0.004 0.005 0.860 0.120 0.008 0.004 
424  ZFBP107    (0)   :  0.007 0.011 0.468 0.488 0.009 0.016 
425  ZFBP108    (0)   :  0.004 0.004 0.974 0.012 0.004 0.003 
426  ZFBP109    (0)   :  0.005 0.003 0.976 0.010 0.004 0.002 
427  ZFBP110    (0)   :  0.055 0.046 0.185 0.653 0.053 0.008 
428  ZFBP111    (0)   :  0.003 0.004 0.958 0.028 0.004 0.003 
429  ZFBP112    (0)   :  0.004 0.006 0.965 0.010 0.009 0.006 
430  ZFBP113    (0)   :  0.005 0.005 0.973 0.010 0.003 0.004 
431  ZFBP114    (0)   :  0.004 0.005 0.950 0.030 0.006 0.005 
432  ZFBP115    (0)   :  0.003 0.007 0.238 0.741 0.008 0.004 
433  ZFBP116    (0)   :  0.003 0.006 0.962 0.020 0.005 0.004 
434  ZFBP117    (0)   :  0.004 0.005 0.970 0.012 0.007 0.003 
435  ZFBP118    (0)   :  0.003 0.005 0.966 0.015 0.005 0.005 
436  ZFBP119    (0)   :  0.005 0.009 0.705 0.249 0.030 0.003 
437  ZFBP120    (0)   :  0.008 0.008 0.716 0.257 0.005 0.006 
438  ZFBP121    (0)   :  0.007 0.005 0.941 0.034 0.009 0.003 
439  ZFBP122    (9)   :  0.004 0.005 0.963 0.020 0.005 0.003 
440  ZFBP123    (0)   :  0.004 0.007 0.955 0.012 0.015 0.006 
441  ZFBP124    (0)   :  0.009 0.005 0.959 0.017 0.006 0.004 
442  ZFBP125    (0)   :  0.003 0.004 0.957 0.028 0.006 0.002 
443  ZFBP126    (0)   :  0.012 0.021 0.910 0.015 0.030 0.011 
444  ZFBP127    (0)   :  0.003 0.005 0.804 0.167 0.017 0.003 
445  ZFBP128    (0)   :  0.005 0.003 0.969 0.014 0.007 0.003 
446  ZFBP129    (0)   :  0.005 0.005 0.972 0.007 0.009 0.003 
447  ZFBP130    (0)   :  0.002 0.004 0.963 0.017 0.010 0.003 
448  ZFBP131    (0)   :  0.004 0.004 0.978 0.005 0.004 0.004 
449  ZFBP132    (0)   :  0.005 0.004 0.959 0.025 0.005 0.003 
450  ZFBP133    (0)   :  0.003 0.003 0.981 0.004 0.006 0.002 
451  ZFBP134    (0)   :  0.004 0.005 0.448 0.506 0.033 0.003 
452  ZFBP135    (0)   :  0.022 0.011 0.642 0.114 0.205 0.006 
453  ZFBP136    (0)   :  0.004 0.006 0.795 0.102 0.085 0.008 
454  ZFBP201    (0)   :  0.007 0.008 0.951 0.021 0.006 0.008 
455  ZFBP202    (0)   :  0.007 0.005 0.959 0.022 0.004 0.003 
456  ZFBP203    (0)   :  0.006 0.022 0.930 0.009 0.006 0.027 
457  ZFBP204    (0)   :  0.005 0.007 0.767 0.197 0.018 0.005 
458  ZFBP205    (0)   :  0.004 0.004 0.974 0.005 0.008 0.004 
459  ZFBP206    (0)   :  0.005 0.005 0.963 0.006 0.015 0.006 
460  ZFBP207    (0)   :  0.006 0.005 0.414 0.555 0.015 0.004 
461  ZFBP208    (0)   :  0.004 0.008 0.961 0.007 0.009 0.011 
462  ZFBP209    (0)   :  0.003 0.003 0.982 0.004 0.006 0.002 
463  ZFBP210    (0)   :  0.005 0.009 0.953 0.019 0.006 0.008 
464  ZFBP211    (0)   :  0.006 0.005 0.963 0.016 0.005 0.004 
465  ZFBP212    (0)   :  0.007 0.005 0.690 0.292 0.003 0.003 
466  ZFBP213    (0)   :  0.010 0.008 0.950 0.010 0.017 0.006 
467  ZFBP214    (0)   :  0.010 0.015 0.901 0.033 0.036 0.004 
468  ZFBP215    (0)   :  0.004 0.004 0.974 0.009 0.005 0.003 
469  ZFBP216    (0)   :  0.005 0.016 0.912 0.051 0.006 0.009 
470  ZFBP217    (0)   :  0.006 0.006 0.958 0.023 0.006 0.003 
471  ZFBP218    (0)   :  0.003 0.004 0.980 0.006 0.003 0.003 
472  ZFBP219    (0)   :  0.003 0.006 0.973 0.010 0.004 0.005 
473  ZFBP220    (0)   :  0.003 0.005 0.948 0.029 0.011 0.004 
474  ZFBP221    (0)   :  0.006 0.004 0.829 0.153 0.003 0.004 
475  ZFBP222    (0)   :  0.005 0.005 0.972 0.005 0.007 0.005 
476  ZFBP223    (0)   :  0.010 0.009 0.372 0.590 0.013 0.006 
477  ZFBP224    (0)   :  0.006 0.007 0.966 0.009 0.008 0.005 
478  ZFBP225    (0)   :  0.003 0.006 0.890 0.085 0.011 0.005 
479  ZFBP226    (0)   :  0.004 0.005 0.971 0.011 0.004 0.005 
480  ZFBP227    (0)   :  0.028 0.144 0.607 0.193 0.007 0.022 
481  ZFBP228    (0)   :  0.005 0.005 0.535 0.436 0.015 0.003 
482  ZFBP229    (0)   :  0.003 0.005 0.970 0.013 0.006 0.003 
483  ZFBP230    (0)   :  0.004 0.005 0.936 0.038 0.013 0.004 
484  ZFBP231    (0)   :  0.007 0.006 0.955 0.020 0.007 0.005 
485  ZFBP232    (0)   :  0.004 0.003 0.978 0.007 0.004 0.003 
486  ZFBP233    (0)   :  0.006 0.006 0.960 0.018 0.006 0.004 
487   ZFCC01    (0)   :  0.009 0.004 0.004 0.004 0.975 0.005 
488   ZFCC03    (0)   :  0.005 0.003 0.004 0.005 0.980 0.003 
489   ZFCC04    (0)   :  0.005 0.004 0.004 0.005 0.979 0.004 
490   ZFCC05    (0)   :  0.007 0.007 0.005 0.007 0.969 0.005 
491   ZFCC08    (0)   :  0.005 0.004 0.009 0.006 0.973 0.003 
492   ZFCC09    (0)   :  0.008 0.003 0.004 0.006 0.975 0.003 
493   ZFCC10    (0)   :  0.015 0.004 0.004 0.004 0.970 0.004 
494   ZFCC11    (0)   :  0.005 0.004 0.004 0.006 0.977 0.004 
495   ZFCC12    (0)   :  0.017 0.008 0.006 0.007 0.929 0.032 
496   ZFCC13    (0)   :  0.004 0.007 0.009 0.011 0.963 0.006 
497   ZFCC14    (0)   :  0.009 0.005 0.008 0.005 0.968 0.005 
498   ZFCC15    (0)   :  0.005 0.007 0.005 0.005 0.973 0.005 
499   ZFCC16    (0)   :  0.006 0.005 0.004 0.004 0.977 0.004 
500   ZFCC17    (0)   :  0.006 0.004 0.003 0.004 0.977 0.007 
501   ZFCC18    (0)   :  0.005 0.004 0.004 0.005 0.978 0.004 
502   ZFCC19    (0)   :  0.005 0.007 0.003 0.003 0.976 0.006 
503   ZFCC20    (0)   :  0.004 0.004 0.004 0.006 0.980 0.003 
504   ZFCC21    (0)   :  0.006 0.010 0.028 0.007 0.943 0.005 
505   ZFCC22    (0)   :  0.008 0.005 0.145 0.021 0.818 0.004 
506   ZFCC26    (0)   :  0.005 0.004 0.004 0.004 0.979 0.004 
507   ZFCC27    (0)   :  0.004 0.004 0.004 0.005 0.981 0.003 
508   ZFCC29    (0)   :  0.008 0.006 0.005 0.005 0.972 0.004 
509   ZFCC30    (0)   :  0.003 0.004 0.004 0.006 0.981 0.003 
510   ZFCC32    (0)   :  0.006 0.006 0.004 0.006 0.971 0.007 
511   ZFCC33    (0)   :  0.007 0.006 0.003 0.005 0.973 0.005 
512   ZFCC34    (0)   :  0.016 0.006 0.043 0.032 0.892 0.012 
513   ZFCC35    (0)   :  0.003 0.003 0.004 0.004 0.983 0.003 
514   ZFCC36    (0)   :  0.004 0.007 0.008 0.006 0.965 0.010 
515   ZFCC37    (0)   :  0.019 0.010 0.008 0.010 0.924 0.030 
516   ZFCC40    (0)   :  0.007 0.003 0.005 0.004 0.975 0.005 
517   ZFCC42    (0)   :  0.015 0.013 0.007 0.046 0.401 0.518 
518   ZFCC44    (0)   :  0.003 0.003 0.003 0.005 0.982 0.003 
519   ZFCC45    (9)   :  0.012 0.010 0.005 0.006 0.954 0.013 
520   ZFCC46    (0)   :  0.004 0.004 0.011 0.013 0.965 0.003 
521   ZFCC47    (0)   :  0.014 0.005 0.005 0.005 0.953 0.018 
522   ZFCC48    (0)   :  0.006 0.006 0.021 0.007 0.957 0.003 
523   ZFCC50    (0)   :  0.005 0.003 0.003 0.003 0.981 0.004 
524   ZFCC51    (0)   :  0.005 0.003 0.004 0.005 0.979 0.003 
525   ZFCC52    (0)   :  0.004 0.004 0.010 0.006 0.969 0.005 
526   ZFCC53    (0)   :  0.004 0.003 0.003 0.004 0.982 0.003 
527  ZFCNS01    (0)   :  0.003 0.007 0.003 0.976 0.006 0.005 
528  ZFCNS02    (0)   :  0.004 0.004 0.005 0.972 0.012 0.003 
529  ZFCNS05    (0)   :  0.006 0.005 0.007 0.965 0.014 0.003 
530  ZFCNS06    (0)   :  0.004 0.004 0.006 0.970 0.012 0.003 
531  ZFCNS07    (0)   :  0.004 0.004 0.012 0.971 0.006 0.003 
532  ZFCNS10    (0)   :  0.003 0.003 0.005 0.981 0.005 0.003 
533  ZFCNS11    (0)   :  0.003 0.005 0.004 0.976 0.007 0.004 
534  ZFCNS15    (0)   :  0.004 0.004 0.008 0.976 0.004 0.003 
535  ZFCNS17    (0)   :  0.003 0.004 0.006 0.971 0.013 0.003 
536  ZFCNS18    (0)   :  0.004 0.004 0.005 0.978 0.006 0.003 
537  ZFCNS19    (0)   :  0.004 0.004 0.004 0.974 0.011 0.003 
538  ZFCNS20    (0)   :  0.004 0.004 0.012 0.967 0.011 0.003 
539  ZFCNS21    (0)   :  0.003 0.004 0.004 0.978 0.009 0.003 
540  ZFCNS22    (0)   :  0.006 0.005 0.011 0.968 0.008 0.003 
541  ZFCNS23    (0)   :  0.006 0.009 0.007 0.947 0.024 0.008 
542  ZFCNS24    (0)   :  0.003 0.004 0.006 0.953 0.031 0.003 
543  ZFCNS25    (0)   :  0.003 0.004 0.008 0.972 0.010 0.003 
544  ZFCNS26    (0)   :  0.004 0.004 0.005 0.979 0.004 0.003 
545  ZFCNS27    (0)   :  0.004 0.004 0.014 0.970 0.004 0.003 
546  ZFCNS28    (0)   :  0.005 0.004 0.005 0.974 0.009 0.003 
547  ZFCNS29    (0)   :  0.004 0.005 0.007 0.964 0.016 0.003 
548  ZFCNS30    (0)   :  0.004 0.005 0.004 0.974 0.010 0.003 
549  ZFCNS31    (0)   :  0.004 0.004 0.005 0.980 0.005 0.003 
550  ZFCNS32    (0)   :  0.004 0.004 0.006 0.975 0.008 0.003 
551  ZFCNS33    (0)   :  0.004 0.004 0.005 0.978 0.006 0.003 
552  ZFCNS34    (0)   :  0.005 0.004 0.005 0.944 0.038 0.003 
553  ZFCNS35    (0)   :  0.005 0.004 0.005 0.976 0.007 0.003 
554  ZFCNS36    (0)   :  0.004 0.005 0.007 0.897 0.085 0.003 
555  ZFCNS37    (0)   :  0.004 0.004 0.004 0.979 0.007 0.003 
556  ZFCNS39    (0)   :  0.003 0.004 0.004 0.978 0.009 0.003 
557  ZFCNS40    (0)   :  0.003 0.004 0.007 0.947 0.036 0.003 
558  ZFCNS41    (0)   :  0.004 0.007 0.007 0.969 0.009 0.004 
559  ZFCNS42    (0)   :  0.003 0.004 0.005 0.979 0.006 0.003 
560  ZFCNS43    (0)   :  0.004 0.004 0.004 0.975 0.011 0.003 
561  ZFCNS44    (0)   :  0.003 0.003 0.004 0.981 0.007 0.003 
562  ZFCNS46    (0)   :  0.004 0.005 0.005 0.978 0.006 0.003 
563  ZFCNS47    (0)   :  0.004 0.004 0.004 0.977 0.009 0.003 
564  ZFCNS48    (0)   :  0.004 0.004 0.005 0.977 0.006 0.003 
565  ZFCNS49    (0)   :  0.004 0.003 0.006 0.981 0.003 0.003 
566   ZFCR01    (0)   :  0.491 0.398 0.062 0.007 0.016 0.027 
567   ZFCR02    (0)   :  0.201 0.685 0.052 0.015 0.034 0.012 
568   ZFCR03    (0)   :  0.401 0.316 0.082 0.010 0.070 0.122 
569   ZFCR04    (0)   :  0.797 0.068 0.037 0.034 0.026 0.038 
570   ZFCR05    (0)   :  0.158 0.795 0.006 0.005 0.021 0.015 
571   ZFCR06    (0)   :  0.170 0.541 0.114 0.136 0.029 0.010 
572   ZFCR07    (0)   :  0.025 0.910 0.007 0.034 0.015 0.009 
573   ZFCR08    (0)   :  0.217 0.418 0.116 0.010 0.153 0.085 
574   ZFCR09    (0)   :  0.139 0.069 0.183 0.117 0.040 0.451 
575   ZFCR11    (0)   :  0.112 0.820 0.010 0.037 0.010 0.011 
576   ZFCR12    (0)   :  0.018 0.793 0.026 0.147 0.011 0.005 
577   ZFCR13    (0)   :  0.010 0.947 0.022 0.010 0.007 0.003 
578   ZFCR14    (0)   :  0.052 0.913 0.010 0.007 0.013 0.005 
579   ZFCR15    (0)   :  0.085 0.831 0.034 0.015 0.024 0.011 
580   ZFCR16    (0)   :  0.114 0.826 0.037 0.006 0.012 0.006 
581   ZFCR18    (0)   :  0.890 0.046 0.018 0.012 0.027 0.007 
582   ZFCR19    (0)   :  0.136 0.642 0.100 0.015 0.026 0.081 
583   ZFCR20    (0)   :  0.578 0.225 0.097 0.022 0.026 0.052 
584   ZFCR21    (0)   :  0.017 0.937 0.014 0.009 0.019 0.004 
585   ZFCR22    (0)   :  0.009 0.962 0.012 0.005 0.006 0.005 
586   ZFCR23    (0)   :  0.040 0.735 0.147 0.036 0.005 0.038 
587   ZFCR24    (9)   :  0.153 0.313 0.489 0.013 0.014 0.019 
588   ZFCR25    (0)   :  0.017 0.962 0.004 0.004 0.007 0.006 
