

----------------------------------------------------
STRUCTURE by Pritchard, Stephens and Donnelly (2000)
     and Falush, Stephens and Pritchard (2003)
       Code by Pritchard, Falush and Hubisz
             Version 2.3.4 (Jul 2012)
----------------------------------------------------



Command line arguments:   bin\structure -m C:\Users\eschumacher\Documents\GitHub\GCC_QUAC_ZAIN\Data_Files\Structure_Files\ZAIN\ZAIN_rebinned_garden_wild_nopopinfo\50-50\mainparams -e C:\Users\eschumacher\Documents\GitHub\GCC_QUAC_ZAIN\Data_Files\Structure_Files\ZAIN\ZAIN_rebinned_garden_wild_nopopinfo\50-50\extraparams 
Input File:    C:\Users\eschumacher\Documents\GitHub\GCC_QUAC_ZAIN\Data_Files\Structure_Files\ZAIN\ZAIN_rebinned_garden_wild_nopopinfo\project_data

Run parameters:
   1133 individuals
   11 loci
   5 populations assumed
   50000 Burn-in period
   50000 Reps


--------------------------------------------
Overall proportion of membership of the
sample in each of the 5 clusters

Inferred Clusters
  1      2      3      4      5    
0.164  0.166  0.157  0.138  0.375  

--------------------------------------------

Allele-freq. divergence among pops (Net nucleotide distance),
computed using point estimates of P.

      1       2       3       4       5      
 1      -    0.0869  0.1553  0.2249  0.1100  
 2   0.0869     -    0.0866  0.1161  0.1161  
 3   0.1553  0.0866     -    0.1386  0.2042  
 4   0.2249  0.1161  0.1386     -    0.2569  
 5   0.1100  0.1161  0.2042  0.2569     -    

Average distances (expected heterozygosity) between individuals in same cluster:
cluster  1  : 0.4444 
cluster  2  : 0.5576 
cluster  3  : 0.4860 
cluster  4  : 0.4315 
cluster  5  : 0.4557 

--------------------------------------------
Estimated Ln Prob of Data   = -22883.1
Mean value of ln likelihood = -22554.3
Variance of ln likelihood   = 657.7
Mean value of alpha         = 0.0344

Mean value of Fst_1         = 0.3350
Mean value of Fst_2         = 0.1097
Mean value of Fst_3         = 0.3050
Mean value of Fst_4         = 0.3987
Mean value of Fst_5         = 0.2727


Inferred ancestry of individuals:
        Label (%Miss) :  Inferred clusters
  1 TMA-ZAIN-G-    (9)   :  0.071 0.076 0.819 0.006 0.029 
  2 TMA-ZAIN-G-    (0)   :  0.022 0.054 0.779 0.006 0.138 
  3 TMA-ZAIN-G-    (0)   :  0.017 0.006 0.006 0.003 0.968 
  4 TMA-ZAIN-G-    (0)   :  0.764 0.028 0.026 0.017 0.166 
  5 TMA-ZAIN-G-    (0)   :  0.004 0.004 0.984 0.005 0.003 
  6 TMA-ZAIN-G-    (0)   :  0.180 0.164 0.039 0.037 0.580 
  7 TMA-ZAIN-G-    (0)   :  0.078 0.017 0.018 0.007 0.881 
  8 TMA-ZAIN-G-    (0)   :  0.023 0.006 0.007 0.003 0.962 
  9 TMA-ZAIN-G-    (9)   :  0.006 0.009 0.007 0.004 0.973 
 10 TMA-ZAIN-G-    (0)   :  0.011 0.009 0.003 0.004 0.972 
 11 TMA-ZAIN-G-    (0)   :  0.009 0.007 0.006 0.005 0.972 
 12 TMA-ZAIN-G-    (0)   :  0.006 0.005 0.005 0.003 0.981 
 13 TMA-ZAIN-G-    (9)   :  0.035 0.030 0.043 0.096 0.796 
 14 TMA-ZAIN-G-    (9)   :  0.900 0.010 0.004 0.008 0.078 
 15 TMA-ZAIN-G-    (0)   :  0.886 0.017 0.009 0.003 0.085 
 16 TMA-ZAIN-G-    (0)   :  0.005 0.006 0.004 0.004 0.980 
 17 TMA-ZAIN-G-    (9)   :  0.103 0.058 0.012 0.013 0.814 
 18 TMA-ZAIN-G-    (0)   :  0.045 0.178 0.757 0.006 0.013 
 19 TMA-ZAIN-G-    (0)   :  0.008 0.955 0.013 0.009 0.015 
 20 TMA-ZAIN-G-    (0)   :  0.009 0.866 0.044 0.078 0.003 
 21 TMA-ZAIN-G-    (0)   :  0.004 0.004 0.003 0.985 0.004 
 22 TMA-ZAIN-G-    (0)   :  0.005 0.012 0.042 0.938 0.003 
 23 TMA-ZAIN-G-    (0)   :  0.006 0.038 0.021 0.928 0.007 
 24 TMA-ZAIN-G-    (9)   :  0.024 0.005 0.012 0.819 0.141 
 25 TMA-ZAIN-G-    (9)   :  0.005 0.819 0.136 0.010 0.030 
 26 TMA-ZAIN-G-    (9)   :  0.457 0.020 0.014 0.066 0.443 
 27 TMA-ZAIN-G-    (0)   :  0.075 0.841 0.061 0.013 0.010 
 28 TMA-ZAIN-G-    (0)   :  0.009 0.964 0.013 0.004 0.010 
 29 TMA-ZAIN-G-    (0)   :  0.157 0.405 0.004 0.004 0.431 
 30 TMA-ZAIN-G-    (0)   :  0.027 0.446 0.004 0.006 0.517 
 31 TMA-ZAIN-G-    (0)   :  0.019 0.013 0.950 0.013 0.006 
 32 TMA-ZAIN-G-    (9)   :  0.008 0.016 0.937 0.008 0.031 
 33 TMA-ZAIN-G-   (18)   :  0.006 0.005 0.006 0.003 0.980 
 34 TMA-ZAIN-G-    (0)   :  0.007 0.009 0.411 0.016 0.556 
 35 TMA-ZAIN-G-    (9)   :  0.020 0.011 0.014 0.004 0.951 
 36 TMA-ZAIN-G-    (0)   :  0.028 0.007 0.005 0.003 0.958 
 37 TMA-ZAIN-G-    (9)   :  0.012 0.011 0.009 0.007 0.963 
 38 TMA-ZAIN-G-   (18)   :  0.014 0.021 0.930 0.008 0.027 
 39 TMA-ZAIN-G-    (0)   :  0.007 0.005 0.003 0.006 0.978 
 40 TMA-ZAIN-G-    (0)   :  0.005 0.004 0.003 0.004 0.983 
 41 TMA-ZAIN-G-    (0)   :  0.015 0.004 0.003 0.003 0.974 
 42 TMA-ZAIN-G-    (9)   :  0.109 0.005 0.004 0.002 0.880 
 43 TMA-ZAIN-G-    (0)   :  0.972 0.005 0.004 0.003 0.016 
 44 TMA-ZAIN-G-    (0)   :  0.006 0.018 0.006 0.860 0.111 
 45 TMA-ZAIN-G-    (0)   :  0.019 0.009 0.006 0.007 0.959 
 46 TMA-ZAIN-G-    (0)   :  0.004 0.004 0.003 0.985 0.003 
 47 TMA-ZAIN-G-    (0)   :  0.976 0.006 0.007 0.005 0.006 
 48 TMA-ZAIN-G-    (0)   :  0.833 0.020 0.006 0.026 0.114 
 49 TMA-ZAIN-G-    (9)   :  0.009 0.940 0.021 0.006 0.024 
 50 TMA-ZAIN-G-    (0)   :  0.005 0.971 0.006 0.006 0.012 
 51 TMA-ZAIN-G-    (0)   :  0.067 0.906 0.007 0.008 0.012 
 52 TMA-ZAIN-G-    (0)   :  0.052 0.913 0.007 0.014 0.014 
 53 TMA-ZAIN-G-    (0)   :  0.110 0.760 0.107 0.009 0.015 
 54 TMA-ZAIN-G-    (0)   :  0.972 0.010 0.006 0.006 0.006 
 55 TMA-ZAIN-G-    (0)   :  0.960 0.018 0.005 0.011 0.006 
 56 TMA-ZAIN-G-    (0)   :  0.571 0.269 0.011 0.011 0.138 
 57 TMA-ZAIN-G-    (0)   :  0.940 0.034 0.013 0.005 0.008 
 58 TMA-ZAIN-G-    (0)   :  0.025 0.893 0.020 0.054 0.008 
 59 TMA-ZAIN-G-    (0)   :  0.075 0.058 0.688 0.041 0.137 
 60 TMA-ZAIN-G-    (0)   :  0.136 0.456 0.378 0.008 0.021 
 61 TMA-ZAIN-G-    (0)   :  0.009 0.009 0.956 0.023 0.003 
 62 TMA-ZAIN-G-    (9)   :  0.013 0.044 0.884 0.027 0.033 
 63 TMA-ZAIN-G-    (0)   :  0.013 0.011 0.964 0.008 0.004 
 64 TMA-ZAIN-G-    (0)   :  0.008 0.004 0.003 0.003 0.983 
 65 TMA-ZAIN-G-    (9)   :  0.033 0.005 0.003 0.003 0.956 
 66 TMA-ZAIN-G-    (0)   :  0.010 0.004 0.002 0.003 0.981 
 67 TMA-ZAIN-G-    (0)   :  0.006 0.013 0.004 0.011 0.965 
 68 TMA-ZAIN-G-    (0)   :  0.030 0.004 0.002 0.002 0.961 
 69 TMA-ZAIN-G-    (0)   :  0.012 0.012 0.011 0.018 0.948 
 70 TMA-ZAIN-G-    (0)   :  0.005 0.008 0.004 0.005 0.978 
 71 TMA-ZAIN-G-    (0)   :  0.005 0.004 0.003 0.004 0.984 
 72 TMA-ZAIN-G-    (0)   :  0.012 0.007 0.004 0.004 0.973 
 73 TMA-ZAIN-G-    (0)   :  0.010 0.042 0.029 0.042 0.878 
 74 TMA-ZAIN-G-    (0)   :  0.008 0.032 0.012 0.013 0.935 
 75 TMA-ZAIN-G-    (0)   :  0.011 0.009 0.005 0.004 0.970 
 76 TMA-ZAIN-G-    (0)   :  0.005 0.030 0.009 0.063 0.893 
 77 TMA-ZAIN-G-    (0)   :  0.010 0.009 0.003 0.011 0.967 
 78 TMA-ZAIN-G-    (0)   :  0.015 0.043 0.011 0.058 0.873 
 79 TMA-ZAIN-G-    (0)   :  0.019 0.016 0.005 0.047 0.914 
 80 TMA-ZAIN-G-    (0)   :  0.008 0.006 0.003 0.006 0.977 
 81 TMA-ZAIN-G-    (0)   :  0.011 0.012 0.004 0.013 0.959 
 82 TMA-ZAIN-G-    (0)   :  0.009 0.004 0.005 0.002 0.979 
 83 TMA-ZAIN-G-    (9)   :  0.014 0.025 0.073 0.038 0.849 
 84 TMA-ZAIN-G-    (0)   :  0.006 0.017 0.005 0.053 0.918 
 85 TMA-ZAIN-G-    (0)   :  0.139 0.745 0.045 0.059 0.012 
 86 TMA-ZAIN-G-    (0)   :  0.294 0.289 0.016 0.297 0.103 
 87 TMA-ZAIN-G-    (0)   :  0.061 0.196 0.074 0.652 0.016 
 88 TMA-ZAIN-G-    (0)   :  0.470 0.014 0.340 0.019 0.156 
 89 TMA-ZAIN-G-    (0)   :  0.920 0.006 0.023 0.033 0.017 
 90 TMA-ZAIN-G-    (0)   :  0.789 0.149 0.020 0.024 0.018 
 91 TMA-ZAIN-G-    (0)   :  0.836 0.047 0.091 0.013 0.014 
 92 TMA-ZAIN-G-    (0)   :  0.846 0.103 0.007 0.036 0.007 
 93 TMA-ZAIN-G-    (0)   :  0.869 0.062 0.051 0.013 0.005 
 94 TMA-ZAIN-G-    (0)   :  0.577 0.207 0.174 0.034 0.007 
 95 TMA-ZAIN-G-    (0)   :  0.011 0.954 0.011 0.008 0.016 
 96 TMA-ZAIN-G-    (0)   :  0.014 0.957 0.005 0.005 0.019 
 97 TMA-ZAIN-G-    (0)   :  0.009 0.011 0.967 0.007 0.006 
 98 TMA-ZAIN-G-    (0)   :  0.007 0.004 0.979 0.004 0.005 
 99 TMA-ZAIN-G-    (0)   :  0.007 0.009 0.868 0.016 0.100 
100 TMA-ZAIN-G-    (0)   :  0.016 0.023 0.939 0.017 0.004 
101 TMA-ZAIN-G-    (0)   :  0.008 0.009 0.970 0.005 0.008 
102 TMA-ZAIN-G-    (0)   :  0.036 0.077 0.648 0.187 0.052 
103 TMA-ZAIN-G-    (0)   :  0.008 0.034 0.931 0.016 0.011 
104 TMA-ZAIN-G-    (0)   :  0.004 0.006 0.979 0.006 0.004 
105 TMA-ZAIN-G-    (0)   :  0.009 0.020 0.950 0.008 0.013 
106 TMA-ZAIN-G-    (0)   :  0.012 0.005 0.004 0.003 0.977 
107 TMA-ZAIN-G-    (0)   :  0.006 0.005 0.004 0.003 0.982 
108 TMA-ZAIN-G-    (9)   :  0.094 0.050 0.533 0.034 0.290 
109 TMA-ZAIN-G-    (0)   :  0.177 0.060 0.288 0.005 0.470 
110 TMA-ZAIN-G-    (0)   :  0.066 0.141 0.091 0.141 0.561 
111 TMA-ZAIN-G-    (9)   :  0.017 0.058 0.790 0.066 0.069 
112 TMA-ZAIN-G-    (0)   :  0.117 0.170 0.300 0.043 0.370 
113 TMA-ZAIN-G-    (0)   :  0.010 0.005 0.966 0.008 0.011 
114 TMA-ZAIN-G-    (0)   :  0.003 0.006 0.978 0.010 0.003 
115 TMA-ZAIN-G-    (0)   :  0.004 0.005 0.982 0.006 0.003 
116 TMA-ZAIN-G-    (0)   :  0.010 0.005 0.010 0.003 0.973 
117 TMA-ZAIN-G-    (0)   :  0.111 0.010 0.005 0.003 0.871 
118 TMA-ZAIN-G-    (0)   :  0.014 0.005 0.008 0.003 0.970 
119 TMA-ZAIN-G-    (0)   :  0.011 0.011 0.023 0.008 0.947 
120 TMA-ZAIN-G-    (0)   :  0.020 0.011 0.010 0.003 0.956 
121 TMA-ZAIN-G-    (0)   :  0.021 0.007 0.007 0.003 0.962 
122 TMA-ZAIN-G-    (0)   :  0.024 0.014 0.005 0.008 0.949 
123 TMA-ZAIN-G-    (0)   :  0.008 0.011 0.966 0.010 0.005 
124 TMA-ZAIN-G-    (0)   :  0.016 0.012 0.008 0.003 0.961 
125 TMA-ZAIN-G-    (0)   :  0.687 0.006 0.003 0.002 0.302 
126 TMA-ZAIN-G-    (0)   :  0.177 0.007 0.005 0.003 0.808 
127 TMA-ZAIN-G-    (0)   :  0.012 0.004 0.003 0.003 0.978 
128 TMA-ZAIN-G-    (0)   :  0.011 0.008 0.004 0.003 0.974 
129 TMA-ZAIN-G-    (0)   :  0.028 0.007 0.011 0.004 0.951 
130 TMA-ZAIN-G-    (0)   :  0.747 0.008 0.008 0.003 0.234 
131 TMA-ZAIN-G-    (0)   :  0.034 0.024 0.006 0.004 0.933 
132 TMA-ZAIN-G-    (0)   :  0.111 0.006 0.004 0.003 0.877 
133 TMA-ZAIN-G-    (0)   :  0.120 0.012 0.004 0.009 0.856 
134 TMA-ZAIN-G-    (0)   :  0.222 0.005 0.004 0.005 0.764 
135 TMA-ZAIN-G-    (0)   :  0.008 0.004 0.005 0.005 0.979 
136 TMA-ZAIN-G-    (0)   :  0.018 0.004 0.003 0.005 0.970 
137 TMA-ZAIN-G-    (0)   :  0.006 0.005 0.007 0.005 0.977 
138 TMA-ZAIN-G-    (0)   :  0.014 0.003 0.004 0.003 0.976 
139 TMA-ZAIN-G-    (0)   :  0.022 0.004 0.005 0.004 0.965 
140 TMA-ZAIN-G-    (0)   :  0.005 0.005 0.003 0.004 0.982 
141 TMA-ZAIN-G-    (0)   :  0.009 0.006 0.007 0.004 0.974 
142 TMA-ZAIN-G-    (9)   :  0.006 0.004 0.004 0.004 0.982 
143 TMA-ZAIN-G-    (0)   :  0.006 0.006 0.004 0.003 0.981 
144 TMA-ZAIN-G-    (0)   :  0.014 0.011 0.004 0.005 0.966 
145 TMA-ZAIN-G-    (0)   :  0.010 0.004 0.003 0.002 0.981 
146 TMA-ZAIN-G-    (0)   :  0.005 0.004 0.004 0.004 0.984 
147 TMA-ZAIN-G-    (9)   :  0.006 0.004 0.003 0.003 0.984 
148 TMA-ZAIN-G-    (0)   :  0.021 0.004 0.003 0.003 0.968 
149 TMA-ZAIN-G-    (0)   :  0.061 0.016 0.034 0.024 0.866 
150 TMA-ZAIN-G-    (0)   :  0.039 0.014 0.033 0.019 0.894 
151 TMA-ZAIN-G-    (0)   :  0.009 0.004 0.004 0.002 0.981 
152 TMA-ZAIN-G-    (0)   :  0.007 0.004 0.006 0.002 0.981 
153 TMA-ZAIN-G-    (0)   :  0.009 0.004 0.004 0.003 0.980 
154 TMA-ZAIN-G-    (0)   :  0.007 0.004 0.005 0.002 0.981 
155 TMA-ZAIN-G-    (0)   :  0.005 0.004 0.006 0.003 0.982 
156 TMA-ZAIN-G-    (9)   :  0.025 0.005 0.009 0.003 0.959 
157 TMA-ZAIN-G-    (0)   :  0.013 0.004 0.006 0.003 0.974 
158 TMA-ZAIN-G-    (0)   :  0.005 0.005 0.005 0.003 0.981 
159 TMA-ZAIN-G-    (0)   :  0.005 0.004 0.005 0.003 0.984 
160 TMA-ZAIN-G-    (0)   :  0.007 0.003 0.007 0.003 0.980 
161 TMA-ZAIN-G-    (0)   :  0.011 0.005 0.003 0.003 0.977 
162 TMA-ZAIN-G-    (0)   :  0.015 0.011 0.038 0.016 0.920 
163 TMA-ZAIN-G-    (0)   :  0.004 0.003 0.004 0.002 0.986 
164 TMA-ZAIN-G-    (0)   :  0.008 0.005 0.006 0.004 0.977 
165 TMA-ZAIN-G-    (0)   :  0.004 0.003 0.005 0.003 0.985 
166 TMA-ZAIN-G-    (0)   :  0.008 0.004 0.004 0.002 0.982 
167 TMA-ZAIN-G-    (0)   :  0.008 0.008 0.006 0.006 0.973 
168 TMA-ZAIN-G-    (0)   :  0.013 0.005 0.006 0.004 0.973 
169 TMA-ZAIN-G-    (0)   :  0.006 0.003 0.003 0.003 0.985 
170 TMA-ZAIN-G-    (0)   :  0.010 0.016 0.015 0.011 0.948 
171 TMA-ZAIN-G-    (0)   :  0.005 0.003 0.004 0.003 0.984 
172 TMA-ZAIN-G-    (0)   :  0.009 0.007 0.004 0.005 0.976 
173 TMA-ZAIN-G-    (0)   :  0.013 0.010 0.004 0.005 0.969 
174 TMA-ZAIN-G-    (0)   :  0.007 0.004 0.003 0.002 0.983 
175 TMA-ZAIN-G-    (0)   :  0.006 0.004 0.004 0.004 0.982 
176 TMA-ZAIN-G-    (0)   :  0.005 0.004 0.004 0.004 0.983 
177 TMA-ZAIN-G-    (0)   :  0.007 0.005 0.004 0.003 0.981 
178 TMA-ZAIN-G-    (0)   :  0.016 0.009 0.007 0.005 0.964 
179 TMA-ZAIN-G-    (0)   :  0.010 0.005 0.004 0.003 0.979 
180 TMA-ZAIN-G-    (0)   :  0.036 0.006 0.003 0.005 0.950 
181 TMA-ZAIN-G-    (0)   :  0.051 0.005 0.006 0.003 0.936 
182 TMA-ZAIN-G-    (0)   :  0.287 0.008 0.015 0.003 0.687 
183 TMA-ZAIN-G-    (0)   :  0.066 0.006 0.006 0.003 0.919 
184 TMA-ZAIN-G-    (0)   :  0.128 0.020 0.037 0.017 0.797 
185 TMA-ZAIN-G-    (0)   :  0.058 0.042 0.018 0.036 0.845 
186 TMA-ZAIN-G-    (9)   :  0.008 0.017 0.004 0.007 0.964 
187 TMA-ZAIN-G-    (0)   :  0.009 0.008 0.005 0.004 0.973 
188 TMA-ZAIN-G-    (0)   :  0.009 0.005 0.004 0.003 0.979 
189 TMA-ZAIN-G-    (0)   :  0.007 0.004 0.002 0.003 0.983 
190 TMA-ZAIN-G-    (0)   :  0.022 0.007 0.003 0.004 0.963 
191 TMA-ZAIN-G-    (0)   :  0.015 0.016 0.021 0.030 0.918 
192 TMA-ZAIN-G-    (0)   :  0.015 0.006 0.004 0.006 0.969 
193 TMA-ZAIN-G-    (0)   :  0.981 0.005 0.003 0.003 0.008 
194 TMA-ZAIN-G-    (0)   :  0.972 0.009 0.003 0.005 0.011 
195 TMA-ZAIN-G-    (0)   :  0.674 0.014 0.004 0.003 0.305 
196 TMA-ZAIN-G-    (0)   :  0.940 0.005 0.005 0.003 0.046 
197 TMA-ZAIN-G-    (0)   :  0.964 0.006 0.004 0.003 0.023 
198 TMA-ZAIN-G-    (0)   :  0.920 0.005 0.004 0.003 0.068 
199 TMA-ZAIN-G-    (0)   :  0.022 0.012 0.004 0.005 0.958 
200 TMA-ZAIN-G-    (0)   :  0.012 0.041 0.017 0.926 0.004 
201 TMA-ZAIN-G-    (0)   :  0.004 0.014 0.006 0.972 0.004 
202 TMA-ZAIN-G-    (0)   :  0.008 0.013 0.016 0.957 0.007 
203 TMA-ZAIN-G-    (0)   :  0.867 0.007 0.034 0.004 0.088 
204 TMA-ZAIN-G-    (9)   :  0.020 0.017 0.006 0.949 0.008 
205 TMA-ZAIN-G-    (0)   :  0.012 0.045 0.008 0.823 0.112 
206 TMA-ZAIN-G-    (9)   :  0.089 0.037 0.016 0.838 0.020 
207 TMA-ZAIN-G-    (9)   :  0.093 0.048 0.015 0.014 0.830 
208 TMA-ZAIN-G-    (0)   :  0.004 0.004 0.003 0.003 0.986 
209 TMA-ZAIN-G-    (0)   :  0.210 0.005 0.003 0.003 0.779 
210 TMA-ZAIN-G-    (0)   :  0.133 0.008 0.004 0.003 0.852 
211 TMA-ZAIN-G-    (0)   :  0.037 0.019 0.008 0.012 0.924 
212 TMA-ZAIN-G-    (0)   :  0.021 0.007 0.004 0.004 0.965 
213 TMA-ZAIN-G-    (0)   :  0.014 0.006 0.004 0.004 0.972 
214 TMA-ZAIN-G-    (0)   :  0.011 0.004 0.003 0.004 0.978 
215 TMA-ZAIN-G-    (0)   :  0.004 0.226 0.005 0.013 0.753 
216 TMA-ZAIN-G-    (0)   :  0.020 0.008 0.003 0.006 0.964 
217 TMA-ZAIN-G-    (0)   :  0.013 0.003 0.003 0.003 0.978 
218 TMA-ZAIN-G-    (0)   :  0.005 0.977 0.005 0.004 0.008 
219 TMA-ZAIN-G-    (0)   :  0.008 0.972 0.005 0.011 0.004 
220 TMA-ZAIN-G-    (0)   :  0.010 0.898 0.071 0.004 0.017 
221 TMA-ZAIN-G-    (0)   :  0.008 0.952 0.004 0.021 0.014 
222 TMA-ZAIN-G-    (0)   :  0.013 0.931 0.032 0.010 0.014 
223 TMA-ZAIN-G-    (0)   :  0.004 0.975 0.007 0.011 0.003 
224 TMA-ZAIN-G-    (0)   :  0.018 0.942 0.015 0.017 0.009 
225 TMA-ZAIN-G-    (0)   :  0.008 0.968 0.010 0.010 0.004 
226 TMA-ZAIN-G-    (0)   :  0.010 0.961 0.012 0.009 0.007 
227 TMA-ZAIN-G-    (0)   :  0.008 0.940 0.013 0.031 0.008 
228 TMA-ZAIN-G-    (0)   :  0.007 0.955 0.016 0.010 0.012 
229 TMA-ZAIN-G-    (0)   :  0.004 0.905 0.026 0.060 0.004 
230 TMA-ZAIN-G-    (0)   :  0.055 0.865 0.025 0.007 0.048 
231 TMA-ZAIN-G-    (0)   :  0.035 0.186 0.193 0.531 0.055 
232 TMA-ZAIN-G-    (9)   :  0.038 0.105 0.253 0.523 0.080 
233 TMA-ZAIN-G-    (0)   :  0.014 0.939 0.006 0.021 0.020 
234 TMA-ZAIN-G-    (0)   :  0.024 0.629 0.292 0.048 0.007 
235 TMA-ZAIN-G-    (0)   :  0.025 0.843 0.088 0.017 0.027 
236 TMA-ZAIN-G-    (0)   :  0.015 0.833 0.079 0.060 0.013 
237 TMA-ZAIN-G-    (0)   :  0.032 0.601 0.213 0.011 0.142 
238 TMA-ZAIN-G-    (0)   :  0.007 0.878 0.064 0.031 0.021 
239 TMA-ZAIN-G-    (0)   :  0.213 0.005 0.007 0.756 0.020 
240 TMA-ZAIN-G-    (0)   :  0.005 0.004 0.003 0.984 0.003 
241 TMA-ZAIN-G-    (0)   :  0.005 0.004 0.004 0.980 0.007 
242 TMA-ZAIN-G-    (0)   :  0.004 0.005 0.003 0.982 0.007 
243 TMA-ZAIN-G-    (0)   :  0.005 0.004 0.003 0.978 0.010 
244 TMA-ZAIN-G-    (0)   :  0.004 0.005 0.004 0.975 0.012 
245 TMA-ZAIN-G-    (9)   :  0.003 0.004 0.004 0.987 0.003 
246 TMA-ZAIN-G-    (0)   :  0.003 0.004 0.002 0.987 0.003 
247 TMA-ZAIN-G-    (0)   :  0.003 0.005 0.002 0.985 0.004 
248 TMA-ZAIN-G-    (0)   :  0.007 0.006 0.004 0.977 0.006 
249 TMA-ZAIN-G-    (0)   :  0.005 0.005 0.003 0.982 0.004 
250 TMA-ZAIN-G-    (0)   :  0.004 0.005 0.003 0.984 0.004 
251 TMA-ZAIN-G-    (0)   :  0.976 0.006 0.009 0.004 0.005 
252 TMA-ZAIN-G-    (0)   :  0.908 0.012 0.005 0.004 0.071 
253 TMA-ZAIN-G-    (0)   :  0.972 0.004 0.012 0.005 0.007 
254 TMA-ZAIN-G-    (9)   :  0.946 0.006 0.016 0.004 0.028 
255 TMA-ZAIN-G-    (0)   :  0.913 0.004 0.032 0.043 0.007 
256 TMA-ZAIN-G-    (0)   :  0.972 0.004 0.009 0.010 0.006 
257 TMA-ZAIN-G-    (0)   :  0.984 0.004 0.004 0.004 0.003 
258 TMA-ZAIN-G-    (0)   :  0.984 0.004 0.005 0.004 0.004 
259 TMA-ZAIN-G-    (0)   :  0.977 0.006 0.005 0.008 0.004 
260 TMA-ZAIN-G-    (0)   :  0.979 0.005 0.005 0.006 0.004 
261 TMA-ZAIN-G-   (18)   :  0.975 0.009 0.005 0.004 0.007 
262 TMA-ZAIN-G-    (0)   :  0.984 0.004 0.005 0.004 0.003 
263 TMA-ZAIN-G-    (0)   :  0.974 0.005 0.012 0.005 0.004 
264 TMA-ZAIN-G-    (0)   :  0.970 0.005 0.016 0.005 0.005 
265 TMA-ZAIN-G-    (0)   :  0.630 0.273 0.017 0.025 0.055 
266 TMA-ZAIN-G-    (0)   :  0.957 0.013 0.006 0.008 0.017 
267 TMA-ZAIN-G-    (0)   :  0.156 0.159 0.026 0.626 0.033 
268 TMA-ZAIN-G-    (0)   :  0.005 0.007 0.061 0.924 0.004 
269 TMA-ZAIN-G-    (0)   :  0.006 0.027 0.263 0.698 0.006 
270 TMA-ZAIN-G-    (0)   :  0.007 0.018 0.066 0.904 0.005 
271 TMA-ZAIN-G-    (0)   :  0.005 0.008 0.033 0.949 0.005 
272 TMA-ZAIN-G-    (0)   :  0.004 0.048 0.026 0.917 0.005 
273 TMA-ZAIN-G-    (0)   :  0.003 0.015 0.016 0.963 0.003 
274 TMA-ZAIN-G-    (0)   :  0.023 0.023 0.028 0.911 0.015 
275 TMA-ZAIN-G-    (0)   :  0.003 0.007 0.007 0.980 0.003 
276 TMA-ZAIN-G-    (0)   :  0.003 0.005 0.009 0.980 0.003 
277 TMA-ZAIN-G-    (0)   :  0.006 0.006 0.009 0.975 0.004 
278 TMA-ZAIN-G-    (0)   :  0.004 0.006 0.006 0.981 0.003 
279 TMA-ZAIN-G-    (0)   :  0.005 0.015 0.011 0.964 0.004 
280 TMA-ZAIN-G-    (0)   :  0.006 0.046 0.117 0.825 0.006 
281 TMA-ZAIN-G-    (0)   :  0.005 0.014 0.045 0.932 0.005 
282 TMA-ZAIN-G-    (9)   :  0.004 0.007 0.011 0.975 0.003 
283 TMA-ZAIN-G-    (0)   :  0.064 0.168 0.117 0.636 0.015 
284 TMA-ZAIN-G-    (0)   :  0.077 0.210 0.250 0.452 0.012 
285 TMA-ZAIN-G-    (0)   :  0.056 0.042 0.051 0.825 0.025 
286 TMA-ZAIN-G-    (0)   :  0.005 0.010 0.030 0.952 0.003 
287 TMA-ZAIN-G-    (0)   :  0.007 0.008 0.020 0.958 0.007 
288 TMA-ZAIN-G-    (0)   :  0.039 0.216 0.090 0.625 0.030 
289 TMA-ZAIN-G-    (0)   :  0.015 0.028 0.023 0.923 0.012 
290 TMA-ZAIN-G-    (0)   :  0.012 0.104 0.427 0.448 0.009 
291 TMA-ZAIN-G-    (0)   :  0.008 0.963 0.012 0.014 0.004 
292 TMA-ZAIN-G-    (0)   :  0.007 0.018 0.010 0.013 0.951 
293 TMA-ZAIN-G-    (0)   :  0.021 0.009 0.005 0.009 0.957 
294 TMA-ZAIN-G-    (0)   :  0.006 0.005 0.003 0.004 0.981 
295 TMA-ZAIN-G-    (9)   :  0.008 0.013 0.004 0.008 0.967 
296 TMA-ZAIN-G-    (0)   :  0.019 0.011 0.012 0.007 0.951 
297 TMA-ZAIN-G-    (0)   :  0.020 0.008 0.005 0.006 0.962 
298 TMA-ZAIN-G-    (0)   :  0.034 0.022 0.016 0.030 0.897 
299 TMA-ZAIN-G-    (0)   :  0.004 0.006 0.005 0.008 0.976 
300 TMA-ZAIN-G-    (0)   :  0.007 0.008 0.003 0.006 0.976 
301 TMA-ZAIN-G-    (0)   :  0.012 0.006 0.005 0.008 0.969 
302 TMA-ZAIN-G-    (9)   :  0.009 0.006 0.004 0.004 0.978 
303 TMA-ZAIN-G-    (0)   :  0.083 0.885 0.018 0.006 0.008 
304 TMA-ZAIN-G-    (0)   :  0.932 0.006 0.014 0.008 0.040 
305 TMA-ZAIN-G-    (0)   :  0.009 0.005 0.004 0.005 0.978 
306 TMA-ZAIN-G-    (0)   :  0.281 0.020 0.193 0.054 0.453 
307 TMA-ZAIN-G-    (0)   :  0.831 0.006 0.008 0.013 0.142 
308 TMA-ZAIN-G-    (0)   :  0.771 0.150 0.045 0.028 0.006 
309 TMA-ZAIN-G-    (0)   :  0.009 0.007 0.005 0.003 0.976 
310 TMA-ZAIN-G-    (0)   :  0.011 0.018 0.008 0.035 0.928 
311 TMA-ZAIN-G-    (0)   :  0.074 0.034 0.055 0.010 0.828 
312 TMA-ZAIN-G-    (0)   :  0.030 0.042 0.006 0.007 0.916 
313 TMA-ZAIN-G-    (0)   :  0.859 0.008 0.015 0.006 0.113 
314 TMA-ZAIN-G-    (0)   :  0.022 0.536 0.259 0.167 0.016 
315 TMA-ZAIN-G-    (0)   :  0.016 0.068 0.007 0.401 0.508 
316 TMA-ZAIN-G-    (0)   :  0.013 0.162 0.010 0.382 0.433 
317 TMA-ZAIN-G-    (0)   :  0.013 0.918 0.043 0.020 0.007 
318 TMA-ZAIN-G-    (9)   :  0.020 0.158 0.358 0.456 0.008 
319 TMA-ZAIN-G-    (0)   :  0.196 0.727 0.018 0.047 0.012 
320 TMA-ZAIN-G-    (0)   :  0.008 0.491 0.006 0.011 0.484 
321 TMA-ZAIN-G-    (0)   :  0.015 0.126 0.077 0.105 0.676 
322 TMA-ZAIN-G-    (0)   :  0.068 0.518 0.059 0.009 0.346 
323 TMA-ZAIN-G-    (0)   :  0.023 0.933 0.007 0.014 0.022 
324 TMA-ZAIN-G-    (0)   :  0.115 0.008 0.009 0.005 0.864 
325 TMA-ZAIN-G-    (0)   :  0.007 0.926 0.005 0.052 0.011 
326 TMA-ZAIN-G-    (0)   :  0.293 0.660 0.003 0.004 0.041 
327 TMA-ZAIN-G-    (0)   :  0.967 0.006 0.004 0.003 0.021 
328 TMA-ZAIN-G-    (0)   :  0.169 0.377 0.133 0.107 0.213 
329 TMA-ZAIN-G-    (0)   :  0.050 0.010 0.004 0.006 0.930 
330 TMA-ZAIN-G-    (0)   :  0.110 0.009 0.004 0.003 0.875 
331 TMA-ZAIN-G-    (0)   :  0.102 0.076 0.040 0.072 0.711 
332 TMA-ZAIN-G-    (0)   :  0.086 0.005 0.003 0.003 0.903 
333 TMA-ZAIN-G-    (0)   :  0.971 0.007 0.005 0.003 0.015 
334 TMA-ZAIN-G-    (0)   :  0.005 0.012 0.013 0.967 0.003 
335 TMA-ZAIN-G-    (0)   :  0.004 0.005 0.004 0.983 0.004 
336 TMA-ZAIN-G-    (0)   :  0.008 0.016 0.014 0.954 0.008 
337 TMA-ZAIN-G-    (9)   :  0.005 0.030 0.071 0.889 0.006 
338 TMA-ZAIN-G-    (0)   :  0.005 0.009 0.028 0.954 0.004 
339 TMA-ZAIN-G-    (0)   :  0.003 0.005 0.012 0.978 0.002 
340 TMA-ZAIN-G-    (0)   :  0.003 0.006 0.006 0.982 0.003 
341 TMA-ZAIN-G-    (0)   :  0.003 0.005 0.009 0.978 0.005 
342 TMA-ZAIN-G-    (0)   :  0.004 0.007 0.008 0.977 0.004 
343 TMA-ZAIN-G-    (0)   :  0.003 0.006 0.026 0.961 0.003 
344 TMA-ZAIN-G-    (0)   :  0.005 0.011 0.008 0.971 0.005 
345 TMA-ZAIN-G-    (0)   :  0.004 0.004 0.004 0.985 0.003 
346 TMA-ZAIN-G-    (0)   :  0.007 0.016 0.033 0.937 0.007 
347 TMA-ZAIN-G-    (9)   :  0.003 0.007 0.008 0.979 0.003 
348 TMA-ZAIN-G-    (0)   :  0.007 0.017 0.023 0.948 0.005 
349 TMA-ZAIN-G-    (0)   :  0.004 0.007 0.015 0.970 0.003 
350 TMA-ZAIN-G-    (0)   :  0.006 0.063 0.028 0.896 0.007 
351 TMA-ZAIN-G-    (0)   :  0.004 0.008 0.007 0.978 0.003 
352 TMA-ZAIN-G-    (0)   :  0.005 0.008 0.008 0.973 0.007 
353 TMA-ZAIN-G-    (0)   :  0.008 0.024 0.049 0.910 0.008 
354 TMA-ZAIN-G-    (0)   :  0.004 0.011 0.007 0.973 0.005 
355 TMA-ZAIN-G-    (0)   :  0.005 0.009 0.014 0.963 0.010 
356 TMA-ZAIN-G-    (0)   :  0.015 0.022 0.005 0.002 0.957 
357 TMA-ZAIN-G-    (0)   :  0.041 0.010 0.006 0.004 0.940 
358 TMA-ZAIN-G-    (0)   :  0.031 0.026 0.050 0.026 0.867 
359 TMA-ZAIN-G-    (0)   :  0.012 0.036 0.010 0.011 0.930 
360 TMA-ZAIN-G-    (0)   :  0.005 0.008 0.004 0.003 0.980 
361 TMA-ZAIN-G-    (0)   :  0.027 0.012 0.011 0.004 0.946 
362 TMA-ZAIN-G-    (0)   :  0.005 0.009 0.006 0.015 0.966 
363 TMA-ZAIN-G-    (0)   :  0.076 0.078 0.005 0.009 0.832 
364 TMA-ZAIN-G-    (0)   :  0.014 0.819 0.137 0.014 0.017 
365 TMA-ZAIN-G-    (0)   :  0.005 0.051 0.009 0.144 0.791 
366 TMA-ZAIN-G-    (0)   :  0.012 0.007 0.004 0.007 0.970 
367 TMA-ZAIN-G-    (0)   :  0.479 0.024 0.080 0.005 0.412 
368 TMA-ZAIN-G-    (0)   :  0.011 0.006 0.004 0.005 0.974 
369 TMA-ZAIN-G-    (0)   :  0.012 0.007 0.003 0.003 0.976 
370 TMA-ZAIN-G-    (0)   :  0.010 0.010 0.008 0.003 0.969 
371 TMA-ZAIN-G-    (0)   :  0.006 0.004 0.005 0.003 0.982 
372 TMA-ZAIN-G-    (0)   :  0.006 0.004 0.004 0.004 0.983 
373 TMA-ZAIN-G-    (0)   :  0.864 0.016 0.004 0.005 0.111 
374 TMA-ZAIN-G-    (0)   :  0.566 0.056 0.282 0.008 0.089 
375 TMA-ZAIN-G-    (0)   :  0.019 0.889 0.022 0.006 0.064 
376 TMA-ZAIN-G-    (9)   :  0.005 0.004 0.006 0.003 0.982 
377 TMA-ZAIN-G-    (0)   :  0.004 0.003 0.003 0.002 0.987 
378 TMA-ZAIN-G-    (0)   :  0.005 0.003 0.005 0.002 0.984 
379 TMA-ZAIN-G-    (0)   :  0.008 0.003 0.004 0.002 0.982 
380 TMA-ZAIN-G-    (0)   :  0.007 0.004 0.002 0.003 0.983 
381 TMA-ZAIN-G-    (9)   :  0.093 0.713 0.010 0.014 0.170 
382 TMA-ZAIN-G-    (9)   :  0.008 0.181 0.748 0.056 0.007 
383    ZFB01    (0)   :  0.003 0.004 0.979 0.010 0.004 
384    ZFB02    (0)   :  0.005 0.006 0.951 0.035 0.003 
385    ZFB03    (0)   :  0.007 0.008 0.975 0.005 0.005 
386    ZFB04    (0)   :  0.003 0.005 0.946 0.041 0.004 
387    ZFB05    (0)   :  0.016 0.043 0.814 0.122 0.006 
388    ZFB06    (0)   :  0.014 0.036 0.892 0.052 0.006 
389    ZFB07    (9)   :  0.005 0.012 0.965 0.010 0.008 
390    ZFB08    (0)   :  0.006 0.008 0.975 0.005 0.006 
391    ZFB09    (0)   :  0.004 0.005 0.984 0.005 0.003 
392    ZFB10    (0)   :  0.004 0.005 0.968 0.010 0.013 
393    ZFB11    (0)   :  0.004 0.004 0.967 0.017 0.007 
394    ZFB12    (0)   :  0.006 0.018 0.936 0.033 0.007 
395    ZFB13    (0)   :  0.005 0.011 0.970 0.007 0.007 
396    ZFB14    (0)   :  0.004 0.005 0.982 0.004 0.005 
397    ZFB15    (0)   :  0.003 0.005 0.973 0.016 0.003 
398    ZFB16    (0)   :  0.003 0.008 0.966 0.018 0.005 
399    ZFB17    (0)   :  0.013 0.025 0.914 0.033 0.014 
400    ZFB18    (0)   :  0.003 0.004 0.985 0.004 0.004 
401    ZFB19    (0)   :  0.005 0.019 0.945 0.007 0.023 
402    ZFB20    (0)   :  0.003 0.007 0.944 0.040 0.005 
403    ZFB21    (0)   :  0.004 0.007 0.974 0.013 0.003 
404    ZFB22    (0)   :  0.008 0.013 0.873 0.093 0.013 
405    ZFB23    (0)   :  0.006 0.007 0.955 0.025 0.007 
406    ZFB24    (0)   :  0.005 0.005 0.949 0.035 0.006 
407    ZFB25    (0)   :  0.004 0.004 0.971 0.006 0.016 
408    ZFB26    (0)   :  0.006 0.007 0.905 0.066 0.017 
409    ZFB27    (0)   :  0.004 0.005 0.914 0.071 0.007 
410    ZFB28    (0)   :  0.010 0.035 0.850 0.097 0.008 
411    ZFB29    (0)   :  0.005 0.006 0.969 0.017 0.004 
412    ZFB30    (0)   :  0.010 0.041 0.796 0.143 0.011 
413    ZFB31    (0)   :  0.004 0.005 0.973 0.007 0.011 
414    ZFB32    (0)   :  0.038 0.045 0.849 0.055 0.014 
415    ZFB33    (0)   :  0.003 0.004 0.976 0.013 0.003 
416    ZFB34    (0)   :  0.004 0.005 0.983 0.004 0.004 
417    ZFB35    (0)   :  0.005 0.005 0.974 0.010 0.006 
418  ZFBP101    (0)   :  0.104 0.014 0.012 0.009 0.860 
419  ZFBP102    (0)   :  0.017 0.013 0.017 0.012 0.942 
420  ZFBP103    (0)   :  0.335 0.009 0.006 0.006 0.643 
421  ZFBP104    (0)   :  0.005 0.039 0.047 0.016 0.893 
422  ZFBP105    (0)   :  0.008 0.007 0.007 0.005 0.973 
423  ZFBP106    (0)   :  0.010 0.005 0.004 0.004 0.977 
424  ZFBP107    (0)   :  0.010 0.009 0.006 0.012 0.963 
425  ZFBP108    (0)   :  0.004 0.003 0.004 0.003 0.985 
426  ZFBP109    (0)   :  0.004 0.003 0.005 0.002 0.985 
427  ZFBP110    (0)   :  0.214 0.033 0.040 0.007 0.706 
428  ZFBP111    (0)   :  0.006 0.004 0.003 0.003 0.984 
429  ZFBP112    (0)   :  0.008 0.005 0.004 0.006 0.976 
430  ZFBP113    (0)   :  0.004 0.006 0.004 0.004 0.982 
431  ZFBP114    (0)   :  0.006 0.004 0.005 0.005 0.980 
432  ZFBP115    (0)   :  0.016 0.007 0.003 0.004 0.971 
433  ZFBP116    (0)   :  0.006 0.006 0.003 0.004 0.981 
434  ZFBP117    (0)   :  0.008 0.004 0.003 0.003 0.982 
435  ZFBP118    (0)   :  0.005 0.004 0.003 0.006 0.981 
436  ZFBP119    (0)   :  0.026 0.007 0.004 0.003 0.961 
437  ZFBP120    (0)   :  0.006 0.007 0.007 0.005 0.975 
438  ZFBP121    (0)   :  0.010 0.005 0.007 0.003 0.974 
439  ZFBP122    (9)   :  0.006 0.005 0.004 0.004 0.981 
440  ZFBP123    (0)   :  0.013 0.006 0.005 0.008 0.968 
441  ZFBP124    (0)   :  0.007 0.005 0.011 0.005 0.973 
442  ZFBP125    (0)   :  0.007 0.004 0.003 0.003 0.983 
443  ZFBP126    (0)   :  0.018 0.021 0.012 0.011 0.937 
444  ZFBP127    (0)   :  0.011 0.005 0.003 0.003 0.978 
445  ZFBP128    (0)   :  0.009 0.003 0.005 0.003 0.980 
446  ZFBP129    (0)   :  0.008 0.005 0.005 0.003 0.980 
447  ZFBP130    (0)   :  0.009 0.004 0.002 0.003 0.981 
448  ZFBP131    (0)   :  0.004 0.005 0.005 0.004 0.983 
449  ZFBP132    (0)   :  0.007 0.004 0.004 0.003 0.982 
450  ZFBP133    (0)   :  0.006 0.003 0.004 0.002 0.985 
451  ZFBP134    (0)   :  0.017 0.005 0.004 0.003 0.971 
452  ZFBP135    (0)   :  0.253 0.011 0.022 0.006 0.709 
453  ZFBP136    (0)   :  0.087 0.007 0.004 0.008 0.895 
454  ZFBP201    (0)   :  0.009 0.007 0.006 0.007 0.971 
455  ZFBP202    (0)   :  0.006 0.005 0.006 0.003 0.981 
456  ZFBP203    (0)   :  0.006 0.022 0.007 0.031 0.934 
457  ZFBP204    (0)   :  0.023 0.007 0.004 0.005 0.961 
458  ZFBP205    (0)   :  0.007 0.005 0.004 0.005 0.979 
459  ZFBP206    (0)   :  0.012 0.006 0.006 0.009 0.966 
460  ZFBP207    (0)   :  0.029 0.005 0.006 0.003 0.957 
461  ZFBP208    (0)   :  0.008 0.011 0.005 0.014 0.962 
462  ZFBP209    (0)   :  0.006 0.003 0.003 0.002 0.985 
463  ZFBP210    (0)   :  0.009 0.008 0.005 0.007 0.971 
464  ZFBP211    (0)   :  0.007 0.005 0.006 0.003 0.979 
465  ZFBP212    (0)   :  0.005 0.004 0.006 0.004 0.982 
466  ZFBP213    (0)   :  0.014 0.007 0.010 0.006 0.964 
467  ZFBP214    (0)   :  0.076 0.011 0.011 0.005 0.898 
468  ZFBP215    (0)   :  0.008 0.004 0.005 0.003 0.980 
469  ZFBP216    (0)   :  0.006 0.012 0.005 0.008 0.969 
470  ZFBP217    (0)   :  0.010 0.005 0.005 0.003 0.977 
471  ZFBP218    (0)   :  0.003 0.004 0.003 0.003 0.987 
472  ZFBP219    (0)   :  0.004 0.005 0.004 0.004 0.983 
473  ZFBP220    (0)   :  0.012 0.005 0.003 0.004 0.976 
474  ZFBP221    (0)   :  0.005 0.004 0.005 0.003 0.983 
475  ZFBP222    (0)   :  0.007 0.005 0.006 0.005 0.976 
476  ZFBP223    (0)   :  0.039 0.008 0.008 0.005 0.940 
477  ZFBP224    (0)   :  0.006 0.007 0.006 0.005 0.977 
478  ZFBP225    (0)   :  0.016 0.006 0.003 0.005 0.971 
479  ZFBP226    (0)   :  0.005 0.005 0.004 0.005 0.981 
480  ZFBP227    (0)   :  0.008 0.128 0.028 0.023 0.813 
481  ZFBP228    (0)   :  0.015 0.005 0.005 0.003 0.971 
482  ZFBP229    (0)   :  0.006 0.005 0.003 0.003 0.982 
483  ZFBP230    (0)   :  0.011 0.005 0.004 0.004 0.976 
484  ZFBP231    (0)   :  0.006 0.006 0.006 0.004 0.978 
485  ZFBP232    (0)   :  0.005 0.003 0.004 0.003 0.985 
486  ZFBP233    (0)   :  0.006 0.006 0.005 0.004 0.978 
487   ZFCC01    (0)   :  0.961 0.005 0.020 0.009 0.004 
488   ZFCC03    (0)   :  0.982 0.004 0.006 0.003 0.005 
489   ZFCC04    (0)   :  0.972 0.007 0.010 0.006 0.005 
490   ZFCC05    (0)   :  0.970 0.008 0.010 0.006 0.006 
491   ZFCC08    (0)   :  0.969 0.005 0.007 0.003 0.016 
492   ZFCC09    (0)   :  0.977 0.004 0.011 0.004 0.004 
493   ZFCC10    (0)   :  0.946 0.005 0.038 0.006 0.005 
494   ZFCC11    (0)   :  0.978 0.004 0.008 0.004 0.005 
495   ZFCC12    (0)   :  0.855 0.011 0.032 0.095 0.007 
496   ZFCC13    (0)   :  0.966 0.008 0.005 0.009 0.012 
497   ZFCC14    (0)   :  0.946 0.009 0.028 0.009 0.008 
498   ZFCC15    (0)   :  0.968 0.010 0.007 0.010 0.005 
499   ZFCC16    (0)   :  0.969 0.007 0.012 0.008 0.004 
500   ZFCC17    (0)   :  0.961 0.006 0.010 0.020 0.003 
501   ZFCC18    (0)   :  0.978 0.004 0.009 0.004 0.005 
502   ZFCC19    (0)   :  0.959 0.013 0.009 0.016 0.004 
503   ZFCC20    (0)   :  0.981 0.005 0.005 0.004 0.005 
504   ZFCC21    (0)   :  0.844 0.048 0.017 0.010 0.081 
505   ZFCC22    (0)   :  0.649 0.007 0.014 0.008 0.322 
506   ZFCC26    (0)   :  0.975 0.006 0.010 0.005 0.004 
507   ZFCC27    (0)   :  0.983 0.004 0.006 0.003 0.004 
508   ZFCC29    (0)   :  0.954 0.014 0.019 0.007 0.006 
509   ZFCC30    (0)   :  0.985 0.004 0.004 0.004 0.004 
510   ZFCC32    (0)   :  0.963 0.010 0.009 0.013 0.005 
511   ZFCC33    (0)   :  0.957 0.014 0.017 0.009 0.004 
512   ZFCC34    (0)   :  0.926 0.007 0.020 0.016 0.032 
513   ZFCC35    (0)   :  0.983 0.004 0.005 0.004 0.005 
514   ZFCC36    (0)   :  0.945 0.015 0.006 0.022 0.012 
515   ZFCC37    (0)   :  0.841 0.030 0.039 0.080 0.010 
516   ZFCC40    (0)   :  0.965 0.005 0.013 0.011 0.006 
517   ZFCC42    (0)   :  0.461 0.010 0.009 0.513 0.008 
518   ZFCC44    (0)   :  0.985 0.004 0.003 0.005 0.003 
519   ZFCC45    (9)   :  0.918 0.018 0.029 0.030 0.005 
520   ZFCC46    (0)   :  0.975 0.005 0.004 0.004 0.012 
521   ZFCC47    (0)   :  0.907 0.007 0.032 0.047 0.006 
522   ZFCC48    (0)   :  0.928 0.012 0.013 0.005 0.042 
523   ZFCC50    (0)   :  0.973 0.006 0.009 0.008 0.004 
524   ZFCC51    (0)   :  0.983 0.004 0.006 0.004 0.004 
525   ZFCC52    (0)   :  0.967 0.005 0.006 0.010 0.011 
526   ZFCC53    (0)   :  0.982 0.004 0.006 0.005 0.003 
527  ZFCNS01    (0)   :  0.955 0.022 0.003 0.008 0.012 
528  ZFCNS02    (0)   :  0.979 0.004 0.004 0.003 0.010 
529  ZFCNS05    (0)   :  0.968 0.005 0.008 0.003 0.016 
530  ZFCNS06    (0)   :  0.975 0.004 0.006 0.003 0.011 
531  ZFCNS07    (0)   :  0.717 0.006 0.006 0.004 0.268 
532  ZFCNS10    (0)   :  0.940 0.005 0.003 0.003 0.048 
533  ZFCNS11    (0)   :  0.974 0.008 0.003 0.005 0.010 
534  ZFCNS15    (0)   :  0.214 0.008 0.008 0.004 0.766 
535  ZFCNS17    (0)   :  0.980 0.004 0.004 0.003 0.009 
536  ZFCNS18    (0)   :  0.970 0.004 0.004 0.003 0.018 
537  ZFCNS19    (0)   :  0.982 0.004 0.005 0.003 0.006 
538  ZFCNS20    (0)   :  0.905 0.007 0.004 0.004 0.080 
539  ZFCNS21    (0)   :  0.981 0.005 0.004 0.003 0.007 
540  ZFCNS22    (0)   :  0.878 0.007 0.010 0.004 0.102 
541  ZFCNS23    (0)   :  0.976 0.005 0.005 0.004 0.010 
542  ZFCNS24    (0)   :  0.980 0.005 0.003 0.003 0.009 
543  ZFCNS25    (0)   :  0.939 0.006 0.004 0.003 0.048 
544  ZFCNS26    (0)   :  0.775 0.007 0.009 0.004 0.204 
545  ZFCNS27    (0)   :  0.078 0.008 0.006 0.004 0.905 
546  ZFCNS28    (0)   :  0.968 0.005 0.010 0.003 0.014 
547  ZFCNS29    (0)   :  0.973 0.006 0.004 0.003 0.014 
548  ZFCNS30    (0)   :  0.978 0.006 0.005 0.003 0.008 
549  ZFCNS31    (0)   :  0.958 0.005 0.006 0.003 0.029 
550  ZFCNS32    (0)   :  0.962 0.005 0.007 0.003 0.022 
551  ZFCNS33    (0)   :  0.973 0.005 0.005 0.003 0.014 
552  ZFCNS34    (0)   :  0.983 0.004 0.004 0.003 0.005 
553  ZFCNS35    (0)   :  0.970 0.005 0.009 0.003 0.014 
554  ZFCNS36    (0)   :  0.982 0.004 0.003 0.003 0.007 
555  ZFCNS37    (0)   :  0.963 0.008 0.005 0.003 0.022 
556  ZFCNS39    (0)   :  0.981 0.005 0.003 0.003 0.009 
557  ZFCNS40    (0)   :  0.977 0.005 0.003 0.003 0.012 
558  ZFCNS41    (0)   :  0.852 0.015 0.007 0.006 0.120 
559  ZFCNS42    (0)   :  0.941 0.006 0.006 0.003 0.044 
560  ZFCNS43    (0)   :  0.981 0.005 0.004 0.003 0.007 
561  ZFCNS44    (0)   :  0.974 0.005 0.004 0.003 0.014 
562  ZFCNS46    (0)   :  0.964 0.007 0.004 0.003 0.022 
563  ZFCNS47    (0)   :  0.979 0.004 0.004 0.003 0.010 
564  ZFCNS48    (0)   :  0.959 0.005 0.004 0.004 0.028 
565  ZFCNS49    (0)   :  0.271 0.006 0.007 0.003 0.713 
566   ZFCR01    (0)   :  0.008 0.429 0.491 0.025 0.046 
567   ZFCR02    (0)   :  0.017 0.772 0.155 0.013 0.043 
568   ZFCR03    (0)   :  0.020 0.360 0.407 0.155 0.057 
569   ZFCR04    (0)   :  0.032 0.085 0.791 0.044 0.048 
570   ZFCR05    (0)   :  0.010 0.823 0.147 0.014 0.007 
571   ZFCR06    (0)   :  0.098 0.580 0.142 0.010 0.171 
572   ZFCR07    (0)   :  0.039 0.916 0.024 0.010 0.010 
573   ZFCR08    (0)   :  0.049 0.577 0.191 0.099 0.084 
574   ZFCR09    (0)   :  0.095 0.060 0.126 0.469 0.250 
575   ZFCR11    (0)   :  0.015 0.864 0.090 0.010 0.021 
576   ZFCR12    (0)   :  0.092 0.836 0.018 0.004 0.050 
577   ZFCR13    (0)   :  0.008 0.955 0.011 0.003 0.023 
578   ZFCR14    (0)   :  0.011 0.927 0.047 0.006 0.010 
579   ZFCR15    (0)   :  0.016 0.860 0.085 0.010 0.030 
580   ZFCR16    (0)   :  0.008 0.875 0.088 0.006 0.023 
581   ZFCR18    (0)   :  0.021 0.038 0.917 0.007 0.017 
582   ZFCR19    (0)   :  0.019 0.722 0.120 0.070 0.069 
583   ZFCR20    (0)   :  0.015 0.235 0.612 0.052 0.086 
584   ZFCR21    (0)   :  0.011 0.952 0.017 0.004 0.015 
585   ZFCR22    (0)   :  0.004 0.973 0.008 0.005 0.009 
586   ZFCR23    (0)   :  0.005 0.762 0.043 0.037 0.152 
587   ZFCR24    (9)   :  0.011 0.335 0.167 0.019 0.468 
588   ZFCR25    (0)   :  0.005 0.966 0.019 0.007 0.004 
589   ZFCR26    (0)   :  0.013 0.917 0.012 0.040 0.018 
590   ZFCR27    (9)   :  0.005 0.868 0.066 0.057 0.004 
591   ZFCR28    (0)   :  0.021 0.714 0.012 0.007 0.246 
592   ZFCR29    (0)   :  0.006 0.781 0.188 0.009 0.016 
593   ZFCR30    (0)   :  0.005 0.969 0.011 0.008 0.007 
594   ZFCR31    (0)   :  0.066 0.351 0.371 0.061 0.152 
595   ZFCR33    (0)   :  0.036 0.874 0.026 0.054 0.011 
596   ZFCR34    (0)   :  0.037 0.837 0.054 0.023 0.050 
597   ZFCR35    (0)   :  0.035 0.067 0.871 0.010 0.017 
598   ZFCR36    (0)   :  0.014 0.804 0.161 0.013 0.008 
599   ZFCR37    (0)   :  0.015 0.935 0.024 0.021 0.005 
600   ZFCR38    (0)   :  0.018 0.875 0.028 0.072 0.007 
601   ZFCR39    (0)   :  0.028 0.094 0.018 0.639 0.220 
602   ZFCR40    (0)   :  0.018 0.875 0.034 0.060 0.013 
603   ZFCR41    (0)   :  0.073 0.895 0.014 0.003 0.015 
604   ZFCR42    (0)   :  0.035 0.916 0.010 0.013 0.026 
605   ZFCR43    (0)   :  0.006 0.864 0.094 0.007 0.029 
606  ZFENP25    (0)   :  0.010 0.944 0.030 0.008 0.008 
607  ZFENP26    (0)   :  0.005 0.962 0.012 0.019 0.003 
608  ZFENP27    (0)   :  0.391 0.222 0.278 0.077 0.031 
609  ZFENP28    (0)   :  0.011 0.927 0.025 0.033 0.004 
610  ZFENP29    (0)   :  0.007 0.975 0.006 0.007 0.004 
611  ZFENP30    (0)   :  0.024 0.940 0.009 0.022 0.005 
612  ZFENP31    (0)   :  0.033 0.062 0.018 0.873 0.013 
613  ZFENP32    (0)   :  0.067 0.284 0.249 0.371 0.029 
614  ZFENP33    (0)   :  0.006 0.954 0.021 0.014 0.005 
615  ZFENP34    (0)   :  0.019 0.199 0.755 0.020 0.007 
616  ZFENP35    (0)   :  0.010 0.872 0.022 0.082 0.013 
617  ZFENP36    (0)   :  0.005 0.951 0.012 0.028 0.003 
618  ZFENP37    (0)   :  0.014 0.883 0.063 0.034 0.007 
619  ZFENP38    (0)   :  0.015 0.960 0.007 0.011 0.006 
620  ZFENP39    (0)   :  0.010 0.919 0.036 0.031 0.004 
621  ZFENP40    (0)   :  0.009 0.854 0.066 0.065 0.007 
622  ZFENP41    (0)   :  0.055 0.785 0.028 0.123 0.008 
623  ZFENP42    (0)   :  0.006 0.682 0.004 0.304 0.004 
624  ZFENP43    (0)   :  0.046 0.907 0.010 0.027 0.010 
625  ZFENP44    (0)   :  0.039 0.804 0.011 0.135 0.010 
626  ZFENP45    (0)   :  0.016 0.841 0.009 0.031 0.103 
627  ZFENP46    (0)   :  0.005 0.947 0.015 0.026 0.008 
628  ZFENP47    (0)   :  0.027 0.335 0.058 0.415 0.164 
629  ZFENP48    (0)   :  0.038 0.356 0.542 0.044 0.020 
630  ZFENP49    (0)   :  0.011 0.930 0.031 0.015 0.013 
631  ZFENP50    (0)   :  0.004 0.910 0.008 0.046 0.031 
632  ZFENP51    (0)   :  0.010 0.449 0.020 0.495 0.026 
633  ZFENP52    (0)   :  0.013 0.968 0.004 0.010 0.006 
634  ZFENP53    (0)   :  0.008 0.946 0.007 0.021 0.018 
635  ZFENP54    (0)   :  0.016 0.899 0.024 0.011 0.049 
636  ZFENP55    (0)   :  0.004 0.949 0.025 0.017 0.005 
637  ZFENP56    (0)   :  0.007 0.959 0.011 0.019 0.004 
638  ZFENP57    (0)   :  0.009 0.803 0.014 0.169 0.005 
639  ZFENP58    (0)   :  0.031 0.942 0.007 0.011 0.009 
640  ZFENP59    (0)   :  0.035 0.894 0.015 0.051 0.005 
641  ZFENP60    (0)   :  0.008 0.907 0.054 0.025 0.007 
642  ZFENP61    (0)   :  0.008 0.929 0.040 0.019 0.003 
643 ZFFDSP01    (0)   :  0.008 0.004 0.006 0.003 0.979 
644 ZFFDSP02    (0)   :  0.005 0.004 0.004 0.002 0.985 
645 ZFFDSP04    (0)   :  0.005 0.003 0.008 0.003 0.982 
646 ZFFDSP05    (0)   :  0.006 0.005 0.004 0.004 0.982 
647 ZFFDSP06    (0)   :  0.006 0.003 0.005 0.002 0.983 
648 ZFFDSP07    (0)   :  0.013 0.007 0.005 0.005 0.970 
649 ZFFDSP08    (0)   :  0.015 0.006 0.003 0.004 0.972 
650 ZFFDSP10    (0)   :  0.006 0.005 0.004 0.004 0.981 
651 ZFFDSP11    (0)   :  0.005 0.005 0.005 0.004 0.982 
652 ZFFDSP12    (0)   :  0.005 0.004 0.003 0.003 0.986 
653 ZFFDSP13    (0)   :  0.026 0.010 0.004 0.005 0.955 
654 ZFFDSP14    (0)   :  0.007 0.005 0.005 0.004 0.979 
655 ZFFDSP16    (0)   :  0.012 0.007 0.008 0.004 0.970 
