

----------------------------------------------------
STRUCTURE by Pritchard, Stephens and Donnelly (2000)
     and Falush, Stephens and Pritchard (2003)
       Code by Pritchard, Falush and Hubisz
             Version 2.3.4 (Jul 2012)
----------------------------------------------------



Command line arguments:   bin\structure -m C:\Users\eschumacher\Documents\GitHub\GCC_QUAC_ZAIN\Data_Files\Structure_Files\ZAIN\ZAIN_rebinned_garden_wild_nopopinfo\50-50\mainparams -e C:\Users\eschumacher\Documents\GitHub\GCC_QUAC_ZAIN\Data_Files\Structure_Files\ZAIN\ZAIN_rebinned_garden_wild_nopopinfo\50-50\extraparams 
Input File:    C:\Users\eschumacher\Documents\GitHub\GCC_QUAC_ZAIN\Data_Files\Structure_Files\ZAIN\ZAIN_rebinned_garden_wild_nopopinfo\project_data

Run parameters:
   1133 individuals
   11 loci
   13 populations assumed
   50000 Burn-in period
   50000 Reps


--------------------------------------------
Overall proportion of membership of the
sample in each of the 13 clusters

Inferred Clusters
  1      2      3      4      5      6      7      8      9     10     11     12     13    
0.053  0.070  0.058  0.048  0.055  0.136  0.065  0.063  0.036  0.067  0.144  0.126  0.078  

--------------------------------------------

Allele-freq. divergence among pops (Net nucleotide distance),
computed using point estimates of P.

      1       2       3       4       5       6       7       8       9      10      11      12      13      
 1      -    0.1422  0.1047  0.1519  0.1212  0.2302  0.1481  0.2860  0.2792  0.1648  0.3559  0.3740  0.2255  
 2   0.1422     -    0.0890  0.0562  0.1142  0.1325  0.0735  0.1407  0.2009  0.0868  0.2660  0.2892  0.2209  
 3   0.1047  0.0890     -    0.0823  0.0801  0.1602  0.0518  0.2581  0.1970  0.0424  0.2262  0.3119  0.2120  
 4   0.1519  0.0562  0.0823     -    0.1429  0.1488  0.0981  0.1705  0.1789  0.1001  0.2449  0.3424  0.1824  
 5   0.1212  0.1142  0.0801  0.1429     -    0.1834  0.0605  0.2486  0.2097  0.1013  0.2681  0.3001  0.2434  
 6   0.2302  0.1325  0.1602  0.1488  0.1834     -    0.1756  0.1919  0.1422  0.2153  0.0991  0.1292  0.1548  
 7   0.1481  0.0735  0.0518  0.0981  0.0605  0.1756     -    0.2345  0.1836  0.0627  0.2606  0.2974  0.2636  
 8   0.2860  0.1407  0.2581  0.1705  0.2486  0.1919  0.2345     -    0.2417  0.2950  0.2875  0.3651  0.2045  
 9   0.2792  0.2009  0.1970  0.1789  0.2097  0.1422  0.1836  0.2417     -    0.2686  0.2239  0.2324  0.2034  
10   0.1648  0.0868  0.0424  0.1001  0.1013  0.2153  0.0627  0.2950  0.2686     -    0.2706  0.3676  0.2881  
11   0.3559  0.2660  0.2262  0.2449  0.2681  0.0991  0.2606  0.2875  0.2239  0.2706     -    0.1548  0.1818  
12   0.3740  0.2892  0.3119  0.3424  0.3001  0.1292  0.2974  0.3651  0.2324  0.3676  0.1548     -    0.2750  
13   0.2255  0.2209  0.2120  0.1824  0.2434  0.1548  0.2636  0.2045  0.2034  0.2881  0.1818  0.2750     -    

Average distances (expected heterozygosity) between individuals in same cluster:
cluster  1  : 0.3550 
cluster  2  : 0.4379 
cluster  3  : 0.3960 
cluster  4  : 0.3638 
cluster  5  : 0.3926 
cluster  6  : 0.5481 
cluster  7  : 0.3428 
cluster  8  : 0.2396 
cluster  9  : 0.2605 
cluster 10  : 0.3311 
cluster 11  : 0.4688 
cluster 12  : 0.4100 
cluster 13  : 0.3745 

--------------------------------------------
Estimated Ln Prob of Data   = -21065.3
Mean value of ln likelihood = -20210.3
Variance of ln likelihood   = 1710.0
Mean value of alpha         = 0.0352

Mean value of Fst_1         = 0.4054
Mean value of Fst_2         = 0.2890
Mean value of Fst_3         = 0.3236
Mean value of Fst_4         = 0.4855
Mean value of Fst_5         = 0.3672
Mean value of Fst_6         = 0.1657
Mean value of Fst_7         = 0.3337
Mean value of Fst_8         = 0.5803
Mean value of Fst_9         = 0.5928
Mean value of Fst_10         = 0.4063
Mean value of Fst_11         = 0.3887
Mean value of Fst_12         = 0.4427
Mean value of Fst_13         = 0.4518


Inferred ancestry of individuals:
        Label (%Miss) :  Inferred clusters
  1 TMA-ZAIN-G-    (9)   :  0.007 0.045 0.086 0.011 0.006 0.048 0.008 0.064 0.008 0.007 0.694 0.008 0.009 
  2 TMA-ZAIN-G-    (0)   :  0.004 0.015 0.045 0.005 0.179 0.010 0.013 0.008 0.018 0.011 0.664 0.006 0.023 
  3 TMA-ZAIN-G-    (0)   :  0.048 0.031 0.718 0.072 0.015 0.006 0.021 0.019 0.008 0.047 0.005 0.003 0.008 
  4 TMA-ZAIN-G-    (0)   :  0.048 0.009 0.137 0.015 0.016 0.005 0.032 0.016 0.597 0.093 0.010 0.004 0.019 
  5 TMA-ZAIN-G-    (0)   :  0.003 0.002 0.004 0.003 0.002 0.004 0.003 0.002 0.005 0.003 0.958 0.005 0.006 
  6 TMA-ZAIN-G-    (0)   :  0.049 0.020 0.645 0.067 0.015 0.053 0.016 0.013 0.033 0.011 0.028 0.034 0.015 
  7 TMA-ZAIN-G-    (0)   :  0.008 0.036 0.142 0.236 0.021 0.011 0.351 0.036 0.095 0.034 0.010 0.007 0.011 
  8 TMA-ZAIN-G-    (0)   :  0.008 0.008 0.015 0.912 0.007 0.003 0.010 0.004 0.004 0.012 0.004 0.002 0.009 
  9 TMA-ZAIN-G-    (9)   :  0.024 0.160 0.333 0.019 0.073 0.009 0.290 0.008 0.008 0.059 0.007 0.005 0.005 
 10 TMA-ZAIN-G-    (0)   :  0.035 0.216 0.134 0.076 0.042 0.010 0.406 0.014 0.012 0.037 0.003 0.004 0.011 
 11 TMA-ZAIN-G-    (0)   :  0.005 0.087 0.030 0.010 0.011 0.006 0.808 0.009 0.013 0.008 0.005 0.004 0.005 
 12 TMA-ZAIN-G-    (0)   :  0.005 0.035 0.392 0.017 0.008 0.006 0.023 0.022 0.004 0.472 0.005 0.003 0.005 
 13 TMA-ZAIN-G-    (9)   :  0.015 0.146 0.017 0.042 0.189 0.026 0.245 0.117 0.017 0.051 0.045 0.071 0.017 
 14 TMA-ZAIN-G-    (9)   :  0.007 0.055 0.010 0.008 0.015 0.010 0.025 0.830 0.005 0.012 0.003 0.012 0.008 
 15 TMA-ZAIN-G-    (0)   :  0.009 0.130 0.095 0.009 0.005 0.005 0.006 0.720 0.004 0.005 0.003 0.002 0.007 
 16 TMA-ZAIN-G-    (0)   :  0.005 0.029 0.099 0.007 0.017 0.005 0.208 0.005 0.005 0.607 0.004 0.005 0.004 
 17 TMA-ZAIN-G-    (9)   :  0.007 0.681 0.015 0.092 0.005 0.016 0.008 0.017 0.108 0.011 0.008 0.009 0.022 
 18 TMA-ZAIN-G-    (0)   :  0.007 0.010 0.010 0.017 0.005 0.099 0.005 0.013 0.012 0.015 0.758 0.006 0.045 
 19 TMA-ZAIN-G-    (0)   :  0.005 0.019 0.014 0.047 0.008 0.792 0.020 0.011 0.036 0.019 0.012 0.012 0.004 
 20 TMA-ZAIN-G-    (0)   :  0.004 0.003 0.003 0.003 0.004 0.804 0.004 0.004 0.008 0.003 0.042 0.090 0.028 
 21 TMA-ZAIN-G-    (0)   :  0.006 0.005 0.005 0.004 0.003 0.005 0.004 0.002 0.004 0.004 0.003 0.949 0.005 
 22 TMA-ZAIN-G-    (0)   :  0.002 0.002 0.003 0.003 0.003 0.012 0.003 0.004 0.010 0.003 0.058 0.889 0.006 
 23 TMA-ZAIN-G-    (0)   :  0.004 0.007 0.006 0.010 0.005 0.054 0.008 0.007 0.009 0.007 0.020 0.859 0.004 
 24 TMA-ZAIN-G-    (9)   :  0.078 0.019 0.005 0.003 0.185 0.004 0.012 0.019 0.003 0.010 0.007 0.649 0.006 
 25 TMA-ZAIN-G-    (9)   :  0.005 0.013 0.167 0.003 0.077 0.611 0.004 0.004 0.004 0.006 0.084 0.018 0.005 
 26 TMA-ZAIN-G-    (9)   :  0.008 0.083 0.215 0.016 0.099 0.007 0.019 0.010 0.011 0.011 0.005 0.025 0.489 
 27 TMA-ZAIN-G-    (0)   :  0.011 0.023 0.009 0.013 0.004 0.713 0.016 0.061 0.023 0.004 0.095 0.012 0.017 
 28 TMA-ZAIN-G-    (0)   :  0.008 0.007 0.013 0.015 0.005 0.897 0.008 0.012 0.006 0.006 0.012 0.004 0.007 
 29 TMA-ZAIN-G-    (0)   :  0.700 0.005 0.004 0.004 0.005 0.238 0.004 0.005 0.004 0.004 0.003 0.004 0.018 
 30 TMA-ZAIN-G-    (0)   :  0.041 0.326 0.042 0.017 0.078 0.315 0.057 0.055 0.009 0.044 0.004 0.005 0.007 
 31 TMA-ZAIN-G-    (0)   :  0.006 0.004 0.005 0.007 0.009 0.011 0.008 0.006 0.023 0.004 0.847 0.012 0.060 
 32 TMA-ZAIN-G-    (9)   :  0.003 0.034 0.398 0.006 0.007 0.025 0.008 0.012 0.006 0.024 0.385 0.086 0.006 
 33 TMA-ZAIN-G-   (18)   :  0.008 0.046 0.851 0.020 0.007 0.004 0.014 0.005 0.004 0.031 0.004 0.003 0.004 
 34 TMA-ZAIN-G-    (0)   :  0.004 0.005 0.838 0.007 0.008 0.010 0.013 0.004 0.005 0.019 0.058 0.022 0.006 
 35 TMA-ZAIN-G-    (9)   :  0.008 0.009 0.923 0.007 0.008 0.005 0.007 0.008 0.006 0.007 0.005 0.003 0.005 
 36 TMA-ZAIN-G-    (0)   :  0.011 0.193 0.231 0.047 0.292 0.006 0.020 0.160 0.008 0.013 0.004 0.003 0.014 
 37 TMA-ZAIN-G-    (9)   :  0.006 0.011 0.913 0.010 0.012 0.004 0.009 0.004 0.010 0.008 0.004 0.004 0.005 
 38 TMA-ZAIN-G-   (18)   :  0.005 0.043 0.312 0.005 0.013 0.026 0.008 0.033 0.013 0.009 0.495 0.031 0.007 
 39 TMA-ZAIN-G-    (0)   :  0.013 0.055 0.055 0.018 0.692 0.005 0.035 0.004 0.008 0.101 0.003 0.004 0.008 
 40 TMA-ZAIN-G-    (0)   :  0.007 0.623 0.081 0.016 0.089 0.004 0.028 0.004 0.016 0.119 0.003 0.005 0.005 
 41 TMA-ZAIN-G-    (0)   :  0.007 0.656 0.034 0.024 0.200 0.004 0.006 0.032 0.003 0.022 0.003 0.003 0.005 
 42 TMA-ZAIN-G-    (9)   :  0.008 0.772 0.008 0.043 0.009 0.004 0.005 0.118 0.005 0.009 0.003 0.002 0.014 
 43 TMA-ZAIN-G-    (0)   :  0.010 0.008 0.004 0.012 0.005 0.003 0.005 0.936 0.004 0.003 0.003 0.003 0.005 
 44 TMA-ZAIN-G-    (0)   :  0.007 0.010 0.019 0.007 0.046 0.006 0.098 0.004 0.009 0.010 0.005 0.773 0.004 
 45 TMA-ZAIN-G-    (0)   :  0.007 0.161 0.096 0.024 0.015 0.010 0.493 0.015 0.013 0.143 0.006 0.007 0.010 
 46 TMA-ZAIN-G-    (0)   :  0.003 0.003 0.003 0.003 0.005 0.004 0.005 0.004 0.009 0.003 0.003 0.950 0.005 
 47 TMA-ZAIN-G-    (0)   :  0.004 0.004 0.006 0.005 0.003 0.004 0.003 0.003 0.013 0.005 0.004 0.004 0.941 
 48 TMA-ZAIN-G-    (0)   :  0.015 0.176 0.033 0.137 0.017 0.019 0.133 0.044 0.159 0.021 0.006 0.033 0.207 
 49 TMA-ZAIN-G-    (9)   :  0.045 0.006 0.029 0.007 0.005 0.810 0.009 0.004 0.022 0.028 0.020 0.006 0.008 
 50 TMA-ZAIN-G-    (0)   :  0.003 0.061 0.005 0.011 0.024 0.851 0.006 0.008 0.005 0.010 0.007 0.007 0.003 
 51 TMA-ZAIN-G-    (0)   :  0.007 0.022 0.008 0.009 0.010 0.774 0.016 0.094 0.018 0.004 0.007 0.010 0.021 
 52 TMA-ZAIN-G-    (0)   :  0.003 0.010 0.008 0.011 0.007 0.658 0.008 0.029 0.187 0.016 0.006 0.011 0.046 
 53 TMA-ZAIN-G-    (0)   :  0.006 0.015 0.007 0.013 0.021 0.382 0.030 0.059 0.086 0.005 0.272 0.010 0.094 
 54 TMA-ZAIN-G-    (0)   :  0.003 0.011 0.006 0.010 0.004 0.009 0.006 0.010 0.005 0.007 0.005 0.004 0.920 
 55 TMA-ZAIN-G-    (0)   :  0.003 0.034 0.005 0.016 0.004 0.026 0.008 0.022 0.004 0.012 0.004 0.007 0.856 
 56 TMA-ZAIN-G-    (0)   :  0.024 0.226 0.028 0.087 0.024 0.048 0.040 0.022 0.412 0.016 0.006 0.009 0.057 
 57 TMA-ZAIN-G-    (0)   :  0.008 0.006 0.014 0.007 0.011 0.020 0.010 0.006 0.013 0.034 0.009 0.004 0.858 
 58 TMA-ZAIN-G-    (0)   :  0.007 0.014 0.010 0.032 0.004 0.719 0.007 0.008 0.011 0.012 0.039 0.107 0.031 
 59 TMA-ZAIN-G-    (0)   :  0.020 0.026 0.041 0.053 0.023 0.020 0.126 0.009 0.044 0.018 0.579 0.024 0.016 
 60 TMA-ZAIN-G-    (0)   :  0.007 0.015 0.011 0.020 0.006 0.223 0.025 0.128 0.043 0.007 0.485 0.009 0.022 
 61 TMA-ZAIN-G-    (0)   :  0.003 0.003 0.005 0.004 0.003 0.009 0.004 0.003 0.030 0.003 0.900 0.020 0.012 
 62 TMA-ZAIN-G-    (9)   :  0.008 0.043 0.060 0.012 0.024 0.036 0.032 0.005 0.003 0.044 0.701 0.019 0.012 
 63 TMA-ZAIN-G-    (0)   :  0.003 0.005 0.007 0.006 0.003 0.011 0.005 0.008 0.013 0.006 0.914 0.007 0.012 
 64 TMA-ZAIN-G-    (0)   :  0.945 0.005 0.006 0.004 0.008 0.003 0.009 0.005 0.003 0.005 0.002 0.002 0.003 
 65 TMA-ZAIN-G-    (9)   :  0.878 0.007 0.048 0.010 0.006 0.003 0.007 0.006 0.005 0.015 0.003 0.003 0.007 
 66 TMA-ZAIN-G-    (0)   :  0.882 0.010 0.018 0.007 0.016 0.004 0.031 0.005 0.005 0.012 0.003 0.003 0.004 
 67 TMA-ZAIN-G-    (0)   :  0.716 0.013 0.040 0.008 0.120 0.012 0.039 0.003 0.004 0.024 0.004 0.012 0.005 
 68 TMA-ZAIN-G-    (0)   :  0.943 0.005 0.005 0.009 0.004 0.003 0.005 0.006 0.004 0.005 0.002 0.002 0.005 
 69 TMA-ZAIN-G-    (0)   :  0.720 0.006 0.057 0.007 0.037 0.017 0.033 0.016 0.023 0.030 0.019 0.025 0.009 
 70 TMA-ZAIN-G-    (0)   :  0.012 0.008 0.010 0.004 0.878 0.004 0.054 0.005 0.004 0.010 0.003 0.005 0.003 
 71 TMA-ZAIN-G-    (0)   :  0.004 0.006 0.009 0.005 0.932 0.004 0.014 0.003 0.004 0.011 0.003 0.003 0.003 
 72 TMA-ZAIN-G-    (0)   :  0.013 0.010 0.013 0.006 0.914 0.005 0.009 0.007 0.004 0.006 0.003 0.003 0.006 
 73 TMA-ZAIN-G-    (0)   :  0.005 0.006 0.017 0.006 0.856 0.023 0.006 0.003 0.004 0.008 0.023 0.029 0.015 
 74 TMA-ZAIN-G-    (0)   :  0.005 0.006 0.010 0.005 0.931 0.005 0.009 0.004 0.003 0.009 0.005 0.005 0.004 
 75 TMA-ZAIN-G-    (0)   :  0.005 0.005 0.010 0.006 0.931 0.005 0.007 0.005 0.005 0.007 0.004 0.003 0.007 
 76 TMA-ZAIN-G-    (0)   :  0.005 0.005 0.010 0.004 0.922 0.007 0.014 0.003 0.003 0.008 0.004 0.012 0.003 
 77 TMA-ZAIN-G-    (0)   :  0.005 0.009 0.006 0.004 0.935 0.005 0.008 0.005 0.007 0.005 0.003 0.005 0.004 
 78 TMA-ZAIN-G-    (0)   :  0.004 0.005 0.014 0.006 0.906 0.010 0.012 0.005 0.009 0.008 0.005 0.009 0.006 
 79 TMA-ZAIN-G-    (0)   :  0.003 0.006 0.008 0.005 0.911 0.006 0.010 0.006 0.023 0.006 0.004 0.007 0.005 
 80 TMA-ZAIN-G-    (0)   :  0.021 0.019 0.029 0.010 0.709 0.005 0.018 0.004 0.007 0.160 0.003 0.004 0.009 
 81 TMA-ZAIN-G-    (0)   :  0.005 0.010 0.017 0.010 0.857 0.007 0.028 0.008 0.030 0.014 0.004 0.006 0.005 
 82 TMA-ZAIN-G-    (0)   :  0.180 0.008 0.428 0.017 0.079 0.005 0.196 0.007 0.008 0.047 0.006 0.003 0.015 
 83 TMA-ZAIN-G-    (9)   :  0.017 0.007 0.773 0.017 0.010 0.015 0.013 0.004 0.005 0.068 0.031 0.026 0.013 
 84 TMA-ZAIN-G-    (0)   :  0.005 0.010 0.011 0.007 0.870 0.007 0.038 0.006 0.010 0.016 0.004 0.011 0.004 
 85 TMA-ZAIN-G-    (0)   :  0.003 0.003 0.004 0.004 0.004 0.004 0.004 0.004 0.956 0.004 0.004 0.004 0.004 
 86 TMA-ZAIN-G-    (0)   :  0.005 0.009 0.009 0.008 0.006 0.004 0.011 0.003 0.923 0.008 0.003 0.005 0.005 
 87 TMA-ZAIN-G-    (0)   :  0.003 0.003 0.003 0.003 0.003 0.004 0.004 0.003 0.958 0.003 0.004 0.005 0.004 
 88 TMA-ZAIN-G-    (0)   :  0.033 0.013 0.092 0.014 0.035 0.011 0.035 0.016 0.413 0.089 0.171 0.011 0.067 
 89 TMA-ZAIN-G-    (0)   :  0.029 0.012 0.029 0.010 0.043 0.006 0.042 0.039 0.315 0.033 0.024 0.029 0.387 
 90 TMA-ZAIN-G-    (0)   :  0.014 0.005 0.029 0.006 0.004 0.006 0.006 0.004 0.848 0.020 0.016 0.005 0.037 
 91 TMA-ZAIN-G-    (0)   :  0.011 0.007 0.011 0.012 0.008 0.012 0.019 0.012 0.796 0.007 0.047 0.006 0.052 
 92 TMA-ZAIN-G-    (0)   :  0.006 0.009 0.010 0.007 0.011 0.042 0.012 0.013 0.532 0.005 0.010 0.037 0.306 
 93 TMA-ZAIN-G-    (0)   :  0.008 0.007 0.007 0.008 0.007 0.069 0.010 0.022 0.257 0.004 0.048 0.014 0.539 
 94 TMA-ZAIN-G-    (0)   :  0.005 0.003 0.005 0.005 0.005 0.012 0.006 0.007 0.772 0.003 0.105 0.008 0.064 
 95 TMA-ZAIN-G-    (0)   :  0.017 0.031 0.006 0.005 0.021 0.857 0.008 0.023 0.005 0.009 0.006 0.007 0.005 
 96 TMA-ZAIN-G-    (0)   :  0.005 0.128 0.007 0.009 0.004 0.783 0.006 0.018 0.010 0.013 0.006 0.006 0.006 
 97 TMA-ZAIN-G-    (0)   :  0.007 0.004 0.004 0.007 0.017 0.011 0.010 0.008 0.009 0.004 0.900 0.007 0.013 
 98 TMA-ZAIN-G-    (0)   :  0.005 0.004 0.004 0.008 0.014 0.004 0.010 0.006 0.007 0.003 0.920 0.004 0.010 
 99 TMA-ZAIN-G-    (0)   :  0.014 0.034 0.114 0.009 0.006 0.007 0.095 0.006 0.004 0.016 0.677 0.012 0.003 
100 TMA-ZAIN-G-    (0)   :  0.005 0.003 0.004 0.005 0.006 0.015 0.007 0.007 0.036 0.003 0.867 0.016 0.024 
101 TMA-ZAIN-G-    (0)   :  0.006 0.005 0.008 0.007 0.010 0.010 0.028 0.006 0.004 0.006 0.892 0.006 0.013 
102 TMA-ZAIN-G-    (0)   :  0.011 0.058 0.016 0.010 0.016 0.042 0.019 0.032 0.038 0.063 0.449 0.238 0.009 
103 TMA-ZAIN-G-    (0)   :  0.007 0.011 0.017 0.014 0.008 0.031 0.015 0.007 0.030 0.020 0.821 0.013 0.005 
104 TMA-ZAIN-G-    (0)   :  0.002 0.004 0.004 0.005 0.003 0.006 0.003 0.004 0.003 0.004 0.950 0.006 0.005 
105 TMA-ZAIN-G-    (0)   :  0.006 0.013 0.025 0.017 0.009 0.024 0.018 0.008 0.038 0.026 0.802 0.008 0.006 
106 TMA-ZAIN-G-    (0)   :  0.047 0.508 0.030 0.047 0.086 0.005 0.100 0.093 0.008 0.064 0.004 0.003 0.006 
107 TMA-ZAIN-G-    (0)   :  0.016 0.026 0.086 0.030 0.128 0.006 0.235 0.016 0.007 0.433 0.005 0.003 0.009 
108 TMA-ZAIN-G-    (9)   :  0.006 0.049 0.528 0.011 0.014 0.034 0.035 0.033 0.060 0.010 0.157 0.050 0.015 
109 TMA-ZAIN-G-    (0)   :  0.152 0.076 0.100 0.081 0.008 0.047 0.016 0.025 0.014 0.141 0.285 0.005 0.052 
110 TMA-ZAIN-G-    (0)   :  0.008 0.080 0.136 0.077 0.018 0.097 0.246 0.015 0.020 0.076 0.063 0.146 0.017 
111 TMA-ZAIN-G-    (9)   :  0.012 0.014 0.115 0.010 0.045 0.071 0.020 0.004 0.007 0.126 0.435 0.119 0.021 
112 TMA-ZAIN-G-    (0)   :  0.020 0.165 0.058 0.063 0.019 0.124 0.080 0.033 0.014 0.087 0.255 0.061 0.022 
113 TMA-ZAIN-G-    (0)   :  0.011 0.005 0.009 0.010 0.025 0.004 0.016 0.006 0.006 0.016 0.863 0.008 0.021 
114 TMA-ZAIN-G-    (0)   :  0.003 0.003 0.004 0.003 0.003 0.006 0.003 0.002 0.006 0.004 0.950 0.010 0.004 
115 TMA-ZAIN-G-    (0)   :  0.003 0.003 0.004 0.003 0.004 0.005 0.003 0.004 0.003 0.005 0.955 0.005 0.004 
116 TMA-ZAIN-G-    (0)   :  0.008 0.006 0.772 0.015 0.009 0.004 0.009 0.005 0.005 0.150 0.005 0.003 0.009 
117 TMA-ZAIN-G-    (0)   :  0.155 0.033 0.443 0.125 0.063 0.010 0.031 0.048 0.030 0.024 0.006 0.003 0.030 
118 TMA-ZAIN-G-    (0)   :  0.019 0.011 0.665 0.013 0.013 0.006 0.009 0.019 0.006 0.223 0.005 0.003 0.008 
119 TMA-ZAIN-G-    (0)   :  0.020 0.005 0.722 0.013 0.032 0.017 0.010 0.005 0.004 0.130 0.019 0.014 0.009 
120 TMA-ZAIN-G-    (0)   :  0.014 0.010 0.737 0.018 0.017 0.009 0.010 0.035 0.012 0.120 0.007 0.004 0.010 
121 TMA-ZAIN-G-    (0)   :  0.029 0.010 0.879 0.019 0.008 0.005 0.009 0.008 0.006 0.014 0.004 0.003 0.007 
122 TMA-ZAIN-G-    (0)   :  0.017 0.023 0.706 0.076 0.021 0.008 0.045 0.008 0.056 0.022 0.004 0.005 0.009 
123 TMA-ZAIN-G-    (0)   :  0.004 0.005 0.005 0.005 0.005 0.011 0.006 0.012 0.009 0.005 0.919 0.009 0.006 
124 TMA-ZAIN-G-    (0)   :  0.003 0.021 0.006 0.923 0.004 0.005 0.007 0.007 0.006 0.007 0.004 0.003 0.003 
125 TMA-ZAIN-G-    (0)   :  0.011 0.010 0.005 0.915 0.004 0.003 0.005 0.009 0.005 0.005 0.002 0.002 0.022 
126 TMA-ZAIN-G-    (0)   :  0.004 0.017 0.007 0.912 0.004 0.003 0.006 0.017 0.005 0.012 0.003 0.003 0.006 
127 TMA-ZAIN-G-    (0)   :  0.005 0.045 0.006 0.893 0.004 0.003 0.010 0.008 0.005 0.011 0.003 0.003 0.004 
128 TMA-ZAIN-G-    (0)   :  0.011 0.015 0.014 0.913 0.005 0.004 0.010 0.006 0.005 0.006 0.003 0.003 0.005 
129 TMA-ZAIN-G-    (0)   :  0.005 0.009 0.007 0.933 0.005 0.004 0.007 0.008 0.006 0.005 0.004 0.003 0.004 
130 TMA-ZAIN-G-    (0)   :  0.005 0.006 0.006 0.919 0.004 0.004 0.004 0.019 0.005 0.007 0.004 0.002 0.015 
131 TMA-ZAIN-G-    (0)   :  0.004 0.034 0.006 0.908 0.004 0.006 0.006 0.009 0.007 0.007 0.003 0.003 0.003 
132 TMA-ZAIN-G-    (0)   :  0.017 0.024 0.017 0.882 0.008 0.004 0.009 0.008 0.005 0.008 0.003 0.003 0.012 
133 TMA-ZAIN-G-    (0)   :  0.086 0.473 0.014 0.044 0.078 0.014 0.017 0.132 0.047 0.059 0.003 0.012 0.021 
134 TMA-ZAIN-G-    (0)   :  0.063 0.108 0.011 0.316 0.072 0.007 0.012 0.220 0.041 0.115 0.003 0.008 0.025 
135 TMA-ZAIN-G-    (0)   :  0.025 0.054 0.039 0.081 0.073 0.005 0.076 0.019 0.032 0.573 0.004 0.006 0.013 
136 TMA-ZAIN-G-    (0)   :  0.579 0.040 0.153 0.034 0.031 0.005 0.060 0.006 0.005 0.066 0.005 0.005 0.011 
137 TMA-ZAIN-G-    (0)   :  0.004 0.010 0.012 0.017 0.017 0.005 0.010 0.005 0.018 0.884 0.005 0.007 0.006 
138 TMA-ZAIN-G-    (0)   :  0.014 0.072 0.090 0.387 0.018 0.003 0.082 0.029 0.004 0.279 0.003 0.003 0.017 
139 TMA-ZAIN-G-    (0)   :  0.013 0.038 0.112 0.226 0.055 0.004 0.031 0.019 0.012 0.406 0.004 0.006 0.074 
140 TMA-ZAIN-G-    (0)   :  0.009 0.038 0.146 0.017 0.015 0.006 0.482 0.006 0.005 0.265 0.004 0.004 0.004 
141 TMA-ZAIN-G-    (0)   :  0.007 0.021 0.060 0.050 0.041 0.005 0.695 0.020 0.012 0.073 0.006 0.004 0.006 
142 TMA-ZAIN-G-    (9)   :  0.011 0.027 0.123 0.017 0.018 0.004 0.550 0.006 0.006 0.227 0.003 0.003 0.004 
143 TMA-ZAIN-G-    (0)   :  0.014 0.061 0.390 0.114 0.017 0.005 0.239 0.010 0.007 0.130 0.004 0.003 0.005 
144 TMA-ZAIN-G-    (0)   :  0.008 0.156 0.266 0.064 0.011 0.016 0.059 0.013 0.017 0.348 0.004 0.008 0.031 
145 TMA-ZAIN-G-    (0)   :  0.282 0.018 0.060 0.060 0.045 0.004 0.058 0.007 0.005 0.441 0.003 0.002 0.015 
146 TMA-ZAIN-G-    (0)   :  0.005 0.005 0.010 0.005 0.012 0.003 0.937 0.004 0.004 0.007 0.003 0.003 0.003 
147 TMA-ZAIN-G-    (9)   :  0.008 0.006 0.017 0.006 0.009 0.003 0.924 0.005 0.004 0.008 0.003 0.003 0.003 
148 TMA-ZAIN-G-    (0)   :  0.004 0.024 0.008 0.026 0.009 0.003 0.833 0.055 0.004 0.007 0.003 0.003 0.022 
149 TMA-ZAIN-G-    (0)   :  0.006 0.037 0.072 0.049 0.012 0.011 0.663 0.025 0.026 0.012 0.022 0.015 0.051 
150 TMA-ZAIN-G-    (0)   :  0.075 0.016 0.330 0.019 0.020 0.008 0.351 0.018 0.015 0.035 0.023 0.011 0.080 
151 TMA-ZAIN-G-    (0)   :  0.009 0.125 0.080 0.006 0.005 0.003 0.007 0.018 0.003 0.734 0.004 0.002 0.004 
152 TMA-ZAIN-G-    (0)   :  0.006 0.013 0.221 0.007 0.005 0.003 0.011 0.015 0.003 0.704 0.005 0.003 0.005 
153 TMA-ZAIN-G-    (0)   :  0.014 0.074 0.064 0.038 0.012 0.003 0.032 0.026 0.003 0.715 0.003 0.003 0.013 
154 TMA-ZAIN-G-    (0)   :  0.004 0.006 0.039 0.009 0.005 0.003 0.007 0.004 0.004 0.909 0.003 0.002 0.004 
155 TMA-ZAIN-G-    (0)   :  0.007 0.009 0.011 0.010 0.007 0.004 0.017 0.006 0.006 0.914 0.004 0.003 0.003 
156 TMA-ZAIN-G-    (9)   :  0.003 0.044 0.045 0.027 0.005 0.004 0.015 0.071 0.003 0.765 0.006 0.003 0.010 
157 TMA-ZAIN-G-    (0)   :  0.006 0.071 0.026 0.020 0.007 0.004 0.056 0.129 0.005 0.664 0.004 0.003 0.005 
158 TMA-ZAIN-G-    (0)   :  0.005 0.014 0.155 0.006 0.022 0.006 0.048 0.004 0.004 0.726 0.003 0.003 0.004 
159 TMA-ZAIN-G-    (0)   :  0.016 0.007 0.047 0.015 0.147 0.004 0.117 0.005 0.004 0.625 0.004 0.003 0.005 
160 TMA-ZAIN-G-    (0)   :  0.021 0.005 0.110 0.008 0.123 0.003 0.039 0.005 0.004 0.666 0.005 0.003 0.009 
161 TMA-ZAIN-G-    (0)   :  0.008 0.089 0.088 0.154 0.018 0.006 0.067 0.022 0.008 0.504 0.003 0.003 0.030 
162 TMA-ZAIN-G-    (0)   :  0.005 0.008 0.011 0.006 0.005 0.007 0.006 0.003 0.012 0.893 0.018 0.012 0.013 
163 TMA-ZAIN-G-    (0)   :  0.004 0.005 0.023 0.006 0.005 0.003 0.008 0.003 0.003 0.933 0.003 0.002 0.003 
164 TMA-ZAIN-G-    (0)   :  0.008 0.007 0.365 0.011 0.007 0.005 0.037 0.005 0.012 0.525 0.006 0.004 0.008 
165 TMA-ZAIN-G-    (0)   :  0.007 0.008 0.276 0.011 0.009 0.003 0.036 0.004 0.003 0.633 0.004 0.003 0.003 
166 TMA-ZAIN-G-    (0)   :  0.012 0.026 0.042 0.101 0.031 0.004 0.134 0.006 0.006 0.624 0.003 0.002 0.009 
167 TMA-ZAIN-G-    (0)   :  0.005 0.022 0.056 0.014 0.109 0.007 0.729 0.008 0.007 0.030 0.005 0.005 0.005 
168 TMA-ZAIN-G-    (0)   :  0.010 0.006 0.043 0.007 0.065 0.004 0.818 0.020 0.006 0.007 0.005 0.003 0.005 
169 TMA-ZAIN-G-    (0)   :  0.051 0.005 0.045 0.007 0.047 0.003 0.808 0.006 0.005 0.013 0.003 0.002 0.004 
170 TMA-ZAIN-G-    (0)   :  0.016 0.067 0.045 0.033 0.031 0.024 0.654 0.054 0.006 0.031 0.020 0.015 0.004 
171 TMA-ZAIN-G-    (0)   :  0.013 0.004 0.028 0.005 0.054 0.003 0.866 0.004 0.004 0.010 0.003 0.003 0.003 
172 TMA-ZAIN-G-    (0)   :  0.005 0.441 0.013 0.033 0.016 0.006 0.419 0.018 0.006 0.031 0.004 0.004 0.004 
173 TMA-ZAIN-G-    (0)   :  0.007 0.632 0.020 0.048 0.018 0.007 0.215 0.017 0.008 0.016 0.004 0.003 0.004 
174 TMA-ZAIN-G-    (0)   :  0.036 0.084 0.047 0.602 0.022 0.003 0.137 0.005 0.005 0.047 0.003 0.003 0.007 
175 TMA-ZAIN-G-    (0)   :  0.006 0.005 0.015 0.006 0.125 0.003 0.812 0.004 0.005 0.009 0.003 0.003 0.003 
176 TMA-ZAIN-G-    (0)   :  0.005 0.006 0.010 0.006 0.030 0.003 0.912 0.004 0.004 0.012 0.003 0.003 0.003 
177 TMA-ZAIN-G-    (0)   :  0.003 0.010 0.012 0.006 0.012 0.003 0.919 0.011 0.004 0.012 0.003 0.003 0.003 
178 TMA-ZAIN-G-    (0)   :  0.004 0.331 0.042 0.009 0.018 0.007 0.515 0.037 0.005 0.020 0.005 0.004 0.004 
179 TMA-ZAIN-G-    (0)   :  0.005 0.040 0.018 0.009 0.012 0.004 0.869 0.015 0.005 0.015 0.003 0.002 0.004 
180 TMA-ZAIN-G-    (0)   :  0.111 0.295 0.068 0.359 0.006 0.008 0.047 0.031 0.029 0.022 0.004 0.007 0.011 
181 TMA-ZAIN-G-    (0)   :  0.006 0.729 0.014 0.020 0.012 0.004 0.010 0.131 0.004 0.058 0.005 0.003 0.005 
182 TMA-ZAIN-G-    (0)   :  0.003 0.266 0.019 0.384 0.005 0.005 0.040 0.210 0.007 0.048 0.007 0.003 0.005 
183 TMA-ZAIN-G-    (0)   :  0.005 0.818 0.027 0.011 0.007 0.004 0.012 0.088 0.005 0.013 0.004 0.003 0.004 
184 TMA-ZAIN-G-    (0)   :  0.007 0.763 0.028 0.017 0.011 0.012 0.014 0.026 0.020 0.041 0.027 0.014 0.019 
185 TMA-ZAIN-G-    (0)   :  0.006 0.846 0.009 0.027 0.007 0.015 0.008 0.004 0.013 0.013 0.013 0.016 0.023 
186 TMA-ZAIN-G-    (9)   :  0.006 0.850 0.011 0.058 0.016 0.009 0.010 0.005 0.005 0.014 0.004 0.004 0.006 
187 TMA-ZAIN-G-    (0)   :  0.015 0.845 0.007 0.016 0.029 0.005 0.012 0.016 0.005 0.041 0.004 0.003 0.003 
188 TMA-ZAIN-G-    (0)   :  0.021 0.869 0.017 0.015 0.033 0.004 0.005 0.006 0.003 0.015 0.003 0.003 0.004 
189 TMA-ZAIN-G-    (0)   :  0.007 0.938 0.005 0.011 0.005 0.003 0.007 0.006 0.004 0.006 0.002 0.003 0.002 
190 TMA-ZAIN-G-    (0)   :  0.018 0.822 0.036 0.009 0.024 0.006 0.036 0.027 0.004 0.007 0.003 0.003 0.006 
191 TMA-ZAIN-G-    (0)   :  0.005 0.899 0.006 0.007 0.007 0.007 0.010 0.004 0.014 0.007 0.011 0.014 0.009 
192 TMA-ZAIN-G-    (0)   :  0.004 0.894 0.005 0.014 0.011 0.005 0.008 0.016 0.014 0.011 0.004 0.009 0.004 
193 TMA-ZAIN-G-    (0)   :  0.004 0.005 0.003 0.004 0.003 0.003 0.004 0.958 0.003 0.003 0.003 0.003 0.004 
194 TMA-ZAIN-G-    (0)   :  0.013 0.066 0.007 0.030 0.007 0.015 0.009 0.820 0.005 0.005 0.003 0.006 0.015 
195 TMA-ZAIN-G-    (0)   :  0.031 0.066 0.018 0.031 0.028 0.008 0.034 0.762 0.005 0.007 0.003 0.003 0.006 
196 TMA-ZAIN-G-    (0)   :  0.014 0.017 0.009 0.010 0.005 0.005 0.007 0.909 0.004 0.007 0.003 0.003 0.007 
197 TMA-ZAIN-G-    (0)   :  0.011 0.010 0.008 0.012 0.010 0.004 0.010 0.912 0.007 0.007 0.003 0.003 0.004 
198 TMA-ZAIN-G-    (0)   :  0.007 0.016 0.009 0.007 0.009 0.003 0.013 0.911 0.004 0.010 0.003 0.003 0.005 
199 TMA-ZAIN-G-    (0)   :  0.005 0.882 0.010 0.039 0.010 0.006 0.008 0.006 0.005 0.016 0.003 0.004 0.007 
200 TMA-ZAIN-G-    (0)   :  0.003 0.006 0.004 0.003 0.003 0.041 0.004 0.051 0.006 0.002 0.015 0.857 0.004 
201 TMA-ZAIN-G-    (0)   :  0.005 0.003 0.004 0.004 0.005 0.015 0.005 0.003 0.006 0.003 0.007 0.937 0.004 
202 TMA-ZAIN-G-    (0)   :  0.003 0.012 0.006 0.004 0.003 0.013 0.007 0.040 0.004 0.005 0.014 0.885 0.002 
203 TMA-ZAIN-G-    (0)   :  0.004 0.028 0.028 0.056 0.009 0.004 0.022 0.792 0.005 0.026 0.019 0.003 0.005 
204 TMA-ZAIN-G-    (9)   :  0.011 0.008 0.007 0.008 0.021 0.012 0.026 0.007 0.067 0.004 0.005 0.797 0.028 
205 TMA-ZAIN-G-    (0)   :  0.007 0.007 0.032 0.011 0.014 0.019 0.013 0.008 0.022 0.091 0.007 0.755 0.014 
206 TMA-ZAIN-G-    (9)   :  0.011 0.024 0.016 0.007 0.009 0.027 0.023 0.058 0.141 0.007 0.013 0.652 0.012 
207 TMA-ZAIN-G-    (9)   :  0.039 0.018 0.642 0.017 0.013 0.029 0.011 0.007 0.057 0.099 0.010 0.008 0.050 
208 TMA-ZAIN-G-    (0)   :  0.042 0.028 0.627 0.007 0.019 0.005 0.193 0.004 0.002 0.063 0.003 0.003 0.004 
209 TMA-ZAIN-G-    (0)   :  0.016 0.078 0.024 0.315 0.072 0.004 0.144 0.187 0.008 0.082 0.003 0.003 0.064 
210 TMA-ZAIN-G-    (0)   :  0.102 0.120 0.024 0.093 0.065 0.006 0.135 0.344 0.013 0.074 0.004 0.003 0.015 
211 TMA-ZAIN-G-    (0)   :  0.028 0.113 0.036 0.476 0.051 0.024 0.123 0.066 0.010 0.027 0.012 0.023 0.011 
212 TMA-ZAIN-G-    (0)   :  0.013 0.262 0.076 0.052 0.006 0.005 0.486 0.022 0.015 0.049 0.003 0.004 0.006 
213 TMA-ZAIN-G-    (0)   :  0.007 0.292 0.016 0.039 0.026 0.005 0.261 0.036 0.005 0.296 0.004 0.004 0.009 
214 TMA-ZAIN-G-    (0)   :  0.057 0.189 0.032 0.212 0.074 0.005 0.074 0.035 0.005 0.299 0.003 0.004 0.009 
215 TMA-ZAIN-G-    (0)   :  0.005 0.428 0.083 0.013 0.063 0.180 0.156 0.005 0.004 0.044 0.004 0.014 0.003 
216 TMA-ZAIN-G-    (0)   :  0.007 0.655 0.022 0.145 0.015 0.007 0.050 0.016 0.006 0.054 0.003 0.005 0.015 
217 TMA-ZAIN-G-    (0)   :  0.132 0.072 0.021 0.238 0.139 0.004 0.225 0.064 0.007 0.085 0.003 0.003 0.008 
218 TMA-ZAIN-G-    (0)   :  0.014 0.007 0.006 0.012 0.004 0.921 0.009 0.004 0.005 0.005 0.005 0.004 0.005 
219 TMA-ZAIN-G-    (0)   :  0.003 0.006 0.004 0.008 0.004 0.922 0.003 0.004 0.018 0.004 0.005 0.012 0.006 
220 TMA-ZAIN-G-    (0)   :  0.011 0.007 0.136 0.005 0.007 0.759 0.007 0.005 0.011 0.014 0.028 0.005 0.006 
221 TMA-ZAIN-G-    (0)   :  0.006 0.023 0.009 0.017 0.007 0.869 0.013 0.007 0.012 0.009 0.004 0.018 0.005 
222 TMA-ZAIN-G-    (0)   :  0.015 0.008 0.016 0.015 0.008 0.815 0.011 0.006 0.030 0.016 0.036 0.010 0.015 
223 TMA-ZAIN-G-    (0)   :  0.004 0.004 0.004 0.004 0.004 0.938 0.004 0.003 0.012 0.003 0.007 0.009 0.005 
224 TMA-ZAIN-G-    (0)   :  0.005 0.013 0.004 0.032 0.005 0.742 0.006 0.009 0.128 0.006 0.022 0.019 0.008 
225 TMA-ZAIN-G-    (0)   :  0.003 0.006 0.004 0.004 0.003 0.931 0.005 0.012 0.006 0.003 0.010 0.010 0.004 
226 TMA-ZAIN-G-    (0)   :  0.006 0.010 0.008 0.005 0.008 0.886 0.008 0.023 0.010 0.007 0.015 0.009 0.005 
227 TMA-ZAIN-G-    (0)   :  0.004 0.013 0.010 0.005 0.008 0.867 0.013 0.023 0.006 0.008 0.011 0.028 0.004 
228 TMA-ZAIN-G-    (0)   :  0.008 0.009 0.018 0.006 0.030 0.829 0.022 0.007 0.021 0.012 0.019 0.014 0.005 
229 TMA-ZAIN-G-    (0)   :  0.013 0.003 0.004 0.003 0.003 0.837 0.006 0.003 0.010 0.002 0.033 0.077 0.006 
230 TMA-ZAIN-G-    (0)   :  0.015 0.027 0.010 0.067 0.043 0.339 0.061 0.014 0.327 0.005 0.067 0.011 0.014 
231 TMA-ZAIN-G-    (0)   :  0.011 0.011 0.033 0.016 0.023 0.100 0.028 0.012 0.051 0.046 0.124 0.531 0.013 
232 TMA-ZAIN-G-    (9)   :  0.038 0.023 0.011 0.047 0.009 0.034 0.012 0.009 0.022 0.011 0.288 0.485 0.011 
233 TMA-ZAIN-G-    (0)   :  0.039 0.009 0.005 0.020 0.030 0.799 0.016 0.008 0.026 0.010 0.006 0.019 0.012 
234 TMA-ZAIN-G-    (0)   :  0.008 0.005 0.011 0.004 0.005 0.554 0.007 0.012 0.007 0.008 0.283 0.064 0.030 
235 TMA-ZAIN-G-    (0)   :  0.005 0.079 0.012 0.005 0.063 0.458 0.008 0.025 0.049 0.011 0.247 0.029 0.009 
236 TMA-ZAIN-G-    (0)   :  0.008 0.013 0.014 0.008 0.015 0.620 0.014 0.031 0.099 0.011 0.107 0.056 0.004 
237 TMA-ZAIN-G-    (0)   :  0.011 0.013 0.015 0.031 0.147 0.242 0.119 0.009 0.141 0.015 0.237 0.014 0.005 
238 TMA-ZAIN-G-    (0)   :  0.004 0.018 0.024 0.018 0.028 0.762 0.023 0.007 0.007 0.030 0.039 0.036 0.004 
239 TMA-ZAIN-G-    (0)   :  0.016 0.035 0.025 0.008 0.003 0.005 0.004 0.102 0.028 0.003 0.004 0.734 0.033 
240 TMA-ZAIN-G-    (0)   :  0.003 0.003 0.003 0.003 0.005 0.004 0.005 0.004 0.009 0.002 0.003 0.949 0.007 
241 TMA-ZAIN-G-    (0)   :  0.005 0.005 0.005 0.004 0.013 0.004 0.014 0.004 0.005 0.007 0.004 0.926 0.005 
242 TMA-ZAIN-G-    (0)   :  0.005 0.006 0.007 0.004 0.007 0.004 0.008 0.003 0.003 0.007 0.003 0.941 0.004 
243 TMA-ZAIN-G-    (0)   :  0.009 0.006 0.007 0.005 0.014 0.004 0.017 0.004 0.005 0.008 0.003 0.913 0.006 
244 TMA-ZAIN-G-    (0)   :  0.008 0.009 0.012 0.004 0.015 0.004 0.015 0.003 0.003 0.018 0.004 0.902 0.004 
245 TMA-ZAIN-G-    (9)   :  0.002 0.004 0.003 0.003 0.004 0.004 0.004 0.003 0.003 0.004 0.004 0.960 0.003 
246 TMA-ZAIN-G-    (0)   :  0.003 0.003 0.003 0.003 0.003 0.005 0.004 0.003 0.005 0.003 0.003 0.959 0.003 
247 TMA-ZAIN-G-    (0)   :  0.006 0.005 0.006 0.004 0.003 0.004 0.005 0.002 0.004 0.004 0.002 0.951 0.004 
248 TMA-ZAIN-G-    (0)   :  0.005 0.009 0.008 0.004 0.006 0.007 0.008 0.010 0.004 0.006 0.005 0.926 0.004 
249 TMA-ZAIN-G-    (0)   :  0.003 0.006 0.004 0.003 0.003 0.005 0.004 0.007 0.004 0.003 0.003 0.950 0.003 
250 TMA-ZAIN-G-    (0)   :  0.007 0.006 0.005 0.003 0.003 0.006 0.003 0.004 0.005 0.003 0.002 0.951 0.003 
251 TMA-ZAIN-G-    (0)   :  0.004 0.004 0.005 0.007 0.003 0.005 0.004 0.006 0.009 0.004 0.006 0.003 0.941 
252 TMA-ZAIN-G-    (0)   :  0.020 0.006 0.033 0.004 0.024 0.005 0.030 0.004 0.004 0.009 0.003 0.003 0.854 
253 TMA-ZAIN-G-    (0)   :  0.005 0.005 0.009 0.005 0.004 0.003 0.004 0.005 0.004 0.010 0.005 0.004 0.938 
254 TMA-ZAIN-G-    (9)   :  0.010 0.007 0.026 0.014 0.007 0.005 0.010 0.005 0.006 0.022 0.008 0.004 0.875 
255 TMA-ZAIN-G-    (0)   :  0.007 0.004 0.007 0.005 0.004 0.003 0.005 0.004 0.004 0.006 0.009 0.017 0.925 
256 TMA-ZAIN-G-    (0)   :  0.005 0.009 0.008 0.008 0.007 0.005 0.011 0.029 0.023 0.008 0.009 0.012 0.866 
257 TMA-ZAIN-G-    (0)   :  0.003 0.004 0.003 0.005 0.004 0.004 0.004 0.014 0.013 0.003 0.003 0.005 0.936 
258 TMA-ZAIN-G-    (0)   :  0.004 0.003 0.004 0.004 0.003 0.003 0.003 0.005 0.006 0.003 0.003 0.003 0.956 
259 TMA-ZAIN-G-    (0)   :  0.005 0.004 0.004 0.005 0.003 0.005 0.004 0.006 0.020 0.003 0.003 0.006 0.933 
260 TMA-ZAIN-G-    (0)   :  0.009 0.004 0.004 0.005 0.004 0.004 0.004 0.006 0.013 0.003 0.003 0.004 0.937 
261 TMA-ZAIN-G-   (18)   :  0.010 0.006 0.007 0.010 0.004 0.007 0.006 0.008 0.021 0.005 0.005 0.005 0.905 
262 TMA-ZAIN-G-    (0)   :  0.003 0.003 0.003 0.005 0.004 0.004 0.003 0.006 0.008 0.003 0.004 0.003 0.952 
263 TMA-ZAIN-G-    (0)   :  0.004 0.003 0.004 0.004 0.003 0.004 0.003 0.004 0.008 0.004 0.006 0.004 0.948 
264 TMA-ZAIN-G-    (0)   :  0.004 0.003 0.006 0.006 0.004 0.004 0.004 0.005 0.007 0.005 0.007 0.004 0.943 
265 TMA-ZAIN-G-    (0)   :  0.029 0.020 0.014 0.030 0.010 0.230 0.071 0.011 0.381 0.023 0.013 0.015 0.154 
266 TMA-ZAIN-G-    (0)   :  0.020 0.043 0.046 0.130 0.010 0.023 0.022 0.041 0.020 0.023 0.009 0.012 0.601 
267 TMA-ZAIN-G-    (0)   :  0.016 0.009 0.028 0.017 0.017 0.064 0.032 0.008 0.242 0.006 0.028 0.364 0.169 
268 TMA-ZAIN-G-    (0)   :  0.004 0.003 0.005 0.004 0.004 0.007 0.005 0.003 0.008 0.004 0.058 0.890 0.005 
269 TMA-ZAIN-G-    (0)   :  0.005 0.005 0.007 0.008 0.008 0.037 0.008 0.004 0.084 0.005 0.262 0.561 0.005 
270 TMA-ZAIN-G-    (0)   :  0.004 0.004 0.006 0.006 0.006 0.018 0.006 0.004 0.157 0.004 0.068 0.712 0.005 
271 TMA-ZAIN-G-    (0)   :  0.004 0.004 0.006 0.005 0.004 0.008 0.006 0.003 0.025 0.005 0.031 0.895 0.005 
272 TMA-ZAIN-G-    (0)   :  0.003 0.004 0.005 0.006 0.005 0.046 0.006 0.003 0.034 0.004 0.023 0.857 0.004 
273 TMA-ZAIN-G-    (0)   :  0.002 0.003 0.003 0.003 0.003 0.015 0.003 0.003 0.010 0.002 0.018 0.932 0.003 
274 TMA-ZAIN-G-    (0)   :  0.009 0.038 0.005 0.005 0.015 0.018 0.008 0.048 0.009 0.010 0.026 0.800 0.008 
275 TMA-ZAIN-G-    (0)   :  0.002 0.004 0.003 0.004 0.003 0.008 0.004 0.003 0.003 0.004 0.006 0.952 0.002 
276 TMA-ZAIN-G-    (0)   :  0.003 0.003 0.004 0.003 0.005 0.004 0.004 0.003 0.006 0.004 0.009 0.950 0.003 
277 TMA-ZAIN-G-    (0)   :  0.005 0.003 0.006 0.003 0.006 0.005 0.005 0.005 0.004 0.004 0.010 0.937 0.007 
278 TMA-ZAIN-G-    (0)   :  0.003 0.003 0.004 0.003 0.003 0.006 0.003 0.004 0.009 0.002 0.006 0.950 0.004 
279 TMA-ZAIN-G-    (0)   :  0.003 0.006 0.004 0.006 0.003 0.016 0.005 0.006 0.004 0.005 0.010 0.927 0.004 
280 TMA-ZAIN-G-    (0)   :  0.003 0.008 0.005 0.011 0.004 0.064 0.006 0.010 0.007 0.007 0.093 0.780 0.004 
281 TMA-ZAIN-G-    (0)   :  0.003 0.004 0.005 0.007 0.004 0.014 0.004 0.007 0.009 0.004 0.042 0.894 0.004 
282 TMA-ZAIN-G-    (9)   :  0.003 0.003 0.004 0.003 0.003 0.008 0.004 0.003 0.006 0.003 0.013 0.943 0.005 
283 TMA-ZAIN-G-    (0)   :  0.006 0.007 0.019 0.015 0.011 0.067 0.007 0.004 0.033 0.016 0.063 0.635 0.117 
284 TMA-ZAIN-G-    (0)   :  0.004 0.011 0.016 0.020 0.007 0.122 0.009 0.006 0.061 0.021 0.155 0.458 0.110 
285 TMA-ZAIN-G-    (0)   :  0.019 0.024 0.007 0.007 0.041 0.016 0.004 0.011 0.006 0.019 0.022 0.794 0.029 
286 TMA-ZAIN-G-    (0)   :  0.003 0.003 0.005 0.004 0.003 0.011 0.004 0.003 0.011 0.003 0.039 0.901 0.009 
287 TMA-ZAIN-G-    (0)   :  0.010 0.017 0.004 0.003 0.015 0.008 0.005 0.014 0.007 0.006 0.026 0.879 0.006 
288 TMA-ZAIN-G-    (0)   :  0.010 0.061 0.009 0.009 0.025 0.143 0.012 0.057 0.010 0.014 0.079 0.557 0.013 
289 TMA-ZAIN-G-    (0)   :  0.015 0.024 0.007 0.005 0.025 0.016 0.008 0.026 0.010 0.009 0.022 0.823 0.010 
290 TMA-ZAIN-G-    (0)   :  0.003 0.010 0.009 0.019 0.004 0.063 0.010 0.011 0.008 0.010 0.397 0.448 0.009 
291 TMA-ZAIN-G-    (0)   :  0.003 0.005 0.005 0.004 0.004 0.923 0.004 0.005 0.010 0.005 0.011 0.013 0.007 
292 TMA-ZAIN-G-    (0)   :  0.006 0.052 0.030 0.057 0.113 0.021 0.564 0.026 0.009 0.091 0.012 0.016 0.004 
293 TMA-ZAIN-G-    (0)   :  0.026 0.080 0.421 0.033 0.018 0.016 0.252 0.019 0.067 0.031 0.004 0.012 0.021 
294 TMA-ZAIN-G-    (0)   :  0.006 0.006 0.019 0.005 0.015 0.003 0.917 0.003 0.007 0.007 0.003 0.003 0.004 
295 TMA-ZAIN-G-    (9)   :  0.009 0.012 0.047 0.007 0.026 0.007 0.854 0.005 0.010 0.009 0.003 0.006 0.005 
296 TMA-ZAIN-G-    (0)   :  0.006 0.015 0.251 0.054 0.011 0.010 0.546 0.043 0.026 0.016 0.009 0.005 0.007 
297 TMA-ZAIN-G-    (0)   :  0.021 0.031 0.280 0.072 0.043 0.010 0.067 0.122 0.019 0.300 0.005 0.007 0.023 
298 TMA-ZAIN-G-    (0)   :  0.009 0.009 0.060 0.010 0.386 0.011 0.294 0.005 0.159 0.018 0.010 0.014 0.014 
299 TMA-ZAIN-G-    (0)   :  0.006 0.012 0.009 0.009 0.878 0.006 0.026 0.007 0.003 0.033 0.004 0.004 0.003 
300 TMA-ZAIN-G-    (0)   :  0.071 0.151 0.054 0.009 0.329 0.010 0.325 0.009 0.013 0.014 0.003 0.007 0.007 
301 TMA-ZAIN-G-    (0)   :  0.026 0.073 0.063 0.010 0.690 0.007 0.058 0.028 0.015 0.014 0.005 0.006 0.004 
302 TMA-ZAIN-G-    (9)   :  0.006 0.018 0.011 0.017 0.028 0.004 0.835 0.009 0.008 0.051 0.003 0.003 0.004 
303 TMA-ZAIN-G-    (0)   :  0.002 0.040 0.011 0.017 0.003 0.749 0.004 0.106 0.011 0.004 0.016 0.007 0.030 
304 TMA-ZAIN-G-    (0)   :  0.084 0.050 0.233 0.032 0.009 0.008 0.028 0.024 0.012 0.023 0.013 0.008 0.475 
305 TMA-ZAIN-G-    (0)   :  0.014 0.016 0.087 0.028 0.006 0.005 0.794 0.011 0.010 0.018 0.004 0.003 0.005 
306 TMA-ZAIN-G-    (0)   :  0.012 0.015 0.131 0.059 0.010 0.008 0.245 0.016 0.007 0.021 0.081 0.023 0.372 
307 TMA-ZAIN-G-    (0)   :  0.188 0.074 0.238 0.028 0.007 0.006 0.040 0.011 0.014 0.024 0.008 0.012 0.350 
308 TMA-ZAIN-G-    (0)   :  0.016 0.006 0.005 0.007 0.005 0.144 0.005 0.017 0.016 0.004 0.041 0.023 0.710 
309 TMA-ZAIN-G-    (0)   :  0.008 0.815 0.012 0.057 0.024 0.005 0.019 0.026 0.006 0.018 0.004 0.003 0.004 
310 TMA-ZAIN-G-    (0)   :  0.012 0.138 0.043 0.009 0.246 0.013 0.272 0.004 0.061 0.162 0.006 0.026 0.010 
311 TMA-ZAIN-G-    (0)   :  0.007 0.020 0.327 0.118 0.054 0.021 0.090 0.017 0.092 0.188 0.033 0.007 0.026 
312 TMA-ZAIN-G-    (0)   :  0.011 0.631 0.107 0.066 0.038 0.023 0.045 0.022 0.007 0.026 0.006 0.005 0.013 
313 TMA-ZAIN-G-    (0)   :  0.024 0.024 0.078 0.218 0.095 0.007 0.078 0.022 0.029 0.026 0.014 0.006 0.380 
314 TMA-ZAIN-G-    (0)   :  0.009 0.034 0.017 0.016 0.006 0.242 0.011 0.014 0.021 0.008 0.354 0.253 0.015 
315 TMA-ZAIN-G-    (0)   :  0.028 0.043 0.064 0.023 0.113 0.026 0.233 0.007 0.025 0.034 0.007 0.384 0.014 
316 TMA-ZAIN-G-    (0)   :  0.036 0.034 0.072 0.017 0.120 0.070 0.166 0.006 0.022 0.040 0.009 0.393 0.014 
317 TMA-ZAIN-G-    (0)   :  0.004 0.005 0.018 0.007 0.031 0.818 0.005 0.008 0.010 0.005 0.052 0.022 0.016 
318 TMA-ZAIN-G-    (9)   :  0.011 0.006 0.006 0.006 0.015 0.163 0.016 0.011 0.030 0.004 0.323 0.381 0.028 
319 TMA-ZAIN-G-    (0)   :  0.004 0.013 0.004 0.007 0.004 0.267 0.007 0.482 0.025 0.003 0.024 0.153 0.007 
320 TMA-ZAIN-G-    (0)   :  0.014 0.028 0.038 0.023 0.280 0.403 0.132 0.012 0.013 0.039 0.006 0.009 0.004 
321 TMA-ZAIN-G-    (0)   :  0.021 0.370 0.098 0.039 0.018 0.098 0.105 0.008 0.022 0.051 0.072 0.090 0.010 
322 TMA-ZAIN-G-    (0)   :  0.032 0.070 0.054 0.121 0.019 0.344 0.084 0.006 0.022 0.127 0.074 0.009 0.037 
323 TMA-ZAIN-G-    (0)   :  0.020 0.018 0.007 0.046 0.006 0.791 0.007 0.057 0.007 0.008 0.007 0.016 0.010 
324 TMA-ZAIN-G-    (0)   :  0.009 0.022 0.791 0.014 0.005 0.007 0.022 0.028 0.013 0.067 0.005 0.004 0.011 
325 TMA-ZAIN-G-    (0)   :  0.005 0.015 0.009 0.009 0.008 0.864 0.012 0.005 0.011 0.011 0.004 0.041 0.005 
326 TMA-ZAIN-G-    (0)   :  0.005 0.021 0.007 0.011 0.004 0.554 0.005 0.349 0.005 0.017 0.002 0.004 0.015 
327 TMA-ZAIN-G-    (0)   :  0.031 0.021 0.010 0.178 0.007 0.005 0.008 0.707 0.008 0.005 0.003 0.003 0.013 
328 TMA-ZAIN-G-    (0)   :  0.209 0.093 0.046 0.020 0.009 0.126 0.008 0.068 0.019 0.015 0.256 0.113 0.016 
329 TMA-ZAIN-G-    (0)   :  0.117 0.165 0.064 0.108 0.314 0.011 0.042 0.047 0.072 0.034 0.005 0.006 0.016 
330 TMA-ZAIN-G-    (0)   :  0.027 0.027 0.020 0.831 0.018 0.005 0.025 0.009 0.009 0.013 0.003 0.002 0.011 
331 TMA-ZAIN-G-    (0)   :  0.005 0.535 0.014 0.013 0.030 0.010 0.041 0.007 0.301 0.011 0.007 0.015 0.012 
332 TMA-ZAIN-G-    (0)   :  0.006 0.863 0.014 0.008 0.006 0.003 0.006 0.074 0.004 0.008 0.002 0.002 0.005 
333 TMA-ZAIN-G-    (0)   :  0.004 0.022 0.016 0.004 0.004 0.004 0.003 0.928 0.003 0.003 0.003 0.002 0.004 
334 TMA-ZAIN-G-    (0)   :  0.003 0.003 0.005 0.004 0.004 0.011 0.004 0.003 0.015 0.003 0.013 0.924 0.006 
335 TMA-ZAIN-G-    (0)   :  0.007 0.004 0.006 0.004 0.005 0.005 0.006 0.003 0.011 0.004 0.004 0.939 0.003 
336 TMA-ZAIN-G-    (0)   :  0.006 0.006 0.009 0.009 0.009 0.016 0.010 0.005 0.083 0.006 0.012 0.819 0.008 
