

----------------------------------------------------
STRUCTURE by Pritchard, Stephens and Donnelly (2000)
     and Falush, Stephens and Pritchard (2003)
       Code by Pritchard, Falush and Hubisz
             Version 2.3.4 (Jul 2012)
----------------------------------------------------



Command line arguments:   bin\structure -m C:\Users\eschumacher\Documents\GitHub\GCC_QUAC_ZAIN\Data_Files\Structure_Files\ZAIN\ZAIN_rebinned_garden_wild_nopopinfo\50-50\mainparams -e C:\Users\eschumacher\Documents\GitHub\GCC_QUAC_ZAIN\Data_Files\Structure_Files\ZAIN\ZAIN_rebinned_garden_wild_nopopinfo\50-50\extraparams 
Input File:    C:\Users\eschumacher\Documents\GitHub\GCC_QUAC_ZAIN\Data_Files\Structure_Files\ZAIN\ZAIN_rebinned_garden_wild_nopopinfo\project_data

Run parameters:
   1133 individuals
   11 loci
   14 populations assumed
   50000 Burn-in period
   50000 Reps


--------------------------------------------
Overall proportion of membership of the
sample in each of the 14 clusters

Inferred Clusters
  1      2      3      4      5      6      7      8      9     10     11     12     13     14    
0.053  0.063  0.089  0.054  0.076  0.089  0.061  0.076  0.118  0.061  0.076  0.080  0.035  0.068  

--------------------------------------------

Allele-freq. divergence among pops (Net nucleotide distance),
computed using point estimates of P.

      1       2       3       4       5       6       7       8       9      10      11      12      13      14      
 1      -    0.2842  0.3672  0.1413  0.2249  0.2839  0.1742  0.1384  0.3786  0.1190  0.1507  0.1290  0.2824  0.3805  
 2   0.2842     -    0.3060  0.1672  0.2038  0.1931  0.2295  0.1417  0.3717  0.2455  0.2958  0.2372  0.2429  0.3011  
 3   0.3672  0.3060     -    0.2583  0.2144  0.1277  0.1955  0.2731  0.1697  0.2691  0.2715  0.2603  0.2455  0.0882  
 4   0.1413  0.1672  0.2583     -    0.1799  0.1789  0.1228  0.0473  0.3403  0.1203  0.0866  0.0774  0.1744  0.2550  
 5   0.2249  0.2038  0.2144  0.1799     -    0.1712  0.1818  0.2200  0.2837  0.2416  0.2747  0.2476  0.2088  0.1877  
 6   0.2839  0.1931  0.1277  0.1789  0.1712     -    0.0950  0.1596  0.1169  0.1976  0.2471  0.1961  0.1496  0.1131  
 7   0.1742  0.2295  0.1955  0.1228  0.1818  0.0950     -    0.1242  0.2244  0.1890  0.1934  0.1527  0.1708  0.1741  
 8   0.1384  0.1417  0.2731  0.0473  0.2200  0.1596  0.1242     -    0.2928  0.1017  0.0862  0.0618  0.2002  0.2824  
 9   0.3786  0.3717  0.1697  0.3403  0.2837  0.1169  0.2244  0.2928     -    0.3042  0.3713  0.2964  0.2421  0.1977  
10   0.1190  0.2455  0.2691  0.1203  0.2416  0.1976  0.1890  0.1017  0.3042     -    0.0896  0.0513  0.2074  0.2932  
11   0.1507  0.2958  0.2715  0.0866  0.2747  0.2471  0.1934  0.0862  0.3713  0.0896     -    0.0474  0.2674  0.2876  
12   0.1290  0.2372  0.2603  0.0774  0.2476  0.1961  0.1527  0.0618  0.2964  0.0513  0.0474     -    0.1849  0.2714  
13   0.2824  0.2429  0.2455  0.1744  0.2088  0.1496  0.1708  0.2002  0.2421  0.2074  0.2674  0.1849     -    0.2497  
14   0.3805  0.3011  0.0882  0.2550  0.1877  0.1131  0.1741  0.2824  0.1977  0.2932  0.2876  0.2714  0.2497     -    

Average distances (expected heterozygosity) between individuals in same cluster:
cluster  1  : 0.3530 
cluster  2  : 0.2432 
cluster  3  : 0.4940 
cluster  4  : 0.3753 
cluster  5  : 0.3722 
cluster  6  : 0.5289 
cluster  7  : 0.4625 
cluster  8  : 0.4414 
cluster  9  : 0.4053 
cluster 10  : 0.3946 
cluster 11  : 0.3360 
cluster 12  : 0.3718 
cluster 13  : 0.2514 
cluster 14  : 0.3413 

--------------------------------------------
Estimated Ln Prob of Data   = -20633.6
Mean value of ln likelihood = -19730.3
Variance of ln likelihood   = 1806.8
Mean value of alpha         = 0.0346

Mean value of Fst_1         = 0.4359
Mean value of Fst_2         = 0.5919
Mean value of Fst_3         = 0.3866
Mean value of Fst_4         = 0.4762
Mean value of Fst_5         = 0.4535
Mean value of Fst_6         = 0.1609
Mean value of Fst_7         = 0.2947
Mean value of Fst_8         = 0.3189
Mean value of Fst_9         = 0.4373
Mean value of Fst_10         = 0.3725
Mean value of Fst_11         = 0.4178
Mean value of Fst_12         = 0.3641
Mean value of Fst_13         = 0.6214
Mean value of Fst_14         = 0.5086


Inferred ancestry of individuals:
        Label (%Miss) :  Inferred clusters
  1 TMA-ZAIN-G-    (9)   :  0.008 0.068 0.699 0.018 0.013 0.041 0.022 0.043 0.006 0.010 0.018 0.013 0.009 0.031 
  2 TMA-ZAIN-G-    (0)   :  0.004 0.007 0.713 0.007 0.015 0.009 0.007 0.016 0.005 0.168 0.013 0.010 0.013 0.014 
  3 TMA-ZAIN-G-    (0)   :  0.118 0.032 0.006 0.325 0.010 0.005 0.022 0.090 0.003 0.027 0.264 0.082 0.009 0.006 
  4 TMA-ZAIN-G-    (0)   :  0.057 0.016 0.007 0.018 0.020 0.005 0.006 0.010 0.005 0.020 0.146 0.093 0.587 0.009 
  5 TMA-ZAIN-G-    (0)   :  0.003 0.002 0.948 0.003 0.006 0.003 0.005 0.002 0.005 0.002 0.003 0.003 0.004 0.010 
  6 TMA-ZAIN-G-    (0)   :  0.081 0.014 0.034 0.204 0.019 0.032 0.365 0.039 0.033 0.017 0.037 0.056 0.045 0.023 
  7 TMA-ZAIN-G-    (0)   :  0.007 0.029 0.009 0.373 0.013 0.009 0.013 0.036 0.007 0.025 0.044 0.321 0.100 0.012 
  8 TMA-ZAIN-G-    (0)   :  0.010 0.004 0.004 0.914 0.009 0.003 0.005 0.009 0.002 0.009 0.013 0.010 0.004 0.005 
  9 TMA-ZAIN-G-    (9)   :  0.029 0.009 0.009 0.030 0.005 0.006 0.033 0.274 0.005 0.144 0.098 0.345 0.007 0.006 
 10 TMA-ZAIN-G-    (0)   :  0.035 0.013 0.003 0.104 0.009 0.006 0.030 0.285 0.004 0.062 0.053 0.382 0.011 0.003 
 11 TMA-ZAIN-G-    (0)   :  0.004 0.009 0.004 0.011 0.005 0.006 0.005 0.104 0.004 0.010 0.008 0.812 0.011 0.006 
 12 TMA-ZAIN-G-    (0)   :  0.006 0.027 0.005 0.016 0.005 0.006 0.009 0.039 0.003 0.008 0.783 0.084 0.005 0.005 
 13 TMA-ZAIN-G-    (9)   :  0.019 0.120 0.038 0.063 0.018 0.024 0.014 0.207 0.057 0.235 0.040 0.114 0.014 0.036 
 14 TMA-ZAIN-G-    (9)   :  0.007 0.819 0.003 0.009 0.008 0.010 0.010 0.068 0.012 0.017 0.010 0.020 0.005 0.003 
 15 TMA-ZAIN-G-    (0)   :  0.009 0.719 0.003 0.014 0.007 0.006 0.006 0.201 0.002 0.007 0.010 0.008 0.004 0.003 
 16 TMA-ZAIN-G-    (0)   :  0.005 0.005 0.003 0.009 0.003 0.005 0.006 0.027 0.005 0.013 0.400 0.510 0.006 0.004 
 17 TMA-ZAIN-G-    (9)   :  0.007 0.016 0.009 0.103 0.020 0.018 0.015 0.670 0.009 0.006 0.018 0.007 0.096 0.006 
 18 TMA-ZAIN-G-    (0)   :  0.007 0.010 0.025 0.013 0.041 0.095 0.019 0.007 0.006 0.004 0.013 0.005 0.018 0.738 
 19 TMA-ZAIN-G-    (0)   :  0.006 0.013 0.011 0.069 0.004 0.585 0.138 0.027 0.022 0.009 0.023 0.019 0.050 0.024 
 20 TMA-ZAIN-G-    (0)   :  0.005 0.003 0.031 0.004 0.036 0.798 0.008 0.003 0.053 0.005 0.003 0.004 0.006 0.042 
 21 TMA-ZAIN-G-    (0)   :  0.005 0.002 0.003 0.004 0.005 0.004 0.005 0.005 0.948 0.003 0.004 0.005 0.004 0.003 
 22 TMA-ZAIN-G-    (0)   :  0.003 0.003 0.043 0.003 0.006 0.014 0.009 0.003 0.822 0.003 0.003 0.003 0.010 0.076 
 23 TMA-ZAIN-G-    (0)   :  0.004 0.007 0.012 0.010 0.004 0.034 0.031 0.008 0.813 0.006 0.006 0.008 0.010 0.048 
 24 TMA-ZAIN-G-    (9)   :  0.102 0.025 0.007 0.003 0.006 0.003 0.003 0.019 0.642 0.159 0.008 0.009 0.003 0.009 
 25 TMA-ZAIN-G-    (9)   :  0.005 0.004 0.180 0.005 0.004 0.582 0.009 0.015 0.009 0.154 0.016 0.006 0.003 0.009 
 26 TMA-ZAIN-G-    (9)   :  0.008 0.013 0.010 0.035 0.437 0.012 0.005 0.161 0.026 0.201 0.029 0.047 0.011 0.006 
 27 TMA-ZAIN-G-    (0)   :  0.007 0.076 0.074 0.010 0.014 0.066 0.662 0.019 0.017 0.005 0.004 0.012 0.022 0.012 
 28 TMA-ZAIN-G-    (0)   :  0.004 0.008 0.006 0.009 0.005 0.014 0.911 0.006 0.003 0.004 0.005 0.006 0.005 0.014 
 29 TMA-ZAIN-G-    (0)   :  0.709 0.006 0.003 0.004 0.017 0.225 0.005 0.006 0.004 0.006 0.004 0.004 0.003 0.004 
 30 TMA-ZAIN-G-    (0)   :  0.031 0.065 0.004 0.016 0.005 0.038 0.420 0.232 0.004 0.086 0.052 0.034 0.007 0.004 
 31 TMA-ZAIN-G-    (0)   :  0.005 0.005 0.840 0.006 0.056 0.011 0.006 0.004 0.010 0.008 0.004 0.006 0.018 0.020 
 32 TMA-ZAIN-G-    (9)   :  0.004 0.017 0.056 0.009 0.005 0.050 0.005 0.114 0.026 0.040 0.148 0.043 0.005 0.476 
 33 TMA-ZAIN-G-   (18)   :  0.015 0.006 0.005 0.077 0.004 0.004 0.007 0.395 0.003 0.031 0.323 0.122 0.004 0.004 
 34 TMA-ZAIN-G-    (0)   :  0.007 0.008 0.058 0.015 0.007 0.015 0.009 0.043 0.018 0.073 0.462 0.159 0.005 0.122 
 35 TMA-ZAIN-G-    (9)   :  0.067 0.037 0.007 0.032 0.015 0.011 0.018 0.228 0.003 0.136 0.252 0.157 0.011 0.025 
 36 TMA-ZAIN-G-    (0)   :  0.010 0.103 0.004 0.080 0.014 0.006 0.007 0.287 0.003 0.405 0.030 0.040 0.007 0.004 
 37 TMA-ZAIN-G-    (9)   :  0.017 0.006 0.009 0.070 0.014 0.008 0.036 0.256 0.009 0.115 0.196 0.196 0.061 0.007 
 38 TMA-ZAIN-G-   (18)   :  0.007 0.034 0.682 0.008 0.006 0.035 0.005 0.079 0.008 0.040 0.048 0.029 0.008 0.013 
 39 TMA-ZAIN-G-    (0)   :  0.012 0.004 0.003 0.020 0.008 0.004 0.008 0.064 0.004 0.754 0.065 0.042 0.008 0.003 
 40 TMA-ZAIN-G-    (0)   :  0.007 0.004 0.004 0.016 0.005 0.005 0.004 0.609 0.005 0.129 0.172 0.022 0.016 0.003 
 41 TMA-ZAIN-G-    (0)   :  0.006 0.028 0.003 0.026 0.005 0.003 0.005 0.707 0.003 0.184 0.018 0.006 0.003 0.003 
 42 TMA-ZAIN-G-    (9)   :  0.008 0.115 0.003 0.044 0.016 0.004 0.003 0.771 0.002 0.011 0.008 0.005 0.005 0.003 
 43 TMA-ZAIN-G-    (0)   :  0.009 0.936 0.003 0.012 0.005 0.004 0.003 0.008 0.002 0.004 0.004 0.004 0.004 0.003 
 44 TMA-ZAIN-G-    (0)   :  0.009 0.004 0.006 0.008 0.003 0.015 0.003 0.012 0.767 0.053 0.009 0.100 0.007 0.004 
 45 TMA-ZAIN-G-    (0)   :  0.005 0.015 0.005 0.019 0.008 0.007 0.009 0.163 0.005 0.014 0.090 0.640 0.013 0.004 
 46 TMA-ZAIN-G-    (0)   :  0.003 0.004 0.003 0.003 0.006 0.005 0.003 0.003 0.945 0.005 0.002 0.004 0.010 0.003 
 47 TMA-ZAIN-G-    (0)   :  0.004 0.003 0.003 0.005 0.940 0.004 0.004 0.004 0.003 0.004 0.005 0.003 0.013 0.005 
 48 TMA-ZAIN-G-    (0)   :  0.017 0.049 0.005 0.192 0.170 0.013 0.058 0.164 0.032 0.017 0.016 0.113 0.144 0.008 
 49 TMA-ZAIN-G-    (9)   :  0.050 0.004 0.005 0.010 0.007 0.788 0.013 0.008 0.006 0.006 0.034 0.022 0.021 0.026 
 50 TMA-ZAIN-G-    (0)   :  0.003 0.009 0.015 0.012 0.003 0.814 0.023 0.069 0.005 0.023 0.007 0.006 0.005 0.005 
 51 TMA-ZAIN-G-    (0)   :  0.007 0.056 0.006 0.011 0.018 0.804 0.024 0.021 0.007 0.008 0.004 0.013 0.015 0.007 
 52 TMA-ZAIN-G-    (0)   :  0.003 0.015 0.005 0.009 0.032 0.721 0.027 0.008 0.008 0.007 0.011 0.007 0.140 0.006 
 53 TMA-ZAIN-G-    (0)   :  0.006 0.043 0.206 0.012 0.067 0.536 0.009 0.013 0.007 0.016 0.004 0.017 0.054 0.010 
 54 TMA-ZAIN-G-    (0)   :  0.003 0.011 0.004 0.011 0.910 0.008 0.010 0.010 0.004 0.005 0.007 0.007 0.004 0.007 
 55 TMA-ZAIN-G-    (0)   :  0.003 0.023 0.003 0.014 0.837 0.022 0.024 0.035 0.008 0.004 0.009 0.008 0.003 0.007 
 56 TMA-ZAIN-G-    (0)   :  0.019 0.029 0.009 0.110 0.047 0.032 0.070 0.219 0.009 0.024 0.014 0.037 0.378 0.004 
 57 TMA-ZAIN-G-    (0)   :  0.009 0.005 0.011 0.008 0.852 0.024 0.006 0.006 0.003 0.011 0.038 0.009 0.011 0.007 
 58 TMA-ZAIN-G-    (0)   :  0.008 0.009 0.018 0.042 0.043 0.303 0.228 0.020 0.141 0.004 0.015 0.009 0.015 0.144 
 59 TMA-ZAIN-G-    (0)   :  0.014 0.012 0.525 0.089 0.017 0.014 0.034 0.036 0.027 0.021 0.022 0.122 0.038 0.030 
 60 TMA-ZAIN-G-    (0)   :  0.007 0.130 0.305 0.027 0.018 0.174 0.124 0.017 0.009 0.006 0.006 0.021 0.041 0.115 
 61 TMA-ZAIN-G-    (0)   :  0.003 0.004 0.882 0.004 0.014 0.009 0.006 0.003 0.017 0.003 0.004 0.005 0.030 0.018 
 62 TMA-ZAIN-G-    (9)   :  0.007 0.006 0.798 0.009 0.011 0.016 0.041 0.021 0.014 0.016 0.029 0.021 0.003 0.007 
 63 TMA-ZAIN-G-    (0)   :  0.003 0.015 0.617 0.013 0.017 0.027 0.017 0.011 0.009 0.003 0.011 0.009 0.016 0.232 
 64 TMA-ZAIN-G-    (0)   :  0.946 0.005 0.002 0.004 0.003 0.002 0.003 0.006 0.002 0.009 0.004 0.007 0.003 0.002 
 65 TMA-ZAIN-G-    (9)   :  0.913 0.006 0.003 0.009 0.007 0.003 0.006 0.006 0.002 0.006 0.022 0.008 0.005 0.004 
 66 TMA-ZAIN-G-    (0)   :  0.899 0.005 0.003 0.009 0.004 0.003 0.004 0.010 0.003 0.016 0.012 0.025 0.005 0.003 
 67 TMA-ZAIN-G-    (0)   :  0.743 0.003 0.005 0.007 0.005 0.009 0.012 0.015 0.015 0.109 0.021 0.049 0.004 0.003 
 68 TMA-ZAIN-G-    (0)   :  0.944 0.006 0.002 0.010 0.004 0.003 0.003 0.005 0.002 0.004 0.005 0.005 0.004 0.003 
 69 TMA-ZAIN-G-    (0)   :  0.724 0.016 0.011 0.008 0.008 0.025 0.006 0.006 0.025 0.033 0.033 0.054 0.021 0.031 
 70 TMA-ZAIN-G-    (0)   :  0.012 0.006 0.003 0.005 0.003 0.004 0.005 0.008 0.004 0.888 0.009 0.047 0.004 0.003 
 71 TMA-ZAIN-G-    (0)   :  0.004 0.003 0.003 0.004 0.003 0.003 0.003 0.006 0.003 0.936 0.010 0.014 0.003 0.003 
 72 TMA-ZAIN-G-    (0)   :  0.015 0.007 0.003 0.006 0.007 0.004 0.008 0.012 0.004 0.909 0.007 0.010 0.004 0.003 
 73 TMA-ZAIN-G-    (0)   :  0.005 0.003 0.018 0.006 0.014 0.016 0.017 0.006 0.022 0.858 0.009 0.006 0.004 0.015 
 74 TMA-ZAIN-G-    (0)   :  0.005 0.003 0.006 0.006 0.005 0.006 0.005 0.005 0.005 0.925 0.009 0.010 0.003 0.004 
 75 TMA-ZAIN-G-    (0)   :  0.005 0.005 0.004 0.006 0.007 0.005 0.005 0.005 0.003 0.928 0.009 0.009 0.005 0.005 
 76 TMA-ZAIN-G-    (0)   :  0.005 0.003 0.005 0.004 0.003 0.009 0.004 0.005 0.014 0.914 0.008 0.019 0.003 0.003 
 77 TMA-ZAIN-G-    (0)   :  0.006 0.006 0.002 0.005 0.004 0.005 0.005 0.009 0.005 0.930 0.004 0.007 0.009 0.003 
 78 TMA-ZAIN-G-    (0)   :  0.005 0.005 0.005 0.006 0.006 0.012 0.007 0.006 0.010 0.904 0.008 0.011 0.010 0.005 
 79 TMA-ZAIN-G-    (0)   :  0.004 0.007 0.003 0.005 0.004 0.007 0.005 0.007 0.007 0.909 0.005 0.010 0.024 0.004 
 80 TMA-ZAIN-G-    (0)   :  0.022 0.004 0.003 0.012 0.011 0.004 0.007 0.019 0.004 0.793 0.090 0.024 0.006 0.003 
 81 TMA-ZAIN-G-    (0)   :  0.005 0.008 0.004 0.010 0.005 0.007 0.007 0.012 0.006 0.864 0.011 0.030 0.027 0.004 
 82 TMA-ZAIN-G-    (0)   :  0.179 0.007 0.005 0.021 0.015 0.005 0.007 0.008 0.003 0.181 0.085 0.466 0.009 0.008 
 83 TMA-ZAIN-G-    (9)   :  0.050 0.006 0.031 0.038 0.018 0.013 0.042 0.010 0.026 0.019 0.595 0.100 0.006 0.046 
 84 TMA-ZAIN-G-    (0)   :  0.005 0.006 0.004 0.007 0.004 0.008 0.005 0.011 0.011 0.896 0.012 0.019 0.010 0.003 
 85 TMA-ZAIN-G-    (0)   :  0.003 0.004 0.004 0.004 0.004 0.004 0.004 0.003 0.004 0.003 0.003 0.003 0.953 0.004 
 86 TMA-ZAIN-G-    (0)   :  0.005 0.003 0.004 0.008 0.005 0.004 0.005 0.007 0.006 0.006 0.009 0.012 0.922 0.003 
 87 TMA-ZAIN-G-    (0)   :  0.003 0.003 0.004 0.004 0.003 0.004 0.004 0.003 0.005 0.003 0.003 0.004 0.954 0.004 
 88 TMA-ZAIN-G-    (0)   :  0.050 0.018 0.188 0.016 0.083 0.009 0.009 0.011 0.011 0.037 0.133 0.074 0.342 0.020 
 89 TMA-ZAIN-G-    (0)   :  0.026 0.049 0.055 0.013 0.413 0.007 0.004 0.015 0.035 0.049 0.035 0.037 0.251 0.010 
 90 TMA-ZAIN-G-    (0)   :  0.014 0.004 0.004 0.005 0.039 0.007 0.006 0.005 0.004 0.004 0.023 0.013 0.835 0.037 
 91 TMA-ZAIN-G-    (0)   :  0.012 0.014 0.089 0.014 0.038 0.006 0.017 0.008 0.006 0.008 0.008 0.012 0.763 0.006 
 92 TMA-ZAIN-G-    (0)   :  0.007 0.013 0.007 0.008 0.310 0.035 0.029 0.010 0.037 0.010 0.005 0.012 0.500 0.016 
 93 TMA-ZAIN-G-    (0)   :  0.008 0.024 0.058 0.007 0.543 0.023 0.103 0.006 0.014 0.007 0.004 0.009 0.182 0.010 
 94 TMA-ZAIN-G-    (0)   :  0.005 0.007 0.139 0.005 0.058 0.010 0.016 0.004 0.008 0.005 0.003 0.005 0.715 0.020 
 95 TMA-ZAIN-G-    (0)   :  0.007 0.017 0.004 0.004 0.004 0.029 0.871 0.015 0.005 0.010 0.006 0.005 0.005 0.018 
 96 TMA-ZAIN-G-    (0)   :  0.004 0.017 0.006 0.007 0.005 0.064 0.781 0.078 0.007 0.003 0.010 0.004 0.009 0.005 
 97 TMA-ZAIN-G-    (0)   :  0.006 0.006 0.690 0.012 0.014 0.022 0.005 0.003 0.006 0.021 0.004 0.007 0.007 0.197 
 98 TMA-ZAIN-G-    (0)   :  0.004 0.005 0.705 0.011 0.012 0.004 0.003 0.003 0.004 0.028 0.003 0.005 0.006 0.207 
 99 TMA-ZAIN-G-    (0)   :  0.010 0.006 0.631 0.036 0.004 0.005 0.007 0.025 0.009 0.014 0.019 0.185 0.004 0.043 
100 TMA-ZAIN-G-    (0)   :  0.005 0.005 0.877 0.004 0.018 0.025 0.006 0.003 0.011 0.005 0.003 0.005 0.023 0.011 
101 TMA-ZAIN-G-    (0)   :  0.005 0.007 0.784 0.008 0.010 0.022 0.009 0.005 0.005 0.006 0.007 0.054 0.003 0.076 
102 TMA-ZAIN-G-    (0)   :  0.009 0.012 0.011 0.008 0.005 0.035 0.014 0.021 0.071 0.012 0.013 0.012 0.038 0.741 
103 TMA-ZAIN-G-    (0)   :  0.005 0.005 0.010 0.009 0.004 0.019 0.010 0.007 0.013 0.008 0.009 0.009 0.024 0.869 
104 TMA-ZAIN-G-    (0)   :  0.002 0.003 0.006 0.003 0.003 0.005 0.004 0.003 0.006 0.003 0.003 0.003 0.003 0.953 
105 TMA-ZAIN-G-    (0)   :  0.005 0.006 0.008 0.010 0.005 0.010 0.010 0.008 0.006 0.007 0.011 0.010 0.038 0.866 
106 TMA-ZAIN-G-    (0)   :  0.048 0.086 0.004 0.054 0.006 0.004 0.006 0.556 0.003 0.112 0.055 0.056 0.007 0.004 
107 TMA-ZAIN-G-    (0)   :  0.016 0.012 0.004 0.045 0.007 0.005 0.006 0.024 0.003 0.168 0.406 0.290 0.007 0.005 
108 TMA-ZAIN-G-    (9)   :  0.007 0.032 0.304 0.021 0.011 0.046 0.011 0.179 0.028 0.082 0.068 0.134 0.048 0.028 
109 TMA-ZAIN-G-    (0)   :  0.115 0.026 0.282 0.133 0.050 0.008 0.032 0.104 0.005 0.008 0.174 0.026 0.010 0.028 
110 TMA-ZAIN-G-    (0)   :  0.007 0.018 0.055 0.100 0.015 0.098 0.027 0.108 0.126 0.030 0.118 0.235 0.022 0.041 
111 TMA-ZAIN-G-    (9)   :  0.014 0.004 0.177 0.010 0.022 0.093 0.020 0.012 0.101 0.061 0.228 0.044 0.006 0.207 
112 TMA-ZAIN-G-    (0)   :  0.023 0.035 0.087 0.103 0.020 0.051 0.026 0.188 0.030 0.021 0.074 0.083 0.012 0.248 
113 TMA-ZAIN-G-    (0)   :  0.007 0.005 0.888 0.007 0.016 0.004 0.004 0.005 0.009 0.015 0.010 0.011 0.005 0.015 
114 TMA-ZAIN-G-    (0)   :  0.002 0.002 0.951 0.003 0.004 0.004 0.004 0.002 0.009 0.002 0.003 0.003 0.005 0.005 
115 TMA-ZAIN-G-    (0)   :  0.003 0.003 0.949 0.003 0.004 0.004 0.004 0.003 0.005 0.003 0.005 0.003 0.003 0.008 
116 TMA-ZAIN-G-    (0)   :  0.010 0.007 0.005 0.017 0.014 0.004 0.009 0.007 0.003 0.013 0.868 0.028 0.006 0.010 
117 TMA-ZAIN-G-    (0)   :  0.225 0.058 0.006 0.297 0.032 0.007 0.034 0.072 0.003 0.094 0.059 0.071 0.032 0.010 
118 TMA-ZAIN-G-    (0)   :  0.033 0.036 0.006 0.021 0.009 0.007 0.014 0.020 0.003 0.013 0.807 0.016 0.007 0.008 
119 TMA-ZAIN-G-    (0)   :  0.025 0.006 0.018 0.016 0.011 0.020 0.019 0.007 0.017 0.045 0.746 0.043 0.005 0.022 
120 TMA-ZAIN-G-    (0)   :  0.031 0.103 0.007 0.038 0.013 0.011 0.032 0.020 0.004 0.027 0.648 0.032 0.018 0.016 
121 TMA-ZAIN-G-    (0)   :  0.212 0.021 0.008 0.132 0.018 0.007 0.040 0.052 0.003 0.040 0.307 0.130 0.012 0.018 
122 TMA-ZAIN-G-    (0)   :  0.027 0.009 0.005 0.219 0.012 0.006 0.094 0.084 0.007 0.053 0.137 0.214 0.127 0.005 
123 TMA-ZAIN-G-    (0)   :  0.004 0.013 0.893 0.005 0.005 0.012 0.007 0.005 0.007 0.005 0.005 0.006 0.010 0.022 
124 TMA-ZAIN-G-    (0)   :  0.004 0.006 0.004 0.908 0.003 0.005 0.006 0.031 0.003 0.005 0.007 0.007 0.006 0.005 
125 TMA-ZAIN-G-    (0)   :  0.011 0.010 0.002 0.911 0.025 0.003 0.004 0.010 0.002 0.005 0.005 0.005 0.005 0.003 
126 TMA-ZAIN-G-    (0)   :  0.004 0.020 0.003 0.905 0.006 0.004 0.004 0.023 0.003 0.004 0.010 0.006 0.005 0.004 
127 TMA-ZAIN-G-    (0)   :  0.005 0.008 0.003 0.868 0.004 0.003 0.004 0.072 0.003 0.004 0.010 0.010 0.005 0.003 
128 TMA-ZAIN-G-    (0)   :  0.013 0.006 0.003 0.905 0.004 0.003 0.008 0.023 0.003 0.005 0.008 0.010 0.005 0.004 
129 TMA-ZAIN-G-    (0)   :  0.005 0.009 0.005 0.922 0.004 0.004 0.005 0.016 0.003 0.004 0.006 0.007 0.005 0.004 
130 TMA-ZAIN-G-    (0)   :  0.005 0.018 0.004 0.912 0.015 0.004 0.005 0.009 0.002 0.004 0.008 0.004 0.005 0.005 
131 TMA-ZAIN-G-    (0)   :  0.004 0.009 0.003 0.903 0.004 0.004 0.006 0.034 0.003 0.004 0.007 0.007 0.008 0.005 
132 TMA-ZAIN-G-    (0)   :  0.015 0.007 0.003 0.895 0.013 0.003 0.007 0.022 0.002 0.006 0.010 0.010 0.005 0.003 
133 TMA-ZAIN-G-    (0)   :  0.092 0.126 0.003 0.062 0.024 0.015 0.013 0.464 0.011 0.080 0.035 0.021 0.050 0.003 
134 TMA-ZAIN-G-    (0)   :  0.075 0.275 0.004 0.265 0.023 0.008 0.005 0.111 0.009 0.071 0.090 0.016 0.044 0.003 
135 TMA-ZAIN-G-    (0)   :  0.026 0.018 0.004 0.113 0.013 0.005 0.004 0.082 0.007 0.095 0.502 0.090 0.036 0.003 
136 TMA-ZAIN-G-    (0)   :  0.596 0.006 0.007 0.042 0.014 0.004 0.009 0.052 0.006 0.034 0.089 0.130 0.006 0.004 
137 TMA-ZAIN-G-    (0)   :  0.005 0.005 0.006 0.023 0.006 0.007 0.004 0.015 0.008 0.030 0.847 0.017 0.023 0.004 
138 TMA-ZAIN-G-    (0)   :  0.012 0.023 0.004 0.475 0.014 0.003 0.003 0.098 0.003 0.021 0.248 0.089 0.004 0.004 
139 TMA-ZAIN-G-    (0)   :  0.012 0.018 0.005 0.314 0.068 0.005 0.003 0.046 0.006 0.062 0.414 0.032 0.013 0.003 
140 TMA-ZAIN-G-    (0)   :  0.008 0.006 0.003 0.022 0.003 0.004 0.009 0.058 0.004 0.018 0.228 0.627 0.005 0.003 
141 TMA-ZAIN-G-    (0)   :  0.007 0.024 0.005 0.088 0.006 0.005 0.007 0.035 0.003 0.081 0.094 0.628 0.012 0.006 
142 TMA-ZAIN-G-    (9)   :  0.012 0.006 0.003 0.023 0.004 0.003 0.006 0.036 0.003 0.030 0.260 0.602 0.007 0.004 
143 TMA-ZAIN-G-    (0)   :  0.015 0.011 0.004 0.215 0.005 0.004 0.011 0.106 0.003 0.024 0.289 0.303 0.007 0.005 
144 TMA-ZAIN-G-    (0)   :  0.008 0.013 0.003 0.081 0.031 0.012 0.032 0.182 0.008 0.012 0.440 0.159 0.015 0.005 
145 TMA-ZAIN-G-    (0)   :  0.310 0.006 0.003 0.088 0.015 0.003 0.007 0.023 0.002 0.067 0.366 0.100 0.006 0.003 
146 TMA-ZAIN-G-    (0)   :  0.005 0.004 0.003 0.005 0.003 0.003 0.003 0.005 0.003 0.020 0.008 0.931 0.004 0.003 
147 TMA-ZAIN-G-    (9)   :  0.007 0.005 0.003 0.007 0.003 0.003 0.004 0.007 0.003 0.012 0.009 0.930 0.004 0.003 
148 TMA-ZAIN-G-    (0)   :  0.004 0.075 0.003 0.039 0.025 0.003 0.003 0.034 0.003 0.010 0.006 0.786 0.004 0.003 
149 TMA-ZAIN-G-    (0)   :  0.006 0.028 0.015 0.062 0.056 0.009 0.012 0.041 0.012 0.012 0.015 0.689 0.023 0.021 
150 TMA-ZAIN-G-    (0)   :  0.059 0.020 0.011 0.025 0.067 0.007 0.015 0.017 0.010 0.016 0.028 0.683 0.013 0.029 
151 TMA-ZAIN-G-    (0)   :  0.007 0.019 0.003 0.007 0.004 0.003 0.005 0.123 0.002 0.006 0.803 0.012 0.003 0.003 
152 TMA-ZAIN-G-    (0)   :  0.006 0.016 0.004 0.006 0.004 0.003 0.005 0.013 0.002 0.005 0.911 0.018 0.003 0.004 
153 TMA-ZAIN-G-    (0)   :  0.015 0.030 0.003 0.038 0.014 0.003 0.004 0.098 0.002 0.015 0.699 0.070 0.004 0.004 
154 TMA-ZAIN-G-    (0)   :  0.004 0.005 0.002 0.007 0.004 0.003 0.004 0.007 0.002 0.004 0.940 0.009 0.004 0.004 
155 TMA-ZAIN-G-    (0)   :  0.007 0.007 0.003 0.013 0.003 0.004 0.004 0.008 0.003 0.008 0.900 0.029 0.006 0.005 
156 TMA-ZAIN-G-    (9)   :  0.004 0.074 0.005 0.033 0.012 0.005 0.004 0.056 0.003 0.006 0.744 0.048 0.003 0.005 
157 TMA-ZAIN-G-    (0)   :  0.006 0.135 0.004 0.021 0.006 0.004 0.004 0.092 0.003 0.009 0.537 0.168 0.004 0.005 
158 TMA-ZAIN-G-    (0)   :  0.006 0.004 0.003 0.008 0.005 0.007 0.006 0.016 0.004 0.031 0.651 0.252 0.004 0.003 
159 TMA-ZAIN-G-    (0)   :  0.013 0.005 0.005 0.020 0.005 0.004 0.004 0.008 0.002 0.227 0.444 0.256 0.003 0.004 
160 TMA-ZAIN-G-    (0)   :  0.021 0.005 0.004 0.013 0.009 0.003 0.003 0.006 0.002 0.135 0.707 0.083 0.005 0.005 
161 TMA-ZAIN-G-    (0)   :  0.008 0.022 0.003 0.220 0.021 0.005 0.006 0.097 0.002 0.023 0.479 0.103 0.006 0.004 
162 TMA-ZAIN-G-    (0)   :  0.006 0.003 0.014 0.005 0.009 0.005 0.008 0.008 0.010 0.006 0.890 0.007 0.010 0.019 
163 TMA-ZAIN-G-    (0)   :  0.004 0.003 0.003 0.006 0.003 0.003 0.003 0.006 0.002 0.005 0.945 0.012 0.003 0.003 
164 TMA-ZAIN-G-    (0)   :  0.008 0.004 0.005 0.010 0.008 0.004 0.007 0.006 0.005 0.008 0.798 0.119 0.013 0.006 
165 TMA-ZAIN-G-    (0)   :  0.006 0.003 0.003 0.011 0.003 0.003 0.004 0.008 0.003 0.009 0.851 0.089 0.004 0.004 
166 TMA-ZAIN-G-    (0)   :  0.012 0.006 0.003 0.194 0.010 0.003 0.004 0.043 0.002 0.045 0.390 0.281 0.005 0.003 
167 TMA-ZAIN-G-    (0)   :  0.005 0.008 0.005 0.023 0.005 0.006 0.008 0.023 0.005 0.208 0.036 0.656 0.008 0.006 
168 TMA-ZAIN-G-    (0)   :  0.012 0.026 0.006 0.007 0.005 0.005 0.005 0.010 0.003 0.279 0.008 0.625 0.005 0.004 
169 TMA-ZAIN-G-    (0)   :  0.054 0.005 0.003 0.008 0.005 0.002 0.004 0.006 0.002 0.319 0.019 0.564 0.006 0.003 
170 TMA-ZAIN-G-    (0)   :  0.021 0.075 0.022 0.064 0.004 0.041 0.009 0.127 0.013 0.112 0.048 0.449 0.007 0.009 
171 TMA-ZAIN-G-    (0)   :  0.014 0.004 0.003 0.006 0.004 0.003 0.003 0.005 0.003 0.340 0.011 0.597 0.004 0.003 
172 TMA-ZAIN-G-    (0)   :  0.005 0.018 0.003 0.048 0.004 0.006 0.005 0.648 0.004 0.020 0.020 0.207 0.006 0.004 
173 TMA-ZAIN-G-    (0)   :  0.007 0.021 0.003 0.057 0.004 0.006 0.007 0.749 0.004 0.020 0.012 0.099 0.008 0.004 
174 TMA-ZAIN-G-    (0)   :  0.030 0.004 0.003 0.735 0.006 0.003 0.005 0.060 0.002 0.026 0.042 0.076 0.005 0.003 
175 TMA-ZAIN-G-    (0)   :  0.007 0.005 0.003 0.007 0.004 0.003 0.003 0.005 0.003 0.319 0.011 0.620 0.006 0.004 
176 TMA-ZAIN-G-    (0)   :  0.005 0.005 0.003 0.007 0.003 0.003 0.003 0.007 0.003 0.098 0.014 0.842 0.005 0.003 
177 TMA-ZAIN-G-    (0)   :  0.003 0.011 0.003 0.006 0.003 0.004 0.003 0.014 0.003 0.018 0.011 0.914 0.004 0.003 
178 TMA-ZAIN-G-    (0)   :  0.004 0.032 0.005 0.011 0.004 0.006 0.006 0.419 0.003 0.020 0.021 0.461 0.005 0.004 
179 TMA-ZAIN-G-    (0)   :  0.007 0.016 0.003 0.013 0.004 0.003 0.004 0.045 0.003 0.015 0.018 0.862 0.005 0.003 
180 TMA-ZAIN-G-    (0)   :  0.088 0.032 0.004 0.426 0.012 0.007 0.015 0.293 0.007 0.006 0.022 0.054 0.029 0.004 
181 TMA-ZAIN-G-    (0)   :  0.006 0.137 0.006 0.027 0.005 0.004 0.004 0.730 0.002 0.010 0.049 0.011 0.004 0.004 
182 TMA-ZAIN-G-    (0)   :  0.003 0.172 0.007 0.391 0.005 0.005 0.005 0.333 0.003 0.006 0.031 0.027 0.006 0.006 
183 TMA-ZAIN-G-    (0)   :  0.005 0.079 0.004 0.011 0.004 0.004 0.004 0.846 0.003 0.007 0.015 0.011 0.005 0.004 
184 TMA-ZAIN-G-    (0)   :  0.007 0.028 0.024 0.037 0.018 0.008 0.013 0.743 0.011 0.013 0.042 0.012 0.018 0.026 
185 TMA-ZAIN-G-    (0)   :  0.005 0.004 0.011 0.021 0.021 0.008 0.031 0.834 0.014 0.007 0.010 0.008 0.012 0.013 
186 TMA-ZAIN-G-    (9)   :  0.006 0.005 0.004 0.047 0.005 0.008 0.012 0.866 0.004 0.010 0.014 0.010 0.005 0.005 
187 TMA-ZAIN-G-    (0)   :  0.015 0.015 0.004 0.015 0.003 0.005 0.005 0.852 0.003 0.029 0.035 0.012 0.004 0.004 
188 TMA-ZAIN-G-    (0)   :  0.020 0.007 0.003 0.014 0.004 0.003 0.005 0.868 0.002 0.037 0.024 0.006 0.003 0.003 
189 TMA-ZAIN-G-    (0)   :  0.007 0.007 0.002 0.015 0.002 0.003 0.003 0.934 0.003 0.005 0.006 0.006 0.004 0.003 
190 TMA-ZAIN-G-    (0)   :  0.016 0.025 0.003 0.010 0.005 0.006 0.006 0.848 0.003 0.025 0.006 0.039 0.004 0.003 
191 TMA-ZAIN-G-    (0)   :  0.004 0.004 0.010 0.008 0.008 0.007 0.008 0.887 0.014 0.009 0.006 0.010 0.014 0.011 
192 TMA-ZAIN-G-    (0)   :  0.004 0.018 0.005 0.016 0.004 0.008 0.003 0.887 0.010 0.013 0.007 0.007 0.015 0.003 
193 TMA-ZAIN-G-    (0)   :  0.004 0.957 0.002 0.004 0.005 0.003 0.003 0.005 0.002 0.003 0.003 0.003 0.004 0.003 
194 TMA-ZAIN-G-    (0)   :  0.011 0.828 0.002 0.025 0.015 0.012 0.020 0.051 0.007 0.007 0.004 0.008 0.005 0.003 
195 TMA-ZAIN-G-    (0)   :  0.034 0.760 0.003 0.023 0.007 0.011 0.005 0.080 0.003 0.027 0.006 0.035 0.004 0.003 
196 TMA-ZAIN-G-    (0)   :  0.014 0.910 0.003 0.010 0.007 0.004 0.007 0.019 0.003 0.005 0.006 0.006 0.004 0.003 
197 TMA-ZAIN-G-    (0)   :  0.011 0.913 0.003 0.012 0.005 0.003 0.005 0.009 0.003 0.009 0.007 0.009 0.007 0.003 
198 TMA-ZAIN-G-    (0)   :  0.007 0.916 0.003 0.008 0.005 0.003 0.003 0.016 0.003 0.009 0.010 0.011 0.004 0.003 
199 TMA-ZAIN-G-    (0)   :  0.005 0.007 0.003 0.038 0.007 0.006 0.009 0.884 0.003 0.008 0.014 0.009 0.004 0.004 
200 TMA-ZAIN-G-    (0)   :  0.004 0.054 0.014 0.003 0.004 0.107 0.016 0.006 0.764 0.003 0.002 0.004 0.006 0.014 
201 TMA-ZAIN-G-    (0)   :  0.005 0.003 0.005 0.004 0.004 0.031 0.011 0.003 0.903 0.004 0.003 0.004 0.006 0.013 
202 TMA-ZAIN-G-    (0)   :  0.004 0.038 0.023 0.004 0.002 0.045 0.007 0.015 0.833 0.003 0.005 0.008 0.004 0.009 
203 TMA-ZAIN-G-    (0)   :  0.004 0.786 0.022 0.063 0.005 0.004 0.005 0.034 0.003 0.009 0.027 0.022 0.005 0.012 
204 TMA-ZAIN-G-    (9)   :  0.010 0.007 0.008 0.010 0.027 0.043 0.005 0.009 0.766 0.018 0.004 0.015 0.073 0.004 
205 TMA-ZAIN-G-    (0)   :  0.007 0.007 0.008 0.013 0.015 0.093 0.006 0.008 0.692 0.013 0.091 0.020 0.022 0.006 
206 TMA-ZAIN-G-    (9)   :  0.009 0.059 0.018 0.009 0.012 0.080 0.010 0.021 0.577 0.009 0.006 0.021 0.157 0.011 
207 TMA-ZAIN-G-    (9)   :  0.088 0.012 0.009 0.033 0.055 0.032 0.116 0.029 0.010 0.032 0.447 0.043 0.085 0.009 
208 TMA-ZAIN-G-    (0)   :  0.079 0.005 0.003 0.011 0.005 0.004 0.012 0.041 0.003 0.022 0.122 0.690 0.002 0.002 
209 TMA-ZAIN-G-    (0)   :  0.015 0.180 0.003 0.396 0.048 0.004 0.004 0.102 0.002 0.066 0.063 0.107 0.008 0.003 
210 TMA-ZAIN-G-    (0)   :  0.107 0.365 0.004 0.091 0.014 0.005 0.010 0.120 0.003 0.082 0.059 0.123 0.013 0.004 
211 TMA-ZAIN-G-    (0)   :  0.020 0.045 0.012 0.570 0.009 0.023 0.017 0.141 0.021 0.051 0.021 0.055 0.008 0.009 
212 TMA-ZAIN-G-    (0)   :  0.013 0.018 0.003 0.061 0.006 0.004 0.009 0.357 0.004 0.007 0.043 0.453 0.018 0.003 
213 TMA-ZAIN-G-    (0)   :  0.007 0.029 0.003 0.087 0.010 0.005 0.005 0.406 0.004 0.046 0.156 0.234 0.005 0.004 
214 TMA-ZAIN-G-    (0)   :  0.060 0.031 0.003 0.233 0.009 0.005 0.004 0.307 0.004 0.085 0.174 0.078 0.005 0.003 
215 TMA-ZAIN-G-    (0)   :  0.005 0.004 0.004 0.017 0.002 0.228 0.005 0.460 0.009 0.108 0.038 0.112 0.003 0.003 
216 TMA-ZAIN-G-    (0)   :  0.007 0.014 0.003 0.182 0.012 0.007 0.008 0.671 0.005 0.017 0.028 0.037 0.006 0.004 
217 TMA-ZAIN-G-    (0)   :  0.131 0.069 0.003 0.295 0.007 0.004 0.003 0.099 0.003 0.146 0.072 0.157 0.006 0.004 
218 TMA-ZAIN-G-    (0)   :  0.009 0.004 0.005 0.011 0.005 0.914 0.012 0.006 0.003 0.005 0.006 0.007 0.005 0.008 
219 TMA-ZAIN-G-    (0)   :  0.003 0.003 0.005 0.007 0.007 0.927 0.007 0.004 0.006 0.004 0.005 0.004 0.012 0.005 
220 TMA-ZAIN-G-    (0)   :  0.015 0.005 0.009 0.007 0.006 0.665 0.067 0.012 0.005 0.012 0.028 0.022 0.012 0.134 
221 TMA-ZAIN-G-    (0)   :  0.005 0.006 0.004 0.014 0.005 0.889 0.010 0.016 0.013 0.006 0.008 0.010 0.011 0.003 
222 TMA-ZAIN-G-    (0)   :  0.012 0.005 0.005 0.012 0.009 0.842 0.005 0.006 0.006 0.008 0.015 0.013 0.018 0.044 
223 TMA-ZAIN-G-    (0)   :  0.005 0.003 0.007 0.005 0.005 0.919 0.014 0.005 0.007 0.004 0.004 0.005 0.013 0.005 
224 TMA-ZAIN-G-    (0)   :  0.005 0.008 0.008 0.026 0.006 0.780 0.012 0.012 0.008 0.006 0.005 0.006 0.102 0.017 
225 TMA-ZAIN-G-    (0)   :  0.003 0.010 0.006 0.004 0.003 0.926 0.008 0.006 0.007 0.003 0.004 0.005 0.006 0.010 
226 TMA-ZAIN-G-    (0)   :  0.006 0.021 0.014 0.005 0.005 0.885 0.011 0.011 0.006 0.007 0.007 0.008 0.010 0.006 
227 TMA-ZAIN-G-    (0)   :  0.004 0.017 0.011 0.005 0.004 0.894 0.008 0.011 0.010 0.007 0.007 0.009 0.005 0.007 
228 TMA-ZAIN-G-    (0)   :  0.008 0.007 0.018 0.008 0.006 0.830 0.017 0.012 0.010 0.026 0.012 0.019 0.020 0.007 
229 TMA-ZAIN-G-    (0)   :  0.007 0.003 0.014 0.003 0.006 0.904 0.008 0.003 0.018 0.003 0.003 0.004 0.007 0.016 
230 TMA-ZAIN-G-    (0)   :  0.014 0.013 0.023 0.061 0.012 0.451 0.011 0.021 0.006 0.030 0.005 0.030 0.301 0.023 
231 TMA-ZAIN-G-    (0)   :  0.008 0.009 0.009 0.013 0.009 0.134 0.012 0.010 0.324 0.030 0.020 0.027 0.084 0.312 
232 TMA-ZAIN-G-    (9)   :  0.032 0.008 0.047 0.036 0.010 0.182 0.004 0.014 0.458 0.008 0.011 0.011 0.021 0.158 
233 TMA-ZAIN-G-    (0)   :  0.049 0.007 0.005 0.023 0.011 0.789 0.015 0.011 0.014 0.025 0.011 0.014 0.020 0.007 
234 TMA-ZAIN-G-    (0)   :  0.007 0.013 0.027 0.005 0.026 0.610 0.007 0.005 0.038 0.005 0.008 0.008 0.006 0.237 
235 TMA-ZAIN-G-    (0)   :  0.005 0.019 0.207 0.005 0.008 0.519 0.036 0.063 0.018 0.052 0.009 0.010 0.038 0.011 
236 TMA-ZAIN-G-    (0)   :  0.007 0.024 0.026 0.010 0.003 0.808 0.007 0.011 0.018 0.012 0.011 0.014 0.041 0.007 
237 TMA-ZAIN-G-    (0)   :  0.011 0.007 0.097 0.044 0.006 0.359 0.018 0.019 0.009 0.162 0.020 0.069 0.128 0.050 
238 TMA-ZAIN-G-    (0)   :  0.005 0.006 0.038 0.024 0.003 0.785 0.006 0.019 0.018 0.023 0.032 0.019 0.006 0.014 
239 TMA-ZAIN-G-    (0)   :  0.018 0.102 0.008 0.010 0.034 0.011 0.003 0.039 0.734 0.004 0.005 0.005 0.025 0.004 
240 TMA-ZAIN-G-    (0)   :  0.003 0.004 0.004 0.003 0.006 0.006 0.002 0.003 0.943 0.005 0.002 0.004 0.009 0.003 
241 TMA-ZAIN-G-    (0)   :  0.005 0.004 0.005 0.004 0.005 0.006 0.002 0.005 0.929 0.013 0.005 0.010 0.005 0.003 
242 TMA-ZAIN-G-    (0)   :  0.005 0.003 0.004 0.004 0.003 0.004 0.003 0.006 0.943 0.006 0.007 0.007 0.003 0.003 
243 TMA-ZAIN-G-    (0)   :  0.008 0.003 0.003 0.005 0.005 0.005 0.003 0.007 0.919 0.014 0.007 0.014 0.005 0.002 
244 TMA-ZAIN-G-    (0)   :  0.008 0.003 0.005 0.004 0.003 0.005 0.003 0.008 0.911 0.016 0.014 0.014 0.003 0.003 
245 TMA-ZAIN-G-    (9)   :  0.002 0.003 0.003 0.003 0.003 0.005 0.003 0.003 0.957 0.004 0.003 0.004 0.003 0.004 
246 TMA-ZAIN-G-    (0)   :  0.003 0.002 0.002 0.003 0.003 0.005 0.004 0.003 0.959 0.003 0.003 0.003 0.004 0.002 
247 TMA-ZAIN-G-    (0)   :  0.005 0.002 0.002 0.004 0.004 0.004 0.005 0.005 0.952 0.003 0.004 0.005 0.004 0.002 
248 TMA-ZAIN-G-    (0)   :  0.005 0.010 0.005 0.004 0.004 0.008 0.005 0.009 0.925 0.006 0.005 0.007 0.004 0.003 
249 TMA-ZAIN-G-    (0)   :  0.003 0.007 0.004 0.003 0.003 0.007 0.004 0.006 0.945 0.003 0.003 0.004 0.005 0.003 
250 TMA-ZAIN-G-    (0)   :  0.006 0.004 0.003 0.003 0.003 0.006 0.005 0.006 0.948 0.003 0.003 0.004 0.005 0.003 
251 TMA-ZAIN-G-    (0)   :  0.004 0.005 0.005 0.006 0.940 0.004 0.006 0.003 0.003 0.003 0.004 0.004 0.009 0.005 
252 TMA-ZAIN-G-    (0)   :  0.023 0.005 0.003 0.005 0.856 0.007 0.003 0.007 0.003 0.027 0.010 0.044 0.004 0.004 
253 TMA-ZAIN-G-    (0)   :  0.005 0.005 0.003 0.005 0.941 0.003 0.003 0.004 0.004 0.004 0.009 0.005 0.004 0.007 
254 TMA-ZAIN-G-    (9)   :  0.009 0.005 0.005 0.012 0.884 0.004 0.006 0.007 0.003 0.007 0.025 0.015 0.007 0.011 
255 TMA-ZAIN-G-    (0)   :  0.007 0.004 0.006 0.005 0.916 0.003 0.003 0.004 0.017 0.004 0.006 0.006 0.004 0.014 
256 TMA-ZAIN-G-    (0)   :  0.005 0.025 0.005 0.008 0.873 0.006 0.004 0.008 0.011 0.007 0.008 0.010 0.019 0.011 
257 TMA-ZAIN-G-    (0)   :  0.003 0.014 0.004 0.005 0.931 0.005 0.003 0.004 0.005 0.004 0.003 0.003 0.013 0.004 
258 TMA-ZAIN-G-    (0)   :  0.004 0.005 0.002 0.003 0.956 0.003 0.003 0.003 0.003 0.003 0.003 0.003 0.005 0.004 
259 TMA-ZAIN-G-    (0)   :  0.005 0.005 0.003 0.005 0.930 0.004 0.005 0.004 0.006 0.003 0.003 0.004 0.020 0.004 
260 TMA-ZAIN-G-    (0)   :  0.010 0.006 0.003 0.005 0.930 0.004 0.005 0.004 0.005 0.004 0.003 0.004 0.013 0.005 
261 TMA-ZAIN-G-   (18)   :  0.010 0.009 0.004 0.010 0.896 0.005 0.014 0.006 0.004 0.004 0.005 0.005 0.022 0.005 
262 TMA-ZAIN-G-    (0)   :  0.003 0.006 0.004 0.004 0.948 0.004 0.003 0.003 0.003 0.004 0.003 0.003 0.007 0.004 
263 TMA-ZAIN-G-    (0)   :  0.003 0.004 0.004 0.004 0.944 0.004 0.004 0.003 0.003 0.003 0.004 0.003 0.007 0.008 
264 TMA-ZAIN-G-    (0)   :  0.004 0.005 0.004 0.004 0.939 0.004 0.004 0.003 0.003 0.004 0.005 0.004 0.006 0.011 
265 TMA-ZAIN-G-    (0)   :  0.020 0.012 0.005 0.031 0.127 0.241 0.022 0.024 0.010 0.011 0.021 0.047 0.406 0.023 
266 TMA-ZAIN-G-    (0)   :  0.020 0.043 0.008 0.131 0.582 0.012 0.068 0.036 0.011 0.011 0.024 0.024 0.020 0.011 
267 TMA-ZAIN-G-    (0)   :  0.015 0.007 0.022 0.019 0.151 0.021 0.134 0.008 0.284 0.016 0.007 0.037 0.230 0.051 
268 TMA-ZAIN-G-    (0)   :  0.004 0.003 0.041 0.004 0.005 0.007 0.009 0.003 0.782 0.004 0.004 0.005 0.010 0.118 
269 TMA-ZAIN-G-    (0)   :  0.006 0.004 0.182 0.009 0.005 0.022 0.025 0.005 0.453 0.008 0.006 0.007 0.098 0.169 
270 TMA-ZAIN-G-    (0)   :  0.004 0.004 0.107 0.006 0.005 0.017 0.015 0.004 0.558 0.006 0.004 0.007 0.206 0.057 
271 TMA-ZAIN-G-    (0)   :  0.004 0.003 0.031 0.005 0.005 0.006 0.010 0.004 0.845 0.005 0.005 0.007 0.028 0.041 
272 TMA-ZAIN-G-    (0)   :  0.003 0.004 0.025 0.005 0.004 0.054 0.026 0.005 0.794 0.006 0.005 0.005 0.037 0.027 
273 TMA-ZAIN-G-    (0)   :  0.002 0.003 0.016 0.003 0.004 0.034 0.007 0.003 0.896 0.003 0.003 0.003 0.009 0.014 
274 TMA-ZAIN-G-    (0)   :  0.009 0.040 0.009 0.005 0.009 0.016 0.017 0.030 0.703 0.013 0.007 0.006 0.010 0.125 
275 TMA-ZAIN-G-    (0)   :  0.002 0.003 0.005 0.004 0.002 0.008 0.006 0.004 0.943 0.003 0.004 0.004 0.003 0.009 
276 TMA-ZAIN-G-    (0)   :  0.004 0.002 0.013 0.003 0.002 0.006 0.003 0.003 0.942 0.004 0.004 0.004 0.006 0.005 
277 TMA-ZAIN-G-    (0)   :  0.005 0.005 0.009 0.003 0.007 0.006 0.004 0.003 0.930 0.006 0.004 0.005 0.004 0.010 
278 TMA-ZAIN-G-    (0)   :  0.003 0.003 0.006 0.003 0.005 0.007 0.005 0.003 0.941 0.003 0.002 0.003 0.008 0.006 
279 TMA-ZAIN-G-    (0)   :  0.003 0.006 0.006 0.006 0.004 0.017 0.015 0.006 0.892 0.004 0.004 0.005 0.004 0.029 
280 TMA-ZAIN-G-    (0)   :  0.003 0.008 0.043 0.011 0.003 0.115 0.016 0.008 0.633 0.004 0.006 0.005 0.007 0.139 
281 TMA-ZAIN-G-    (0)   :  0.003 0.007 0.037 0.007 0.004 0.017 0.008 0.004 0.847 0.004 0.004 0.004 0.010 0.043 
282 TMA-ZAIN-G-    (9)   :  0.003 0.003 0.013 0.003 0.005 0.007 0.007 0.003 0.924 0.003 0.003 0.004 0.006 0.017 
283 TMA-ZAIN-G-    (0)   :  0.004 0.004 0.029 0.011 0.081 0.039 0.053 0.007 0.558 0.008 0.012 0.008 0.030 0.155 
284 TMA-ZAIN-G-    (0)   :  0.003 0.005 0.029 0.014 0.063 0.048 0.046 0.009 0.393 0.007 0.013 0.010 0.044 0.317 
285 TMA-ZAIN-G-    (0)   :  0.017 0.011 0.013 0.006 0.023 0.015 0.018 0.023 0.747 0.032 0.014 0.005 0.007 0.069 
286 TMA-ZAIN-G-    (0)   :  0.002 0.003 0.021 0.004 0.009 0.009 0.013 0.003 0.826 0.004 0.003 0.004 0.012 0.087 
287 TMA-ZAIN-G-    (0)   :  0.010 0.012 0.011 0.003 0.006 0.007 0.012 0.014 0.800 0.013 0.005 0.004 0.006 0.097 
288 TMA-ZAIN-G-    (0)   :  0.006 0.023 0.009 0.006 0.007 0.029 0.077 0.029 0.342 0.014 0.007 0.008 0.006 0.437 
289 TMA-ZAIN-G-    (0)   :  0.013 0.023 0.011 0.005 0.008 0.012 0.020 0.020 0.741 0.021 0.007 0.007 0.009 0.103 
290 TMA-ZAIN-G-    (0)   :  0.003 0.005 0.010 0.006 0.005 0.012 0.027 0.006 0.255 0.004 0.005 0.005 0.005 0.652 
291 TMA-ZAIN-G-    (0)   :  0.004 0.005 0.011 0.005 0.008 0.870 0.039 0.005 0.011 0.004 0.005 0.004 0.009 0.019 
292 TMA-ZAIN-G-    (0)   :  0.008 0.027 0.012 0.108 0.004 0.029 0.011 0.081 0.016 0.155 0.098 0.430 0.010 0.011 
293 TMA-ZAIN-G-    (0)   :  0.035 0.028 0.005 0.063 0.024 0.017 0.014 0.104 0.013 0.018 0.044 0.553 0.077 0.004 
294 TMA-ZAIN-G-    (0)   :  0.007 0.004 0.003 0.007 0.004 0.003 0.004 0.007 0.003 0.015 0.007 0.925 0.007 0.003 
295 TMA-ZAIN-G-    (9)   :  0.009 0.004 0.003 0.007 0.005 0.005 0.010 0.011 0.006 0.038 0.011 0.881 0.008 0.004 
296 TMA-ZAIN-G-    (0)   :  0.006 0.045 0.007 0.084 0.008 0.010 0.012 0.018 0.005 0.011 0.021 0.735 0.026 0.013 
297 TMA-ZAIN-G-    (0)   :  0.024 0.111 0.005 0.092 0.026 0.009 0.016 0.039 0.009 0.061 0.457 0.122 0.022 0.006 
298 TMA-ZAIN-G-    (0)   :  0.012 0.004 0.011 0.012 0.012 0.009 0.009 0.010 0.011 0.570 0.020 0.165 0.150 0.006 
299 TMA-ZAIN-G-    (0)   :  0.006 0.006 0.003 0.008 0.003 0.006 0.004 0.011 0.004 0.900 0.022 0.021 0.003 0.004 
300 TMA-ZAIN-G-    (0)   :  0.050 0.009 0.003 0.008 0.007 0.007 0.018 0.121 0.006 0.365 0.012 0.380 0.011 0.003 
301 TMA-ZAIN-G-    (0)   :  0.028 0.031 0.005 0.014 0.004 0.008 0.007 0.092 0.006 0.711 0.026 0.048 0.013 0.005 
302 TMA-ZAIN-G-    (9)   :  0.007 0.015 0.003 0.041 0.005 0.004 0.005 0.030 0.003 0.092 0.047 0.735 0.011 0.004 
303 TMA-ZAIN-G-    (0)   :  0.003 0.052 0.014 0.016 0.019 0.829 0.011 0.022 0.006 0.003 0.004 0.004 0.008 0.010 
304 TMA-ZAIN-G-    (0)   :  0.131 0.034 0.017 0.068 0.493 0.006 0.016 0.074 0.009 0.013 0.063 0.050 0.014 0.012 
305 TMA-ZAIN-G-    (0)   :  0.015 0.011 0.003 0.034 0.005 0.004 0.006 0.016 0.003 0.007 0.018 0.864 0.011 0.003 
306 TMA-ZAIN-G-    (0)   :  0.013 0.018 0.070 0.090 0.312 0.008 0.009 0.020 0.020 0.011 0.025 0.331 0.007 0.066 
307 TMA-ZAIN-G-    (0)   :  0.266 0.014 0.011 0.058 0.350 0.005 0.012 0.116 0.012 0.009 0.043 0.080 0.014 0.009 
308 TMA-ZAIN-G-    (0)   :  0.010 0.018 0.010 0.006 0.692 0.084 0.066 0.008 0.015 0.004 0.004 0.006 0.014 0.062 
309 TMA-ZAIN-G-    (0)   :  0.009 0.033 0.004 0.059 0.004 0.005 0.005 0.817 0.003 0.023 0.017 0.013 0.006 0.004 
310 TMA-ZAIN-G-    (0)   :  0.010 0.004 0.007 0.011 0.009 0.013 0.014 0.153 0.027 0.343 0.094 0.252 0.058 0.004 
311 TMA-ZAIN-G-    (0)   :  0.008 0.019 0.027 0.186 0.026 0.015 0.022 0.031 0.006 0.072 0.332 0.136 0.098 0.022 
312 TMA-ZAIN-G-    (0)   :  0.012 0.023 0.005 0.086 0.014 0.012 0.039 0.668 0.005 0.040 0.028 0.055 0.007 0.007 
313 TMA-ZAIN-G-    (0)   :  0.024 0.019 0.014 0.309 0.342 0.005 0.010 0.023 0.007 0.106 0.036 0.069 0.024 0.013 
314 TMA-ZAIN-G-    (0)   :  0.007 0.011 0.194 0.013 0.015 0.027 0.268 0.034 0.239 0.008 0.006 0.007 0.013 0.158 
315 TMA-ZAIN-G-    (0)   :  0.024 0.007 0.005 0.036 0.015 0.019 0.031 0.060 0.367 0.156 0.039 0.205 0.024 0.011 
