

----------------------------------------------------
STRUCTURE by Pritchard, Stephens and Donnelly (2000)
     and Falush, Stephens and Pritchard (2003)
       Code by Pritchard, Falush and Hubisz
             Version 2.3.4 (Jul 2012)
----------------------------------------------------



Command line arguments:   bin\structure -m C:\Users\eschumacher\Documents\GitHub\GCC_QUAC_ZAIN\Data_Files\Structure_Files\ZAIN\ZAIN_rebinned_garden_wild_nopopinfo\50-50\mainparams -e C:\Users\eschumacher\Documents\GitHub\GCC_QUAC_ZAIN\Data_Files\Structure_Files\ZAIN\ZAIN_rebinned_garden_wild_nopopinfo\50-50\extraparams 
Input File:    C:\Users\eschumacher\Documents\GitHub\GCC_QUAC_ZAIN\Data_Files\Structure_Files\ZAIN\ZAIN_rebinned_garden_wild_nopopinfo\project_data

Run parameters:
   1133 individuals
   11 loci
   3 populations assumed
   50000 Burn-in period
   50000 Reps


--------------------------------------------
Overall proportion of membership of the
sample in each of the 3 clusters

Inferred Clusters
  1      2      3    
0.179  0.431  0.389  

--------------------------------------------

Allele-freq. divergence among pops (Net nucleotide distance),
computed using point estimates of P.

      1       2       3      
 1      -    0.1175  0.1056  
 2   0.1175     -    0.1597  
 3   0.1056  0.1597     -    

Average distances (expected heterozygosity) between individuals in same cluster:
cluster  1  : 0.4513 
cluster  2  : 0.5645 
cluster  3  : 0.4577 

--------------------------------------------
Estimated Ln Prob of Data   = -24541.0
Mean value of ln likelihood = -24302.1
Variance of ln likelihood   = 477.6
Mean value of alpha         = 0.0444

Mean value of Fst_1         = 0.3359
Mean value of Fst_2         = 0.1630
Mean value of Fst_3         = 0.2582


Inferred ancestry of individuals:
        Label (%Miss) :  Inferred clusters
  1 TMA-ZAIN-G-    (9)   :  0.046 0.926 0.028 
  2 TMA-ZAIN-G-    (0)   :  0.099 0.758 0.142 
  3 TMA-ZAIN-G-    (0)   :  0.023 0.006 0.971 
  4 TMA-ZAIN-G-    (0)   :  0.829 0.029 0.142 
  5 TMA-ZAIN-G-    (0)   :  0.007 0.988 0.005 
  6 TMA-ZAIN-G-    (0)   :  0.179 0.123 0.698 
  7 TMA-ZAIN-G-    (0)   :  0.104 0.018 0.878 
  8 TMA-ZAIN-G-    (0)   :  0.021 0.006 0.973 
  9 TMA-ZAIN-G-    (9)   :  0.008 0.009 0.983 
 10 TMA-ZAIN-G-    (0)   :  0.016 0.006 0.978 
 11 TMA-ZAIN-G-    (0)   :  0.011 0.008 0.981 
 12 TMA-ZAIN-G-    (0)   :  0.008 0.006 0.986 
 13 TMA-ZAIN-G-    (9)   :  0.056 0.111 0.833 
 14 TMA-ZAIN-G-    (9)   :  0.880 0.009 0.111 
 15 TMA-ZAIN-G-    (0)   :  0.816 0.006 0.177 
 16 TMA-ZAIN-G-    (0)   :  0.006 0.006 0.987 
 17 TMA-ZAIN-G-    (9)   :  0.125 0.021 0.854 
 18 TMA-ZAIN-G-    (0)   :  0.033 0.956 0.010 
 19 TMA-ZAIN-G-    (0)   :  0.028 0.912 0.060 
 20 TMA-ZAIN-G-    (0)   :  0.011 0.984 0.005 
 21 TMA-ZAIN-G-    (0)   :  0.008 0.982 0.010 
 22 TMA-ZAIN-G-    (0)   :  0.005 0.992 0.003 
 23 TMA-ZAIN-G-    (0)   :  0.007 0.986 0.008 
 24 TMA-ZAIN-G-    (9)   :  0.026 0.839 0.135 
 25 TMA-ZAIN-G-    (9)   :  0.006 0.875 0.119 
 26 TMA-ZAIN-G-    (9)   :  0.576 0.038 0.386 
 27 TMA-ZAIN-G-    (0)   :  0.257 0.721 0.021 
 28 TMA-ZAIN-G-    (0)   :  0.030 0.946 0.024 
 29 TMA-ZAIN-G-    (0)   :  0.100 0.239 0.661 
 30 TMA-ZAIN-G-    (0)   :  0.042 0.192 0.766 
 31 TMA-ZAIN-G-    (0)   :  0.029 0.964 0.007 
 32 TMA-ZAIN-G-    (9)   :  0.018 0.834 0.148 
 33 TMA-ZAIN-G-   (18)   :  0.007 0.005 0.988 
 34 TMA-ZAIN-G-    (0)   :  0.018 0.139 0.843 
 35 TMA-ZAIN-G-    (9)   :  0.020 0.009 0.971 
 36 TMA-ZAIN-G-    (0)   :  0.030 0.005 0.965 
 37 TMA-ZAIN-G-    (9)   :  0.017 0.013 0.971 
 38 TMA-ZAIN-G-   (18)   :  0.059 0.792 0.149 
 39 TMA-ZAIN-G-    (0)   :  0.010 0.006 0.984 
 40 TMA-ZAIN-G-    (0)   :  0.007 0.005 0.988 
 41 TMA-ZAIN-G-    (0)   :  0.018 0.004 0.977 
 42 TMA-ZAIN-G-    (9)   :  0.107 0.004 0.889 
 43 TMA-ZAIN-G-    (0)   :  0.969 0.005 0.026 
 44 TMA-ZAIN-G-    (0)   :  0.010 0.943 0.047 
 45 TMA-ZAIN-G-    (0)   :  0.025 0.009 0.966 
 46 TMA-ZAIN-G-    (0)   :  0.010 0.985 0.006 
 47 TMA-ZAIN-G-    (0)   :  0.984 0.008 0.007 
 48 TMA-ZAIN-G-    (0)   :  0.856 0.018 0.126 
 49 TMA-ZAIN-G-    (9)   :  0.012 0.933 0.054 
 50 TMA-ZAIN-G-    (0)   :  0.012 0.889 0.099 
 51 TMA-ZAIN-G-    (0)   :  0.280 0.649 0.071 
 52 TMA-ZAIN-G-    (0)   :  0.212 0.721 0.067 
 53 TMA-ZAIN-G-    (0)   :  0.322 0.654 0.024 
 54 TMA-ZAIN-G-    (0)   :  0.982 0.010 0.008 
 55 TMA-ZAIN-G-    (0)   :  0.976 0.016 0.008 
 56 TMA-ZAIN-G-    (0)   :  0.873 0.028 0.099 
 57 TMA-ZAIN-G-    (0)   :  0.975 0.015 0.010 
 58 TMA-ZAIN-G-    (0)   :  0.078 0.899 0.022 
 59 TMA-ZAIN-G-    (0)   :  0.035 0.896 0.069 
 60 TMA-ZAIN-G-    (0)   :  0.112 0.865 0.023 
 61 TMA-ZAIN-G-    (0)   :  0.013 0.981 0.006 
 62 TMA-ZAIN-G-    (9)   :  0.024 0.943 0.033 
 63 TMA-ZAIN-G-    (0)   :  0.047 0.945 0.008 
 64 TMA-ZAIN-G-    (0)   :  0.011 0.004 0.985 
 65 TMA-ZAIN-G-    (9)   :  0.044 0.005 0.952 
 66 TMA-ZAIN-G-    (0)   :  0.013 0.004 0.983 
 67 TMA-ZAIN-G-    (0)   :  0.007 0.010 0.983 
 68 TMA-ZAIN-G-    (0)   :  0.037 0.003 0.960 
 69 TMA-ZAIN-G-    (0)   :  0.016 0.018 0.966 
 70 TMA-ZAIN-G-    (0)   :  0.007 0.007 0.986 
 71 TMA-ZAIN-G-    (0)   :  0.005 0.005 0.990 
 72 TMA-ZAIN-G-    (0)   :  0.012 0.006 0.981 
 73 TMA-ZAIN-G-    (0)   :  0.021 0.085 0.893 
 74 TMA-ZAIN-G-    (0)   :  0.010 0.022 0.968 
 75 TMA-ZAIN-G-    (0)   :  0.015 0.007 0.977 
 76 TMA-ZAIN-G-    (0)   :  0.005 0.041 0.954 
 77 TMA-ZAIN-G-    (0)   :  0.012 0.009 0.979 
 78 TMA-ZAIN-G-    (0)   :  0.020 0.056 0.924 
 79 TMA-ZAIN-G-    (0)   :  0.027 0.025 0.947 
 80 TMA-ZAIN-G-    (0)   :  0.012 0.006 0.982 
 81 TMA-ZAIN-G-    (0)   :  0.015 0.012 0.973 
 82 TMA-ZAIN-G-    (0)   :  0.011 0.005 0.985 
 83 TMA-ZAIN-G-    (9)   :  0.034 0.101 0.866 
 84 TMA-ZAIN-G-    (0)   :  0.008 0.024 0.968 
 85 TMA-ZAIN-G-    (0)   :  0.434 0.545 0.021 
 86 TMA-ZAIN-G-    (0)   :  0.648 0.301 0.050 
 87 TMA-ZAIN-G-    (0)   :  0.113 0.874 0.013 
 88 TMA-ZAIN-G-    (0)   :  0.629 0.230 0.141 
 89 TMA-ZAIN-G-    (0)   :  0.956 0.025 0.019 
 90 TMA-ZAIN-G-    (0)   :  0.931 0.055 0.015 
 91 TMA-ZAIN-G-    (0)   :  0.920 0.066 0.013 
 92 TMA-ZAIN-G-    (0)   :  0.953 0.038 0.009 
 93 TMA-ZAIN-G-    (0)   :  0.934 0.059 0.007 
 94 TMA-ZAIN-G-    (0)   :  0.617 0.375 0.007 
 95 TMA-ZAIN-G-    (0)   :  0.017 0.954 0.029 
 96 TMA-ZAIN-G-    (0)   :  0.123 0.640 0.237 
 97 TMA-ZAIN-G-    (0)   :  0.011 0.981 0.009 
 98 TMA-ZAIN-G-    (0)   :  0.010 0.981 0.008 
 99 TMA-ZAIN-G-    (0)   :  0.006 0.880 0.113 
100 TMA-ZAIN-G-    (0)   :  0.019 0.975 0.005 
101 TMA-ZAIN-G-    (0)   :  0.011 0.973 0.016 
102 TMA-ZAIN-G-    (0)   :  0.022 0.946 0.032 
103 TMA-ZAIN-G-    (0)   :  0.013 0.975 0.012 
104 TMA-ZAIN-G-    (0)   :  0.009 0.984 0.007 
105 TMA-ZAIN-G-    (0)   :  0.016 0.966 0.018 
106 TMA-ZAIN-G-    (0)   :  0.014 0.005 0.982 
107 TMA-ZAIN-G-    (0)   :  0.008 0.005 0.987 
108 TMA-ZAIN-G-    (9)   :  0.194 0.441 0.365 
109 TMA-ZAIN-G-    (0)   :  0.254 0.292 0.454 
110 TMA-ZAIN-G-    (0)   :  0.058 0.514 0.428 
111 TMA-ZAIN-G-    (9)   :  0.023 0.916 0.061 
112 TMA-ZAIN-G-    (0)   :  0.120 0.520 0.359 
113 TMA-ZAIN-G-    (0)   :  0.019 0.950 0.031 
114 TMA-ZAIN-G-    (0)   :  0.005 0.990 0.005 
115 TMA-ZAIN-G-    (0)   :  0.010 0.981 0.009 
116 TMA-ZAIN-G-    (0)   :  0.013 0.006 0.981 
117 TMA-ZAIN-G-    (0)   :  0.127 0.007 0.866 
118 TMA-ZAIN-G-    (0)   :  0.017 0.006 0.977 
119 TMA-ZAIN-G-    (0)   :  0.012 0.015 0.973 
120 TMA-ZAIN-G-    (0)   :  0.029 0.008 0.963 
121 TMA-ZAIN-G-    (0)   :  0.026 0.006 0.968 
122 TMA-ZAIN-G-    (0)   :  0.033 0.010 0.956 
123 TMA-ZAIN-G-    (0)   :  0.019 0.972 0.010 
124 TMA-ZAIN-G-    (0)   :  0.020 0.008 0.973 
125 TMA-ZAIN-G-    (0)   :  0.656 0.004 0.340 
126 TMA-ZAIN-G-    (0)   :  0.174 0.006 0.820 
127 TMA-ZAIN-G-    (0)   :  0.015 0.004 0.981 
128 TMA-ZAIN-G-    (0)   :  0.015 0.005 0.979 
129 TMA-ZAIN-G-    (0)   :  0.030 0.008 0.963 
130 TMA-ZAIN-G-    (0)   :  0.709 0.007 0.284 
131 TMA-ZAIN-G-    (0)   :  0.030 0.008 0.962 
132 TMA-ZAIN-G-    (0)   :  0.125 0.005 0.870 
133 TMA-ZAIN-G-    (0)   :  0.133 0.009 0.859 
134 TMA-ZAIN-G-    (0)   :  0.232 0.006 0.762 
135 TMA-ZAIN-G-    (0)   :  0.010 0.006 0.983 
136 TMA-ZAIN-G-    (0)   :  0.024 0.005 0.971 
137 TMA-ZAIN-G-    (0)   :  0.009 0.007 0.984 
138 TMA-ZAIN-G-    (0)   :  0.017 0.004 0.979 
139 TMA-ZAIN-G-    (0)   :  0.027 0.006 0.968 
140 TMA-ZAIN-G-    (0)   :  0.007 0.006 0.987 
141 TMA-ZAIN-G-    (0)   :  0.013 0.006 0.981 
142 TMA-ZAIN-G-    (9)   :  0.007 0.005 0.988 
143 TMA-ZAIN-G-    (0)   :  0.008 0.005 0.987 
144 TMA-ZAIN-G-    (0)   :  0.019 0.007 0.974 
145 TMA-ZAIN-G-    (0)   :  0.012 0.004 0.985 
146 TMA-ZAIN-G-    (0)   :  0.006 0.004 0.989 
147 TMA-ZAIN-G-    (9)   :  0.008 0.005 0.988 
148 TMA-ZAIN-G-    (0)   :  0.027 0.004 0.969 
149 TMA-ZAIN-G-    (0)   :  0.086 0.037 0.877 
150 TMA-ZAIN-G-    (0)   :  0.054 0.034 0.912 
151 TMA-ZAIN-G-    (0)   :  0.010 0.004 0.986 
152 TMA-ZAIN-G-    (0)   :  0.010 0.005 0.985 
153 TMA-ZAIN-G-    (0)   :  0.011 0.004 0.985 
154 TMA-ZAIN-G-    (0)   :  0.010 0.005 0.985 
155 TMA-ZAIN-G-    (0)   :  0.006 0.005 0.989 
156 TMA-ZAIN-G-    (9)   :  0.033 0.006 0.961 
157 TMA-ZAIN-G-    (0)   :  0.017 0.005 0.978 
158 TMA-ZAIN-G-    (0)   :  0.008 0.005 0.987 
159 TMA-ZAIN-G-    (0)   :  0.007 0.005 0.988 
160 TMA-ZAIN-G-    (0)   :  0.008 0.005 0.987 
161 TMA-ZAIN-G-    (0)   :  0.015 0.004 0.981 
162 TMA-ZAIN-G-    (0)   :  0.023 0.032 0.944 
163 TMA-ZAIN-G-    (0)   :  0.005 0.004 0.991 
164 TMA-ZAIN-G-    (0)   :  0.011 0.007 0.983 
165 TMA-ZAIN-G-    (0)   :  0.006 0.005 0.990 
166 TMA-ZAIN-G-    (0)   :  0.010 0.004 0.986 
167 TMA-ZAIN-G-    (0)   :  0.010 0.009 0.982 
168 TMA-ZAIN-G-    (0)   :  0.016 0.006 0.978 
169 TMA-ZAIN-G-    (0)   :  0.007 0.004 0.989 
170 TMA-ZAIN-G-    (0)   :  0.012 0.017 0.971 
171 TMA-ZAIN-G-    (0)   :  0.007 0.005 0.989 
172 TMA-ZAIN-G-    (0)   :  0.011 0.006 0.983 
173 TMA-ZAIN-G-    (0)   :  0.016 0.007 0.977 
174 TMA-ZAIN-G-    (0)   :  0.009 0.004 0.987 
175 TMA-ZAIN-G-    (0)   :  0.008 0.005 0.987 
176 TMA-ZAIN-G-    (0)   :  0.007 0.005 0.987 
177 TMA-ZAIN-G-    (0)   :  0.009 0.005 0.986 
178 TMA-ZAIN-G-    (0)   :  0.018 0.008 0.974 
179 TMA-ZAIN-G-    (0)   :  0.013 0.004 0.983 
180 TMA-ZAIN-G-    (0)   :  0.042 0.006 0.952 
181 TMA-ZAIN-G-    (0)   :  0.043 0.006 0.951 
182 TMA-ZAIN-G-    (0)   :  0.279 0.009 0.712 
183 TMA-ZAIN-G-    (0)   :  0.054 0.006 0.940 
184 TMA-ZAIN-G-    (0)   :  0.159 0.036 0.805 
185 TMA-ZAIN-G-    (0)   :  0.089 0.051 0.860 
186 TMA-ZAIN-G-    (9)   :  0.010 0.008 0.982 
187 TMA-ZAIN-G-    (0)   :  0.010 0.007 0.982 
188 TMA-ZAIN-G-    (0)   :  0.010 0.005 0.985 
189 TMA-ZAIN-G-    (0)   :  0.007 0.004 0.989 
190 TMA-ZAIN-G-    (0)   :  0.025 0.005 0.969 
191 TMA-ZAIN-G-    (0)   :  0.023 0.037 0.939 
192 TMA-ZAIN-G-    (0)   :  0.014 0.007 0.979 
193 TMA-ZAIN-G-    (0)   :  0.984 0.005 0.011 
194 TMA-ZAIN-G-    (0)   :  0.980 0.006 0.014 
195 TMA-ZAIN-G-    (0)   :  0.629 0.006 0.365 
196 TMA-ZAIN-G-    (0)   :  0.925 0.006 0.069 
197 TMA-ZAIN-G-    (0)   :  0.966 0.005 0.028 
198 TMA-ZAIN-G-    (0)   :  0.886 0.006 0.109 
199 TMA-ZAIN-G-    (0)   :  0.024 0.007 0.968 
200 TMA-ZAIN-G-    (0)   :  0.012 0.983 0.005 
201 TMA-ZAIN-G-    (0)   :  0.006 0.987 0.007 
202 TMA-ZAIN-G-    (0)   :  0.009 0.982 0.009 
203 TMA-ZAIN-G-    (0)   :  0.837 0.013 0.149 
204 TMA-ZAIN-G-    (9)   :  0.049 0.934 0.017 
205 TMA-ZAIN-G-    (0)   :  0.020 0.944 0.035 
206 TMA-ZAIN-G-    (9)   :  0.085 0.903 0.013 
207 TMA-ZAIN-G-    (9)   :  0.117 0.024 0.860 
208 TMA-ZAIN-G-    (0)   :  0.005 0.004 0.991 
209 TMA-ZAIN-G-    (0)   :  0.220 0.004 0.776 
210 TMA-ZAIN-G-    (0)   :  0.145 0.005 0.849 
211 TMA-ZAIN-G-    (0)   :  0.044 0.014 0.942 
212 TMA-ZAIN-G-    (0)   :  0.023 0.005 0.971 
213 TMA-ZAIN-G-    (0)   :  0.016 0.006 0.978 
214 TMA-ZAIN-G-    (0)   :  0.013 0.005 0.982 
215 TMA-ZAIN-G-    (0)   :  0.005 0.136 0.859 
216 TMA-ZAIN-G-    (0)   :  0.027 0.006 0.968 
217 TMA-ZAIN-G-    (0)   :  0.017 0.004 0.979 
218 TMA-ZAIN-G-    (0)   :  0.011 0.944 0.045 
219 TMA-ZAIN-G-    (0)   :  0.020 0.969 0.011 
220 TMA-ZAIN-G-    (0)   :  0.010 0.967 0.023 
221 TMA-ZAIN-G-    (0)   :  0.022 0.950 0.028 
222 TMA-ZAIN-G-    (0)   :  0.023 0.950 0.027 
223 TMA-ZAIN-G-    (0)   :  0.008 0.985 0.007 
224 TMA-ZAIN-G-    (0)   :  0.076 0.880 0.043 
225 TMA-ZAIN-G-    (0)   :  0.011 0.982 0.006 
226 TMA-ZAIN-G-    (0)   :  0.024 0.963 0.013 
227 TMA-ZAIN-G-    (0)   :  0.013 0.975 0.012 
228 TMA-ZAIN-G-    (0)   :  0.017 0.930 0.053 
229 TMA-ZAIN-G-    (0)   :  0.007 0.985 0.008 
230 TMA-ZAIN-G-    (0)   :  0.273 0.479 0.248 
231 TMA-ZAIN-G-    (0)   :  0.016 0.967 0.018 
232 TMA-ZAIN-G-    (9)   :  0.012 0.972 0.015 
233 TMA-ZAIN-G-    (0)   :  0.049 0.794 0.157 
234 TMA-ZAIN-G-    (0)   :  0.022 0.970 0.008 
235 TMA-ZAIN-G-    (0)   :  0.037 0.889 0.074 
236 TMA-ZAIN-G-    (0)   :  0.015 0.969 0.016 
237 TMA-ZAIN-G-    (0)   :  0.045 0.817 0.138 
238 TMA-ZAIN-G-    (0)   :  0.008 0.979 0.012 
239 TMA-ZAIN-G-    (0)   :  0.246 0.730 0.024 
240 TMA-ZAIN-G-    (0)   :  0.009 0.985 0.006 
241 TMA-ZAIN-G-    (0)   :  0.009 0.978 0.014 
242 TMA-ZAIN-G-    (0)   :  0.006 0.982 0.012 
243 TMA-ZAIN-G-    (0)   :  0.010 0.970 0.021 
244 TMA-ZAIN-G-    (0)   :  0.006 0.972 0.022 
245 TMA-ZAIN-G-    (9)   :  0.005 0.988 0.007 
246 TMA-ZAIN-G-    (0)   :  0.005 0.990 0.005 
247 TMA-ZAIN-G-    (0)   :  0.007 0.984 0.010 
248 TMA-ZAIN-G-    (0)   :  0.009 0.983 0.009 
249 TMA-ZAIN-G-    (0)   :  0.008 0.986 0.006 
250 TMA-ZAIN-G-    (0)   :  0.007 0.987 0.006 
251 TMA-ZAIN-G-    (0)   :  0.988 0.007 0.006 
252 TMA-ZAIN-G-    (0)   :  0.915 0.009 0.077 
253 TMA-ZAIN-G-    (0)   :  0.981 0.008 0.010 
254 TMA-ZAIN-G-    (9)   :  0.959 0.010 0.030 
255 TMA-ZAIN-G-    (0)   :  0.959 0.033 0.008 
256 TMA-ZAIN-G-    (0)   :  0.981 0.010 0.009 
257 TMA-ZAIN-G-    (0)   :  0.990 0.006 0.004 
258 TMA-ZAIN-G-    (0)   :  0.990 0.005 0.005 
259 TMA-ZAIN-G-    (0)   :  0.988 0.007 0.005 
260 TMA-ZAIN-G-    (0)   :  0.988 0.007 0.006 
261 TMA-ZAIN-G-   (18)   :  0.984 0.007 0.009 
262 TMA-ZAIN-G-    (0)   :  0.990 0.006 0.005 
263 TMA-ZAIN-G-    (0)   :  0.985 0.009 0.006 
264 TMA-ZAIN-G-    (0)   :  0.984 0.009 0.007 
265 TMA-ZAIN-G-    (0)   :  0.751 0.178 0.071 
266 TMA-ZAIN-G-    (0)   :  0.970 0.011 0.019 
267 TMA-ZAIN-G-    (0)   :  0.208 0.769 0.024 
268 TMA-ZAIN-G-    (0)   :  0.006 0.989 0.005 
269 TMA-ZAIN-G-    (0)   :  0.007 0.986 0.007 
270 TMA-ZAIN-G-    (0)   :  0.009 0.984 0.007 
271 TMA-ZAIN-G-    (0)   :  0.006 0.989 0.005 
272 TMA-ZAIN-G-    (0)   :  0.005 0.989 0.006 
273 TMA-ZAIN-G-    (0)   :  0.005 0.992 0.004 
274 TMA-ZAIN-G-    (0)   :  0.015 0.975 0.011 
275 TMA-ZAIN-G-    (0)   :  0.004 0.992 0.004 
276 TMA-ZAIN-G-    (0)   :  0.004 0.991 0.005 
277 TMA-ZAIN-G-    (0)   :  0.007 0.988 0.005 
278 TMA-ZAIN-G-    (0)   :  0.006 0.989 0.005 
279 TMA-ZAIN-G-    (0)   :  0.005 0.990 0.005 
280 TMA-ZAIN-G-    (0)   :  0.005 0.990 0.005 
281 TMA-ZAIN-G-    (0)   :  0.006 0.989 0.005 
282 TMA-ZAIN-G-    (9)   :  0.005 0.991 0.004 
283 TMA-ZAIN-G-    (0)   :  0.013 0.982 0.006 
284 TMA-ZAIN-G-    (0)   :  0.020 0.973 0.007 
285 TMA-ZAIN-G-    (0)   :  0.012 0.980 0.007 
286 TMA-ZAIN-G-    (0)   :  0.005 0.991 0.004 
287 TMA-ZAIN-G-    (0)   :  0.008 0.986 0.007 
288 TMA-ZAIN-G-    (0)   :  0.019 0.964 0.017 
289 TMA-ZAIN-G-    (0)   :  0.012 0.979 0.009 
290 TMA-ZAIN-G-    (0)   :  0.009 0.985 0.006 
291 TMA-ZAIN-G-    (0)   :  0.014 0.979 0.008 
292 TMA-ZAIN-G-    (0)   :  0.009 0.016 0.974 
293 TMA-ZAIN-G-    (0)   :  0.025 0.009 0.966 
294 TMA-ZAIN-G-    (0)   :  0.010 0.006 0.985 
295 TMA-ZAIN-G-    (9)   :  0.011 0.010 0.979 
296 TMA-ZAIN-G-    (0)   :  0.023 0.014 0.963 
297 TMA-ZAIN-G-    (0)   :  0.023 0.009 0.969 
298 TMA-ZAIN-G-    (0)   :  0.048 0.030 0.922 
299 TMA-ZAIN-G-    (0)   :  0.005 0.009 0.986 
300 TMA-ZAIN-G-    (0)   :  0.010 0.006 0.984 
301 TMA-ZAIN-G-    (0)   :  0.015 0.010 0.975 
302 TMA-ZAIN-G-    (9)   :  0.011 0.005 0.984 
303 TMA-ZAIN-G-    (0)   :  0.249 0.737 0.014 
304 TMA-ZAIN-G-    (0)   :  0.934 0.013 0.054 
305 TMA-ZAIN-G-    (0)   :  0.013 0.006 0.980 
306 TMA-ZAIN-G-    (0)   :  0.481 0.142 0.377 
307 TMA-ZAIN-G-    (0)   :  0.806 0.012 0.182 
308 TMA-ZAIN-G-    (0)   :  0.793 0.198 0.009 
309 TMA-ZAIN-G-    (0)   :  0.012 0.006 0.983 
310 TMA-ZAIN-G-    (0)   :  0.018 0.022 0.960 
311 TMA-ZAIN-G-    (0)   :  0.097 0.035 0.869 
312 TMA-ZAIN-G-    (0)   :  0.034 0.014 0.952 
313 TMA-ZAIN-G-    (0)   :  0.875 0.011 0.115 
314 TMA-ZAIN-G-    (0)   :  0.014 0.976 0.010 
315 TMA-ZAIN-G-    (0)   :  0.017 0.480 0.503 
316 TMA-ZAIN-G-    (0)   :  0.015 0.546 0.439 
317 TMA-ZAIN-G-    (0)   :  0.020 0.950 0.030 
318 TMA-ZAIN-G-    (9)   :  0.017 0.975 0.008 
319 TMA-ZAIN-G-    (0)   :  0.502 0.473 0.025 
320 TMA-ZAIN-G-    (0)   :  0.011 0.324 0.664 
321 TMA-ZAIN-G-    (0)   :  0.022 0.342 0.636 
322 TMA-ZAIN-G-    (0)   :  0.135 0.360 0.506 
323 TMA-ZAIN-G-    (0)   :  0.112 0.773 0.115 
324 TMA-ZAIN-G-    (0)   :  0.113 0.008 0.880 
325 TMA-ZAIN-G-    (0)   :  0.016 0.969 0.016 
326 TMA-ZAIN-G-    (0)   :  0.433 0.467 0.100 
327 TMA-ZAIN-G-    (0)   :  0.967 0.005 0.028 
328 TMA-ZAIN-G-    (0)   :  0.142 0.675 0.183 
329 TMA-ZAIN-G-    (0)   :  0.054 0.008 0.937 
330 TMA-ZAIN-G-    (0)   :  0.111 0.006 0.883 
331 TMA-ZAIN-G-    (0)   :  0.205 0.157 0.638 
332 TMA-ZAIN-G-    (0)   :  0.078 0.004 0.918 
333 TMA-ZAIN-G-    (0)   :  0.963 0.006 0.031 
334 TMA-ZAIN-G-    (0)   :  0.006 0.990 0.004 
335 TMA-ZAIN-G-    (0)   :  0.005 0.988 0.007 
336 TMA-ZAIN-G-    (0)   :  0.009 0.982 0.008 
337 TMA-ZAIN-G-    (9)   :  0.006 0.987 0.006 
338 TMA-ZAIN-G-    (0)   :  0.005 0.991 0.004 
339 TMA-ZAIN-G-    (0)   :  0.004 0.993 0.003 
340 TMA-ZAIN-G-    (0)   :  0.004 0.991 0.005 
341 TMA-ZAIN-G-    (0)   :  0.005 0.990 0.006 
342 TMA-ZAIN-G-    (0)   :  0.006 0.988 0.006 
343 TMA-ZAIN-G-    (0)   :  0.004 0.992 0.004 
344 TMA-ZAIN-G-    (0)   :  0.006 0.988 0.006 
345 TMA-ZAIN-G-    (0)   :  0.005 0.992 0.004 
346 TMA-ZAIN-G-    (0)   :  0.005 0.992 0.004 
347 TMA-ZAIN-G-    (9)   :  0.005 0.991 0.005 
348 TMA-ZAIN-G-    (0)   :  0.009 0.985 0.006 
349 TMA-ZAIN-G-    (0)   :  0.005 0.990 0.005 
350 TMA-ZAIN-G-    (0)   :  0.007 0.984 0.009 
351 TMA-ZAIN-G-    (0)   :  0.007 0.988 0.005 
352 TMA-ZAIN-G-    (0)   :  0.006 0.986 0.008 
353 TMA-ZAIN-G-    (0)   :  0.008 0.987 0.006 
354 TMA-ZAIN-G-    (0)   :  0.004 0.991 0.005 
355 TMA-ZAIN-G-    (0)   :  0.006 0.986 0.008 
356 TMA-ZAIN-G-    (0)   :  0.017 0.008 0.974 
357 TMA-ZAIN-G-    (0)   :  0.036 0.008 0.956 
358 TMA-ZAIN-G-    (0)   :  0.051 0.054 0.895 
359 TMA-ZAIN-G-    (0)   :  0.017 0.028 0.954 
360 TMA-ZAIN-G-    (0)   :  0.006 0.005 0.989 
361 TMA-ZAIN-G-    (0)   :  0.028 0.009 0.963 
362 TMA-ZAIN-G-    (0)   :  0.005 0.012 0.983 
363 TMA-ZAIN-G-    (0)   :  0.074 0.013 0.914 
364 TMA-ZAIN-G-    (0)   :  0.021 0.956 0.022 
365 TMA-ZAIN-G-    (0)   :  0.006 0.250 0.743 
366 TMA-ZAIN-G-    (0)   :  0.020 0.008 0.973 
367 TMA-ZAIN-G-    (0)   :  0.513 0.022 0.465 
368 TMA-ZAIN-G-    (0)   :  0.015 0.006 0.978 
369 TMA-ZAIN-G-    (0)   :  0.016 0.004 0.980 
370 TMA-ZAIN-G-    (0)   :  0.011 0.006 0.983 
371 TMA-ZAIN-G-    (0)   :  0.008 0.005 0.987 
372 TMA-ZAIN-G-    (0)   :  0.008 0.005 0.987 
373 TMA-ZAIN-G-    (0)   :  0.786 0.008 0.206 
374 TMA-ZAIN-G-    (0)   :  0.675 0.233 0.092 
375 TMA-ZAIN-G-    (0)   :  0.075 0.538 0.386 
376 TMA-ZAIN-G-    (9)   :  0.005 0.005 0.990 
377 TMA-ZAIN-G-    (0)   :  0.006 0.004 0.991 
378 TMA-ZAIN-G-    (0)   :  0.006 0.004 0.990 
379 TMA-ZAIN-G-    (0)   :  0.010 0.004 0.986 
380 TMA-ZAIN-G-    (0)   :  0.008 0.004 0.988 
381 TMA-ZAIN-G-    (9)   :  0.188 0.558 0.254 
382 TMA-ZAIN-G-    (9)   :  0.009 0.982 0.010 
383    ZFB01    (0)   :  0.007 0.984 0.009 
384    ZFB02    (0)   :  0.008 0.988 0.004 
385    ZFB03    (0)   :  0.017 0.974 0.010 
386    ZFB04    (0)   :  0.005 0.990 0.005 
387    ZFB05    (0)   :  0.011 0.985 0.004 
388    ZFB06    (0)   :  0.009 0.987 0.004 
389    ZFB07    (9)   :  0.008 0.978 0.013 
390    ZFB08    (0)   :  0.011 0.979 0.010 
391    ZFB09    (0)   :  0.007 0.988 0.006 
392    ZFB10    (0)   :  0.009 0.971 0.020 
393    ZFB11    (0)   :  0.007 0.977 0.016 
394    ZFB12    (0)   :  0.008 0.983 0.009 
395    ZFB13    (0)   :  0.007 0.981 0.012 
396    ZFB14    (0)   :  0.010 0.978 0.012 
397    ZFB15    (0)   :  0.004 0.992 0.004 
398    ZFB16    (0)   :  0.004 0.990 0.006 
399    ZFB17    (0)   :  0.007 0.987 0.006 
400    ZFB18    (0)   :  0.008 0.982 0.010 
401    ZFB19    (0)   :  0.008 0.957 0.036 
402    ZFB20    (0)   :  0.004 0.990 0.006 
403    ZFB21    (0)   :  0.005 0.990 0.005 
404    ZFB22    (0)   :  0.005 0.988 0.007 
405    ZFB23    (0)   :  0.009 0.978 0.013 
406    ZFB24    (0)   :  0.006 0.984 0.010 
407    ZFB25    (0)   :  0.009 0.933 0.058 
408    ZFB26    (0)   :  0.008 0.966 0.026 
409    ZFB27    (0)   :  0.006 0.981 0.013 
410    ZFB28    (0)   :  0.012 0.977 0.011 
411    ZFB29    (0)   :  0.007 0.987 0.006 
412    ZFB30    (0)   :  0.007 0.984 0.009 
413    ZFB31    (0)   :  0.009 0.943 0.048 
414    ZFB32    (0)   :  0.039 0.944 0.017 
415    ZFB33    (0)   :  0.005 0.990 0.005 
416    ZFB34    (0)   :  0.009 0.983 0.007 
417    ZFB35    (0)   :  0.009 0.981 0.010 
418  ZFBP101    (0)   :  0.124 0.012 0.864 
419  ZFBP102    (0)   :  0.022 0.016 0.961 
420  ZFBP103    (0)   :  0.324 0.008 0.668 
421  ZFBP104    (0)   :  0.007 0.085 0.908 
422  ZFBP105    (0)   :  0.010 0.009 0.981 
423  ZFBP106    (0)   :  0.015 0.005 0.980 
424  ZFBP107    (0)   :  0.015 0.014 0.971 
425  ZFBP108    (0)   :  0.006 0.005 0.989 
426  ZFBP109    (0)   :  0.005 0.004 0.991 
427  ZFBP110    (0)   :  0.252 0.023 0.725 
428  ZFBP111    (0)   :  0.008 0.004 0.988 
429  ZFBP112    (0)   :  0.012 0.007 0.981 
430  ZFBP113    (0)   :  0.005 0.006 0.989 
431  ZFBP114    (0)   :  0.009 0.007 0.984 
432  ZFBP115    (0)   :  0.020 0.005 0.974 
433  ZFBP116    (0)   :  0.007 0.005 0.988 
434  ZFBP117    (0)   :  0.009 0.004 0.987 
435  ZFBP118    (0)   :  0.007 0.006 0.987 
436  ZFBP119    (0)   :  0.030 0.005 0.964 
437  ZFBP120    (0)   :  0.008 0.009 0.983 
438  ZFBP121    (0)   :  0.013 0.007 0.980 
439  ZFBP122    (9)   :  0.007 0.005 0.987 
440  ZFBP123    (0)   :  0.018 0.009 0.973 
441  ZFBP124    (0)   :  0.009 0.008 0.983 
442  ZFBP125    (0)   :  0.010 0.004 0.987 
443  ZFBP126    (0)   :  0.026 0.018 0.956 
444  ZFBP127    (0)   :  0.016 0.005 0.979 
445  ZFBP128    (0)   :  0.011 0.004 0.985 
446  ZFBP129    (0)   :  0.010 0.005 0.985 
447  ZFBP130    (0)   :  0.012 0.004 0.984 
448  ZFBP131    (0)   :  0.005 0.006 0.988 
449  ZFBP132    (0)   :  0.009 0.005 0.986 
450  ZFBP133    (0)   :  0.007 0.004 0.989 
451  ZFBP134    (0)   :  0.023 0.005 0.972 
452  ZFBP135    (0)   :  0.240 0.014 0.746 
453  ZFBP136    (0)   :  0.114 0.008 0.878 
454  ZFBP201    (0)   :  0.012 0.010 0.979 
455  ZFBP202    (0)   :  0.007 0.006 0.987 
456  ZFBP203    (0)   :  0.009 0.022 0.969 
457  ZFBP204    (0)   :  0.024 0.007 0.969 
458  ZFBP205    (0)   :  0.010 0.006 0.984 
459  ZFBP206    (0)   :  0.019 0.010 0.971 
460  ZFBP207    (0)   :  0.036 0.005 0.959 
461  ZFBP208    (0)   :  0.010 0.011 0.979 
462  ZFBP209    (0)   :  0.007 0.004 0.989 
463  ZFBP210    (0)   :  0.012 0.010 0.978 
464  ZFBP211    (0)   :  0.008 0.006 0.986 
465  ZFBP212    (0)   :  0.008 0.005 0.987 
466  ZFBP213    (0)   :  0.024 0.010 0.966 
467  ZFBP214    (0)   :  0.095 0.009 0.896 
468  ZFBP215    (0)   :  0.008 0.005 0.987 
469  ZFBP216    (0)   :  0.009 0.012 0.980 
470  ZFBP217    (0)   :  0.013 0.005 0.982 
471  ZFBP218    (0)   :  0.005 0.005 0.990 
472  ZFBP219    (0)   :  0.005 0.005 0.990 
473  ZFBP220    (0)   :  0.015 0.005 0.981 
474  ZFBP221    (0)   :  0.006 0.006 0.988 
475  ZFBP222    (0)   :  0.010 0.008 0.983 
476  ZFBP223    (0)   :  0.041 0.009 0.950 
477  ZFBP224    (0)   :  0.009 0.007 0.984 
478  ZFBP225    (0)   :  0.018 0.005 0.976 
479  ZFBP226    (0)   :  0.006 0.006 0.988 
480  ZFBP227    (0)   :  0.011 0.120 0.868 
481  ZFBP228    (0)   :  0.018 0.006 0.977 
482  ZFBP229    (0)   :  0.009 0.005 0.987 
483  ZFBP230    (0)   :  0.015 0.005 0.980 
484  ZFBP231    (0)   :  0.008 0.007 0.985 
485  ZFBP232    (0)   :  0.006 0.005 0.989 
486  ZFBP233    (0)   :  0.009 0.006 0.985 
487   ZFCC01    (0)   :  0.981 0.013 0.005 
488   ZFCC03    (0)   :  0.989 0.005 0.006 
489   ZFCC04    (0)   :  0.985 0.009 0.006 
490   ZFCC05    (0)   :  0.984 0.009 0.007 
491   ZFCC08    (0)   :  0.974 0.006 0.019 
492   ZFCC09    (0)   :  0.987 0.008 0.005 
493   ZFCC10    (0)   :  0.979 0.015 0.007 
494   ZFCC11    (0)   :  0.987 0.007 0.005 
495   ZFCC12    (0)   :  0.927 0.067 0.006 
496   ZFCC13    (0)   :  0.977 0.009 0.013 
497   ZFCC14    (0)   :  0.972 0.018 0.010 
498   ZFCC15    (0)   :  0.982 0.012 0.006 
499   ZFCC16    (0)   :  0.985 0.010 0.006 
500   ZFCC17    (0)   :  0.982 0.014 0.004 
501   ZFCC18    (0)   :  0.986 0.007 0.007 
502   ZFCC19    (0)   :  0.976 0.019 0.005 
503   ZFCC20    (0)   :  0.988 0.006 0.005 
504   ZFCC21    (0)   :  0.902 0.029 0.069 
505   ZFCC22    (0)   :  0.687 0.013 0.300 
506   ZFCC26    (0)   :  0.986 0.008 0.006 
507   ZFCC27    (0)   :  0.990 0.005 0.005 
508   ZFCC29    (0)   :  0.978 0.015 0.007 
509   ZFCC30    (0)   :  0.990 0.005 0.005 
510   ZFCC32    (0)   :  0.977 0.017 0.006 
511   ZFCC33    (0)   :  0.981 0.014 0.005 
512   ZFCC34    (0)   :  0.950 0.019 0.032 
513   ZFCC35    (0)   :  0.988 0.005 0.006 
514   ZFCC36    (0)   :  0.969 0.018 0.013 
515   ZFCC37    (0)   :  0.906 0.084 0.010 
516   ZFCC40    (0)   :  0.978 0.014 0.008 
517   ZFCC42    (0)   :  0.535 0.456 0.009 
518   ZFCC44    (0)   :  0.990 0.005 0.004 
519   ZFCC45    (9)   :  0.946 0.048 0.006 
520   ZFCC46    (0)   :  0.980 0.006 0.014 
521   ZFCC47    (0)   :  0.954 0.039 0.007 
522   ZFCC48    (0)   :  0.946 0.011 0.043 
523   ZFCC50    (0)   :  0.984 0.011 0.005 
524   ZFCC51    (0)   :  0.990 0.005 0.005 
525   ZFCC52    (0)   :  0.978 0.009 0.013 
526   ZFCC53    (0)   :  0.990 0.006 0.004 
527  ZFCNS01    (0)   :  0.968 0.011 0.021 
528  ZFCNS02    (0)   :  0.980 0.004 0.016 
529  ZFCNS05    (0)   :  0.968 0.007 0.025 
530  ZFCNS06    (0)   :  0.980 0.006 0.014 
531  ZFCNS07    (0)   :  0.594 0.007 0.399 
532  ZFCNS10    (0)   :  0.919 0.005 0.076 
533  ZFCNS11    (0)   :  0.980 0.006 0.014 
534  ZFCNS15    (0)   :  0.160 0.008 0.833 
535  ZFCNS17    (0)   :  0.982 0.005 0.013 
536  ZFCNS18    (0)   :  0.961 0.005 0.034 
537  ZFCNS19    (0)   :  0.987 0.005 0.008 
538  ZFCNS20    (0)   :  0.864 0.006 0.130 
539  ZFCNS21    (0)   :  0.985 0.005 0.010 
540  ZFCNS22    (0)   :  0.844 0.008 0.149 
541  ZFCNS23    (0)   :  0.981 0.007 0.013 
542  ZFCNS24    (0)   :  0.983 0.005 0.012 
543  ZFCNS25    (0)   :  0.929 0.005 0.066 
544  ZFCNS26    (0)   :  0.658 0.007 0.334 
545  ZFCNS27    (0)   :  0.069 0.007 0.924 
546  ZFCNS28    (0)   :  0.971 0.007 0.022 
547  ZFCNS29    (0)   :  0.974 0.006 0.020 
548  ZFCNS30    (0)   :  0.984 0.006 0.010 
549  ZFCNS31    (0)   :  0.938 0.007 0.055 
550  ZFCNS32    (0)   :  0.949 0.006 0.044 
551  ZFCNS33    (0)   :  0.963 0.005 0.031 
552  ZFCNS34    (0)   :  0.989 0.005 0.007 
553  ZFCNS35    (0)   :  0.966 0.007 0.027 
554  ZFCNS36    (0)   :  0.987 0.005 0.009 
555  ZFCNS37    (0)   :  0.959 0.006 0.035 
556  ZFCNS39    (0)   :  0.983 0.004 0.013 
557  ZFCNS40    (0)   :  0.977 0.004 0.019 
558  ZFCNS41    (0)   :  0.846 0.013 0.141 
559  ZFCNS42    (0)   :  0.928 0.006 0.066 
560  ZFCNS43    (0)   :  0.986 0.005 0.009 
561  ZFCNS44    (0)   :  0.973 0.006 0.022 
562  ZFCNS46    (0)   :  0.963 0.006 0.031 
563  ZFCNS47    (0)   :  0.981 0.005 0.014 
564  ZFCNS48    (0)   :  0.944 0.005 0.050 
565  ZFCNS49    (0)   :  0.191 0.007 0.802 
566   ZFCR01    (0)   :  0.012 0.960 0.028 
567   ZFCR02    (0)   :  0.026 0.864 0.110 
568   ZFCR03    (0)   :  0.012 0.954 0.034 
569   ZFCR04    (0)   :  0.018 0.960 0.022 
570   ZFCR05    (0)   :  0.016 0.975 0.009 
571   ZFCR06    (0)   :  0.106 0.591 0.303 
572   ZFCR07    (0)   :  0.230 0.724 0.045 
573   ZFCR08    (0)   :  0.038 0.907 0.055 
574   ZFCR09    (0)   :  0.045 0.886 0.069 
575   ZFCR11    (0)   :  0.034 0.889 0.077 
576   ZFCR12    (0)   :  0.316 0.566 0.118 
577   ZFCR13    (0)   :  0.024 0.834 0.143 
578   ZFCR14    (0)   :  0.031 0.938 0.030 
579   ZFCR15    (0)   :  0.017 0.957 0.026 
580   ZFCR16    (0)   :  0.013 0.922 0.064 
581   ZFCR18    (0)   :  0.013 0.977 0.010 
582   ZFCR19    (0)   :  0.031 0.854 0.114 
583   ZFCR20    (0)   :  0.016 0.919 0.065 
584   ZFCR21    (0)   :  0.031 0.937 0.032 
585   ZFCR22    (0)   :  0.014 0.942 0.044 
586   ZFCR23    (0)   :  0.006 0.920 0.074 
587   ZFCR24    (9)   :  0.010 0.560 0.430 
588   ZFCR25    (0)   :  0.010 0.976 0.014 
589   ZFCR26    (0)   :  0.030 0.898 0.071 
590   ZFCR27    (9)   :  0.006 0.989 0.005 
591   ZFCR28    (0)   :  0.025 0.510 0.465 
592   ZFCR29    (0)   :  0.009 0.974 0.018 
593   ZFCR30    (0)   :  0.032 0.936 0.033 
594   ZFCR31    (0)   :  0.060 0.809 0.131 
595   ZFCR33    (0)   :  0.094 0.866 0.040 
596   ZFCR34    (0)   :  0.078 0.835 0.087 
597   ZFCR35    (0)   :  0.014 0.978 0.008 
598   ZFCR36    (0)   :  0.022 0.963 0.015 
599   ZFCR37    (0)   :  0.042 0.947 0.011 
600   ZFCR38    (0)   :  0.057 0.922 0.021 
601   ZFCR39    (0)   :  0.021 0.815 0.163 
602   ZFCR40    (0)   :  0.029 0.950 0.021 
603   ZFCR41    (0)   :  0.387 0.519 0.093 
604   ZFCR42    (0)   :  0.191 0.675 0.134 
605   ZFCR43    (0)   :  0.012 0.892 0.096 
606  ZFENP25    (0)   :  0.018 0.966 0.016 
607  ZFENP26    (0)   :  0.010 0.980 0.009 
608  ZFENP27    (0)   :  0.368 0.605 0.027 
609  ZFENP28    (0)   :  0.025 0.965 0.009 
610  ZFENP29    (0)   :  0.023 0.968 0.009 
611  ZFENP30    (0)   :  0.070 0.918 0.012 
612  ZFENP31    (0)   :  0.036 0.952 0.011 
613  ZFENP32    (0)   :  0.032 0.953 0.015 
614  ZFENP33    (0)   :  0.011 0.980 0.010 
615  ZFENP34    (0)   :  0.018 0.975 0.007 
616  ZFENP35    (0)   :  0.016 0.969 0.014 
617  ZFENP36    (0)   :  0.008 0.987 0.005 
618  ZFENP37    (0)   :  0.015 0.975 0.009 
619  ZFENP38    (0)   :  0.098 0.878 0.025 
620  ZFENP39    (0)   :  0.018 0.975 0.007 
621  ZFENP40    (0)   :  0.013 0.979 0.008 
622  ZFENP41    (0)   :  0.069 0.919 0.011 
623  ZFENP42    (0)   :  0.014 0.977 0.009 
624  ZFENP43    (0)   :  0.214 0.744 0.042 
625  ZFENP44    (0)   :  0.043 0.941 0.016 
626  ZFENP45    (0)   :  0.031 0.600 0.369 
627  ZFENP46    (0)   :  0.008 0.972 0.021 
628  ZFENP47    (0)   :  0.020 0.945 0.035 
629  ZFENP48    (0)   :  0.033 0.950 0.017 
630  ZFENP49    (0)   :  0.035 0.935 0.030 
631  ZFENP50    (0)   :  0.006 0.838 0.156 
632  ZFENP51    (0)   :  0.008 0.980 0.011 
633  ZFENP52    (0)   :  0.100 0.862 0.038 
634  ZFENP53    (0)   :  0.019 0.930 0.051 
635  ZFENP54    (0)   :  0.030 0.734 0.236 
636  ZFENP55    (0)   :  0.007 0.985 0.008 
637  ZFENP56    (0)   :  0.036 0.947 0.017 
638  ZFENP57    (0)   :  0.012 0.981 0.007 
639  ZFENP58    (0)   :  0.150 0.808 0.042 
640  ZFENP59    (0)   :  0.062 0.928 0.010 
641  ZFENP60    (0)   :  0.011 0.980 0.009 
642  ZFENP61    (0)   :  0.016 0.978 0.006 
643 ZFFDSP01    (0)   :  0.011 0.005 0.984 
644 ZFFDSP02    (0)   :  0.006 0.004 0.990 
645 ZFFDSP04    (0)   :  0.006 0.004 0.990 
646 ZFFDSP05    (0)   :  0.007 0.005 0.988 
647 ZFFDSP06    (0)   :  0.007 0.004 0.988 
648 ZFFDSP07    (0)   :  0.019 0.007 0.974 
649 ZFFDSP08    (0)   :  0.019 0.006 0.975 
650 ZFFDSP10    (0)   :  0.008 0.005 0.986 
651 ZFFDSP11    (0)   :  0.006 0.006 0.987 
652 ZFFDSP12    (0)   :  0.005 0.004 0.990 
653 ZFFDSP13    (0)   :  0.030 0.007 0.963 
654 ZFFDSP14    (0)   :  0.010 0.006 0.985 
655 ZFFDSP16    (0)   :  0.014 0.007 0.979 
656 ZFFDSP17    (0)   :  0.007 0.005 0.989 
657 ZFFDSP18    (0)   :  0.009 0.005 0.986 
658 ZFFDSP19    (0)   :  0.027 0.006 0.967 
659 ZFFDSP21    (0)   :  0.021 0.004 0.975 
660 ZFFDSP22    (0)   :  0.007 0.004 0.990 
661 ZFFDSP23    (0)   :  0.007 0.004 0.990 
662 ZFFDSP24    (0)   :  0.010 0.006 0.985 
663 ZFFDSP26    (9)   :  0.009 0.005 0.987 
664 ZFFDSP27    (0)   :  0.007 0.005 0.988 
665 ZFFDSP28    (0)   :  0.021 0.046 0.934 
666 ZFFDSP30    (0)   :  0.022 0.011 0.967 
667 ZFFDSP31    (0)   :  0.007 0.006 0.987 
668 ZFFDSP32    (0)   :  0.006 0.004 0.990 
669 ZFFDSP33    (0)   :  0.005 0.004 0.991 
670 ZFFDSP34    (0)   :  0.009 0.004 0.987 
671 ZFFDSP35    (0)   :  0.007 0.005 0.988 
672 ZFFDSP37    (0)   :  0.007 0.005 0.988 
673 ZFFDSP38    (0)   :  0.007 0.005 0.988 
674 ZFFDSP39    (0)   :  0.006 0.004 0.990 
675 ZFFDSP40    (0)   :  0.006 0.005 0.988 
676 ZFFDSP42    (0)   :  0.008 0.004 0.988 
677 ZFFDSP43    (0)   :  0.007 0.004 0.989 
678 ZFFDSP44    (0)   :  0.008 0.005 0.987 
679 ZFFDSP45    (0)   :  0.008 0.005 0.987 
680 ZFFDSP46    (0)   :  0.009 0.005 0.986 
681 ZFFDSP47    (0)   :  0.008 0.004 0.988 
682 ZFFDSP48    (0)   :  0.008 0.005 0.988 
683    ZFI01    (0)   :  0.022 0.969 0.008 
684    ZFI02    (0)   :  0.011 0.975 0.013 
685    ZFI03    (0)   :  0.019 0.973 0.008 
686    ZFI04    (0)   :  0.012 0.981 0.007 
687    ZFI05    (0)   :  0.028 0.960 0.012 
688    ZFI06    (0)   :  0.026 0.939 0.035 
689    ZFI07    (0)   :  0.010 0.983 0.007 
690    ZFI08    (0)   :  0.009 0.986 0.005 
691    ZFI09    (0)   :  0.010 0.982 0.008 
692    ZFI10    (0)   :  0.032 0.952 0.016 
693    ZFI11    (0)   :  0.011 0.983 0.005 
694    ZFI12    (0)   :  0.030 0.960 0.010 
695    ZFI13    (0)   :  0.013 0.979 0.008 
696    ZFI14    (0)   :  0.016 0.957 0.026 
697    ZFI15    (0)   :  0.011 0.982 0.007 
698    ZFI16    (0)   :  0.013 0.979 0.008 
699    ZFI17    (0)   :  0.011 0.982 0.007 
700    ZFI18    (0)   :  0.007 0.987 0.006 
701    ZFI19    (9)   :  0.008 0.986 0.005 
702    ZFI20    (0)   :  0.010 0.980 0.010 
703    ZFI21    (0)   :  0.022 0.943 0.036 
704    ZFI22    (0)   :  0.013 0.974 0.013 
705    ZFI23    (0)   :  0.013 0.980 0.007 
706    ZFI24    (0)   :  0.032 0.958 0.010 
707    ZFI25    (0)   :  0.014 0.974 0.011 
708    ZFI26    (0)   :  0.014 0.979 0.007 
709    ZFI27    (0)   :  0.049 0.939 0.012 
710    ZFK01    (0)   :  0.970 0.017 0.013 
711    ZFK02    (0)   :  0.967 0.020 0.013 
712    ZFK03    (0)   :  0.952 0.036 0.012 
713    ZFK04    (0)   :  0.762 0.224 0.014 
714    ZFK05    (0)   :  0.821 0.172 0.007 
715    ZFK06    (0)   :  0.747 0.242 0.011 
716    ZFK07    (0)   :  0.975 0.013 0.013 
717    ZFK08    (0)   :  0.230 0.751 0.019 
718    ZFK10    (0)   :  0.836 0.151 0.013 
719    ZFK11    (0)   :  0.877 0.113 0.011 
720    ZFK12    (0)   :  0.959 0.016 0.025 
721    ZFK13    (0)   :  0.906 0.018 0.076 
722    ZFK14    (0)   :  0.973 0.010 0.016 
723    ZFK15    (0)   :  0.832 0.116 0.052 
724    ZFK16    (0)   :  0.947 0.011 0.042 
725   ZFLB01    (0)   :  0.007 0.981 0.012 
726   ZFLB02    (0)   :  0.005 0.988 0.006 
727   ZFLB03    (0)   :  0.030 0.960 0.011 
728   ZFLB04    (0)   :  0.077 0.877 0.046 
729   ZFLB05    (0)   :  0.008 0.984 0.008 
730   ZFLB06    (0)   :  0.014 0.975 0.011 
731   ZFLB07    (0)   :  0.076 0.883 0.041 
732   ZFLB08    (0)   :  0.006 0.988 0.006 
733   ZFLB09    (9)   :  0.009 0.982 0.009 
734   ZFLB10    (0)   :  0.010 0.981 0.009 
735   ZFLB11    (0)   :  0.018 0.968 0.014 
736   ZFLB12    (0)   :  0.007 0.988 0.005 
737   ZFLB13    (0)   :  0.013 0.975 0.012 
738  ZFLTI01    (0)   :  0.131 0.005 0.864 
739  ZFLTI02    (0)   :  0.692 0.006 0.302 
740  ZFLTI03    (0)   :  0.094 0.005 0.901 
741  ZFLTI04    (0)   :  0.148 0.008 0.844 
742  ZFLTI05    (0)   :  0.085 0.006 0.910 
743  ZFLTI06    (0)   :  0.013 0.004 0.982 
744  ZFLTI07    (0)   :  0.026 0.006 0.968 
745  ZFLTI08    (0)   :  0.133 0.009 0.858 
746  ZFLTI09    (0)   :  0.026 0.007 0.967 
747  ZFLTI10    (0)   :  0.031 0.006 0.963 
748  ZFLTI11    (0)   :  0.019 0.005 0.976 
749  ZFLTI12    (0)   :  0.067 0.005 0.928 
750  ZFLTI13    (0)   :  0.544 0.007 0.449 
751  ZFLTI14    (0)   :  0.917 0.007 0.076 
752 ZFONF101    (0)   :  0.003 0.004 0.992 
753 ZFONF102    (0)   :  0.004 0.007 0.989 
754 ZFONF103    (0)   :  0.020 0.006 0.974 
755 ZFONF104    (0)   :  0.005 0.003 0.991 
756 ZFONF105    (0)   :  0.008 0.004 0.989 
757 ZFONF106    (0)   :  0.006 0.005 0.990 
758 ZFONF107    (0)   :  0.022 0.044 0.934 
759 ZFONF108    (0)   :  0.022 0.010 0.968 
760 ZFONF109    (9)   :  0.016 0.007 0.977 
761 ZFONF110    (0)   :  0.007 0.003 0.990 
762 ZFONF111    (0)   :  0.010 0.018 0.972 
763 ZFONF112    (0)   :  0.008 0.004 0.988 
764 ZFONF113    (9)   :  0.009 0.006 0.985 
765 ZFONF115    (0)   :  0.011 0.005 0.983 
766 ZFONF116    (0)   :  0.010 0.005 0.985 
767 ZFONF117    (0)   :  0.017 0.006 0.977 
768 ZFONF118    (0)   :  0.013 0.006 0.982 
769 ZFONF119    (0)   :  0.014 0.007 0.980 
770 ZFONF120    (0)   :  0.020 0.006 0.974 
771 ZFONF121    (0)   :  0.008 0.005 0.987 
772 ZFONF122    (0)   :  0.033 0.007 0.960 
773 ZFONF123    (0)   :  0.007 0.012 0.980 
774 ZFONF124    (0)   :  0.009 0.005 0.986 
775 ZFONF125    (0)   :  0.018 0.016 0.965 
776 ZFONF126    (0)   :  0.014 0.005 0.980 
777 ZFONF201    (0)   :  0.107 0.139 0.755 
778 ZFONF202    (0)   :  0.012 0.004 0.985 
779 ZFONF203    (0)   :  0.012 0.011 0.977 
780 ZFONF204    (0)   :  0.309 0.046 0.645 
781 ZFONF206    (0)   :  0.027 0.208 0.765 
782 ZFONF207    (0)   :  0.017 0.012 0.971 
783 ZFONF208    (0)   :  0.030 0.010 0.960 
784 ZFONF209    (0)   :  0.303 0.018 0.678 
785 ZFONF210    (0)   :  0.018 0.004 0.978 
786 ZFONF211    (0)   :  0.023 0.005 0.972 
787 ZFONF212    (0)   :  0.006 0.004 0.990 
788 ZFONF214    (0)   :  0.014 0.005 0.981 
789 ZFONF215    (0)   :  0.007 0.003 0.989 
790 ZFONF216    (0)   :  0.013 0.005 0.982 
791 ZFONF217    (0)   :  0.014 0.005 0.981 
792 ZFONF218    (0)   :  0.007 0.017 0.976 
793 ZFONF219    (0)   :  0.005 0.004 0.991 
794 ZFONF220    (0)   :  0.015 0.005 0.980 
795 ZFONF222    (0)   :  0.017 0.010 0.974 
796 ZFONF223    (0)   :  0.007 0.011 0.982 
797 ZFONF224    (0)   :  0.009 0.006 0.985 
798 ZFONF225    (0)   :  0.009 0.003 0.988 
799 ZFONF226    (0)   :  0.013 0.005 0.983 
800 ZFONF227    (0)   :  0.008 0.003 0.989 
801 ZFONF228    (0)   :  0.007 0.004 0.989 
802 ZFONF230    (0)   :  0.008 0.003 0.989 
803 ZFONF231    (0)   :  0.030 0.004 0.966 
804 ZFONF232    (0)   :  0.005 0.004 0.990 
805 ZFONF233    (0)   :  0.019 0.006 0.975 
806 ZFONF234    (0)   :  0.012 0.017 0.970 
807 ZFONF235    (0)   :  0.019 0.004 0.977 
808 ZFONF236    (0)   :  0.117 0.043 0.840 
809 ZFONF238    (0)   :  0.009 0.007 0.984 
810 ZFONF239    (0)   :  0.114 0.048 0.838 
811 ZFONF240    (0)   :  0.021 0.003 0.976 
812 ZFONF241    (0)   :  0.009 0.013 0.978 
813 ZFONF242    (0)   :  0.018 0.006 0.976 
814 ZFONF243    (0)   :  0.023 0.005 0.973 
815 ZFONF244    (0)   :  0.011 0.004 0.985 
816 ZFONF245    (0)   :  0.019 0.004 0.977 
817   ZFOS01    (0)   :  0.962 0.006 0.031 
818   ZFOS02    (0)   :  0.924 0.040 0.037 
819   ZFOS03    (0)   :  0.921 0.062 0.017 
820   ZFOS04    (0)   :  0.923 0.016 0.061 
821   ZFOS05    (0)   :  0.960 0.008 0.032 
822   ZFOS06    (0)   :  0.977 0.010 0.013 
823   ZFOS07    (0)   :  0.968 0.023 0.010 
824   ZFOS08    (0)   :  0.965 0.020 0.015 
825   ZFOS09    (0)   :  0.827 0.064 0.110 
826   ZFOS10    (0)   :  0.896 0.100 0.005 
827   ZFOS11    (0)   :  0.944 0.037 0.019 
828   ZFOS12    (0)   :  0.639 0.317 0.044 
829   ZFOS13    (0)   :  0.964 0.015 0.021 
830   ZFOS14    (0)   :  0.889 0.097 0.014 
831   ZFOS15    (0)   :  0.985 0.010 0.005 
832   ZFOS16    (0)   :  0.950 0.021 0.030 
833   ZFOS17    (0)   :  0.973 0.020 0.006 
834   ZFOS18    (0)   :  0.975 0.019 0.007 
835   ZFOS19    (0)   :  0.984 0.010 0.006 
836   ZFOS20    (0)   :  0.976 0.017 0.007 
837   ZFOS21    (0)   :  0.972 0.011 0.017 
838   ZFOS22    (0)   :  0.981 0.007 0.011 
839   ZFOS23    (0)   :  0.599 0.397 0.004 
840   ZFOS24    (0)   :  0.990 0.006 0.004 
