

----------------------------------------------------
STRUCTURE by Pritchard, Stephens and Donnelly (2000)
     and Falush, Stephens and Pritchard (2003)
       Code by Pritchard, Falush and Hubisz
             Version 2.3.4 (Jul 2012)
----------------------------------------------------



Command line arguments:   bin\structure -m C:\Users\eschumacher\Documents\GitHub\GCC_QUAC_ZAIN\Data_Files\Structure_Files\ZAIN\ZAIN_rebinned_garden_wild_nopopinfo\50-50\mainparams -e C:\Users\eschumacher\Documents\GitHub\GCC_QUAC_ZAIN\Data_Files\Structure_Files\ZAIN\ZAIN_rebinned_garden_wild_nopopinfo\50-50\extraparams 
Input File:    C:\Users\eschumacher\Documents\GitHub\GCC_QUAC_ZAIN\Data_Files\Structure_Files\ZAIN\ZAIN_rebinned_garden_wild_nopopinfo\project_data

Run parameters:
   1133 individuals
   11 loci
   11 populations assumed
   50000 Burn-in period
   50000 Reps


--------------------------------------------
Overall proportion of membership of the
sample in each of the 11 clusters

Inferred Clusters
  1      2      3      4      5      6      7      8      9     10     11    
0.088  0.140  0.104  0.055  0.114  0.066  0.117  0.054  0.100  0.064  0.096  

--------------------------------------------

Allele-freq. divergence among pops (Net nucleotide distance),
computed using point estimates of P.

      1       2       3       4       5       6       7       8       9      10      11      
 1      -    0.1230  0.2253  0.3675  0.2900  0.3494  0.3220  0.2039  0.2904  0.1851  0.1190  
 2   0.1230     -    0.1521  0.3432  0.2324  0.2739  0.2295  0.3127  0.2383  0.1562  0.0948  
 3   0.2253  0.1521     -    0.1896  0.1473  0.1642  0.1926  0.3245  0.1761  0.1314  0.1190  
 4   0.3675  0.3432  0.1896     -    0.1270  0.2681  0.1253  0.4631  0.1091  0.1686  0.2727  
 5   0.2900  0.2324  0.1473  0.1270     -    0.1294  0.0540  0.3756  0.0697  0.1088  0.1482  
 6   0.3494  0.2739  0.1642  0.2681  0.1294     -    0.2425  0.4456  0.2180  0.2106  0.1790  
 7   0.3220  0.2295  0.1926  0.1253  0.0540  0.2425     -    0.4062  0.0413  0.1530  0.2014  
 8   0.2039  0.3127  0.3245  0.4631  0.3756  0.4456  0.4062     -    0.3672  0.3454  0.2076  
 9   0.2904  0.2383  0.1761  0.1091  0.0697  0.2180  0.0413  0.3672     -    0.1586  0.1763  
10   0.1851  0.1562  0.1314  0.1686  0.1088  0.2106  0.1530  0.3454  0.1586     -    0.0858  
11   0.1190  0.0948  0.1190  0.2727  0.1482  0.1790  0.2014  0.2076  0.1763  0.0858     -    

Average distances (expected heterozygosity) between individuals in same cluster:
cluster  1  : 0.3827 
cluster  2  : 0.4750 
cluster  3  : 0.4286 
cluster  4  : 0.3569 
cluster  5  : 0.4356 
cluster  6  : 0.2632 
cluster  7  : 0.3785 
cluster  8  : 0.2474 
cluster  9  : 0.4041 
cluster 10  : 0.4748 
cluster 11  : 0.5294 

--------------------------------------------
Estimated Ln Prob of Data   = -20599.9
Mean value of ln likelihood = -19946.1
Variance of ln likelihood   = 1307.7
Mean value of alpha         = 0.0331

Mean value of Fst_1         = 0.5536
Mean value of Fst_2         = 0.3648
Mean value of Fst_3         = 0.4199
Mean value of Fst_4         = 0.4444
Mean value of Fst_5         = 0.3373
Mean value of Fst_6         = 0.5646
Mean value of Fst_7         = 0.3601
Mean value of Fst_8         = 0.6397
Mean value of Fst_9         = 0.3078
Mean value of Fst_10         = 0.2754
Mean value of Fst_11         = 0.1510


Inferred ancestry of individuals:
        Label (%Miss) :  Inferred clusters
  1 TMA-ZAIN-G-    (9)   :  0.013 0.718 0.013 0.009 0.032 0.101 0.020 0.003 0.010 0.024 0.055 
  2 TMA-ZAIN-G-    (0)   :  0.017 0.666 0.021 0.005 0.014 0.008 0.020 0.004 0.204 0.010 0.032 
  3 TMA-ZAIN-G-    (0)   :  0.003 0.007 0.010 0.096 0.277 0.028 0.514 0.003 0.037 0.019 0.005 
  4 TMA-ZAIN-G-    (0)   :  0.015 0.018 0.619 0.046 0.032 0.020 0.168 0.005 0.052 0.011 0.015 
  5 TMA-ZAIN-G-    (0)   :  0.006 0.963 0.006 0.002 0.002 0.002 0.003 0.004 0.002 0.005 0.003 
  6 TMA-ZAIN-G-    (0)   :  0.017 0.036 0.030 0.059 0.110 0.016 0.101 0.019 0.036 0.551 0.024 
  7 TMA-ZAIN-G-    (0)   :  0.008 0.016 0.026 0.009 0.262 0.051 0.279 0.006 0.303 0.023 0.017 
  8 TMA-ZAIN-G-    (0)   :  0.003 0.008 0.017 0.021 0.871 0.006 0.034 0.002 0.027 0.008 0.003 
  9 TMA-ZAIN-G-    (9)   :  0.006 0.007 0.006 0.032 0.299 0.009 0.235 0.004 0.364 0.031 0.006 
 10 TMA-ZAIN-G-    (0)   :  0.004 0.003 0.010 0.041 0.398 0.014 0.200 0.004 0.288 0.033 0.005 
 11 TMA-ZAIN-G-    (0)   :  0.005 0.006 0.007 0.006 0.215 0.010 0.341 0.006 0.389 0.006 0.009 
 12 TMA-ZAIN-G-    (0)   :  0.002 0.004 0.004 0.005 0.017 0.012 0.936 0.003 0.008 0.006 0.004 
 13 TMA-ZAIN-G-    (9)   :  0.084 0.034 0.025 0.018 0.283 0.120 0.074 0.022 0.295 0.013 0.030 
 14 TMA-ZAIN-G-    (9)   :  0.007 0.003 0.007 0.006 0.036 0.873 0.011 0.019 0.018 0.011 0.009 
 15 TMA-ZAIN-G-    (0)   :  0.002 0.003 0.005 0.009 0.054 0.899 0.006 0.002 0.008 0.006 0.005 
 16 TMA-ZAIN-G-    (0)   :  0.004 0.003 0.004 0.004 0.017 0.006 0.892 0.005 0.053 0.007 0.005 
 17 TMA-ZAIN-G-    (9)   :  0.019 0.009 0.025 0.006 0.802 0.039 0.019 0.003 0.013 0.034 0.031 
 18 TMA-ZAIN-G-    (0)   :  0.008 0.641 0.039 0.007 0.012 0.012 0.013 0.004 0.005 0.032 0.227 
 19 TMA-ZAIN-G-    (0)   :  0.011 0.014 0.006 0.006 0.043 0.011 0.026 0.012 0.013 0.181 0.676 
 20 TMA-ZAIN-G-    (0)   :  0.063 0.035 0.025 0.004 0.003 0.004 0.003 0.020 0.004 0.008 0.831 
 21 TMA-ZAIN-G-    (0)   :  0.005 0.003 0.003 0.003 0.003 0.002 0.002 0.971 0.002 0.003 0.003 
 22 TMA-ZAIN-G-    (0)   :  0.956 0.013 0.005 0.002 0.002 0.003 0.002 0.004 0.002 0.004 0.006 
 23 TMA-ZAIN-G-    (0)   :  0.944 0.007 0.004 0.003 0.005 0.005 0.004 0.005 0.004 0.007 0.011 
 24 TMA-ZAIN-G-    (9)   :  0.657 0.006 0.006 0.134 0.014 0.028 0.010 0.009 0.129 0.003 0.004 
 25 TMA-ZAIN-G-    (9)   :  0.009 0.077 0.004 0.004 0.006 0.004 0.009 0.006 0.110 0.009 0.761 
 26 TMA-ZAIN-G-    (9)   :  0.007 0.006 0.415 0.009 0.122 0.038 0.046 0.083 0.255 0.006 0.014 
 27 TMA-ZAIN-G-    (0)   :  0.013 0.061 0.019 0.008 0.013 0.064 0.006 0.022 0.007 0.709 0.078 
 28 TMA-ZAIN-G-    (0)   :  0.005 0.009 0.005 0.004 0.007 0.010 0.005 0.003 0.004 0.936 0.013 
 29 TMA-ZAIN-G-    (0)   :  0.004 0.003 0.010 0.729 0.005 0.005 0.004 0.004 0.005 0.004 0.227 
 30 TMA-ZAIN-G-    (0)   :  0.005 0.004 0.006 0.039 0.167 0.074 0.064 0.004 0.122 0.482 0.033 
 31 TMA-ZAIN-G-    (0)   :  0.012 0.881 0.049 0.006 0.005 0.005 0.005 0.010 0.008 0.006 0.014 
 32 TMA-ZAIN-G-    (9)   :  0.062 0.538 0.006 0.004 0.027 0.036 0.171 0.008 0.030 0.006 0.111 
 33 TMA-ZAIN-G-   (18)   :  0.003 0.005 0.004 0.015 0.384 0.009 0.435 0.003 0.131 0.007 0.004 
 34 TMA-ZAIN-G-    (0)   :  0.022 0.153 0.007 0.008 0.022 0.008 0.598 0.014 0.143 0.008 0.018 
 35 TMA-ZAIN-G-    (9)   :  0.004 0.015 0.011 0.076 0.148 0.064 0.435 0.003 0.210 0.019 0.014 
 36 TMA-ZAIN-G-    (0)   :  0.003 0.004 0.017 0.009 0.239 0.181 0.046 0.002 0.487 0.006 0.006 
 37 TMA-ZAIN-G-    (9)   :  0.006 0.007 0.015 0.016 0.176 0.008 0.366 0.009 0.361 0.025 0.012 
 38 TMA-ZAIN-G-   (18)   :  0.025 0.582 0.008 0.008 0.038 0.100 0.056 0.005 0.042 0.006 0.130 
 39 TMA-ZAIN-G-    (0)   :  0.003 0.003 0.009 0.012 0.043 0.003 0.059 0.007 0.850 0.007 0.004 
 40 TMA-ZAIN-G-    (0)   :  0.003 0.003 0.006 0.006 0.376 0.005 0.258 0.008 0.324 0.005 0.004 
 41 TMA-ZAIN-G-    (0)   :  0.003 0.003 0.005 0.007 0.643 0.056 0.022 0.004 0.250 0.006 0.004 
 42 TMA-ZAIN-G-    (9)   :  0.002 0.003 0.007 0.006 0.836 0.117 0.008 0.002 0.012 0.003 0.003 
 43 TMA-ZAIN-G-    (0)   :  0.002 0.003 0.005 0.007 0.007 0.959 0.004 0.002 0.004 0.003 0.003 
 44 TMA-ZAIN-G-    (0)   :  0.006 0.005 0.004 0.017 0.015 0.004 0.042 0.799 0.090 0.003 0.015 
 45 TMA-ZAIN-G-    (0)   :  0.005 0.005 0.009 0.005 0.223 0.017 0.630 0.011 0.077 0.010 0.009 
 46 TMA-ZAIN-G-    (0)   :  0.006 0.004 0.004 0.002 0.002 0.003 0.002 0.967 0.003 0.003 0.004 
 47 TMA-ZAIN-G-    (0)   :  0.002 0.004 0.962 0.004 0.004 0.004 0.005 0.004 0.003 0.005 0.004 
 48 TMA-ZAIN-G-    (0)   :  0.026 0.005 0.499 0.019 0.257 0.040 0.046 0.012 0.039 0.044 0.012 
 49 TMA-ZAIN-G-    (9)   :  0.008 0.012 0.010 0.036 0.008 0.004 0.025 0.003 0.008 0.012 0.873 
 50 TMA-ZAIN-G-    (0)   :  0.005 0.010 0.003 0.003 0.040 0.008 0.009 0.005 0.018 0.023 0.876 
 51 TMA-ZAIN-G-    (0)   :  0.005 0.006 0.017 0.008 0.015 0.055 0.006 0.011 0.009 0.017 0.852 
 52 TMA-ZAIN-G-    (0)   :  0.007 0.006 0.050 0.003 0.008 0.013 0.010 0.008 0.007 0.017 0.871 
 53 TMA-ZAIN-G-    (0)   :  0.008 0.075 0.081 0.004 0.008 0.026 0.005 0.004 0.008 0.009 0.772 
 54 TMA-ZAIN-G-    (0)   :  0.006 0.004 0.928 0.004 0.011 0.011 0.006 0.004 0.006 0.011 0.009 
 55 TMA-ZAIN-G-    (0)   :  0.009 0.005 0.844 0.003 0.037 0.024 0.009 0.006 0.006 0.032 0.025 
 56 TMA-ZAIN-G-    (0)   :  0.016 0.011 0.442 0.035 0.184 0.027 0.037 0.004 0.055 0.126 0.063 
 57 TMA-ZAIN-G-    (0)   :  0.004 0.009 0.916 0.007 0.005 0.005 0.017 0.003 0.008 0.006 0.020 
 58 TMA-ZAIN-G-    (0)   :  0.186 0.046 0.036 0.008 0.022 0.009 0.015 0.007 0.005 0.274 0.391 
 59 TMA-ZAIN-G-    (0)   :  0.026 0.608 0.041 0.033 0.057 0.012 0.061 0.022 0.081 0.042 0.018 
 60 TMA-ZAIN-G-    (0)   :  0.010 0.483 0.029 0.009 0.021 0.152 0.010 0.010 0.012 0.111 0.152 
 61 TMA-ZAIN-G-    (0)   :  0.027 0.910 0.015 0.003 0.003 0.003 0.004 0.016 0.003 0.006 0.010 
 62 TMA-ZAIN-G-    (9)   :  0.011 0.737 0.009 0.009 0.029 0.007 0.040 0.039 0.030 0.069 0.021 
 63 TMA-ZAIN-G-    (0)   :  0.012 0.924 0.014 0.003 0.005 0.007 0.006 0.004 0.003 0.009 0.014 
 64 TMA-ZAIN-G-    (0)   :  0.002 0.002 0.003 0.963 0.005 0.005 0.005 0.002 0.007 0.003 0.002 
 65 TMA-ZAIN-G-    (9)   :  0.003 0.003 0.006 0.943 0.007 0.005 0.016 0.002 0.007 0.005 0.003 
 66 TMA-ZAIN-G-    (0)   :  0.003 0.002 0.004 0.937 0.009 0.004 0.014 0.003 0.017 0.004 0.003 
 67 TMA-ZAIN-G-    (0)   :  0.011 0.003 0.005 0.803 0.014 0.003 0.033 0.017 0.087 0.015 0.010 
 68 TMA-ZAIN-G-    (0)   :  0.002 0.002 0.005 0.962 0.006 0.006 0.005 0.002 0.004 0.003 0.003 
 69 TMA-ZAIN-G-    (0)   :  0.022 0.020 0.013 0.763 0.008 0.018 0.058 0.027 0.036 0.006 0.030 
 70 TMA-ZAIN-G-    (0)   :  0.004 0.003 0.003 0.022 0.006 0.005 0.018 0.004 0.927 0.004 0.005 
 71 TMA-ZAIN-G-    (0)   :  0.003 0.003 0.003 0.005 0.006 0.003 0.011 0.003 0.955 0.004 0.004 
 72 TMA-ZAIN-G-    (0)   :  0.004 0.004 0.007 0.015 0.013 0.008 0.014 0.003 0.918 0.008 0.005 
 73 TMA-ZAIN-G-    (0)   :  0.020 0.017 0.013 0.006 0.006 0.004 0.015 0.023 0.858 0.020 0.017 
 74 TMA-ZAIN-G-    (0)   :  0.006 0.007 0.006 0.006 0.006 0.004 0.013 0.008 0.929 0.007 0.009 
 75 TMA-ZAIN-G-    (0)   :  0.004 0.005 0.010 0.006 0.007 0.005 0.017 0.003 0.931 0.007 0.007 
 76 TMA-ZAIN-G-    (0)   :  0.013 0.005 0.004 0.006 0.005 0.003 0.016 0.031 0.902 0.005 0.012 
 77 TMA-ZAIN-G-    (0)   :  0.005 0.003 0.005 0.006 0.009 0.008 0.006 0.008 0.940 0.006 0.006 
 78 TMA-ZAIN-G-    (0)   :  0.012 0.006 0.009 0.006 0.007 0.006 0.013 0.020 0.894 0.009 0.019 
 79 TMA-ZAIN-G-    (0)   :  0.006 0.003 0.007 0.004 0.009 0.008 0.009 0.020 0.918 0.005 0.011 
 80 TMA-ZAIN-G-    (0)   :  0.003 0.003 0.011 0.024 0.024 0.004 0.109 0.008 0.804 0.007 0.004 
 81 TMA-ZAIN-G-    (0)   :  0.005 0.003 0.007 0.004 0.010 0.007 0.011 0.008 0.932 0.007 0.007 
 82 TMA-ZAIN-G-    (0)   :  0.003 0.008 0.018 0.212 0.013 0.008 0.216 0.002 0.507 0.008 0.005 
 83 TMA-ZAIN-G-    (9)   :  0.026 0.045 0.015 0.057 0.014 0.005 0.724 0.021 0.045 0.034 0.013 
 84 TMA-ZAIN-G-    (0)   :  0.008 0.003 0.004 0.005 0.008 0.005 0.017 0.032 0.904 0.005 0.008 
 85 TMA-ZAIN-G-    (0)   :  0.214 0.021 0.521 0.007 0.016 0.010 0.013 0.004 0.013 0.066 0.115 
 86 TMA-ZAIN-G-    (0)   :  0.054 0.008 0.779 0.010 0.026 0.005 0.028 0.013 0.025 0.025 0.027 
 87 TMA-ZAIN-G-    (0)   :  0.637 0.016 0.236 0.004 0.009 0.006 0.010 0.007 0.014 0.018 0.044 
 88 TMA-ZAIN-G-    (0)   :  0.010 0.152 0.542 0.034 0.023 0.020 0.111 0.010 0.076 0.011 0.010 
 89 TMA-ZAIN-G-    (0)   :  0.014 0.020 0.815 0.016 0.014 0.025 0.031 0.017 0.037 0.004 0.007 
 90 TMA-ZAIN-G-    (0)   :  0.009 0.009 0.907 0.007 0.007 0.006 0.012 0.007 0.008 0.012 0.018 
 91 TMA-ZAIN-G-    (0)   :  0.007 0.023 0.894 0.008 0.009 0.008 0.009 0.006 0.011 0.015 0.009 
 92 TMA-ZAIN-G-    (0)   :  0.013 0.006 0.883 0.004 0.007 0.010 0.006 0.024 0.009 0.014 0.024 
 93 TMA-ZAIN-G-    (0)   :  0.009 0.018 0.888 0.005 0.005 0.014 0.004 0.009 0.005 0.030 0.013 
 94 TMA-ZAIN-G-    (0)   :  0.010 0.044 0.884 0.003 0.004 0.006 0.004 0.009 0.005 0.013 0.017 
 95 TMA-ZAIN-G-    (0)   :  0.009 0.005 0.004 0.006 0.010 0.013 0.005 0.004 0.008 0.908 0.026 
 96 TMA-ZAIN-G-    (0)   :  0.007 0.005 0.005 0.004 0.028 0.023 0.010 0.005 0.004 0.865 0.045 
 97 TMA-ZAIN-G-    (0)   :  0.006 0.922 0.010 0.006 0.004 0.007 0.004 0.006 0.010 0.005 0.019 
 98 TMA-ZAIN-G-    (0)   :  0.004 0.947 0.009 0.004 0.004 0.006 0.004 0.004 0.010 0.003 0.005 
 99 TMA-ZAIN-G-    (0)   :  0.006 0.746 0.004 0.022 0.045 0.007 0.101 0.025 0.029 0.009 0.007 
100 TMA-ZAIN-G-    (0)   :  0.008 0.881 0.025 0.005 0.003 0.006 0.004 0.030 0.006 0.007 0.025 
101 TMA-ZAIN-G-    (0)   :  0.005 0.930 0.008 0.006 0.005 0.006 0.009 0.006 0.012 0.005 0.009 
102 TMA-ZAIN-G-    (0)   :  0.555 0.174 0.015 0.014 0.023 0.024 0.071 0.007 0.022 0.015 0.081 
103 TMA-ZAIN-G-    (0)   :  0.068 0.771 0.008 0.006 0.012 0.008 0.026 0.004 0.009 0.016 0.070 
104 TMA-ZAIN-G-    (0)   :  0.009 0.954 0.004 0.002 0.004 0.004 0.004 0.004 0.004 0.005 0.007 
105 TMA-ZAIN-G-    (0)   :  0.027 0.838 0.009 0.006 0.015 0.008 0.030 0.003 0.011 0.018 0.034 
106 TMA-ZAIN-G-    (0)   :  0.003 0.003 0.006 0.040 0.514 0.111 0.085 0.003 0.225 0.007 0.004 
107 TMA-ZAIN-G-    (0)   :  0.003 0.004 0.006 0.012 0.019 0.009 0.496 0.003 0.437 0.006 0.005 
108 TMA-ZAIN-G-    (9)   :  0.045 0.234 0.023 0.010 0.156 0.066 0.139 0.017 0.183 0.016 0.111 
109 TMA-ZAIN-G-    (0)   :  0.006 0.311 0.066 0.164 0.216 0.022 0.139 0.004 0.015 0.050 0.007 
110 TMA-ZAIN-G-    (0)   :  0.073 0.050 0.023 0.008 0.201 0.020 0.297 0.112 0.104 0.031 0.081 
111 TMA-ZAIN-G-    (9)   :  0.115 0.483 0.026 0.013 0.020 0.004 0.186 0.022 0.046 0.023 0.062 
112 TMA-ZAIN-G-    (0)   :  0.063 0.241 0.027 0.016 0.249 0.039 0.161 0.014 0.045 0.046 0.097 
113 TMA-ZAIN-G-    (0)   :  0.009 0.912 0.014 0.010 0.006 0.006 0.012 0.005 0.018 0.004 0.005 
114 TMA-ZAIN-G-    (0)   :  0.012 0.953 0.004 0.003 0.002 0.002 0.003 0.009 0.003 0.004 0.005 
115 TMA-ZAIN-G-    (0)   :  0.006 0.961 0.004 0.003 0.003 0.003 0.004 0.004 0.003 0.005 0.004 
116 TMA-ZAIN-G-    (0)   :  0.003 0.006 0.009 0.013 0.009 0.005 0.923 0.002 0.020 0.007 0.003 
117 TMA-ZAIN-G-    (0)   :  0.005 0.008 0.058 0.239 0.234 0.084 0.161 0.003 0.149 0.048 0.012 
118 TMA-ZAIN-G-    (0)   :  0.003 0.006 0.009 0.024 0.013 0.016 0.897 0.003 0.014 0.010 0.005 
119 TMA-ZAIN-G-    (0)   :  0.014 0.025 0.009 0.031 0.008 0.005 0.798 0.015 0.063 0.015 0.017 
120 TMA-ZAIN-G-    (0)   :  0.004 0.008 0.017 0.023 0.021 0.057 0.809 0.003 0.028 0.020 0.010 
121 TMA-ZAIN-G-    (0)   :  0.004 0.013 0.026 0.138 0.075 0.022 0.630 0.003 0.046 0.037 0.007 
122 TMA-ZAIN-G-    (0)   :  0.006 0.005 0.024 0.033 0.141 0.014 0.374 0.009 0.240 0.148 0.007 
123 TMA-ZAIN-G-    (0)   :  0.018 0.918 0.005 0.004 0.004 0.013 0.005 0.004 0.005 0.007 0.016 
124 TMA-ZAIN-G-    (0)   :  0.003 0.005 0.004 0.004 0.946 0.009 0.009 0.002 0.006 0.006 0.005 
125 TMA-ZAIN-G-    (0)   :  0.002 0.003 0.063 0.041 0.837 0.029 0.006 0.002 0.008 0.006 0.004 
126 TMA-ZAIN-G-    (0)   :  0.003 0.004 0.010 0.004 0.917 0.031 0.014 0.002 0.005 0.004 0.004 
127 TMA-ZAIN-G-    (0)   :  0.003 0.003 0.004 0.006 0.954 0.009 0.008 0.003 0.005 0.004 0.003 
128 TMA-ZAIN-G-    (0)   :  0.003 0.004 0.007 0.020 0.919 0.009 0.013 0.002 0.008 0.011 0.004 
129 TMA-ZAIN-G-    (0)   :  0.003 0.006 0.006 0.005 0.938 0.013 0.009 0.002 0.006 0.006 0.004 
130 TMA-ZAIN-G-    (0)   :  0.003 0.006 0.036 0.008 0.839 0.064 0.021 0.002 0.007 0.008 0.005 
131 TMA-ZAIN-G-    (0)   :  0.003 0.004 0.004 0.004 0.943 0.012 0.008 0.002 0.005 0.008 0.005 
132 TMA-ZAIN-G-    (0)   :  0.003 0.004 0.028 0.044 0.858 0.014 0.019 0.002 0.014 0.011 0.003 
133 TMA-ZAIN-G-    (0)   :  0.006 0.003 0.036 0.081 0.614 0.103 0.043 0.020 0.067 0.010 0.017 
134 TMA-ZAIN-G-    (0)   :  0.004 0.003 0.032 0.068 0.481 0.262 0.061 0.013 0.064 0.005 0.007 
135 TMA-ZAIN-G-    (0)   :  0.004 0.004 0.016 0.027 0.263 0.018 0.455 0.012 0.193 0.004 0.005 
136 TMA-ZAIN-G-    (0)   :  0.004 0.006 0.015 0.586 0.104 0.008 0.195 0.006 0.064 0.008 0.004 
137 TMA-ZAIN-G-    (0)   :  0.004 0.006 0.009 0.006 0.069 0.005 0.779 0.016 0.096 0.004 0.006 
138 TMA-ZAIN-G-    (0)   :  0.003 0.004 0.011 0.013 0.603 0.026 0.310 0.003 0.021 0.003 0.003 
139 TMA-ZAIN-G-    (0)   :  0.003 0.004 0.069 0.013 0.371 0.018 0.446 0.009 0.060 0.004 0.004 
140 TMA-ZAIN-G-    (0)   :  0.004 0.003 0.004 0.008 0.118 0.006 0.714 0.004 0.125 0.008 0.004 
141 TMA-ZAIN-G-    (0)   :  0.004 0.006 0.007 0.007 0.109 0.024 0.379 0.003 0.449 0.006 0.006 
142 TMA-ZAIN-G-    (9)   :  0.004 0.003 0.005 0.013 0.058 0.007 0.686 0.003 0.211 0.006 0.004 
143 TMA-ZAIN-G-    (0)   :  0.003 0.004 0.006 0.014 0.271 0.009 0.624 0.003 0.054 0.009 0.004 
144 TMA-ZAIN-G-    (0)   :  0.005 0.003 0.021 0.005 0.113 0.012 0.793 0.006 0.014 0.019 0.008 
145 TMA-ZAIN-G-    (0)   :  0.002 0.003 0.012 0.275 0.042 0.007 0.492 0.002 0.153 0.008 0.003 
146 TMA-ZAIN-G-    (0)   :  0.003 0.003 0.004 0.005 0.008 0.006 0.317 0.003 0.645 0.003 0.003 
147 TMA-ZAIN-G-    (9)   :  0.003 0.003 0.005 0.010 0.011 0.007 0.466 0.003 0.484 0.004 0.003 
148 TMA-ZAIN-G-    (0)   :  0.003 0.003 0.030 0.006 0.109 0.104 0.360 0.003 0.376 0.003 0.004 
149 TMA-ZAIN-G-    (0)   :  0.021 0.022 0.076 0.007 0.137 0.037 0.433 0.006 0.236 0.015 0.012 
150 TMA-ZAIN-G-    (0)   :  0.018 0.020 0.079 0.040 0.026 0.019 0.566 0.005 0.199 0.018 0.010 
151 TMA-ZAIN-G-    (0)   :  0.002 0.003 0.004 0.011 0.039 0.017 0.903 0.002 0.011 0.005 0.003 
152 TMA-ZAIN-G-    (0)   :  0.002 0.004 0.004 0.005 0.007 0.007 0.956 0.002 0.006 0.004 0.003 
153 TMA-ZAIN-G-    (0)   :  0.002 0.004 0.009 0.015 0.094 0.023 0.822 0.002 0.020 0.004 0.003 
154 TMA-ZAIN-G-    (0)   :  0.002 0.003 0.004 0.005 0.009 0.005 0.956 0.002 0.006 0.004 0.003 
155 TMA-ZAIN-G-    (0)   :  0.003 0.004 0.003 0.008 0.015 0.006 0.937 0.002 0.014 0.004 0.003 
156 TMA-ZAIN-G-    (9)   :  0.003 0.006 0.009 0.003 0.042 0.040 0.879 0.003 0.007 0.004 0.004 
157 TMA-ZAIN-G-    (0)   :  0.003 0.004 0.006 0.006 0.067 0.092 0.794 0.003 0.018 0.004 0.004 
158 TMA-ZAIN-G-    (0)   :  0.003 0.003 0.004 0.004 0.011 0.004 0.934 0.003 0.024 0.005 0.004 
159 TMA-ZAIN-G-    (0)   :  0.002 0.004 0.004 0.010 0.010 0.004 0.725 0.002 0.233 0.003 0.003 
160 TMA-ZAIN-G-    (0)   :  0.003 0.005 0.006 0.015 0.006 0.004 0.848 0.002 0.106 0.003 0.003 
161 TMA-ZAIN-G-    (0)   :  0.003 0.003 0.017 0.007 0.118 0.021 0.786 0.002 0.031 0.006 0.005 
162 TMA-ZAIN-G-    (0)   :  0.016 0.020 0.012 0.006 0.011 0.004 0.899 0.005 0.010 0.011 0.006 
163 TMA-ZAIN-G-    (0)   :  0.002 0.003 0.003 0.004 0.006 0.003 0.965 0.002 0.006 0.003 0.003 
164 TMA-ZAIN-G-    (0)   :  0.003 0.004 0.006 0.005 0.007 0.004 0.949 0.003 0.010 0.004 0.004 
165 TMA-ZAIN-G-    (0)   :  0.002 0.004 0.003 0.006 0.009 0.003 0.951 0.002 0.013 0.003 0.003 
166 TMA-ZAIN-G-    (0)   :  0.002 0.003 0.009 0.010 0.095 0.005 0.699 0.002 0.167 0.004 0.003 
167 TMA-ZAIN-G-    (0)   :  0.006 0.005 0.005 0.004 0.041 0.008 0.153 0.004 0.759 0.007 0.007 
168 TMA-ZAIN-G-    (0)   :  0.003 0.006 0.005 0.011 0.011 0.035 0.021 0.003 0.895 0.005 0.004 
169 TMA-ZAIN-G-    (0)   :  0.003 0.003 0.005 0.079 0.008 0.005 0.034 0.002 0.854 0.004 0.003 
170 TMA-ZAIN-G-    (0)   :  0.007 0.015 0.004 0.023 0.166 0.104 0.099 0.011 0.530 0.007 0.035 
171 TMA-ZAIN-G-    (0)   :  0.003 0.004 0.004 0.014 0.005 0.004 0.026 0.003 0.931 0.003 0.003 
172 TMA-ZAIN-G-    (0)   :  0.004 0.004 0.004 0.005 0.829 0.018 0.046 0.005 0.075 0.005 0.005 
173 TMA-ZAIN-G-    (0)   :  0.004 0.003 0.005 0.005 0.878 0.019 0.027 0.004 0.041 0.007 0.005 
174 TMA-ZAIN-G-    (0)   :  0.002 0.003 0.008 0.045 0.721 0.005 0.091 0.003 0.114 0.005 0.003 
175 TMA-ZAIN-G-    (0)   :  0.003 0.003 0.004 0.006 0.007 0.005 0.051 0.003 0.910 0.003 0.003 
176 TMA-ZAIN-G-    (0)   :  0.003 0.003 0.003 0.005 0.009 0.005 0.093 0.003 0.868 0.004 0.003 
177 TMA-ZAIN-G-    (0)   :  0.003 0.004 0.003 0.004 0.035 0.029 0.255 0.004 0.653 0.004 0.005 
178 TMA-ZAIN-G-    (0)   :  0.003 0.005 0.004 0.004 0.492 0.072 0.210 0.006 0.189 0.008 0.007 
179 TMA-ZAIN-G-    (0)   :  0.002 0.003 0.005 0.009 0.154 0.039 0.353 0.004 0.420 0.006 0.005 
180 TMA-ZAIN-G-    (0)   :  0.005 0.004 0.018 0.066 0.820 0.019 0.030 0.009 0.011 0.013 0.005 
181 TMA-ZAIN-G-    (0)   :  0.003 0.005 0.005 0.006 0.736 0.167 0.052 0.003 0.015 0.004 0.004 
182 TMA-ZAIN-G-    (0)   :  0.003 0.007 0.005 0.003 0.790 0.135 0.035 0.003 0.010 0.005 0.005 
183 TMA-ZAIN-G-    (0)   :  0.003 0.005 0.004 0.006 0.625 0.284 0.042 0.003 0.021 0.004 0.004 
184 TMA-ZAIN-G-    (0)   :  0.020 0.026 0.021 0.009 0.797 0.028 0.054 0.007 0.012 0.014 0.013 
185 TMA-ZAIN-G-    (0)   :  0.026 0.011 0.021 0.005 0.858 0.004 0.010 0.009 0.006 0.038 0.011 
186 TMA-ZAIN-G-    (9)   :  0.005 0.003 0.005 0.006 0.930 0.005 0.011 0.005 0.014 0.011 0.006 
187 TMA-ZAIN-G-    (0)   :  0.003 0.004 0.003 0.011 0.877 0.021 0.024 0.003 0.045 0.005 0.005 
188 TMA-ZAIN-G-    (0)   :  0.003 0.003 0.003 0.013 0.881 0.011 0.014 0.002 0.061 0.004 0.004 
189 TMA-ZAIN-G-    (0)   :  0.002 0.002 0.003 0.010 0.953 0.008 0.006 0.003 0.006 0.003 0.003 
190 TMA-ZAIN-G-    (0)   :  0.003 0.003 0.004 0.026 0.748 0.088 0.024 0.004 0.086 0.008 0.007 
191 TMA-ZAIN-G-    (0)   :  0.022 0.011 0.011 0.004 0.895 0.005 0.007 0.009 0.016 0.011 0.009 
192 TMA-ZAIN-G-    (0)   :  0.004 0.004 0.005 0.004 0.898 0.027 0.008 0.023 0.017 0.003 0.006 
193 TMA-ZAIN-G-    (0)   :  0.002 0.003 0.004 0.004 0.004 0.969 0.003 0.002 0.003 0.003 0.003 
194 TMA-ZAIN-G-    (0)   :  0.005 0.002 0.010 0.010 0.049 0.876 0.005 0.007 0.007 0.018 0.010 
195 TMA-ZAIN-G-    (0)   :  0.002 0.003 0.005 0.038 0.080 0.800 0.016 0.003 0.036 0.005 0.013 
196 TMA-ZAIN-G-    (0)   :  0.003 0.003 0.005 0.010 0.011 0.947 0.006 0.003 0.005 0.006 0.003 
197 TMA-ZAIN-G-    (0)   :  0.003 0.003 0.006 0.009 0.010 0.943 0.007 0.002 0.009 0.004 0.004 
198 TMA-ZAIN-G-    (0)   :  0.002 0.003 0.004 0.007 0.012 0.945 0.008 0.004 0.009 0.003 0.003 
199 TMA-ZAIN-G-    (0)   :  0.004 0.003 0.005 0.004 0.940 0.007 0.011 0.004 0.008 0.008 0.005 
200 TMA-ZAIN-G-    (0)   :  0.045 0.028 0.012 0.006 0.005 0.047 0.004 0.795 0.006 0.022 0.030 
201 TMA-ZAIN-G-    (0)   :  0.050 0.009 0.012 0.023 0.010 0.007 0.013 0.807 0.019 0.028 0.022 
202 TMA-ZAIN-G-    (0)   :  0.004 0.006 0.002 0.003 0.005 0.012 0.004 0.950 0.003 0.003 0.008 
203 TMA-ZAIN-G-    (0)   :  0.003 0.023 0.006 0.004 0.055 0.853 0.029 0.002 0.017 0.005 0.004 
204 TMA-ZAIN-G-    (9)   :  0.024 0.019 0.036 0.004 0.004 0.004 0.003 0.810 0.007 0.010 0.077 
205 TMA-ZAIN-G-    (0)   :  0.005 0.007 0.008 0.005 0.008 0.007 0.078 0.829 0.014 0.005 0.034 
206 TMA-ZAIN-G-    (9)   :  0.020 0.052 0.051 0.009 0.027 0.029 0.024 0.684 0.031 0.031 0.041 
207 TMA-ZAIN-G-    (9)   :  0.015 0.012 0.099 0.063 0.031 0.011 0.576 0.004 0.043 0.110 0.035 
208 TMA-ZAIN-G-    (0)   :  0.003 0.002 0.004 0.044 0.039 0.004 0.718 0.004 0.169 0.009 0.004 
209 TMA-ZAIN-G-    (0)   :  0.002 0.003 0.050 0.014 0.492 0.212 0.096 0.003 0.121 0.004 0.004 
210 TMA-ZAIN-G-    (0)   :  0.003 0.004 0.019 0.107 0.221 0.390 0.126 0.003 0.114 0.009 0.005 
211 TMA-ZAIN-G-    (0)   :  0.017 0.011 0.014 0.026 0.610 0.090 0.074 0.021 0.096 0.017 0.024 
212 TMA-ZAIN-G-    (0)   :  0.004 0.003 0.010 0.015 0.522 0.020 0.371 0.008 0.030 0.013 0.005 
213 TMA-ZAIN-G-    (0)   :  0.004 0.003 0.007 0.007 0.576 0.024 0.312 0.004 0.055 0.005 0.005 
214 TMA-ZAIN-G-    (0)   :  0.003 0.003 0.006 0.043 0.706 0.021 0.134 0.003 0.072 0.004 0.004 
215 TMA-ZAIN-G-    (0)   :  0.007 0.003 0.003 0.005 0.279 0.005 0.137 0.009 0.275 0.004 0.273 
216 TMA-ZAIN-G-    (0)   :  0.004 0.003 0.007 0.005 0.922 0.008 0.023 0.004 0.013 0.006 0.005 
217 TMA-ZAIN-G-    (0)   :  0.003 0.003 0.008 0.129 0.454 0.089 0.092 0.003 0.212 0.003 0.004 
218 TMA-ZAIN-G-    (0)   :  0.004 0.006 0.005 0.008 0.008 0.003 0.005 0.003 0.006 0.011 0.941 
219 TMA-ZAIN-G-    (0)   :  0.004 0.005 0.009 0.004 0.006 0.003 0.004 0.010 0.004 0.006 0.945 
220 TMA-ZAIN-G-    (0)   :  0.008 0.039 0.008 0.013 0.007 0.005 0.027 0.003 0.010 0.047 0.832 
221 TMA-ZAIN-G-    (0)   :  0.005 0.004 0.007 0.006 0.019 0.007 0.010 0.031 0.009 0.011 0.892 
222 TMA-ZAIN-G-    (0)   :  0.006 0.011 0.009 0.008 0.007 0.005 0.011 0.005 0.008 0.005 0.926 
223 TMA-ZAIN-G-    (0)   :  0.007 0.006 0.005 0.004 0.005 0.003 0.005 0.006 0.004 0.015 0.941 
224 TMA-ZAIN-G-    (0)   :  0.012 0.007 0.012 0.005 0.016 0.007 0.005 0.006 0.006 0.010 0.913 
225 TMA-ZAIN-G-    (0)   :  0.007 0.008 0.004 0.002 0.005 0.010 0.003 0.007 0.003 0.009 0.941 
226 TMA-ZAIN-G-    (0)   :  0.007 0.010 0.005 0.005 0.009 0.021 0.007 0.006 0.007 0.011 0.912 
227 TMA-ZAIN-G-    (0)   :  0.006 0.009 0.004 0.004 0.009 0.016 0.009 0.021 0.008 0.007 0.907 
228 TMA-ZAIN-G-    (0)   :  0.018 0.011 0.007 0.008 0.009 0.007 0.014 0.004 0.022 0.013 0.886 
229 TMA-ZAIN-G-    (0)   :  0.016 0.017 0.005 0.007 0.003 0.003 0.003 0.014 0.004 0.009 0.920 
230 TMA-ZAIN-G-    (0)   :  0.011 0.021 0.028 0.014 0.031 0.017 0.010 0.003 0.052 0.009 0.804 
231 TMA-ZAIN-G-    (0)   :  0.408 0.049 0.033 0.013 0.010 0.011 0.042 0.017 0.038 0.010 0.369 
232 TMA-ZAIN-G-    (9)   :  0.487 0.115 0.014 0.055 0.025 0.010 0.012 0.015 0.015 0.004 0.249 
233 TMA-ZAIN-G-    (0)   :  0.007 0.005 0.013 0.039 0.011 0.007 0.010 0.014 0.022 0.016 0.854 
234 TMA-ZAIN-G-    (0)   :  0.029 0.161 0.021 0.006 0.004 0.009 0.009 0.023 0.005 0.008 0.725 
235 TMA-ZAIN-G-    (0)   :  0.019 0.093 0.012 0.004 0.029 0.023 0.016 0.010 0.038 0.041 0.715 
236 TMA-ZAIN-G-    (0)   :  0.011 0.018 0.005 0.006 0.012 0.020 0.013 0.021 0.012 0.008 0.874 
237 TMA-ZAIN-G-    (0)   :  0.013 0.109 0.013 0.013 0.036 0.009 0.037 0.004 0.241 0.019 0.508 
238 TMA-ZAIN-G-    (0)   :  0.012 0.039 0.004 0.004 0.028 0.007 0.029 0.021 0.027 0.007 0.820 
239 TMA-ZAIN-G-    (0)   :  0.025 0.020 0.105 0.009 0.018 0.094 0.004 0.688 0.004 0.005 0.029 
240 TMA-ZAIN-G-    (0)   :  0.004 0.003 0.004 0.002 0.002 0.003 0.002 0.970 0.003 0.003 0.004 
241 TMA-ZAIN-G-    (0)   :  0.003 0.003 0.003 0.003 0.003 0.003 0.003 0.969 0.004 0.002 0.003 
242 TMA-ZAIN-G-    (0)   :  0.003 0.002 0.003 0.003 0.003 0.002 0.003 0.972 0.003 0.002 0.003 
243 TMA-ZAIN-G-    (0)   :  0.003 0.002 0.003 0.003 0.003 0.003 0.004 0.970 0.005 0.002 0.003 
244 TMA-ZAIN-G-    (0)   :  0.003 0.003 0.003 0.004 0.003 0.003 0.005 0.965 0.005 0.002 0.003 
245 TMA-ZAIN-G-    (9)   :  0.004 0.003 0.003 0.002 0.002 0.002 0.002 0.972 0.003 0.002 0.003 
246 TMA-ZAIN-G-    (0)   :  0.003 0.002 0.003 0.002 0.002 0.002 0.002 0.974 0.002 0.003 0.003 
247 TMA-ZAIN-G-    (0)   :  0.003 0.002 0.002 0.003 0.002 0.002 0.002 0.976 0.002 0.003 0.003 
248 TMA-ZAIN-G-    (0)   :  0.004 0.003 0.003 0.003 0.003 0.005 0.003 0.966 0.004 0.003 0.004 
249 TMA-ZAIN-G-    (0)   :  0.004 0.003 0.003 0.002 0.003 0.004 0.002 0.972 0.002 0.003 0.003 
250 TMA-ZAIN-G-    (0)   :  0.003 0.002 0.003 0.003 0.003 0.003 0.002 0.972 0.002 0.003 0.003 
251 TMA-ZAIN-G-    (0)   :  0.003 0.005 0.959 0.004 0.004 0.005 0.004 0.002 0.004 0.005 0.004 
252 TMA-ZAIN-G-    (0)   :  0.002 0.003 0.862 0.035 0.007 0.005 0.035 0.003 0.036 0.003 0.008 
253 TMA-ZAIN-G-    (0)   :  0.003 0.005 0.956 0.005 0.004 0.004 0.009 0.004 0.004 0.003 0.003 
254 TMA-ZAIN-G-    (9)   :  0.003 0.007 0.921 0.012 0.007 0.005 0.023 0.003 0.009 0.006 0.004 
255 TMA-ZAIN-G-    (0)   :  0.023 0.009 0.930 0.008 0.004 0.005 0.007 0.003 0.004 0.003 0.003 
256 TMA-ZAIN-G-    (0)   :  0.005 0.006 0.932 0.005 0.006 0.017 0.007 0.009 0.006 0.003 0.005 
257 TMA-ZAIN-G-    (0)   :  0.003 0.003 0.958 0.003 0.004 0.012 0.003 0.004 0.003 0.003 0.004 
258 TMA-ZAIN-G-    (0)   :  0.002 0.003 0.968 0.004 0.003 0.004 0.004 0.003 0.003 0.003 0.003 
259 TMA-ZAIN-G-    (0)   :  0.004 0.003 0.960 0.005 0.004 0.005 0.003 0.005 0.003 0.004 0.004 
260 TMA-ZAIN-G-    (0)   :  0.004 0.003 0.957 0.008 0.004 0.005 0.003 0.004 0.004 0.005 0.003 
261 TMA-ZAIN-G-   (18)   :  0.004 0.004 0.939 0.010 0.007 0.007 0.006 0.003 0.004 0.013 0.004 
262 TMA-ZAIN-G-    (0)   :  0.003 0.004 0.966 0.003 0.003 0.006 0.003 0.003 0.003 0.003 0.004 
263 TMA-ZAIN-G-    (0)   :  0.003 0.005 0.963 0.004 0.004 0.005 0.004 0.003 0.003 0.004 0.003 
264 TMA-ZAIN-G-    (0)   :  0.004 0.007 0.957 0.004 0.003 0.006 0.005 0.003 0.003 0.004 0.004 
265 TMA-ZAIN-G-    (0)   :  0.007 0.012 0.574 0.030 0.030 0.014 0.024 0.023 0.025 0.031 0.230 
266 TMA-ZAIN-G-    (0)   :  0.010 0.014 0.706 0.019 0.074 0.055 0.029 0.006 0.012 0.063 0.013 
267 TMA-ZAIN-G-    (0)   :  0.327 0.017 0.441 0.021 0.012 0.007 0.011 0.028 0.030 0.083 0.023 
268 TMA-ZAIN-G-    (0)   :  0.963 0.009 0.003 0.003 0.003 0.003 0.003 0.003 0.003 0.004 0.004 
269 TMA-ZAIN-G-    (0)   :  0.950 0.012 0.005 0.003 0.003 0.003 0.004 0.003 0.004 0.007 0.007 
270 TMA-ZAIN-G-    (0)   :  0.953 0.008 0.005 0.003 0.003 0.004 0.004 0.004 0.004 0.006 0.007 
271 TMA-ZAIN-G-    (0)   :  0.961 0.007 0.004 0.002 0.003 0.002 0.004 0.004 0.004 0.004 0.005 
272 TMA-ZAIN-G-    (0)   :  0.951 0.008 0.004 0.002 0.004 0.003 0.003 0.004 0.004 0.007 0.011 
273 TMA-ZAIN-G-    (0)   :  0.957 0.007 0.003 0.002 0.003 0.003 0.002 0.006 0.002 0.005 0.010 
274 TMA-ZAIN-G-    (0)   :  0.909 0.010 0.006 0.007 0.012 0.019 0.006 0.005 0.009 0.008 0.009 
275 TMA-ZAIN-G-    (0)   :  0.967 0.004 0.002 0.002 0.003 0.003 0.003 0.005 0.003 0.004 0.005 
276 TMA-ZAIN-G-    (0)   :  0.960 0.006 0.003 0.004 0.003 0.003 0.004 0.005 0.005 0.003 0.004 
277 TMA-ZAIN-G-    (0)   :  0.934 0.008 0.005 0.005 0.004 0.005 0.005 0.019 0.006 0.004 0.006 
278 TMA-ZAIN-G-    (0)   :  0.960 0.004 0.004 0.002 0.002 0.003 0.003 0.011 0.003 0.004 0.005 
279 TMA-ZAIN-G-    (0)   :  0.956 0.006 0.003 0.002 0.004 0.004 0.003 0.005 0.003 0.006 0.007 
280 TMA-ZAIN-G-    (0)   :  0.919 0.020 0.003 0.002 0.006 0.006 0.004 0.007 0.003 0.007 0.021 
281 TMA-ZAIN-G-    (0)   :  0.939 0.016 0.004 0.003 0.004 0.005 0.004 0.008 0.003 0.005 0.010 
282 TMA-ZAIN-G-    (9)   :  0.958 0.008 0.004 0.002 0.003 0.003 0.003 0.008 0.003 0.004 0.005 
283 TMA-ZAIN-G-    (0)   :  0.704 0.041 0.126 0.005 0.009 0.004 0.015 0.009 0.010 0.033 0.045 
284 TMA-ZAIN-G-    (0)   :  0.603 0.065 0.165 0.004 0.014 0.006 0.018 0.007 0.009 0.043 0.066 
285 TMA-ZAIN-G-    (0)   :  0.816 0.021 0.040 0.015 0.015 0.007 0.013 0.018 0.016 0.018 0.021 
286 TMA-ZAIN-G-    (0)   :  0.955 0.008 0.006 0.002 0.003 0.002 0.003 0.007 0.003 0.005 0.005 
287 TMA-ZAIN-G-    (0)   :  0.942 0.007 0.005 0.005 0.006 0.007 0.004 0.007 0.006 0.005 0.005 
288 TMA-ZAIN-G-    (0)   :  0.822 0.021 0.008 0.008 0.024 0.033 0.009 0.004 0.014 0.033 0.022 
289 TMA-ZAIN-G-    (0)   :  0.920 0.010 0.006 0.008 0.008 0.013 0.005 0.005 0.008 0.008 0.009 
290 TMA-ZAIN-G-    (0)   :  0.831 0.084 0.007 0.003 0.010 0.009 0.009 0.004 0.005 0.021 0.018 
291 TMA-ZAIN-G-    (0)   :  0.012 0.011 0.008 0.004 0.005 0.005 0.005 0.007 0.004 0.033 0.907 
292 TMA-ZAIN-G-    (0)   :  0.010 0.009 0.004 0.006 0.127 0.027 0.213 0.014 0.558 0.009 0.022 
293 TMA-ZAIN-G-    (0)   :  0.004 0.004 0.024 0.024 0.112 0.029 0.538 0.035 0.200 0.015 0.015 
294 TMA-ZAIN-G-    (0)   :  0.004 0.003 0.006 0.011 0.013 0.004 0.150 0.005 0.793 0.006 0.004 
295 TMA-ZAIN-G-    (9)   :  0.007 0.003 0.008 0.013 0.018 0.005 0.163 0.007 0.752 0.017 0.007 
296 TMA-ZAIN-G-    (0)   :  0.008 0.013 0.011 0.006 0.082 0.052 0.557 0.005 0.240 0.016 0.010 
297 TMA-ZAIN-G-    (0)   :  0.007 0.005 0.028 0.025 0.083 0.114 0.627 0.005 0.087 0.013 0.007 
298 TMA-ZAIN-G-    (0)   :  0.018 0.012 0.033 0.008 0.014 0.004 0.033 0.005 0.847 0.012 0.014 
299 TMA-ZAIN-G-    (0)   :  0.004 0.003 0.003 0.007 0.007 0.004 0.013 0.005 0.945 0.003 0.005 
300 TMA-ZAIN-G-    (0)   :  0.005 0.003 0.007 0.033 0.034 0.007 0.029 0.007 0.857 0.013 0.006 
301 TMA-ZAIN-G-    (0)   :  0.004 0.004 0.005 0.027 0.086 0.036 0.033 0.013 0.774 0.008 0.008 
302 TMA-ZAIN-G-    (9)   :  0.004 0.004 0.006 0.008 0.085 0.016 0.208 0.003 0.655 0.006 0.006 
303 TMA-ZAIN-G-    (0)   :  0.007 0.010 0.021 0.002 0.013 0.059 0.004 0.003 0.003 0.013 0.865 
304 TMA-ZAIN-G-    (0)   :  0.007 0.014 0.560 0.142 0.106 0.041 0.084 0.008 0.016 0.015 0.007 
305 TMA-ZAIN-G-    (0)   :  0.003 0.003 0.010 0.017 0.072 0.013 0.628 0.005 0.236 0.008 0.004 
306 TMA-ZAIN-G-    (0)   :  0.034 0.104 0.355 0.017 0.062 0.027 0.265 0.015 0.101 0.012 0.009 
307 TMA-ZAIN-G-    (0)   :  0.009 0.009 0.404 0.304 0.127 0.017 0.088 0.013 0.015 0.010 0.004 
308 TMA-ZAIN-G-    (0)   :  0.013 0.023 0.766 0.011 0.006 0.013 0.003 0.013 0.004 0.064 0.083 
309 TMA-ZAIN-G-    (0)   :  0.003 0.003 0.003 0.007 0.921 0.023 0.012 0.003 0.016 0.005 0.004 
310 TMA-ZAIN-G-    (0)   :  0.019 0.006 0.015 0.009 0.064 0.004 0.105 0.011 0.737 0.015 0.015 
311 TMA-ZAIN-G-    (0)   :  0.018 0.038 0.054 0.006 0.131 0.020 0.456 0.002 0.216 0.032 0.027 
312 TMA-ZAIN-G-    (0)   :  0.005 0.005 0.007 0.008 0.831 0.018 0.039 0.004 0.038 0.035 0.009 
313 TMA-ZAIN-G-    (0)   :  0.007 0.011 0.649 0.026 0.078 0.019 0.055 0.003 0.137 0.009 0.005 
314 TMA-ZAIN-G-    (0)   :  0.416 0.170 0.012 0.006 0.025 0.013 0.007 0.003 0.012 0.304 0.032 
315 TMA-ZAIN-G-    (0)   :  0.350 0.006 0.020 0.029 0.071 0.007 0.097 0.013 0.375 0.017 0.015 
316 TMA-ZAIN-G-    (0)   :  0.376 0.008 0.021 0.041 0.056 0.006 0.074 0.010 0.355 0.021 0.034 
317 TMA-ZAIN-G-    (0)   :  0.049 0.059 0.016 0.004 0.005 0.009 0.007 0.009 0.025 0.124 0.691 
318 TMA-ZAIN-G-    (9)   :  0.333 0.315 0.072 0.011 0.006 0.012 0.006 0.092 0.015 0.049 0.090 
319 TMA-ZAIN-G-    (0)   :  0.120 0.016 0.008 0.003 0.009 0.448 0.004 0.012 0.005 0.025 0.351 
320 TMA-ZAIN-G-    (0)   :  0.005 0.005 0.005 0.022 0.037 0.009 0.097 0.009 0.376 0.008 0.427 
321 TMA-ZAIN-G-    (0)   :  0.058 0.024 0.008 0.017 0.336 0.007 0.105 0.007 0.065 0.356 0.016 
322 TMA-ZAIN-G-    (0)   :  0.008 0.061 0.085 0.037 0.155 0.008 0.178 0.006 0.063 0.206 0.194 
323 TMA-ZAIN-G-    (0)   :  0.007 0.007 0.010 0.023 0.034 0.068 0.009 0.012 0.007 0.008 0.817 
324 TMA-ZAIN-G-    (0)   :  0.004 0.006 0.018 0.010 0.018 0.035 0.875 0.004 0.009 0.014 0.007 
325 TMA-ZAIN-G-    (0)   :  0.005 0.004 0.008 0.006 0.014 0.006 0.012 0.072 0.010 0.018 0.845 
326 TMA-ZAIN-G-    (0)   :  0.003 0.002 0.019 0.006 0.024 0.341 0.011 0.004 0.005 0.009 0.576 
327 TMA-ZAIN-G-    (0)   :  0.003 0.003 0.013 0.027 0.047 0.877 0.008 0.003 0.008 0.009 0.004 
328 TMA-ZAIN-G-    (0)   :  0.101 0.180 0.019 0.210 0.066 0.078 0.031 0.012 0.012 0.037 0.254 
329 TMA-ZAIN-G-    (0)   :  0.004 0.004 0.027 0.071 0.332 0.046 0.039 0.009 0.441 0.016 0.010 
330 TMA-ZAIN-G-    (0)   :  0.003 0.004 0.033 0.054 0.769 0.015 0.027 0.002 0.073 0.015 0.005 
331 TMA-ZAIN-G-    (0)   :  0.030 0.017 0.117 0.006 0.471 0.009 0.028 0.026 0.209 0.019 0.069 
332 TMA-ZAIN-G-    (0)   :  0.002 0.002 0.005 0.013 0.511 0.388 0.047 0.003 0.018 0.008 0.003 
333 TMA-ZAIN-G-    (0)   :  0.002 0.003 0.004 0.003 0.007 0.964 0.003 0.002 0.004 0.003 0.004 
334 TMA-ZAIN-G-    (0)   :  0.956 0.006 0.005 0.002 0.003 0.002 0.003 0.007 0.003 0.006 0.007 
335 TMA-ZAIN-G-    (0)   :  0.964 0.003 0.003 0.004 0.003 0.002 0.003 0.005 0.004 0.005 0.004 
336 TMA-ZAIN-G-    (0)   :  0.937 0.005 0.008 0.004 0.005 0.004 0.005 0.009 0.006 0.009 0.008 
337 TMA-ZAIN-G-    (9)   :  0.943 0.013 0.004 0.003 0.004 0.003 0.004 0.005 0.004 0.009 0.007 
338 TMA-ZAIN-G-    (0)   :  0.961 0.009 0.004 0.003 0.003 0.003 0.003 0.003 0.003 0.004 0.005 
339 TMA-ZAIN-G-    (0)   :  0.967 0.006 0.003 0.002 0.002 0.002 0.002 0.006 0.002 0.003 0.005 
340 TMA-ZAIN-G-    (0)   :  0.969 0.004 0.003 0.002 0.002 0.002 0.003 0.005 0.003 0.003 0.004 
341 TMA-ZAIN-G-    (0)   :  0.964 0.006 0.003 0.003 0.004 0.003 0.003 0.005 0.003 0.004 0.004 
342 TMA-ZAIN-G-    (0)   :  0.957 0.004 0.004 0.003 0.003 0.003 0.003 0.008 0.004 0.004 0.006 
343 TMA-ZAIN-G-    (0)   :  0.959 0.010 0.002 0.002 0.003 0.003 0.003 0.005 0.003 0.004 0.006 
344 TMA-ZAIN-G-    (0)   :  0.954 0.005 0.004 0.003 0.004 0.004 0.003 0.007 0.003 0.006 0.008 
345 TMA-ZAIN-G-    (0)   :  0.966 0.003 0.004 0.002 0.002 0.002 0.002 0.007 0.003 0.003 0.004 
346 TMA-ZAIN-G-    (0)   :  0.906 0.012 0.004 0.003 0.011 0.012 0.006 0.007 0.008 0.004 0.028 
347 TMA-ZAIN-G-    (9)   :  0.966 0.004 0.003 0.003 0.003 0.002 0.003 0.006 0.003 0.004 0.004 
348 TMA-ZAIN-G-    (0)   :  0.949 0.008 0.005 0.003 0.003 0.004 0.003 0.007 0.004 0.008 0.007 
349 TMA-ZAIN-G-    (0)   :  0.942 0.010 0.004 0.004 0.003 0.004 0.004 0.012 0.005 0.004 0.007 
350 TMA-ZAIN-G-    (0)   :  0.904 0.012 0.004 0.004 0.006 0.005 0.006 0.009 0.006 0.015 0.030 
351 TMA-ZAIN-G-    (0)   :  0.959 0.005 0.004 0.003 0.003 0.003 0.003 0.008 0.003 0.005 0.005 
352 TMA-ZAIN-G-    (0)   :  0.957 0.004 0.005 0.004 0.004 0.003 0.005 0.004 0.005 0.006 0.005 
353 TMA-ZAIN-G-    (0)   :  0.922 0.018 0.004 0.003 0.007 0.007 0.004 0.009 0.004 0.008 0.015 
354 TMA-ZAIN-G-    (0)   :  0.961 0.004 0.002 0.002 0.005 0.004 0.004 0.004 0.003 0.005 0.006 
355 TMA-ZAIN-G-    (0)   :  0.950 0.006 0.003 0.003 0.006 0.005 0.006 0.005 0.005 0.005 0.005 
356 TMA-ZAIN-G-    (0)   :  0.002 0.002 0.010 0.035 0.004 0.002 0.919 0.002 0.007 0.004 0.012 
357 TMA-ZAIN-G-    (0)   :  0.004 0.007 0.010 0.054 0.112 0.325 0.400 0.003 0.066 0.011 0.009 
358 TMA-ZAIN-G-    (0)   :  0.028 0.040 0.019 0.133 0.480 0.017 0.091 0.007 0.114 0.049 0.022 
359 TMA-ZAIN-G-    (0)   :  0.005 0.008 0.056 0.297 0.009 0.004 0.400 0.065 0.078 0.018 0.059 
360 TMA-ZAIN-G-    (0)   :  0.003 0.003 0.007 0.016 0.019 0.003 0.760 0.008 0.170 0.005 0.007 
361 TMA-ZAIN-G-    (0)   :  0.004 0.010 0.009 0.017 0.788 0.020 0.098 0.003 0.031 0.013 0.008 
362 TMA-ZAIN-G-    (0)   :  0.010 0.005 0.004 0.007 0.007 0.003 0.837 0.086 0.022 0.005 0.014 
363 TMA-ZAIN-G-    (0)   :  0.010 0.004 0.014 0.015 0.424 0.062 0.078 0.009 0.303 0.051 0.030 
364 TMA-ZAIN-G-    (0)   :  0.032 0.431 0.028 0.018 0.026 0.015 0.016 0.012 0.046 0.300 0.076 
365 TMA-ZAIN-G-    (0)   :  0.103 0.011 0.005 0.041 0.137 0.004 0.479 0.015 0.075 0.097 0.033 
366 TMA-ZAIN-G-    (0)   :  0.004 0.004 0.016 0.077 0.018 0.004 0.196 0.009 0.659 0.010 0.004 
367 TMA-ZAIN-G-    (0)   :  0.011 0.088 0.057 0.007 0.677 0.037 0.062 0.002 0.018 0.023 0.018 
368 TMA-ZAIN-G-    (0)   :  0.004 0.004 0.010 0.057 0.020 0.006 0.045 0.005 0.837 0.008 0.004 
369 TMA-ZAIN-G-    (0)   :  0.002 0.002 0.004 0.020 0.920 0.014 0.010 0.003 0.014 0.005 0.004 
370 TMA-ZAIN-G-    (0)   :  0.003 0.005 0.004 0.009 0.865 0.019 0.027 0.003 0.053 0.007 0.005 
371 TMA-ZAIN-G-    (0)   :  0.004 0.005 0.006 0.025 0.010 0.009 0.717 0.003 0.213 0.005 0.004 
372 TMA-ZAIN-G-    (0)   :  0.003 0.004 0.007 0.029 0.146 0.005 0.629 0.004 0.164 0.006 0.003 
373 TMA-ZAIN-G-    (0)   :  0.003 0.004 0.006 0.005 0.531 0.422 0.006 0.004 0.005 0.008 0.007 
374 TMA-ZAIN-G-    (0)   :  0.015 0.281 0.168 0.007 0.251 0.116 0.051 0.003 0.022 0.040 0.045 
375 TMA-ZAIN-G-    (0)   :  0.007 0.023 0.007 0.010 0.182 0.045 0.026 0.007 0.016 0.015 0.662 
376 TMA-ZAIN-G-    (9)   :  0.003 0.004 0.003 0.004 0.041 0.004 0.866 0.002 0.063 0.004 0.004 
377 TMA-ZAIN-G-    (0)   :  0.002 0.003 0.005 0.021 0.034 0.005 0.724 0.002 0.198 0.004 0.003 
378 TMA-ZAIN-G-    (0)   :  0.002 0.003 0.003 0.013 0.014 0.008 0.927 0.002 0.023 0.003 0.003 
379 TMA-ZAIN-G-    (0)   :  0.002 0.003 0.009 0.012 0.010 0.012 0.937 0.002 0.008 0.003 0.003 
380 TMA-ZAIN-G-    (0)   :  0.003 0.002 0.008 0.045 0.042 0.008 0.076 0.005 0.798 0.007 0.006 
381 TMA-ZAIN-G-    (9)   :  0.006 0.009 0.069 0.072 0.028 0.016 0.027 0.015 0.171 0.532 0.057 
382 TMA-ZAIN-G-    (9)   :  0.045 0.378 0.008 0.004 0.016 0.011 0.008 0.043 0.013 0.023 0.451 
383    ZFB01    (0)   :  0.007 0.954 0.004 0.003 0.004 0.003 0.006 0.008 0.004 0.003 0.003 
384    ZFB02    (0)   :  0.036 0.916 0.010 0.003 0.003 0.002 0.004 0.012 0.004 0.004 0.005 
