

----------------------------------------------------
STRUCTURE by Pritchard, Stephens and Donnelly (2000)
     and Falush, Stephens and Pritchard (2003)
       Code by Pritchard, Falush and Hubisz
             Version 2.3.4 (Jul 2012)
----------------------------------------------------



Command line arguments:   bin\structure -m C:\Users\eschumacher\Documents\GitHub\GCC_QUAC_ZAIN\Data_Files\Structure_Files\ZAIN\ZAIN_rebinned_garden_wild_nopopinfo\50-50\mainparams -e C:\Users\eschumacher\Documents\GitHub\GCC_QUAC_ZAIN\Data_Files\Structure_Files\ZAIN\ZAIN_rebinned_garden_wild_nopopinfo\50-50\extraparams 
Input File:    C:\Users\eschumacher\Documents\GitHub\GCC_QUAC_ZAIN\Data_Files\Structure_Files\ZAIN\ZAIN_rebinned_garden_wild_nopopinfo\project_data

Run parameters:
   1133 individuals
   11 loci
   10 populations assumed
   50000 Burn-in period
   50000 Reps


--------------------------------------------
Overall proportion of membership of the
sample in each of the 10 clusters

Inferred Clusters
  1      2      3      4      5      6      7      8      9     10    
0.119  0.057  0.083  0.100  0.068  0.128  0.038  0.143  0.149  0.114  

--------------------------------------------

Allele-freq. divergence among pops (Net nucleotide distance),
computed using point estimates of P.

      1       2       3       4       5       6       7       8       9      10      
 1      -    0.1220  0.2278  0.0417  0.2429  0.3182  0.2133  0.1703  0.2302  0.0541  
 2   0.1220     -    0.2104  0.1100  0.2674  0.3623  0.2641  0.2187  0.3397  0.1247  
 3   0.2278  0.2104     -    0.2184  0.1900  0.2656  0.1901  0.1432  0.1731  0.1838  
 4   0.0417  0.1100  0.2184     -    0.2182  0.2817  0.1777  0.1582  0.2373  0.0711  
 5   0.2429  0.2674  0.1900  0.2182     -    0.3494  0.2273  0.1765  0.2717  0.1307  
 6   0.3182  0.3623  0.2656  0.2817  0.3494     -    0.2263  0.1276  0.1509  0.2869  
 7   0.2133  0.2641  0.1901  0.1777  0.2273  0.2263     -    0.1352  0.2172  0.1732  
 8   0.1703  0.2187  0.1432  0.1582  0.1765  0.1276  0.1352     -    0.0951  0.1205  
 9   0.2302  0.3397  0.1731  0.2373  0.2717  0.1509  0.2172  0.0951     -    0.2323  
10   0.0541  0.1247  0.1838  0.0711  0.1307  0.2869  0.1732  0.1205  0.2323     -    

Average distances (expected heterozygosity) between individuals in same cluster:
cluster  1  : 0.3788 
cluster  2  : 0.3590 
cluster  3  : 0.3901 
cluster  4  : 0.4040 
cluster  5  : 0.2644 
cluster  6  : 0.4165 
cluster  7  : 0.2689 
cluster  8  : 0.5513 
cluster  9  : 0.4767 
cluster 10  : 0.4349 

--------------------------------------------
Estimated Ln Prob of Data   = -21250.3
Mean value of ln likelihood = -20617.1
Variance of ln likelihood   = 1266.4
Mean value of alpha         = 0.0347

Mean value of Fst_1         = 0.3365
Mean value of Fst_2         = 0.4175
Mean value of Fst_3         = 0.4246
Mean value of Fst_4         = 0.2887
Mean value of Fst_5         = 0.5545
Mean value of Fst_6         = 0.4306
Mean value of Fst_7         = 0.5748
Mean value of Fst_8         = 0.1449
Mean value of Fst_9         = 0.3604
Mean value of Fst_10         = 0.3179


Inferred ancestry of individuals:
        Label (%Miss) :  Inferred clusters
  1 TMA-ZAIN-G-    (9)   :  0.013 0.009 0.013 0.010 0.094 0.006 0.011 0.052 0.759 0.034 
  2 TMA-ZAIN-G-    (0)   :  0.019 0.004 0.019 0.195 0.007 0.006 0.015 0.016 0.705 0.013 
  3 TMA-ZAIN-G-    (0)   :  0.536 0.115 0.011 0.042 0.030 0.003 0.010 0.007 0.008 0.236 
  4 TMA-ZAIN-G-    (0)   :  0.186 0.071 0.021 0.033 0.015 0.005 0.639 0.005 0.012 0.014 
  5 TMA-ZAIN-G-    (0)   :  0.003 0.003 0.006 0.003 0.002 0.005 0.005 0.004 0.967 0.002 
  6 TMA-ZAIN-G-    (0)   :  0.170 0.180 0.036 0.068 0.024 0.046 0.069 0.120 0.083 0.203 
  7 TMA-ZAIN-G-    (0)   :  0.253 0.010 0.013 0.283 0.047 0.006 0.133 0.014 0.012 0.230 
  8 TMA-ZAIN-G-    (0)   :  0.039 0.020 0.028 0.025 0.007 0.003 0.005 0.005 0.007 0.862 
  9 TMA-ZAIN-G-    (9)   :  0.239 0.034 0.006 0.311 0.008 0.005 0.009 0.009 0.009 0.370 
 10 TMA-ZAIN-G-    (0)   :  0.220 0.037 0.010 0.240 0.014 0.004 0.011 0.009 0.003 0.451 
 11 TMA-ZAIN-G-    (0)   :  0.333 0.007 0.007 0.427 0.010 0.005 0.022 0.007 0.006 0.176 
 12 TMA-ZAIN-G-    (0)   :  0.935 0.005 0.005 0.009 0.012 0.003 0.004 0.005 0.004 0.019 
 13 TMA-ZAIN-G-    (9)   :  0.085 0.017 0.026 0.344 0.117 0.076 0.019 0.028 0.046 0.241 
 14 TMA-ZAIN-G-    (9)   :  0.011 0.008 0.007 0.018 0.898 0.011 0.005 0.009 0.003 0.028 
 15 TMA-ZAIN-G-    (0)   :  0.007 0.010 0.006 0.008 0.912 0.002 0.004 0.005 0.003 0.042 
 16 TMA-ZAIN-G-    (0)   :  0.881 0.005 0.003 0.061 0.006 0.005 0.006 0.006 0.003 0.023 
 17 TMA-ZAIN-G-    (9)   :  0.016 0.006 0.016 0.012 0.036 0.011 0.084 0.022 0.011 0.788 
 18 TMA-ZAIN-G-    (0)   :  0.014 0.007 0.048 0.006 0.015 0.006 0.016 0.113 0.761 0.013 
 19 TMA-ZAIN-G-    (0)   :  0.020 0.005 0.004 0.012 0.014 0.013 0.040 0.848 0.014 0.031 
 20 TMA-ZAIN-G-    (0)   :  0.003 0.004 0.028 0.004 0.003 0.086 0.007 0.824 0.036 0.003 
 21 TMA-ZAIN-G-    (0)   :  0.004 0.006 0.005 0.004 0.002 0.963 0.004 0.005 0.003 0.005 
 22 TMA-ZAIN-G-    (0)   :  0.003 0.003 0.006 0.003 0.004 0.901 0.009 0.013 0.056 0.003 
 23 TMA-ZAIN-G-    (0)   :  0.006 0.004 0.004 0.006 0.007 0.899 0.010 0.038 0.017 0.009 
 24 TMA-ZAIN-G-    (9)   :  0.009 0.159 0.006 0.098 0.033 0.669 0.003 0.004 0.007 0.013 
 25 TMA-ZAIN-G-    (9)   :  0.010 0.005 0.004 0.140 0.006 0.014 0.003 0.692 0.115 0.011 
 26 TMA-ZAIN-G-    (9)   :  0.036 0.008 0.475 0.313 0.016 0.028 0.011 0.009 0.007 0.098 
 27 TMA-ZAIN-G-    (0)   :  0.007 0.010 0.018 0.007 0.059 0.014 0.024 0.768 0.077 0.016 
 28 TMA-ZAIN-G-    (0)   :  0.008 0.008 0.007 0.006 0.013 0.004 0.006 0.927 0.010 0.010 
 29 TMA-ZAIN-G-    (0)   :  0.004 0.713 0.017 0.004 0.005 0.004 0.004 0.240 0.003 0.005 
 30 TMA-ZAIN-G-    (0)   :  0.071 0.056 0.007 0.140 0.081 0.005 0.009 0.366 0.004 0.262 
 31 TMA-ZAIN-G-    (0)   :  0.005 0.006 0.057 0.008 0.006 0.011 0.020 0.010 0.871 0.004 
 32 TMA-ZAIN-G-    (9)   :  0.101 0.004 0.005 0.041 0.035 0.029 0.005 0.021 0.728 0.032 
 33 TMA-ZAIN-G-   (18)   :  0.294 0.016 0.004 0.159 0.010 0.003 0.004 0.005 0.006 0.499 
 34 TMA-ZAIN-G-    (0)   :  0.492 0.009 0.008 0.185 0.009 0.020 0.006 0.013 0.234 0.025 
 35 TMA-ZAIN-G-    (9)   :  0.348 0.083 0.015 0.259 0.065 0.004 0.010 0.015 0.021 0.181 
 36 TMA-ZAIN-G-    (0)   :  0.043 0.010 0.016 0.496 0.166 0.003 0.007 0.006 0.004 0.249 
 37 TMA-ZAIN-G-    (9)   :  0.269 0.017 0.011 0.409 0.008 0.007 0.045 0.012 0.009 0.213 
 38 TMA-ZAIN-G-   (18)   :  0.040 0.007 0.006 0.056 0.082 0.019 0.010 0.028 0.718 0.035 
 39 TMA-ZAIN-G-    (0)   :  0.070 0.012 0.008 0.833 0.004 0.004 0.008 0.005 0.003 0.053 
 40 TMA-ZAIN-G-    (0)   :  0.171 0.006 0.005 0.316 0.006 0.004 0.012 0.004 0.003 0.472 
 41 TMA-ZAIN-G-    (0)   :  0.021 0.007 0.005 0.254 0.057 0.003 0.003 0.005 0.003 0.641 
 42 TMA-ZAIN-G-    (9)   :  0.008 0.006 0.009 0.013 0.125 0.002 0.004 0.004 0.003 0.826 
 43 TMA-ZAIN-G-    (0)   :  0.004 0.008 0.005 0.004 0.959 0.002 0.004 0.004 0.003 0.007 
 44 TMA-ZAIN-G-    (0)   :  0.034 0.012 0.004 0.105 0.005 0.804 0.009 0.008 0.005 0.013 
 45 TMA-ZAIN-G-    (0)   :  0.605 0.006 0.009 0.108 0.019 0.007 0.014 0.009 0.005 0.218 
 46 TMA-ZAIN-G-    (0)   :  0.003 0.003 0.005 0.004 0.004 0.961 0.009 0.004 0.004 0.003 
 47 TMA-ZAIN-G-    (0)   :  0.005 0.004 0.955 0.003 0.004 0.004 0.012 0.004 0.004 0.004 
 48 TMA-ZAIN-G-    (0)   :  0.051 0.017 0.217 0.045 0.056 0.025 0.198 0.020 0.007 0.363 
 49 TMA-ZAIN-G-    (9)   :  0.031 0.046 0.008 0.007 0.005 0.006 0.019 0.851 0.021 0.006 
 50 TMA-ZAIN-G-    (0)   :  0.007 0.003 0.003 0.017 0.008 0.007 0.005 0.910 0.006 0.034 
 51 TMA-ZAIN-G-    (0)   :  0.006 0.007 0.020 0.010 0.092 0.009 0.017 0.817 0.007 0.016 
 52 TMA-ZAIN-G-    (0)   :  0.017 0.003 0.047 0.009 0.026 0.010 0.185 0.689 0.006 0.009 
 53 TMA-ZAIN-G-    (0)   :  0.010 0.007 0.098 0.019 0.051 0.010 0.098 0.477 0.216 0.015 
 54 TMA-ZAIN-G-    (0)   :  0.006 0.004 0.945 0.005 0.010 0.004 0.004 0.009 0.005 0.009 
 55 TMA-ZAIN-G-    (0)   :  0.008 0.003 0.898 0.005 0.021 0.008 0.003 0.023 0.004 0.026 
 56 TMA-ZAIN-G-    (0)   :  0.037 0.023 0.069 0.037 0.035 0.006 0.458 0.053 0.007 0.275 
 57 TMA-ZAIN-G-    (0)   :  0.021 0.007 0.909 0.009 0.006 0.004 0.011 0.020 0.009 0.005 
 58 TMA-ZAIN-G-    (0)   :  0.012 0.006 0.028 0.005 0.007 0.088 0.011 0.796 0.029 0.019 
 59 TMA-ZAIN-G-    (0)   :  0.057 0.032 0.024 0.072 0.013 0.026 0.063 0.034 0.629 0.050 
 60 TMA-ZAIN-G-    (0)   :  0.010 0.008 0.021 0.011 0.145 0.008 0.044 0.257 0.477 0.019 
 61 TMA-ZAIN-G-    (0)   :  0.004 0.003 0.011 0.003 0.003 0.023 0.030 0.009 0.911 0.003 
 62 TMA-ZAIN-G-    (9)   :  0.061 0.009 0.015 0.029 0.007 0.023 0.003 0.044 0.768 0.039 
 63 TMA-ZAIN-G-    (0)   :  0.006 0.003 0.012 0.004 0.007 0.007 0.012 0.009 0.934 0.005 
 64 TMA-ZAIN-G-    (0)   :  0.006 0.962 0.003 0.008 0.006 0.002 0.003 0.003 0.002 0.005 
 65 TMA-ZAIN-G-    (9)   :  0.018 0.940 0.007 0.007 0.006 0.003 0.005 0.004 0.003 0.007 
 66 TMA-ZAIN-G-    (0)   :  0.015 0.932 0.004 0.019 0.005 0.003 0.005 0.004 0.003 0.011 
 67 TMA-ZAIN-G-    (0)   :  0.030 0.825 0.005 0.091 0.004 0.013 0.004 0.011 0.004 0.013 
 68 TMA-ZAIN-G-    (0)   :  0.005 0.961 0.005 0.005 0.006 0.002 0.004 0.003 0.002 0.007 
 69 TMA-ZAIN-G-    (0)   :  0.060 0.769 0.009 0.038 0.019 0.030 0.025 0.019 0.022 0.008 
 70 TMA-ZAIN-G-    (0)   :  0.018 0.015 0.003 0.938 0.005 0.004 0.004 0.004 0.003 0.006 
 71 TMA-ZAIN-G-    (0)   :  0.013 0.005 0.004 0.956 0.003 0.003 0.003 0.004 0.003 0.006 
 72 TMA-ZAIN-G-    (0)   :  0.017 0.023 0.008 0.910 0.009 0.004 0.005 0.005 0.004 0.014 
 73 TMA-ZAIN-G-    (0)   :  0.012 0.006 0.023 0.861 0.004 0.032 0.004 0.025 0.025 0.008 
 74 TMA-ZAIN-G-    (0)   :  0.014 0.006 0.006 0.941 0.004 0.006 0.003 0.007 0.006 0.007 
 75 TMA-ZAIN-G-    (0)   :  0.014 0.006 0.011 0.936 0.006 0.003 0.005 0.006 0.005 0.007 
 76 TMA-ZAIN-G-    (0)   :  0.014 0.006 0.004 0.931 0.004 0.020 0.003 0.010 0.005 0.005 
 77 TMA-ZAIN-G-    (0)   :  0.007 0.006 0.005 0.940 0.007 0.006 0.010 0.006 0.003 0.011 
 78 TMA-ZAIN-G-    (0)   :  0.016 0.005 0.009 0.908 0.006 0.017 0.010 0.015 0.007 0.007 
 79 TMA-ZAIN-G-    (0)   :  0.008 0.004 0.005 0.898 0.008 0.012 0.045 0.007 0.004 0.010 
 80 TMA-ZAIN-G-    (0)   :  0.135 0.024 0.014 0.774 0.005 0.005 0.008 0.005 0.003 0.028 
 81 TMA-ZAIN-G-    (0)   :  0.014 0.005 0.006 0.914 0.008 0.006 0.026 0.007 0.004 0.011 
 82 TMA-ZAIN-G-    (0)   :  0.201 0.224 0.019 0.511 0.008 0.003 0.010 0.006 0.007 0.012 
 83 TMA-ZAIN-G-    (9)   :  0.755 0.050 0.022 0.031 0.005 0.036 0.006 0.025 0.055 0.015 
 84 TMA-ZAIN-G-    (0)   :  0.011 0.005 0.004 0.931 0.005 0.014 0.010 0.008 0.003 0.008 
 85 TMA-ZAIN-G-    (0)   :  0.003 0.003 0.004 0.003 0.004 0.003 0.968 0.004 0.004 0.004 
 86 TMA-ZAIN-G-    (0)   :  0.009 0.005 0.005 0.007 0.003 0.005 0.951 0.004 0.004 0.007 
 87 TMA-ZAIN-G-    (0)   :  0.003 0.002 0.004 0.003 0.003 0.005 0.968 0.004 0.005 0.003 
 88 TMA-ZAIN-G-    (0)   :  0.134 0.045 0.073 0.053 0.019 0.010 0.447 0.009 0.192 0.018 
 89 TMA-ZAIN-G-    (0)   :  0.036 0.033 0.443 0.046 0.051 0.040 0.301 0.007 0.029 0.016 
 90 TMA-ZAIN-G-    (0)   :  0.028 0.015 0.042 0.006 0.004 0.004 0.866 0.009 0.020 0.005 
 91 TMA-ZAIN-G-    (0)   :  0.008 0.010 0.050 0.010 0.012 0.007 0.839 0.012 0.042 0.008 
 92 TMA-ZAIN-G-    (0)   :  0.007 0.006 0.306 0.012 0.013 0.040 0.552 0.046 0.009 0.010 
 93 TMA-ZAIN-G-    (0)   :  0.005 0.008 0.510 0.007 0.022 0.016 0.316 0.061 0.046 0.008 
 94 TMA-ZAIN-G-    (0)   :  0.004 0.005 0.052 0.005 0.006 0.011 0.805 0.013 0.096 0.004 
 95 TMA-ZAIN-G-    (0)   :  0.009 0.017 0.005 0.019 0.028 0.007 0.005 0.879 0.008 0.024 
 96 TMA-ZAIN-G-    (0)   :  0.014 0.005 0.006 0.005 0.028 0.005 0.010 0.871 0.005 0.052 
 97 TMA-ZAIN-G-    (0)   :  0.004 0.007 0.014 0.012 0.008 0.008 0.009 0.011 0.922 0.005 
 98 TMA-ZAIN-G-    (0)   :  0.004 0.005 0.011 0.011 0.006 0.004 0.008 0.004 0.942 0.005 
 99 TMA-ZAIN-G-    (0)   :  0.136 0.018 0.004 0.022 0.007 0.013 0.005 0.006 0.751 0.038 
100 TMA-ZAIN-G-    (0)   :  0.004 0.005 0.022 0.006 0.007 0.017 0.034 0.018 0.884 0.004 
101 TMA-ZAIN-G-    (0)   :  0.011 0.006 0.013 0.013 0.006 0.006 0.004 0.008 0.928 0.005 
102 TMA-ZAIN-G-    (0)   :  0.044 0.013 0.009 0.025 0.034 0.176 0.033 0.063 0.563 0.041 
103 TMA-ZAIN-G-    (0)   :  0.018 0.006 0.005 0.010 0.008 0.013 0.027 0.024 0.878 0.012 
104 TMA-ZAIN-G-    (0)   :  0.004 0.002 0.005 0.004 0.004 0.006 0.003 0.006 0.962 0.004 
105 TMA-ZAIN-G-    (0)   :  0.026 0.006 0.007 0.010 0.008 0.008 0.036 0.022 0.865 0.014 
106 TMA-ZAIN-G-    (0)   :  0.080 0.045 0.006 0.219 0.096 0.003 0.007 0.005 0.003 0.535 
107 TMA-ZAIN-G-    (0)   :  0.489 0.011 0.006 0.449 0.011 0.003 0.005 0.005 0.005 0.017 
108 TMA-ZAIN-G-    (9)   :  0.102 0.009 0.013 0.198 0.073 0.050 0.053 0.041 0.313 0.149 
109 TMA-ZAIN-G-    (0)   :  0.153 0.184 0.046 0.017 0.022 0.005 0.015 0.046 0.318 0.196 
110 TMA-ZAIN-G-    (0)   :  0.260 0.009 0.018 0.115 0.020 0.155 0.027 0.103 0.081 0.214 
111 TMA-ZAIN-G-    (9)   :  0.162 0.017 0.029 0.048 0.004 0.094 0.007 0.058 0.560 0.020 
112 TMA-ZAIN-G-    (0)   :  0.176 0.020 0.025 0.042 0.048 0.045 0.015 0.116 0.294 0.221 
113 TMA-ZAIN-G-    (0)   :  0.015 0.011 0.021 0.021 0.006 0.009 0.006 0.005 0.900 0.006 
114 TMA-ZAIN-G-    (0)   :  0.004 0.003 0.004 0.003 0.002 0.011 0.006 0.006 0.958 0.003 
115 TMA-ZAIN-G-    (0)   :  0.005 0.003 0.004 0.004 0.004 0.005 0.003 0.005 0.965 0.003 
116 TMA-ZAIN-G-    (0)   :  0.932 0.011 0.012 0.013 0.005 0.003 0.005 0.004 0.006 0.008 
117 TMA-ZAIN-G-    (0)   :  0.180 0.263 0.049 0.134 0.078 0.004 0.047 0.015 0.010 0.220 
118 TMA-ZAIN-G-    (0)   :  0.910 0.023 0.009 0.012 0.014 0.003 0.006 0.006 0.006 0.013 
119 TMA-ZAIN-G-    (0)   :  0.790 0.042 0.012 0.064 0.006 0.020 0.005 0.024 0.029 0.009 
120 TMA-ZAIN-G-    (0)   :  0.837 0.022 0.015 0.020 0.047 0.004 0.016 0.011 0.009 0.019 
121 TMA-ZAIN-G-    (0)   :  0.631 0.153 0.023 0.047 0.020 0.003 0.013 0.011 0.014 0.084 
122 TMA-ZAIN-G-    (0)   :  0.416 0.038 0.014 0.203 0.013 0.007 0.123 0.012 0.005 0.169 
123 TMA-ZAIN-G-    (0)   :  0.005 0.004 0.005 0.005 0.011 0.008 0.008 0.009 0.940 0.005 
124 TMA-ZAIN-G-    (0)   :  0.009 0.004 0.004 0.006 0.009 0.003 0.008 0.006 0.005 0.947 
125 TMA-ZAIN-G-    (0)   :  0.008 0.038 0.104 0.008 0.028 0.002 0.008 0.005 0.002 0.797 
126 TMA-ZAIN-G-    (0)   :  0.015 0.005 0.010 0.006 0.036 0.003 0.006 0.005 0.005 0.911 
127 TMA-ZAIN-G-    (0)   :  0.010 0.006 0.004 0.005 0.010 0.002 0.005 0.004 0.003 0.950 
128 TMA-ZAIN-G-    (0)   :  0.015 0.025 0.007 0.008 0.009 0.003 0.006 0.004 0.004 0.918 
129 TMA-ZAIN-G-    (0)   :  0.009 0.006 0.006 0.007 0.014 0.003 0.008 0.005 0.007 0.936 
130 TMA-ZAIN-G-    (0)   :  0.025 0.009 0.050 0.007 0.064 0.003 0.008 0.006 0.007 0.822 
131 TMA-ZAIN-G-    (0)   :  0.008 0.005 0.004 0.006 0.014 0.003 0.010 0.006 0.004 0.940 
132 TMA-ZAIN-G-    (0)   :  0.027 0.042 0.035 0.015 0.015 0.003 0.006 0.005 0.004 0.848 
133 TMA-ZAIN-G-    (0)   :  0.055 0.081 0.026 0.071 0.120 0.012 0.045 0.014 0.003 0.572 
134 TMA-ZAIN-G-    (0)   :  0.069 0.074 0.024 0.053 0.267 0.008 0.044 0.007 0.003 0.452 
135 TMA-ZAIN-G-    (0)   :  0.459 0.027 0.012 0.206 0.018 0.006 0.030 0.004 0.005 0.232 
136 TMA-ZAIN-G-    (0)   :  0.184 0.607 0.017 0.071 0.008 0.005 0.007 0.005 0.007 0.089 
137 TMA-ZAIN-G-    (0)   :  0.767 0.006 0.007 0.113 0.006 0.008 0.020 0.006 0.006 0.062 
138 TMA-ZAIN-G-    (0)   :  0.312 0.011 0.016 0.024 0.025 0.003 0.005 0.003 0.004 0.597 
139 TMA-ZAIN-G-    (0)   :  0.445 0.013 0.081 0.061 0.015 0.005 0.012 0.005 0.004 0.359 
140 TMA-ZAIN-G-    (0)   :  0.730 0.010 0.004 0.127 0.007 0.004 0.005 0.005 0.004 0.105 
141 TMA-ZAIN-G-    (0)   :  0.395 0.007 0.006 0.437 0.025 0.004 0.013 0.006 0.006 0.100 
142 TMA-ZAIN-G-    (9)   :  0.726 0.012 0.004 0.187 0.007 0.004 0.007 0.005 0.003 0.045 
143 TMA-ZAIN-G-    (0)   :  0.608 0.014 0.005 0.055 0.012 0.003 0.007 0.005 0.004 0.286 
144 TMA-ZAIN-G-    (0)   :  0.787 0.007 0.022 0.019 0.014 0.005 0.009 0.011 0.004 0.122 
145 TMA-ZAIN-G-    (0)   :  0.522 0.284 0.015 0.119 0.007 0.002 0.006 0.005 0.003 0.038 
146 TMA-ZAIN-G-    (0)   :  0.295 0.005 0.004 0.668 0.006 0.003 0.005 0.004 0.003 0.007 
147 TMA-ZAIN-G-    (9)   :  0.467 0.011 0.005 0.483 0.007 0.003 0.006 0.004 0.003 0.013 
148 TMA-ZAIN-G-    (0)   :  0.324 0.005 0.039 0.426 0.101 0.003 0.006 0.003 0.004 0.089 
149 TMA-ZAIN-G-    (0)   :  0.516 0.007 0.072 0.186 0.037 0.015 0.033 0.011 0.021 0.101 
150 TMA-ZAIN-G-    (0)   :  0.718 0.028 0.078 0.082 0.016 0.013 0.018 0.011 0.020 0.016 
151 TMA-ZAIN-G-    (0)   :  0.894 0.010 0.005 0.010 0.016 0.002 0.003 0.004 0.003 0.052 
152 TMA-ZAIN-G-    (0)   :  0.955 0.007 0.005 0.006 0.008 0.002 0.003 0.003 0.003 0.007 
153 TMA-ZAIN-G-    (0)   :  0.820 0.014 0.011 0.020 0.023 0.002 0.004 0.003 0.004 0.099 
154 TMA-ZAIN-G-    (0)   :  0.958 0.005 0.005 0.006 0.005 0.002 0.004 0.003 0.003 0.009 
155 TMA-ZAIN-G-    (0)   :  0.940 0.008 0.003 0.015 0.007 0.003 0.005 0.004 0.004 0.011 
156 TMA-ZAIN-G-    (9)   :  0.868 0.004 0.011 0.008 0.042 0.003 0.004 0.004 0.006 0.051 
157 TMA-ZAIN-G-    (0)   :  0.790 0.006 0.006 0.016 0.101 0.003 0.005 0.004 0.004 0.065 
158 TMA-ZAIN-G-    (0)   :  0.942 0.004 0.004 0.021 0.004 0.004 0.003 0.005 0.003 0.009 
159 TMA-ZAIN-G-    (0)   :  0.726 0.011 0.005 0.233 0.004 0.002 0.004 0.003 0.004 0.008 
160 TMA-ZAIN-G-    (0)   :  0.849 0.014 0.006 0.107 0.004 0.002 0.004 0.003 0.005 0.006 
161 TMA-ZAIN-G-    (0)   :  0.783 0.007 0.019 0.035 0.021 0.003 0.006 0.005 0.003 0.119 
162 TMA-ZAIN-G-    (0)   :  0.906 0.006 0.012 0.008 0.004 0.013 0.012 0.007 0.020 0.011 
163 TMA-ZAIN-G-    (0)   :  0.966 0.004 0.003 0.007 0.003 0.002 0.003 0.003 0.003 0.007 
164 TMA-ZAIN-G-    (0)   :  0.949 0.005 0.006 0.011 0.004 0.003 0.006 0.004 0.004 0.007 
165 TMA-ZAIN-G-    (0)   :  0.940 0.006 0.004 0.022 0.003 0.002 0.003 0.003 0.004 0.012 
166 TMA-ZAIN-G-    (0)   :  0.716 0.010 0.011 0.163 0.006 0.002 0.006 0.003 0.003 0.080 
167 TMA-ZAIN-G-    (0)   :  0.147 0.005 0.004 0.764 0.008 0.005 0.008 0.006 0.005 0.047 
168 TMA-ZAIN-G-    (0)   :  0.020 0.011 0.004 0.902 0.032 0.003 0.006 0.005 0.006 0.011 
169 TMA-ZAIN-G-    (0)   :  0.023 0.081 0.005 0.864 0.005 0.003 0.005 0.003 0.003 0.007 
170 TMA-ZAIN-G-    (0)   :  0.071 0.021 0.005 0.601 0.123 0.008 0.005 0.022 0.017 0.127 
171 TMA-ZAIN-G-    (0)   :  0.020 0.015 0.004 0.938 0.004 0.003 0.004 0.003 0.003 0.006 
172 TMA-ZAIN-G-    (0)   :  0.052 0.005 0.004 0.097 0.023 0.004 0.006 0.005 0.004 0.800 
173 TMA-ZAIN-G-    (0)   :  0.029 0.007 0.005 0.055 0.021 0.004 0.007 0.008 0.003 0.861 
174 TMA-ZAIN-G-    (0)   :  0.091 0.046 0.009 0.117 0.006 0.002 0.006 0.004 0.003 0.716 
175 TMA-ZAIN-G-    (0)   :  0.049 0.007 0.004 0.914 0.005 0.003 0.006 0.003 0.004 0.006 
176 TMA-ZAIN-G-    (0)   :  0.078 0.005 0.004 0.883 0.005 0.003 0.006 0.004 0.003 0.009 
177 TMA-ZAIN-G-    (0)   :  0.217 0.004 0.003 0.703 0.031 0.003 0.005 0.005 0.004 0.024 
178 TMA-ZAIN-G-    (0)   :  0.207 0.005 0.004 0.178 0.069 0.004 0.005 0.006 0.005 0.516 
179 TMA-ZAIN-G-    (0)   :  0.350 0.009 0.005 0.428 0.039 0.003 0.006 0.005 0.003 0.151 
180 TMA-ZAIN-G-    (0)   :  0.033 0.068 0.011 0.010 0.020 0.007 0.035 0.006 0.004 0.806 
181 TMA-ZAIN-G-    (0)   :  0.049 0.007 0.005 0.015 0.180 0.003 0.004 0.004 0.005 0.729 
182 TMA-ZAIN-G-    (0)   :  0.041 0.003 0.005 0.011 0.156 0.003 0.007 0.005 0.007 0.761 
183 TMA-ZAIN-G-    (0)   :  0.031 0.006 0.004 0.021 0.258 0.003 0.004 0.004 0.005 0.665 
184 TMA-ZAIN-G-    (0)   :  0.057 0.009 0.020 0.011 0.036 0.015 0.023 0.011 0.030 0.790 
185 TMA-ZAIN-G-    (0)   :  0.011 0.005 0.026 0.007 0.004 0.021 0.013 0.019 0.014 0.879 
186 TMA-ZAIN-G-    (9)   :  0.012 0.006 0.006 0.011 0.006 0.005 0.005 0.008 0.003 0.939 
187 TMA-ZAIN-G-    (0)   :  0.024 0.013 0.003 0.041 0.022 0.003 0.004 0.005 0.004 0.880 
188 TMA-ZAIN-G-    (0)   :  0.012 0.016 0.004 0.064 0.011 0.003 0.003 0.004 0.003 0.881 
189 TMA-ZAIN-G-    (0)   :  0.007 0.010 0.003 0.007 0.009 0.003 0.004 0.003 0.003 0.953 
190 TMA-ZAIN-G-    (0)   :  0.021 0.021 0.005 0.104 0.098 0.003 0.004 0.008 0.003 0.733 
191 TMA-ZAIN-G-    (0)   :  0.008 0.005 0.010 0.017 0.006 0.020 0.016 0.009 0.014 0.893 
192 TMA-ZAIN-G-    (0)   :  0.008 0.005 0.004 0.015 0.028 0.010 0.016 0.005 0.004 0.904 
193 TMA-ZAIN-G-    (0)   :  0.003 0.003 0.004 0.003 0.970 0.002 0.004 0.003 0.003 0.004 
194 TMA-ZAIN-G-    (0)   :  0.005 0.011 0.013 0.006 0.898 0.006 0.004 0.013 0.002 0.041 
195 TMA-ZAIN-G-    (0)   :  0.016 0.034 0.006 0.040 0.824 0.003 0.004 0.010 0.003 0.060 
196 TMA-ZAIN-G-    (0)   :  0.007 0.010 0.006 0.006 0.946 0.002 0.004 0.004 0.003 0.012 
197 TMA-ZAIN-G-    (0)   :  0.007 0.010 0.005 0.009 0.943 0.003 0.007 0.004 0.003 0.010 
198 TMA-ZAIN-G-    (0)   :  0.008 0.006 0.004 0.010 0.946 0.003 0.004 0.003 0.003 0.012 
199 TMA-ZAIN-G-    (0)   :  0.010 0.004 0.006 0.009 0.006 0.004 0.004 0.005 0.003 0.948 
200 TMA-ZAIN-G-    (0)   :  0.003 0.003 0.004 0.004 0.048 0.869 0.006 0.044 0.015 0.004 
201 TMA-ZAIN-G-    (0)   :  0.004 0.005 0.003 0.004 0.003 0.953 0.006 0.013 0.006 0.004 
202 TMA-ZAIN-G-    (0)   :  0.006 0.003 0.002 0.004 0.035 0.908 0.004 0.013 0.014 0.010 
203 TMA-ZAIN-G-    (0)   :  0.030 0.004 0.006 0.015 0.855 0.003 0.005 0.004 0.023 0.054 
204 TMA-ZAIN-G-    (9)   :  0.005 0.011 0.027 0.018 0.008 0.815 0.089 0.013 0.005 0.007 
205 TMA-ZAIN-G-    (0)   :  0.101 0.007 0.012 0.033 0.008 0.774 0.023 0.025 0.006 0.009 
206 TMA-ZAIN-G-    (9)   :  0.011 0.010 0.014 0.012 0.064 0.684 0.144 0.031 0.014 0.018 
207 TMA-ZAIN-G-    (9)   :  0.644 0.057 0.082 0.033 0.010 0.009 0.087 0.040 0.012 0.027 
208 TMA-ZAIN-G-    (0)   :  0.866 0.033 0.004 0.062 0.004 0.003 0.002 0.005 0.003 0.019 
209 TMA-ZAIN-G-    (0)   :  0.129 0.016 0.062 0.162 0.263 0.003 0.010 0.004 0.003 0.348 
210 TMA-ZAIN-G-    (0)   :  0.112 0.108 0.014 0.133 0.395 0.003 0.014 0.005 0.004 0.211 
211 TMA-ZAIN-G-    (0)   :  0.067 0.033 0.014 0.144 0.107 0.023 0.010 0.032 0.012 0.557 
212 TMA-ZAIN-G-    (0)   :  0.352 0.018 0.007 0.022 0.024 0.005 0.025 0.006 0.003 0.538 
213 TMA-ZAIN-G-    (0)   :  0.348 0.007 0.008 0.065 0.031 0.004 0.005 0.005 0.004 0.523 
214 TMA-ZAIN-G-    (0)   :  0.146 0.044 0.008 0.080 0.028 0.003 0.004 0.004 0.003 0.680 
215 TMA-ZAIN-G-    (0)   :  0.062 0.005 0.003 0.400 0.006 0.011 0.003 0.201 0.004 0.305 
216 TMA-ZAIN-G-    (0)   :  0.024 0.005 0.008 0.015 0.008 0.005 0.005 0.005 0.003 0.923 
217 TMA-ZAIN-G-    (0)   :  0.105 0.134 0.010 0.234 0.098 0.003 0.008 0.004 0.004 0.401 
218 TMA-ZAIN-G-    (0)   :  0.005 0.012 0.005 0.007 0.004 0.004 0.005 0.946 0.005 0.007 
219 TMA-ZAIN-G-    (0)   :  0.004 0.003 0.008 0.004 0.004 0.012 0.018 0.936 0.005 0.006 
220 TMA-ZAIN-G-    (0)   :  0.029 0.015 0.008 0.014 0.007 0.004 0.011 0.843 0.062 0.007 
221 TMA-ZAIN-G-    (0)   :  0.010 0.006 0.005 0.011 0.007 0.025 0.016 0.893 0.005 0.023 
222 TMA-ZAIN-G-    (0)   :  0.016 0.015 0.014 0.009 0.006 0.010 0.029 0.858 0.034 0.008 
223 TMA-ZAIN-G-    (0)   :  0.004 0.003 0.005 0.003 0.003 0.010 0.014 0.947 0.008 0.004 
224 TMA-ZAIN-G-    (0)   :  0.005 0.005 0.008 0.006 0.009 0.016 0.131 0.781 0.022 0.018 
225 TMA-ZAIN-G-    (0)   :  0.004 0.002 0.004 0.003 0.012 0.010 0.006 0.943 0.011 0.005 
226 TMA-ZAIN-G-    (0)   :  0.008 0.005 0.005 0.007 0.019 0.010 0.010 0.914 0.015 0.007 
227 TMA-ZAIN-G-    (0)   :  0.009 0.004 0.005 0.010 0.022 0.022 0.006 0.903 0.011 0.009 
228 TMA-ZAIN-G-    (0)   :  0.015 0.008 0.006 0.026 0.007 0.010 0.019 0.884 0.017 0.008 
229 TMA-ZAIN-G-    (0)   :  0.003 0.010 0.007 0.005 0.003 0.067 0.009 0.866 0.028 0.003 
230 TMA-ZAIN-G-    (0)   :  0.008 0.018 0.013 0.062 0.017 0.010 0.397 0.388 0.045 0.042 
231 TMA-ZAIN-G-    (0)   :  0.056 0.011 0.017 0.031 0.013 0.495 0.069 0.130 0.165 0.013 
232 TMA-ZAIN-G-    (9)   :  0.013 0.054 0.011 0.017 0.011 0.504 0.020 0.048 0.281 0.042 
233 TMA-ZAIN-G-    (0)   :  0.009 0.043 0.012 0.028 0.009 0.026 0.027 0.831 0.005 0.010 
234 TMA-ZAIN-G-    (0)   :  0.011 0.007 0.029 0.007 0.011 0.058 0.006 0.583 0.284 0.005 
235 TMA-ZAIN-G-    (0)   :  0.014 0.005 0.008 0.045 0.026 0.024 0.035 0.631 0.174 0.037 
236 TMA-ZAIN-G-    (0)   :  0.012 0.007 0.004 0.014 0.029 0.065 0.085 0.667 0.104 0.013 
237 TMA-ZAIN-G-    (0)   :  0.027 0.016 0.007 0.197 0.010 0.013 0.204 0.237 0.265 0.024 
238 TMA-ZAIN-G-    (0)   :  0.028 0.004 0.004 0.035 0.007 0.029 0.008 0.804 0.058 0.023 
239 TMA-ZAIN-G-    (0)   :  0.004 0.015 0.027 0.005 0.131 0.752 0.024 0.005 0.005 0.033 
240 TMA-ZAIN-G-    (0)   :  0.003 0.003 0.006 0.005 0.004 0.961 0.008 0.004 0.003 0.003 
241 TMA-ZAIN-G-    (0)   :  0.006 0.005 0.005 0.012 0.004 0.951 0.005 0.004 0.004 0.004 
242 TMA-ZAIN-G-    (0)   :  0.007 0.005 0.004 0.007 0.003 0.959 0.003 0.004 0.003 0.005 
243 TMA-ZAIN-G-    (0)   :  0.009 0.009 0.005 0.015 0.004 0.940 0.005 0.004 0.003 0.006 
244 TMA-ZAIN-G-    (0)   :  0.016 0.009 0.004 0.015 0.003 0.934 0.003 0.004 0.004 0.007 
245 TMA-ZAIN-G-    (9)   :  0.003 0.002 0.003 0.003 0.003 0.971 0.003 0.004 0.004 0.003 
246 TMA-ZAIN-G-    (0)   :  0.003 0.003 0.003 0.003 0.003 0.971 0.004 0.004 0.002 0.003 
247 TMA-ZAIN-G-    (0)   :  0.004 0.006 0.005 0.004 0.002 0.964 0.004 0.004 0.002 0.005 
248 TMA-ZAIN-G-    (0)   :  0.007 0.005 0.004 0.006 0.010 0.947 0.004 0.006 0.005 0.007 
249 TMA-ZAIN-G-    (0)   :  0.003 0.003 0.003 0.004 0.007 0.963 0.004 0.006 0.003 0.005 
250 TMA-ZAIN-G-    (0)   :  0.003 0.006 0.003 0.003 0.004 0.963 0.005 0.005 0.002 0.004 
251 TMA-ZAIN-G-    (0)   :  0.005 0.004 0.959 0.003 0.005 0.003 0.009 0.004 0.005 0.004 
252 TMA-ZAIN-G-    (0)   :  0.030 0.026 0.882 0.033 0.005 0.003 0.004 0.006 0.004 0.008 
253 TMA-ZAIN-G-    (0)   :  0.008 0.005 0.958 0.004 0.004 0.004 0.004 0.003 0.005 0.004 
254 TMA-ZAIN-G-    (9)   :  0.022 0.010 0.927 0.008 0.005 0.004 0.006 0.004 0.007 0.008 
255 TMA-ZAIN-G-    (0)   :  0.006 0.007 0.942 0.004 0.004 0.016 0.004 0.003 0.009 0.004 
256 TMA-ZAIN-G-    (0)   :  0.009 0.005 0.903 0.008 0.022 0.010 0.023 0.004 0.007 0.008 
257 TMA-ZAIN-G-    (0)   :  0.003 0.003 0.949 0.004 0.011 0.004 0.013 0.004 0.004 0.004 
258 TMA-ZAIN-G-    (0)   :  0.003 0.004 0.967 0.003 0.005 0.003 0.006 0.003 0.003 0.003 
259 TMA-ZAIN-G-    (0)   :  0.003 0.005 0.944 0.003 0.006 0.005 0.021 0.004 0.004 0.004 
260 TMA-ZAIN-G-    (0)   :  0.003 0.008 0.947 0.004 0.006 0.005 0.015 0.004 0.003 0.004 
261 TMA-ZAIN-G-   (18)   :  0.005 0.011 0.922 0.005 0.009 0.004 0.023 0.008 0.005 0.008 
262 TMA-ZAIN-G-    (0)   :  0.003 0.003 0.962 0.003 0.006 0.003 0.009 0.003 0.004 0.003 
263 TMA-ZAIN-G-    (0)   :  0.004 0.003 0.961 0.003 0.004 0.003 0.008 0.004 0.005 0.003 
264 TMA-ZAIN-G-    (0)   :  0.005 0.004 0.955 0.004 0.006 0.004 0.007 0.004 0.008 0.003 
265 TMA-ZAIN-G-    (0)   :  0.027 0.028 0.169 0.022 0.013 0.013 0.440 0.247 0.014 0.027 
266 TMA-ZAIN-G-    (0)   :  0.046 0.025 0.653 0.020 0.067 0.011 0.022 0.030 0.012 0.115 
267 TMA-ZAIN-G-    (0)   :  0.013 0.017 0.176 0.025 0.009 0.374 0.277 0.072 0.024 0.012 
268 TMA-ZAIN-G-    (0)   :  0.004 0.004 0.005 0.005 0.003 0.889 0.009 0.007 0.071 0.003 
269 TMA-ZAIN-G-    (0)   :  0.005 0.005 0.005 0.008 0.005 0.577 0.071 0.028 0.290 0.006 
270 TMA-ZAIN-G-    (0)   :  0.006 0.004 0.006 0.006 0.004 0.714 0.144 0.017 0.095 0.004 
271 TMA-ZAIN-G-    (0)   :  0.005 0.004 0.006 0.005 0.003 0.911 0.023 0.008 0.031 0.004 
272 TMA-ZAIN-G-    (0)   :  0.005 0.003 0.004 0.006 0.004 0.857 0.032 0.061 0.024 0.005 
273 TMA-ZAIN-G-    (0)   :  0.003 0.002 0.003 0.003 0.003 0.941 0.009 0.014 0.018 0.003 
274 TMA-ZAIN-G-    (0)   :  0.009 0.010 0.009 0.015 0.053 0.826 0.009 0.019 0.029 0.023 
275 TMA-ZAIN-G-    (0)   :  0.004 0.002 0.002 0.003 0.003 0.963 0.003 0.008 0.007 0.004 
276 TMA-ZAIN-G-    (0)   :  0.004 0.003 0.003 0.004 0.003 0.961 0.006 0.004 0.009 0.003 
277 TMA-ZAIN-G-    (0)   :  0.004 0.005 0.007 0.005 0.005 0.951 0.004 0.005 0.010 0.003 
278 TMA-ZAIN-G-    (0)   :  0.003 0.003 0.004 0.003 0.003 0.959 0.010 0.006 0.006 0.003 
279 TMA-ZAIN-G-    (0)   :  0.005 0.003 0.005 0.004 0.006 0.940 0.004 0.017 0.012 0.006 
280 TMA-ZAIN-G-    (0)   :  0.006 0.002 0.004 0.005 0.009 0.790 0.006 0.060 0.108 0.010 
281 TMA-ZAIN-G-    (0)   :  0.004 0.003 0.005 0.004 0.006 0.911 0.009 0.011 0.042 0.005 
282 TMA-ZAIN-G-    (9)   :  0.003 0.003 0.005 0.003 0.003 0.953 0.006 0.006 0.013 0.003 
283 TMA-ZAIN-G-    (0)   :  0.017 0.006 0.126 0.011 0.004 0.616 0.030 0.098 0.081 0.010 
284 TMA-ZAIN-G-    (0)   :  0.022 0.004 0.114 0.008 0.006 0.449 0.049 0.152 0.180 0.015 
285 TMA-ZAIN-G-    (0)   :  0.016 0.028 0.034 0.024 0.011 0.807 0.006 0.019 0.031 0.024 
286 TMA-ZAIN-G-    (0)   :  0.004 0.003 0.008 0.004 0.003 0.913 0.011 0.012 0.038 0.004 
287 TMA-ZAIN-G-    (0)   :  0.006 0.011 0.006 0.011 0.014 0.902 0.006 0.009 0.025 0.010 
288 TMA-ZAIN-G-    (0)   :  0.014 0.011 0.014 0.023 0.069 0.572 0.010 0.140 0.103 0.044 
289 TMA-ZAIN-G-    (0)   :  0.008 0.016 0.011 0.019 0.029 0.848 0.012 0.016 0.023 0.018 
290 TMA-ZAIN-G-    (0)   :  0.010 0.003 0.009 0.007 0.010 0.439 0.008 0.078 0.425 0.011 
291 TMA-ZAIN-G-    (0)   :  0.005 0.003 0.007 0.004 0.005 0.015 0.010 0.936 0.010 0.005 
292 TMA-ZAIN-G-    (0)   :  0.165 0.007 0.004 0.650 0.029 0.012 0.009 0.017 0.010 0.098 
293 TMA-ZAIN-G-    (0)   :  0.703 0.019 0.013 0.072 0.024 0.013 0.080 0.013 0.004 0.060 
294 TMA-ZAIN-G-    (0)   :  0.145 0.009 0.005 0.798 0.005 0.004 0.014 0.005 0.003 0.011 
295 TMA-ZAIN-G-    (9)   :  0.178 0.014 0.007 0.741 0.005 0.007 0.017 0.010 0.004 0.016 
296 TMA-ZAIN-G-    (0)   :  0.670 0.006 0.009 0.141 0.043 0.006 0.051 0.012 0.012 0.051 
297 TMA-ZAIN-G-    (0)   :  0.625 0.023 0.024 0.094 0.116 0.006 0.023 0.009 0.005 0.075 
298 TMA-ZAIN-G-    (0)   :  0.064 0.013 0.014 0.723 0.004 0.012 0.143 0.010 0.010 0.009 
299 TMA-ZAIN-G-    (0)   :  0.011 0.007 0.003 0.953 0.004 0.004 0.003 0.004 0.003 0.006 
300 TMA-ZAIN-G-    (0)   :  0.029 0.033 0.006 0.864 0.007 0.006 0.009 0.007 0.003 0.035 
301 TMA-ZAIN-G-    (0)   :  0.061 0.034 0.004 0.744 0.038 0.008 0.016 0.008 0.005 0.081 
302 TMA-ZAIN-G-    (9)   :  0.216 0.009 0.006 0.661 0.018 0.003 0.014 0.006 0.004 0.064 
303 TMA-ZAIN-G-    (0)   :  0.004 0.002 0.032 0.004 0.116 0.007 0.010 0.782 0.018 0.025 
304 TMA-ZAIN-G-    (0)   :  0.102 0.152 0.521 0.018 0.033 0.009 0.014 0.009 0.017 0.124 
305 TMA-ZAIN-G-    (0)   :  0.745 0.020 0.007 0.144 0.014 0.005 0.022 0.005 0.003 0.034 
306 TMA-ZAIN-G-    (0)   :  0.328 0.013 0.417 0.064 0.018 0.023 0.009 0.010 0.081 0.036 
307 TMA-ZAIN-G-    (0)   :  0.096 0.307 0.368 0.016 0.015 0.013 0.014 0.007 0.011 0.154 
308 TMA-ZAIN-G-    (0)   :  0.005 0.014 0.735 0.005 0.016 0.027 0.017 0.139 0.035 0.007 
309 TMA-ZAIN-G-    (0)   :  0.014 0.007 0.004 0.018 0.023 0.003 0.005 0.004 0.004 0.919 
310 TMA-ZAIN-G-    (0)   :  0.149 0.012 0.010 0.676 0.004 0.025 0.052 0.013 0.006 0.052 
311 TMA-ZAIN-G-    (0)   :  0.541 0.007 0.028 0.134 0.015 0.007 0.121 0.022 0.036 0.090 
312 TMA-ZAIN-G-    (0)   :  0.037 0.009 0.009 0.048 0.019 0.005 0.006 0.020 0.005 0.841 
313 TMA-ZAIN-G-    (0)   :  0.084 0.037 0.550 0.169 0.021 0.005 0.030 0.006 0.012 0.087 
314 TMA-ZAIN-G-    (0)   :  0.008 0.012 0.015 0.009 0.015 0.222 0.019 0.324 0.347 0.029 
315 TMA-ZAIN-G-    (0)   :  0.099 0.050 0.014 0.308 0.008 0.385 0.028 0.035 0.007 0.066 
316 TMA-ZAIN-G-    (0)   :  0.090 0.051 0.016 0.270 0.007 0.388 0.023 0.085 0.009 0.061 
317 TMA-ZAIN-G-    (0)   :  0.006 0.004 0.013 0.020 0.007 0.021 0.011 0.874 0.038 0.005 
318 TMA-ZAIN-G-    (9)   :  0.006 0.010 0.038 0.013 0.009 0.423 0.034 0.144 0.317 0.006 
319 TMA-ZAIN-G-    (0)   :  0.004 0.003 0.006 0.005 0.484 0.157 0.026 0.279 0.025 0.010 
320 TMA-ZAIN-G-    (0)   :  0.067 0.015 0.004 0.442 0.010 0.008 0.014 0.399 0.006 0.033 
321 TMA-ZAIN-G-    (0)   :  0.119 0.021 0.010 0.072 0.007 0.102 0.024 0.116 0.060 0.471 
322 TMA-ZAIN-G-    (0)   :  0.185 0.042 0.044 0.064 0.007 0.008 0.027 0.401 0.068 0.153 
323 TMA-ZAIN-G-    (0)   :  0.008 0.020 0.011 0.005 0.063 0.015 0.006 0.838 0.007 0.026 
324 TMA-ZAIN-G-    (0)   :  0.877 0.011 0.014 0.011 0.032 0.004 0.017 0.008 0.006 0.019 
325 TMA-ZAIN-G-    (0)   :  0.011 0.006 0.006 0.010 0.006 0.047 0.013 0.883 0.004 0.014 
326 TMA-ZAIN-G-    (0)   :  0.012 0.005 0.012 0.005 0.368 0.004 0.004 0.568 0.003 0.020 
327 TMA-ZAIN-G-    (0)   :  0.008 0.029 0.012 0.009 0.877 0.003 0.008 0.005 0.003 0.046 
328 TMA-ZAIN-G-    (0)   :  0.023 0.257 0.016 0.011 0.070 0.080 0.017 0.168 0.290 0.069 
329 TMA-ZAIN-G-    (0)   :  0.045 0.128 0.018 0.357 0.049 0.007 0.085 0.011 0.004 0.297 
330 TMA-ZAIN-G-    (0)   :  0.028 0.056 0.033 0.073 0.021 0.003 0.015 0.008 0.004 0.759 
331 TMA-ZAIN-G-    (0)   :  0.018 0.005 0.015 0.072 0.008 0.018 0.295 0.011 0.009 0.550 
332 TMA-ZAIN-G-    (0)   :  0.033 0.011 0.005 0.016 0.319 0.002 0.004 0.004 0.002 0.603 
333 TMA-ZAIN-G-    (0)   :  0.003 0.003 0.004 0.004 0.966 0.002 0.003 0.003 0.003 0.008 
334 TMA-ZAIN-G-    (0)   :  0.004 0.003 0.006 0.004 0.003 0.937 0.015 0.012 0.013 0.004 
335 TMA-ZAIN-G-    (0)   :  0.005 0.006 0.003 0.005 0.003 0.955 0.010 0.005 0.004 0.004 
336 TMA-ZAIN-G-    (0)   :  0.008 0.007 0.007 0.011 0.005 0.847 0.079 0.017 0.013 0.008 
337 TMA-ZAIN-G-    (9)   :  0.008 0.004 0.005 0.007 0.003 0.837 0.016 0.038 0.075 0.006 
338 TMA-ZAIN-G-    (0)   :  0.004 0.003 0.006 0.004 0.004 0.919 0.009 0.010 0.038 0.003 
339 TMA-ZAIN-G-    (0)   :  0.002 0.002 0.003 0.002 0.002 0.961 0.004 0.006 0.014 0.002 
340 TMA-ZAIN-G-    (0)   :  0.003 0.003 0.003 0.003 0.002 0.961 0.011 0.005 0.006 0.003 
341 TMA-ZAIN-G-    (0)   :  0.005 0.004 0.002 0.004 0.004 0.957 0.005 0.005 0.009 0.005 
342 TMA-ZAIN-G-    (0)   :  0.004 0.004 0.003 0.005 0.003 0.914 0.047 0.007 0.008 0.004 
343 TMA-ZAIN-G-    (0)   :  0.003 0.002 0.002 0.003 0.003 0.939 0.005 0.008 0.031 0.004 
344 TMA-ZAIN-G-    (0)   :  0.005 0.003 0.005 0.005 0.006 0.947 0.005 0.013 0.008 0.005 
345 TMA-ZAIN-G-    (0)   :  0.003 0.003 0.005 0.003 0.003 0.967 0.005 0.004 0.005 0.003 
346 TMA-ZAIN-G-    (0)   :  0.005 0.004 0.005 0.009 0.011 0.910 0.005 0.015 0.026 0.011 
347 TMA-ZAIN-G-    (9)   :  0.003 0.003 0.003 0.003 0.003 0.963 0.004 0.007 0.008 0.003 
348 TMA-ZAIN-G-    (0)   :  0.005 0.004 0.009 0.006 0.005 0.922 0.012 0.013 0.020 0.004 
349 TMA-ZAIN-G-    (0)   :  0.004 0.004 0.004 0.004 0.004 0.952 0.004 0.007 0.013 0.003 
350 TMA-ZAIN-G-    (0)   :  0.007 0.005 0.005 0.007 0.008 0.826 0.016 0.090 0.025 0.010 
351 TMA-ZAIN-G-    (0)   :  0.003 0.004 0.005 0.004 0.004 0.956 0.005 0.008 0.007 0.003 
352 TMA-ZAIN-G-    (0)   :  0.008 0.007 0.005 0.008 0.003 0.893 0.053 0.007 0.009 0.006 
353 TMA-ZAIN-G-    (0)   :  0.008 0.003 0.005 0.005 0.013 0.884 0.006 0.025 0.039 0.011 
354 TMA-ZAIN-G-    (0)   :  0.007 0.002 0.002 0.004 0.005 0.947 0.003 0.014 0.007 0.009 
355 TMA-ZAIN-G-    (0)   :  0.011 0.004 0.003 0.006 0.007 0.928 0.005 0.010 0.013 0.013 
356 TMA-ZAIN-G-    (0)   :  0.919 0.037 0.012 0.007 0.002 0.002 0.005 0.011 0.003 0.004 
357 TMA-ZAIN-G-    (0)   :  0.367 0.065 0.008 0.066 0.341 0.004 0.017 0.009 0.009 0.114 
358 TMA-ZAIN-G-    (0)   :  0.124 0.147 0.018 0.115 0.019 0.021 0.045 0.030 0.046 0.434 
359 TMA-ZAIN-G-    (0)   :  0.298 0.378 0.027 0.054 0.004 0.014 0.160 0.047 0.009 0.009 
360 TMA-ZAIN-G-    (0)   :  0.789 0.014 0.006 0.137 0.003 0.005 0.012 0.007 0.003 0.024 
361 TMA-ZAIN-G-    (0)   :  0.103 0.015 0.010 0.035 0.022 0.003 0.008 0.008 0.008 0.788 
362 TMA-ZAIN-G-    (0)   :  0.844 0.009 0.004 0.036 0.003 0.061 0.008 0.020 0.007 0.008 
363 TMA-ZAIN-G-    (0)   :  0.067 0.015 0.011 0.296 0.073 0.009 0.087 0.028 0.004 0.410 
364 TMA-ZAIN-G-    (0)   :  0.013 0.014 0.010 0.037 0.010 0.016 0.064 0.554 0.265 0.018 
365 TMA-ZAIN-G-    (0)   :  0.503 0.036 0.004 0.067 0.004 0.158 0.008 0.067 0.011 0.141 
366 TMA-ZAIN-G-    (0)   :  0.178 0.087 0.011 0.645 0.004 0.006 0.040 0.005 0.004 0.020 
367 TMA-ZAIN-G-    (0)   :  0.062 0.007 0.053 0.018 0.036 0.006 0.037 0.019 0.105 0.657 
368 TMA-ZAIN-G-    (0)   :  0.040 0.050 0.009 0.847 0.006 0.004 0.016 0.005 0.004 0.019 
369 TMA-ZAIN-G-    (0)   :  0.012 0.023 0.005 0.013 0.012 0.003 0.006 0.004 0.002 0.919 
370 TMA-ZAIN-G-    (0)   :  0.013 0.007 0.004 0.029 0.013 0.003 0.008 0.004 0.005 0.914 
371 TMA-ZAIN-G-    (0)   :  0.739 0.027 0.006 0.190 0.009 0.003 0.006 0.004 0.005 0.012 
372 TMA-ZAIN-G-    (0)   :  0.601 0.031 0.007 0.157 0.006 0.004 0.008 0.004 0.004 0.180 
373 TMA-ZAIN-G-    (0)   :  0.006 0.006 0.005 0.005 0.478 0.004 0.005 0.008 0.003 0.479 
374 TMA-ZAIN-G-    (0)   :  0.056 0.007 0.156 0.029 0.128 0.008 0.020 0.059 0.313 0.224 
375 TMA-ZAIN-G-    (0)   :  0.027 0.009 0.007 0.018 0.044 0.010 0.012 0.600 0.052 0.221 
376 TMA-ZAIN-G-    (9)   :  0.861 0.005 0.003 0.054 0.004 0.003 0.005 0.005 0.005 0.056 
377 TMA-ZAIN-G-    (0)   :  0.716 0.021 0.005 0.199 0.006 0.002 0.004 0.003 0.003 0.040 
378 TMA-ZAIN-G-    (0)   :  0.926 0.015 0.003 0.022 0.008 0.002 0.003 0.003 0.003 0.015 
379 TMA-ZAIN-G-    (0)   :  0.934 0.012 0.011 0.007 0.014 0.002 0.003 0.003 0.003 0.011 
380 TMA-ZAIN-G-    (0)   :  0.040 0.049 0.007 0.834 0.009 0.003 0.010 0.005 0.003 0.041 
381 TMA-ZAIN-G-    (9)   :  0.043 0.082 0.035 0.146 0.016 0.010 0.087 0.533 0.011 0.039 
382 TMA-ZAIN-G-    (9)   :  0.005 0.003 0.006 0.013 0.010 0.065 0.033 0.201 0.647 0.015 
383    ZFB01    (0)   :  0.006 0.003 0.004 0.005 0.003 0.009 0.003 0.004 0.959 0.004 
384    ZFB02    (0)   :  0.004 0.003 0.008 0.003 0.002 0.034 0.006 0.005 0.930 0.003 
385    ZFB03    (0)   :  0.006 0.003 0.004 0.004 0.009 0.005 0.005 0.007 0.951 0.006 
386    ZFB04    (0)   :  0.006 0.003 0.005 0.004 0.002 0.037 0.009 0.005 0.925 0.004 
387    ZFB05    (0)   :  0.004 0.012 0.006 0.003 0.013 0.099 0.063 0.034 0.760 0.006 
388    ZFB06    (0)   :  0.004 0.013 0.006 0.003 0.012 0.046 0.019 0.036 0.855 0.007 
389    ZFB07    (9)   :  0.009 0.004 0.005 0.008 0.005 0.009 0.009 0.011 0.931 0.007 
390    ZFB08    (0)   :  0.008 0.006 0.006 0.007 0.005 0.006 0.009 0.008 0.938 0.006 
391    ZFB09    (0)   :  0.004 0.003 0.004 0.003 0.003 0.005 0.003 0.005 0.967 0.003 
392    ZFB10    (0)   :  0.033 0.007 0.005 0.016 0.002 0.011 0.008 0.005 0.904 0.010 
393    ZFB11    (0)   :  0.011 0.004 0.007 0.014 0.003 0.020 0.010 0.005 0.923 0.005 
394    ZFB12    (0)   :  0.009 0.004 0.005 0.010 0.008 0.042 0.004 0.020 0.889 0.009 
395    ZFB13    (0)   :  0.011 0.006 0.004 0.011 0.004 0.007 0.012 0.012 0.924 0.008 
396    ZFB14    (0)   :  0.006 0.003 0.004 0.005 0.003 0.004 0.006 0.005 0.959 0.004 
397    ZFB15    (0)   :  0.003 0.002 0.003 0.003 0.003 0.014 0.004 0.004 0.960 0.003 
398    ZFB16    (0)   :  0.008 0.004 0.003 0.006 0.003 0.016 0.014 0.008 0.932 0.006 
399    ZFB17    (0)   :  0.013 0.012 0.013 0.008 0.003 0.029 0.052 0.017 0.841 0.011 
400    ZFB18    (0)   :  0.005 0.003 0.004 0.004 0.003 0.004 0.003 0.004 0.968 0.003 
401    ZFB19    (0)   :  0.042 0.009 0.004 0.025 0.006 0.007 0.008 0.018 0.859 0.023 
402    ZFB20    (0)   :  0.007 0.004 0.003 0.006 0.003 0.047 0.018 0.007 0.900 0.006 
403    ZFB21    (0)   :  0.003 0.002 0.003 0.003 0.004 0.012 0.005 0.007 0.959 0.003 
404    ZFB22    (0)   :  0.016 0.012 0.009 0.009 0.004 0.072 0.008 0.010 0.846 0.013 
405    ZFB23    (0)   :  0.011 0.004 0.005 0.012 0.004 0.027 0.014 0.005 0.912 0.006 
406    ZFB24    (0)   :  0.009 0.003 0.005 0.012 0.003 0.041 0.013 0.005 0.903 0.005 
407    ZFB25    (0)   :  0.037 0.005 0.004 0.019 0.004 0.006 0.004 0.004 0.906 0.011 
408    ZFB26    (0)   :  0.023 0.005 0.006 0.032 0.004 0.062 0.037 0.005 0.816 0.010 
409    ZFB27    (0)   :  0.011 0.003 0.005 0.009 0.003 0.096 0.005 0.005 0.857 0.006 
410    ZFB28    (0)   :  0.008 0.003 0.008 0.012 0.007 0.115 0.017 0.032 0.790 0.009 
411    ZFB29    (0)   :  0.004 0.003 0.006 0.005 0.002 0.022 0.020 0.005 0.928 0.003 
412    ZFB30    (0)   :  0.007 0.015 0.004 0.008 0.012 0.160 0.008 0.041 0.735 0.011 
413    ZFB31    (0)   :  0.024 0.004 0.004 0.013 0.003 0.007 0.004 0.005 0.927 0.009 
414    ZFB32    (0)   :  0.014 0.004 0.022 0.023 0.010 0.053 0.038 0.049 0.773 0.013 
