

----------------------------------------------------
STRUCTURE by Pritchard, Stephens and Donnelly (2000)
     and Falush, Stephens and Pritchard (2003)
       Code by Pritchard, Falush and Hubisz
             Version 2.3.4 (Jul 2012)
----------------------------------------------------



Command line arguments:   bin\structure -m C:\Users\eschumacher\Documents\GitHub\GCC_QUAC_ZAIN\Data_Files\Structure_Files\ZAIN\ZAIN_rebinned_garden_wild_nopopinfo\50-50\mainparams -e C:\Users\eschumacher\Documents\GitHub\GCC_QUAC_ZAIN\Data_Files\Structure_Files\ZAIN\ZAIN_rebinned_garden_wild_nopopinfo\50-50\extraparams 
Input File:    C:\Users\eschumacher\Documents\GitHub\GCC_QUAC_ZAIN\Data_Files\Structure_Files\ZAIN\ZAIN_rebinned_garden_wild_nopopinfo\project_data

Run parameters:
   1133 individuals
   11 loci
   3 populations assumed
   50000 Burn-in period
   50000 Reps


--------------------------------------------
Overall proportion of membership of the
sample in each of the 3 clusters

Inferred Clusters
  1      2      3    
0.297  0.252  0.451  

--------------------------------------------

Allele-freq. divergence among pops (Net nucleotide distance),
computed using point estimates of P.

      1       2       3      
 1      -    0.0697  0.1003  
 2   0.0697     -    0.1851  
 3   0.1003  0.1851     -    

Average distances (expected heterozygosity) between individuals in same cluster:
cluster  1  : 0.5691 
cluster  2  : 0.5107 
cluster  3  : 0.4700 

--------------------------------------------
Estimated Ln Prob of Data   = -24476.6
Mean value of ln likelihood = -24231.2
Variance of ln likelihood   = 490.9
Mean value of alpha         = 0.0397

Mean value of Fst_1         = 0.1367
Mean value of Fst_2         = 0.3027
Mean value of Fst_3         = 0.2771


Inferred ancestry of individuals:
        Label (%Miss) :  Inferred clusters
  1 TMA-ZAIN-G-    (9)   :  0.057 0.848 0.095 
  2 TMA-ZAIN-G-    (0)   :  0.058 0.710 0.232 
  3 TMA-ZAIN-G-    (0)   :  0.006 0.005 0.989 
  4 TMA-ZAIN-G-    (0)   :  0.355 0.111 0.535 
  5 TMA-ZAIN-G-    (0)   :  0.006 0.991 0.003 
  6 TMA-ZAIN-G-    (0)   :  0.177 0.049 0.775 
  7 TMA-ZAIN-G-    (0)   :  0.016 0.013 0.971 
  8 TMA-ZAIN-G-    (0)   :  0.006 0.005 0.988 
  9 TMA-ZAIN-G-    (9)   :  0.007 0.009 0.984 
 10 TMA-ZAIN-G-    (0)   :  0.009 0.004 0.987 
 11 TMA-ZAIN-G-    (0)   :  0.008 0.006 0.986 
 12 TMA-ZAIN-G-    (0)   :  0.005 0.004 0.991 
 13 TMA-ZAIN-G-    (9)   :  0.047 0.121 0.832 
 14 TMA-ZAIN-G-    (9)   :  0.014 0.006 0.980 
 15 TMA-ZAIN-G-    (0)   :  0.012 0.005 0.983 
 16 TMA-ZAIN-G-    (0)   :  0.006 0.005 0.989 
 17 TMA-ZAIN-G-    (9)   :  0.031 0.018 0.951 
 18 TMA-ZAIN-G-    (0)   :  0.456 0.524 0.020 
 19 TMA-ZAIN-G-    (0)   :  0.835 0.108 0.057 
 20 TMA-ZAIN-G-    (0)   :  0.954 0.043 0.003 
 21 TMA-ZAIN-G-    (0)   :  0.986 0.009 0.004 
 22 TMA-ZAIN-G-    (0)   :  0.008 0.989 0.003 
 23 TMA-ZAIN-G-    (0)   :  0.015 0.977 0.007 
 24 TMA-ZAIN-G-    (9)   :  0.011 0.873 0.116 
 25 TMA-ZAIN-G-    (9)   :  0.490 0.390 0.121 
 26 TMA-ZAIN-G-    (9)   :  0.550 0.015 0.435 
 27 TMA-ZAIN-G-    (0)   :  0.908 0.065 0.027 
 28 TMA-ZAIN-G-    (0)   :  0.954 0.030 0.016 
 29 TMA-ZAIN-G-    (0)   :  0.543 0.004 0.452 
 30 TMA-ZAIN-G-    (0)   :  0.280 0.008 0.713 
 31 TMA-ZAIN-G-    (0)   :  0.039 0.952 0.009 
 32 TMA-ZAIN-G-    (9)   :  0.014 0.909 0.077 
 33 TMA-ZAIN-G-   (18)   :  0.005 0.006 0.989 
 34 TMA-ZAIN-G-    (0)   :  0.020 0.289 0.691 
 35 TMA-ZAIN-G-    (9)   :  0.007 0.008 0.984 
 36 TMA-ZAIN-G-    (0)   :  0.006 0.004 0.990 
 37 TMA-ZAIN-G-    (9)   :  0.015 0.010 0.975 
 38 TMA-ZAIN-G-   (18)   :  0.020 0.894 0.086 
 39 TMA-ZAIN-G-    (0)   :  0.011 0.004 0.984 
 40 TMA-ZAIN-G-    (0)   :  0.006 0.004 0.990 
 41 TMA-ZAIN-G-    (0)   :  0.005 0.003 0.991 
 42 TMA-ZAIN-G-    (9)   :  0.005 0.003 0.992 
 43 TMA-ZAIN-G-    (0)   :  0.012 0.005 0.983 
 44 TMA-ZAIN-G-    (0)   :  0.968 0.015 0.017 
 45 TMA-ZAIN-G-    (0)   :  0.013 0.007 0.981 
 46 TMA-ZAIN-G-    (0)   :  0.984 0.012 0.004 
 47 TMA-ZAIN-G-    (0)   :  0.976 0.007 0.017 
 48 TMA-ZAIN-G-    (0)   :  0.421 0.029 0.550 
 49 TMA-ZAIN-G-    (9)   :  0.956 0.022 0.022 
 50 TMA-ZAIN-G-    (0)   :  0.874 0.026 0.099 
 51 TMA-ZAIN-G-    (0)   :  0.971 0.010 0.019 
 52 TMA-ZAIN-G-    (0)   :  0.979 0.010 0.011 
 53 TMA-ZAIN-G-    (0)   :  0.913 0.071 0.016 
 54 TMA-ZAIN-G-    (0)   :  0.970 0.009 0.021 
 55 TMA-ZAIN-G-    (0)   :  0.977 0.006 0.017 
 56 TMA-ZAIN-G-    (0)   :  0.667 0.030 0.303 
 57 TMA-ZAIN-G-    (0)   :  0.971 0.012 0.017 
 58 TMA-ZAIN-G-    (0)   :  0.579 0.382 0.039 
 59 TMA-ZAIN-G-    (0)   :  0.085 0.749 0.166 
 60 TMA-ZAIN-G-    (0)   :  0.588 0.353 0.059 
 61 TMA-ZAIN-G-    (0)   :  0.014 0.981 0.004 
 62 TMA-ZAIN-G-    (9)   :  0.066 0.888 0.046 
 63 TMA-ZAIN-G-    (0)   :  0.020 0.972 0.008 
 64 TMA-ZAIN-G-    (0)   :  0.004 0.003 0.993 
 65 TMA-ZAIN-G-    (9)   :  0.007 0.004 0.990 
 66 TMA-ZAIN-G-    (0)   :  0.005 0.003 0.992 
 67 TMA-ZAIN-G-    (0)   :  0.018 0.008 0.974 
 68 TMA-ZAIN-G-    (0)   :  0.005 0.003 0.992 
 69 TMA-ZAIN-G-    (0)   :  0.024 0.016 0.960 
 70 TMA-ZAIN-G-    (0)   :  0.007 0.005 0.987 
 71 TMA-ZAIN-G-    (0)   :  0.005 0.004 0.991 
 72 TMA-ZAIN-G-    (0)   :  0.007 0.005 0.987 
 73 TMA-ZAIN-G-    (0)   :  0.067 0.051 0.882 
 74 TMA-ZAIN-G-    (0)   :  0.030 0.017 0.953 
 75 TMA-ZAIN-G-    (0)   :  0.009 0.006 0.984 
 76 TMA-ZAIN-G-    (0)   :  0.050 0.029 0.921 
 77 TMA-ZAIN-G-    (0)   :  0.014 0.005 0.982 
 78 TMA-ZAIN-G-    (0)   :  0.084 0.024 0.892 
 79 TMA-ZAIN-G-    (0)   :  0.051 0.008 0.941 
 80 TMA-ZAIN-G-    (0)   :  0.012 0.004 0.984 
 81 TMA-ZAIN-G-    (0)   :  0.021 0.006 0.973 
 82 TMA-ZAIN-G-    (0)   :  0.006 0.005 0.989 
 83 TMA-ZAIN-G-    (9)   :  0.053 0.094 0.852 
 84 TMA-ZAIN-G-    (0)   :  0.044 0.012 0.944 
 85 TMA-ZAIN-G-    (0)   :  0.723 0.245 0.032 
 86 TMA-ZAIN-G-    (0)   :  0.947 0.027 0.027 
 87 TMA-ZAIN-G-    (0)   :  0.317 0.670 0.013 
 88 TMA-ZAIN-G-    (0)   :  0.342 0.321 0.337 
 89 TMA-ZAIN-G-    (0)   :  0.882 0.048 0.070 
 90 TMA-ZAIN-G-    (0)   :  0.962 0.019 0.019 
 91 TMA-ZAIN-G-    (0)   :  0.942 0.029 0.029 
 92 TMA-ZAIN-G-    (0)   :  0.980 0.010 0.010 
 93 TMA-ZAIN-G-    (0)   :  0.970 0.019 0.011 
 94 TMA-ZAIN-G-    (0)   :  0.915 0.076 0.009 
 95 TMA-ZAIN-G-    (0)   :  0.882 0.067 0.052 
 96 TMA-ZAIN-G-    (0)   :  0.928 0.012 0.060 
 97 TMA-ZAIN-G-    (0)   :  0.020 0.970 0.010 
 98 TMA-ZAIN-G-    (0)   :  0.008 0.984 0.008 
 99 TMA-ZAIN-G-    (0)   :  0.010 0.846 0.144 
100 TMA-ZAIN-G-    (0)   :  0.054 0.939 0.007 
101 TMA-ZAIN-G-    (0)   :  0.015 0.968 0.016 
102 TMA-ZAIN-G-    (0)   :  0.019 0.955 0.026 
103 TMA-ZAIN-G-    (0)   :  0.012 0.977 0.011 
104 TMA-ZAIN-G-    (0)   :  0.007 0.988 0.005 
105 TMA-ZAIN-G-    (0)   :  0.014 0.975 0.012 
106 TMA-ZAIN-G-    (0)   :  0.005 0.004 0.991 
107 TMA-ZAIN-G-    (0)   :  0.005 0.004 0.991 
108 TMA-ZAIN-G-    (9)   :  0.105 0.410 0.485 
109 TMA-ZAIN-G-    (0)   :  0.139 0.258 0.603 
110 TMA-ZAIN-G-    (0)   :  0.236 0.223 0.542 
111 TMA-ZAIN-G-    (9)   :  0.089 0.871 0.040 
112 TMA-ZAIN-G-    (0)   :  0.365 0.246 0.389 
113 TMA-ZAIN-G-    (0)   :  0.013 0.963 0.024 
114 TMA-ZAIN-G-    (0)   :  0.006 0.991 0.004 
115 TMA-ZAIN-G-    (0)   :  0.006 0.989 0.006 
116 TMA-ZAIN-G-    (0)   :  0.006 0.007 0.987 
117 TMA-ZAIN-G-    (0)   :  0.009 0.005 0.986 
118 TMA-ZAIN-G-    (0)   :  0.006 0.006 0.988 
119 TMA-ZAIN-G-    (0)   :  0.016 0.021 0.964 
120 TMA-ZAIN-G-    (0)   :  0.008 0.007 0.985 
121 TMA-ZAIN-G-    (0)   :  0.008 0.006 0.986 
122 TMA-ZAIN-G-    (0)   :  0.019 0.007 0.974 
123 TMA-ZAIN-G-    (0)   :  0.011 0.981 0.008 
124 TMA-ZAIN-G-    (0)   :  0.006 0.006 0.988 
125 TMA-ZAIN-G-    (0)   :  0.009 0.003 0.987 
126 TMA-ZAIN-G-    (0)   :  0.007 0.005 0.989 
127 TMA-ZAIN-G-    (0)   :  0.005 0.004 0.992 
128 TMA-ZAIN-G-    (0)   :  0.005 0.005 0.990 
129 TMA-ZAIN-G-    (0)   :  0.006 0.008 0.986 
130 TMA-ZAIN-G-    (0)   :  0.009 0.006 0.985 
131 TMA-ZAIN-G-    (0)   :  0.007 0.005 0.988 
132 TMA-ZAIN-G-    (0)   :  0.007 0.004 0.989 
133 TMA-ZAIN-G-    (0)   :  0.029 0.004 0.967 
134 TMA-ZAIN-G-    (0)   :  0.015 0.004 0.981 
135 TMA-ZAIN-G-    (0)   :  0.007 0.005 0.988 
136 TMA-ZAIN-G-    (0)   :  0.008 0.004 0.987 
137 TMA-ZAIN-G-    (0)   :  0.007 0.007 0.986 
138 TMA-ZAIN-G-    (0)   :  0.005 0.004 0.991 
139 TMA-ZAIN-G-    (0)   :  0.009 0.005 0.986 
140 TMA-ZAIN-G-    (0)   :  0.006 0.005 0.989 
141 TMA-ZAIN-G-    (0)   :  0.006 0.005 0.989 
142 TMA-ZAIN-G-    (9)   :  0.005 0.005 0.990 
143 TMA-ZAIN-G-    (0)   :  0.005 0.004 0.991 
144 TMA-ZAIN-G-    (0)   :  0.013 0.005 0.982 
145 TMA-ZAIN-G-    (0)   :  0.005 0.003 0.992 
146 TMA-ZAIN-G-    (0)   :  0.005 0.004 0.992 
147 TMA-ZAIN-G-    (9)   :  0.005 0.004 0.991 
148 TMA-ZAIN-G-    (0)   :  0.007 0.004 0.990 
149 TMA-ZAIN-G-    (0)   :  0.024 0.046 0.930 
150 TMA-ZAIN-G-    (0)   :  0.019 0.042 0.939 
151 TMA-ZAIN-G-    (0)   :  0.005 0.004 0.992 
152 TMA-ZAIN-G-    (0)   :  0.005 0.004 0.990 
153 TMA-ZAIN-G-    (0)   :  0.005 0.004 0.991 
154 TMA-ZAIN-G-    (0)   :  0.005 0.005 0.990 
155 TMA-ZAIN-G-    (0)   :  0.004 0.006 0.990 
156 TMA-ZAIN-G-    (9)   :  0.006 0.006 0.988 
157 TMA-ZAIN-G-    (0)   :  0.005 0.005 0.991 
158 TMA-ZAIN-G-    (0)   :  0.007 0.005 0.988 
159 TMA-ZAIN-G-    (0)   :  0.005 0.004 0.991 
160 TMA-ZAIN-G-    (0)   :  0.005 0.006 0.990 
161 TMA-ZAIN-G-    (0)   :  0.005 0.004 0.991 
162 TMA-ZAIN-G-    (0)   :  0.017 0.041 0.943 
163 TMA-ZAIN-G-    (0)   :  0.004 0.004 0.992 
164 TMA-ZAIN-G-    (0)   :  0.007 0.007 0.986 
165 TMA-ZAIN-G-    (0)   :  0.004 0.005 0.990 
166 TMA-ZAIN-G-    (0)   :  0.005 0.003 0.991 
167 TMA-ZAIN-G-    (0)   :  0.007 0.008 0.985 
168 TMA-ZAIN-G-    (0)   :  0.006 0.005 0.989 
169 TMA-ZAIN-G-    (0)   :  0.004 0.004 0.992 
170 TMA-ZAIN-G-    (0)   :  0.013 0.013 0.974 
171 TMA-ZAIN-G-    (0)   :  0.005 0.004 0.991 
172 TMA-ZAIN-G-    (0)   :  0.007 0.004 0.989 
173 TMA-ZAIN-G-    (0)   :  0.008 0.005 0.988 
174 TMA-ZAIN-G-    (0)   :  0.005 0.004 0.991 
175 TMA-ZAIN-G-    (0)   :  0.005 0.005 0.990 
176 TMA-ZAIN-G-    (0)   :  0.005 0.004 0.991 
177 TMA-ZAIN-G-    (0)   :  0.005 0.004 0.991 
178 TMA-ZAIN-G-    (0)   :  0.007 0.006 0.988 
179 TMA-ZAIN-G-    (0)   :  0.005 0.004 0.991 
180 TMA-ZAIN-G-    (0)   :  0.010 0.004 0.986 
181 TMA-ZAIN-G-    (0)   :  0.005 0.005 0.991 
182 TMA-ZAIN-G-    (0)   :  0.007 0.007 0.986 
183 TMA-ZAIN-G-    (0)   :  0.006 0.005 0.989 
184 TMA-ZAIN-G-    (0)   :  0.024 0.052 0.924 
185 TMA-ZAIN-G-    (0)   :  0.056 0.042 0.903 
186 TMA-ZAIN-G-    (9)   :  0.012 0.006 0.982 
187 TMA-ZAIN-G-    (0)   :  0.005 0.005 0.990 
188 TMA-ZAIN-G-    (0)   :  0.004 0.004 0.991 
189 TMA-ZAIN-G-    (0)   :  0.004 0.003 0.993 
190 TMA-ZAIN-G-    (0)   :  0.007 0.004 0.989 
191 TMA-ZAIN-G-    (0)   :  0.019 0.035 0.946 
192 TMA-ZAIN-G-    (0)   :  0.007 0.004 0.989 
193 TMA-ZAIN-G-    (0)   :  0.014 0.004 0.982 
194 TMA-ZAIN-G-    (0)   :  0.040 0.004 0.955 
195 TMA-ZAIN-G-    (0)   :  0.008 0.005 0.988 
196 TMA-ZAIN-G-    (0)   :  0.007 0.005 0.988 
197 TMA-ZAIN-G-    (0)   :  0.014 0.005 0.981 
198 TMA-ZAIN-G-    (0)   :  0.008 0.004 0.987 
199 TMA-ZAIN-G-    (0)   :  0.011 0.006 0.984 
200 TMA-ZAIN-G-    (0)   :  0.717 0.277 0.006 
201 TMA-ZAIN-G-    (0)   :  0.978 0.017 0.005 
202 TMA-ZAIN-G-    (0)   :  0.962 0.025 0.013 
203 TMA-ZAIN-G-    (0)   :  0.009 0.009 0.982 
204 TMA-ZAIN-G-    (9)   :  0.983 0.012 0.005 
205 TMA-ZAIN-G-    (0)   :  0.977 0.010 0.012 
206 TMA-ZAIN-G-    (9)   :  0.972 0.018 0.010 
207 TMA-ZAIN-G-    (9)   :  0.053 0.017 0.930 
208 TMA-ZAIN-G-    (0)   :  0.004 0.003 0.992 
209 TMA-ZAIN-G-    (0)   :  0.008 0.004 0.989 
210 TMA-ZAIN-G-    (0)   :  0.008 0.004 0.988 
211 TMA-ZAIN-G-    (0)   :  0.025 0.011 0.964 
212 TMA-ZAIN-G-    (0)   :  0.009 0.004 0.987 
213 TMA-ZAIN-G-    (0)   :  0.007 0.005 0.989 
214 TMA-ZAIN-G-    (0)   :  0.005 0.004 0.991 
215 TMA-ZAIN-G-    (0)   :  0.179 0.008 0.813 
216 TMA-ZAIN-G-    (0)   :  0.012 0.004 0.984 
217 TMA-ZAIN-G-    (0)   :  0.005 0.004 0.992 
218 TMA-ZAIN-G-    (0)   :  0.974 0.008 0.018 
219 TMA-ZAIN-G-    (0)   :  0.988 0.006 0.005 
220 TMA-ZAIN-G-    (0)   :  0.642 0.339 0.019 
221 TMA-ZAIN-G-    (0)   :  0.985 0.007 0.009 
222 TMA-ZAIN-G-    (0)   :  0.961 0.026 0.013 
223 TMA-ZAIN-G-    (0)   :  0.970 0.026 0.004 
224 TMA-ZAIN-G-    (0)   :  0.945 0.033 0.022 
225 TMA-ZAIN-G-    (0)   :  0.957 0.037 0.006 
226 TMA-ZAIN-G-    (0)   :  0.948 0.041 0.011 
227 TMA-ZAIN-G-    (0)   :  0.967 0.019 0.014 
228 TMA-ZAIN-G-    (0)   :  0.798 0.148 0.054 
229 TMA-ZAIN-G-    (0)   :  0.929 0.066 0.005 
230 TMA-ZAIN-G-    (0)   :  0.777 0.080 0.143 
231 TMA-ZAIN-G-    (0)   :  0.212 0.760 0.028 
232 TMA-ZAIN-G-    (9)   :  0.136 0.783 0.081 
233 TMA-ZAIN-G-    (0)   :  0.971 0.010 0.019 
234 TMA-ZAIN-G-    (0)   :  0.778 0.215 0.007 
235 TMA-ZAIN-G-    (0)   :  0.393 0.490 0.117 
236 TMA-ZAIN-G-    (0)   :  0.556 0.423 0.021 
237 TMA-ZAIN-G-    (0)   :  0.288 0.514 0.198 
238 TMA-ZAIN-G-    (0)   :  0.753 0.219 0.028 
239 TMA-ZAIN-G-    (0)   :  0.976 0.015 0.009 
240 TMA-ZAIN-G-    (0)   :  0.986 0.010 0.004 
241 TMA-ZAIN-G-    (0)   :  0.980 0.012 0.008 
242 TMA-ZAIN-G-    (0)   :  0.984 0.009 0.007 
243 TMA-ZAIN-G-    (0)   :  0.986 0.006 0.008 
244 TMA-ZAIN-G-    (0)   :  0.974 0.012 0.013 
245 TMA-ZAIN-G-    (9)   :  0.983 0.012 0.005 
246 TMA-ZAIN-G-    (0)   :  0.991 0.005 0.003 
247 TMA-ZAIN-G-    (0)   :  0.991 0.005 0.004 
248 TMA-ZAIN-G-    (0)   :  0.983 0.009 0.008 
249 TMA-ZAIN-G-    (0)   :  0.989 0.006 0.004 
250 TMA-ZAIN-G-    (0)   :  0.991 0.005 0.004 
251 TMA-ZAIN-G-    (0)   :  0.970 0.012 0.017 
252 TMA-ZAIN-G-    (0)   :  0.929 0.006 0.065 
253 TMA-ZAIN-G-    (0)   :  0.933 0.015 0.052 
254 TMA-ZAIN-G-    (9)   :  0.751 0.039 0.210 
255 TMA-ZAIN-G-    (0)   :  0.865 0.058 0.077 
256 TMA-ZAIN-G-    (0)   :  0.956 0.012 0.033 
257 TMA-ZAIN-G-    (0)   :  0.985 0.006 0.009 
258 TMA-ZAIN-G-    (0)   :  0.981 0.005 0.013 
259 TMA-ZAIN-G-    (0)   :  0.986 0.006 0.008 
260 TMA-ZAIN-G-    (0)   :  0.978 0.007 0.016 
261 TMA-ZAIN-G-   (18)   :  0.970 0.007 0.023 
262 TMA-ZAIN-G-    (0)   :  0.983 0.006 0.011 
263 TMA-ZAIN-G-    (0)   :  0.972 0.015 0.013 
264 TMA-ZAIN-G-    (0)   :  0.944 0.027 0.029 
265 TMA-ZAIN-G-    (0)   :  0.968 0.008 0.024 
266 TMA-ZAIN-G-    (0)   :  0.804 0.018 0.178 
267 TMA-ZAIN-G-    (0)   :  0.849 0.129 0.022 
268 TMA-ZAIN-G-    (0)   :  0.006 0.990 0.004 
269 TMA-ZAIN-G-    (0)   :  0.008 0.987 0.005 
270 TMA-ZAIN-G-    (0)   :  0.014 0.981 0.006 
271 TMA-ZAIN-G-    (0)   :  0.007 0.989 0.004 
272 TMA-ZAIN-G-    (0)   :  0.016 0.980 0.005 
273 TMA-ZAIN-G-    (0)   :  0.014 0.983 0.004 
274 TMA-ZAIN-G-    (0)   :  0.015 0.976 0.009 
275 TMA-ZAIN-G-    (0)   :  0.007 0.989 0.004 
276 TMA-ZAIN-G-    (0)   :  0.006 0.990 0.004 
277 TMA-ZAIN-G-    (0)   :  0.016 0.980 0.004 
278 TMA-ZAIN-G-    (0)   :  0.024 0.972 0.004 
279 TMA-ZAIN-G-    (0)   :  0.012 0.983 0.005 
280 TMA-ZAIN-G-    (0)   :  0.012 0.983 0.005 
281 TMA-ZAIN-G-    (0)   :  0.019 0.976 0.004 
282 TMA-ZAIN-G-    (9)   :  0.011 0.986 0.003 
283 TMA-ZAIN-G-    (0)   :  0.065 0.930 0.005 
284 TMA-ZAIN-G-    (0)   :  0.068 0.925 0.007 
285 TMA-ZAIN-G-    (0)   :  0.036 0.957 0.007 
286 TMA-ZAIN-G-    (0)   :  0.011 0.985 0.003 
287 TMA-ZAIN-G-    (0)   :  0.010 0.984 0.005 
288 TMA-ZAIN-G-    (0)   :  0.014 0.971 0.015 
289 TMA-ZAIN-G-    (0)   :  0.014 0.979 0.008 
290 TMA-ZAIN-G-    (0)   :  0.010 0.984 0.005 
291 TMA-ZAIN-G-    (0)   :  0.975 0.019 0.007 
292 TMA-ZAIN-G-    (0)   :  0.015 0.014 0.972 
293 TMA-ZAIN-G-    (0)   :  0.016 0.005 0.979 
294 TMA-ZAIN-G-    (0)   :  0.008 0.004 0.988 
295 TMA-ZAIN-G-    (9)   :  0.013 0.007 0.980 
296 TMA-ZAIN-G-    (0)   :  0.011 0.011 0.978 
297 TMA-ZAIN-G-    (0)   :  0.010 0.007 0.983 
298 TMA-ZAIN-G-    (0)   :  0.036 0.019 0.944 
299 TMA-ZAIN-G-    (0)   :  0.009 0.007 0.984 
300 TMA-ZAIN-G-    (0)   :  0.010 0.004 0.986 
301 TMA-ZAIN-G-    (0)   :  0.010 0.006 0.984 
302 TMA-ZAIN-G-    (9)   :  0.006 0.005 0.989 
303 TMA-ZAIN-G-    (0)   :  0.941 0.048 0.011 
304 TMA-ZAIN-G-    (0)   :  0.733 0.024 0.243 
305 TMA-ZAIN-G-    (0)   :  0.007 0.005 0.988 
306 TMA-ZAIN-G-    (0)   :  0.137 0.226 0.637 
307 TMA-ZAIN-G-    (0)   :  0.572 0.014 0.414 
308 TMA-ZAIN-G-    (0)   :  0.974 0.017 0.010 
309 TMA-ZAIN-G-    (0)   :  0.005 0.004 0.991 
310 TMA-ZAIN-G-    (0)   :  0.030 0.011 0.959 
311 TMA-ZAIN-G-    (0)   :  0.023 0.037 0.940 
312 TMA-ZAIN-G-    (0)   :  0.018 0.007 0.975 
313 TMA-ZAIN-G-    (0)   :  0.066 0.056 0.877 
314 TMA-ZAIN-G-    (0)   :  0.061 0.896 0.043 
315 TMA-ZAIN-G-    (0)   :  0.109 0.340 0.551 
316 TMA-ZAIN-G-    (0)   :  0.136 0.390 0.474 
317 TMA-ZAIN-G-    (0)   :  0.877 0.105 0.018 
318 TMA-ZAIN-G-    (9)   :  0.125 0.865 0.009 
319 TMA-ZAIN-G-    (0)   :  0.927 0.027 0.046 
320 TMA-ZAIN-G-    (0)   :  0.414 0.010 0.577 
321 TMA-ZAIN-G-    (0)   :  0.088 0.226 0.687 
322 TMA-ZAIN-G-    (0)   :  0.711 0.047 0.242 
323 TMA-ZAIN-G-    (0)   :  0.949 0.018 0.033 
324 TMA-ZAIN-G-    (0)   :  0.012 0.007 0.981 
325 TMA-ZAIN-G-    (0)   :  0.987 0.007 0.006 
326 TMA-ZAIN-G-    (0)   :  0.949 0.004 0.047 
327 TMA-ZAIN-G-    (0)   :  0.013 0.005 0.983 
328 TMA-ZAIN-G-    (0)   :  0.114 0.482 0.404 
329 TMA-ZAIN-G-    (0)   :  0.014 0.005 0.981 
330 TMA-ZAIN-G-    (0)   :  0.009 0.004 0.987 
331 TMA-ZAIN-G-    (0)   :  0.179 0.092 0.728 
332 TMA-ZAIN-G-    (0)   :  0.005 0.003 0.992 
333 TMA-ZAIN-G-    (0)   :  0.009 0.004 0.987 
334 TMA-ZAIN-G-    (0)   :  0.021 0.975 0.004 
335 TMA-ZAIN-G-    (0)   :  0.011 0.983 0.005 
336 TMA-ZAIN-G-    (0)   :  0.038 0.954 0.009 
337 TMA-ZAIN-G-    (9)   :  0.011 0.984 0.005 
338 TMA-ZAIN-G-    (0)   :  0.006 0.990 0.003 
339 TMA-ZAIN-G-    (0)   :  0.008 0.989 0.003 
340 TMA-ZAIN-G-    (0)   :  0.008 0.987 0.004 
341 TMA-ZAIN-G-    (0)   :  0.006 0.989 0.005 
342 TMA-ZAIN-G-    (0)   :  0.016 0.979 0.005 
343 TMA-ZAIN-G-    (0)   :  0.006 0.991 0.003 
344 TMA-ZAIN-G-    (0)   :  0.020 0.976 0.005 
345 TMA-ZAIN-G-    (0)   :  0.011 0.986 0.003 
346 TMA-ZAIN-G-    (0)   :  0.009 0.988 0.003 
347 TMA-ZAIN-G-    (9)   :  0.009 0.987 0.004 
348 TMA-ZAIN-G-    (0)   :  0.036 0.959 0.005 
349 TMA-ZAIN-G-    (0)   :  0.010 0.986 0.004 
350 TMA-ZAIN-G-    (0)   :  0.043 0.950 0.007 
351 TMA-ZAIN-G-    (0)   :  0.017 0.979 0.004 
352 TMA-ZAIN-G-    (0)   :  0.011 0.982 0.007 
353 TMA-ZAIN-G-    (0)   :  0.022 0.972 0.006 
354 TMA-ZAIN-G-    (0)   :  0.008 0.987 0.005 
355 TMA-ZAIN-G-    (0)   :  0.009 0.984 0.007 
356 TMA-ZAIN-G-    (0)   :  0.031 0.004 0.965 
357 TMA-ZAIN-G-    (0)   :  0.007 0.007 0.986 
358 TMA-ZAIN-G-    (0)   :  0.027 0.055 0.918 
359 TMA-ZAIN-G-    (0)   :  0.095 0.010 0.894 
360 TMA-ZAIN-G-    (0)   :  0.008 0.004 0.988 
361 TMA-ZAIN-G-    (0)   :  0.009 0.009 0.982 
362 TMA-ZAIN-G-    (0)   :  0.021 0.009 0.970 
363 TMA-ZAIN-G-    (0)   :  0.033 0.008 0.959 
364 TMA-ZAIN-G-    (0)   :  0.207 0.710 0.084 
365 TMA-ZAIN-G-    (0)   :  0.021 0.227 0.752 
366 TMA-ZAIN-G-    (0)   :  0.017 0.005 0.977 
367 TMA-ZAIN-G-    (0)   :  0.026 0.047 0.928 
368 TMA-ZAIN-G-    (0)   :  0.008 0.005 0.987 
369 TMA-ZAIN-G-    (0)   :  0.005 0.003 0.991 
370 TMA-ZAIN-G-    (0)   :  0.006 0.006 0.988 
371 TMA-ZAIN-G-    (0)   :  0.005 0.006 0.990 
372 TMA-ZAIN-G-    (0)   :  0.006 0.005 0.990 
373 TMA-ZAIN-G-    (0)   :  0.014 0.005 0.981 
374 TMA-ZAIN-G-    (0)   :  0.237 0.231 0.532 
375 TMA-ZAIN-G-    (0)   :  0.531 0.097 0.372 
376 TMA-ZAIN-G-    (9)   :  0.004 0.005 0.990 
377 TMA-ZAIN-G-    (0)   :  0.004 0.003 0.993 
378 TMA-ZAIN-G-    (0)   :  0.004 0.004 0.992 
379 TMA-ZAIN-G-    (0)   :  0.004 0.004 0.991 
380 TMA-ZAIN-G-    (0)   :  0.006 0.003 0.990 
381 TMA-ZAIN-G-    (9)   :  0.943 0.011 0.046 
382 TMA-ZAIN-G-    (9)   :  0.034 0.957 0.009 
383    ZFB01    (0)   :  0.006 0.986 0.007 
384    ZFB02    (0)   :  0.010 0.985 0.005 
385    ZFB03    (0)   :  0.009 0.983 0.008 
386    ZFB04    (0)   :  0.011 0.983 0.006 
387    ZFB05    (0)   :  0.038 0.953 0.008 
388    ZFB06    (0)   :  0.025 0.966 0.008 
389    ZFB07    (9)   :  0.017 0.970 0.013 
390    ZFB08    (0)   :  0.007 0.986 0.007 
391    ZFB09    (0)   :  0.006 0.990 0.004 
392    ZFB10    (0)   :  0.010 0.971 0.019 
393    ZFB11    (0)   :  0.009 0.980 0.011 
394    ZFB12    (0)   :  0.006 0.987 0.007 
395    ZFB13    (0)   :  0.008 0.984 0.008 
396    ZFB14    (0)   :  0.006 0.987 0.007 
397    ZFB15    (0)   :  0.005 0.991 0.004 
398    ZFB16    (0)   :  0.007 0.988 0.006 
399    ZFB17    (0)   :  0.037 0.946 0.017 
400    ZFB18    (0)   :  0.006 0.989 0.006 
401    ZFB19    (0)   :  0.011 0.959 0.029 
402    ZFB20    (0)   :  0.007 0.988 0.005 
403    ZFB21    (0)   :  0.005 0.991 0.004 
404    ZFB22    (0)   :  0.021 0.959 0.020 
405    ZFB23    (0)   :  0.011 0.975 0.014 
406    ZFB24    (0)   :  0.009 0.982 0.009 
407    ZFB25    (0)   :  0.009 0.948 0.042 
408    ZFB26    (0)   :  0.021 0.947 0.031 
409    ZFB27    (0)   :  0.013 0.975 0.012 
410    ZFB28    (0)   :  0.016 0.976 0.008 
411    ZFB29    (0)   :  0.008 0.988 0.004 
412    ZFB30    (0)   :  0.078 0.901 0.021 
413    ZFB31    (0)   :  0.008 0.969 0.023 
414    ZFB32    (0)   :  0.024 0.961 0.015 
415    ZFB33    (0)   :  0.006 0.989 0.005 
416    ZFB34    (0)   :  0.007 0.988 0.005 
417    ZFB35    (0)   :  0.009 0.981 0.010 
418  ZFBP101    (0)   :  0.021 0.012 0.967 
419  ZFBP102    (0)   :  0.012 0.015 0.973 
420  ZFBP103    (0)   :  0.023 0.010 0.968 
421  ZFBP104    (0)   :  0.034 0.063 0.903 
422  ZFBP105    (0)   :  0.007 0.009 0.984 
423  ZFBP106    (0)   :  0.006 0.004 0.990 
424  ZFBP107    (0)   :  0.014 0.008 0.977 
425  ZFBP108    (0)   :  0.005 0.004 0.991 
426  ZFBP109    (0)   :  0.003 0.004 0.993 
427  ZFBP110    (0)   :  0.023 0.023 0.954 
428  ZFBP111    (0)   :  0.005 0.003 0.992 
429  ZFBP112    (0)   :  0.009 0.006 0.985 
430  ZFBP113    (0)   :  0.006 0.005 0.989 
431  ZFBP114    (0)   :  0.008 0.005 0.987 
432  ZFBP115    (0)   :  0.008 0.004 0.989 
433  ZFBP116    (0)   :  0.006 0.004 0.990 
434  ZFBP117    (0)   :  0.005 0.004 0.991 
435  ZFBP118    (0)   :  0.007 0.004 0.989 
436  ZFBP119    (0)   :  0.007 0.004 0.988 
437  ZFBP120    (0)   :  0.006 0.008 0.986 
438  ZFBP121    (0)   :  0.006 0.006 0.988 
439  ZFBP122    (9)   :  0.006 0.004 0.990 
440  ZFBP123    (0)   :  0.015 0.006 0.979 
441  ZFBP124    (0)   :  0.006 0.009 0.984 
442  ZFBP125    (0)   :  0.004 0.003 0.993 
443  ZFBP126    (0)   :  0.021 0.014 0.964 
444  ZFBP127    (0)   :  0.005 0.004 0.991 
445  ZFBP128    (0)   :  0.005 0.005 0.991 
446  ZFBP129    (0)   :  0.005 0.005 0.990 
447  ZFBP130    (0)   :  0.006 0.003 0.991 
448  ZFBP131    (0)   :  0.006 0.006 0.988 
449  ZFBP132    (0)   :  0.005 0.004 0.991 
450  ZFBP133    (0)   :  0.005 0.004 0.991 
451  ZFBP134    (0)   :  0.007 0.005 0.989 
452  ZFBP135    (0)   :  0.022 0.021 0.957 
453  ZFBP136    (0)   :  0.020 0.005 0.974 
454  ZFBP201    (0)   :  0.011 0.007 0.982 
455  ZFBP202    (0)   :  0.005 0.006 0.989 
456  ZFBP203    (0)   :  0.045 0.015 0.940 
457  ZFBP204    (0)   :  0.009 0.005 0.986 
458  ZFBP205    (0)   :  0.012 0.005 0.983 
459  ZFBP206    (0)   :  0.018 0.008 0.974 
460  ZFBP207    (0)   :  0.006 0.004 0.989 
461  ZFBP208    (0)   :  0.022 0.008 0.970 
462  ZFBP209    (0)   :  0.005 0.003 0.992 
463  ZFBP210    (0)   :  0.011 0.007 0.982 
464  ZFBP211    (0)   :  0.005 0.006 0.989 
465  ZFBP212    (0)   :  0.004 0.005 0.991 
466  ZFBP213    (0)   :  0.010 0.012 0.977 
467  ZFBP214    (0)   :  0.013 0.008 0.979 
468  ZFBP215    (0)   :  0.005 0.005 0.990 
469  ZFBP216    (0)   :  0.011 0.008 0.981 
470  ZFBP217    (0)   :  0.005 0.005 0.990 
471  ZFBP218    (0)   :  0.004 0.004 0.991 
472  ZFBP219    (0)   :  0.005 0.005 0.990 
473  ZFBP220    (0)   :  0.007 0.004 0.990 
474  ZFBP221    (0)   :  0.004 0.005 0.991 
475  ZFBP222    (0)   :  0.010 0.009 0.981 
476  ZFBP223    (0)   :  0.008 0.007 0.985 
477  ZFBP224    (0)   :  0.008 0.007 0.985 
478  ZFBP225    (0)   :  0.010 0.004 0.986 
479  ZFBP226    (0)   :  0.006 0.005 0.989 
480  ZFBP227    (0)   :  0.077 0.063 0.860 
481  ZFBP228    (0)   :  0.006 0.005 0.990 
482  ZFBP229    (0)   :  0.006 0.004 0.991 
483  ZFBP230    (0)   :  0.007 0.004 0.989 
484  ZFBP231    (0)   :  0.007 0.006 0.988 
485  ZFBP232    (0)   :  0.005 0.004 0.991 
486  ZFBP233    (0)   :  0.006 0.006 0.988 
487   ZFCC01    (0)   :  0.961 0.029 0.011 
488   ZFCC03    (0)   :  0.951 0.010 0.039 
489   ZFCC04    (0)   :  0.975 0.010 0.015 
490   ZFCC05    (0)   :  0.966 0.011 0.023 
491   ZFCC08    (0)   :  0.478 0.029 0.493 
492   ZFCC09    (0)   :  0.936 0.027 0.037 
493   ZFCC10    (0)   :  0.897 0.084 0.019 
494   ZFCC11    (0)   :  0.969 0.010 0.021 
495   ZFCC12    (0)   :  0.924 0.061 0.016 
496   ZFCC13    (0)   :  0.956 0.007 0.037 
497   ZFCC14    (0)   :  0.957 0.021 0.022 
498   ZFCC15    (0)   :  0.974 0.012 0.014 
499   ZFCC16    (0)   :  0.974 0.015 0.010 
500   ZFCC17    (0)   :  0.980 0.014 0.006 
501   ZFCC18    (0)   :  0.960 0.014 0.026 
502   ZFCC19    (0)   :  0.986 0.009 0.006 
503   ZFCC20    (0)   :  0.975 0.007 0.018 
504   ZFCC21    (0)   :  0.874 0.020 0.105 
505   ZFCC22    (0)   :  0.149 0.043 0.808 
506   ZFCC26    (0)   :  0.973 0.014 0.014 
507   ZFCC27    (0)   :  0.979 0.006 0.015 
508   ZFCC29    (0)   :  0.967 0.020 0.013 
509   ZFCC30    (0)   :  0.979 0.005 0.017 
510   ZFCC32    (0)   :  0.956 0.025 0.020 
511   ZFCC33    (0)   :  0.982 0.010 0.009 
512   ZFCC34    (0)   :  0.430 0.173 0.397 
513   ZFCC35    (0)   :  0.967 0.009 0.025 
514   ZFCC36    (0)   :  0.970 0.009 0.020 
515   ZFCC37    (0)   :  0.908 0.065 0.027 
516   ZFCC40    (0)   :  0.973 0.015 0.012 
517   ZFCC42    (0)   :  0.926 0.065 0.009 
518   ZFCC44    (0)   :  0.982 0.004 0.014 
519   ZFCC45    (9)   :  0.965 0.025 0.010 
520   ZFCC46    (0)   :  0.860 0.008 0.132 
521   ZFCC47    (0)   :  0.834 0.093 0.073 
522   ZFCC48    (0)   :  0.819 0.021 0.160 
523   ZFCC50    (0)   :  0.979 0.012 0.010 
524   ZFCC51    (0)   :  0.966 0.009 0.025 
525   ZFCC52    (0)   :  0.961 0.008 0.031 
526   ZFCC53    (0)   :  0.981 0.008 0.011 
527  ZFCNS01    (0)   :  0.038 0.006 0.956 
528  ZFCNS02    (0)   :  0.010 0.005 0.985 
529  ZFCNS05    (0)   :  0.013 0.007 0.980 
530  ZFCNS06    (0)   :  0.014 0.006 0.980 
531  ZFCNS07    (0)   :  0.007 0.005 0.988 
532  ZFCNS10    (0)   :  0.007 0.004 0.989 
533  ZFCNS11    (0)   :  0.020 0.006 0.974 
534  ZFCNS15    (0)   :  0.007 0.006 0.987 
535  ZFCNS17    (0)   :  0.019 0.004 0.977 
536  ZFCNS18    (0)   :  0.009 0.004 0.986 
537  ZFCNS19    (0)   :  0.020 0.006 0.974 
538  ZFCNS20    (0)   :  0.011 0.005 0.985 
539  ZFCNS21    (0)   :  0.015 0.005 0.980 
540  ZFCNS22    (0)   :  0.010 0.006 0.984 
541  ZFCNS23    (0)   :  0.022 0.007 0.971 
542  ZFCNS24    (0)   :  0.033 0.004 0.963 
543  ZFCNS25    (0)   :  0.011 0.004 0.985 
544  ZFCNS26    (0)   :  0.007 0.006 0.987 
545  ZFCNS27    (0)   :  0.007 0.005 0.989 
546  ZFCNS28    (0)   :  0.011 0.006 0.983 
547  ZFCNS29    (0)   :  0.016 0.006 0.978 
548  ZFCNS30    (0)   :  0.020 0.006 0.974 
549  ZFCNS31    (0)   :  0.009 0.005 0.986 
550  ZFCNS32    (0)   :  0.010 0.006 0.984 
551  ZFCNS33    (0)   :  0.009 0.006 0.985 
552  ZFCNS34    (0)   :  0.042 0.005 0.953 
553  ZFCNS35    (0)   :  0.010 0.007 0.984 
554  ZFCNS36    (0)   :  0.050 0.004 0.946 
555  ZFCNS37    (0)   :  0.013 0.005 0.982 
556  ZFCNS39    (0)   :  0.011 0.004 0.986 
557  ZFCNS40    (0)   :  0.016 0.004 0.980 
558  ZFCNS41    (0)   :  0.019 0.008 0.973 
559  ZFCNS42    (0)   :  0.009 0.005 0.986 
560  ZFCNS43    (0)   :  0.021 0.005 0.974 
561  ZFCNS44    (0)   :  0.012 0.004 0.984 
562  ZFCNS46    (0)   :  0.012 0.005 0.984 
563  ZFCNS47    (0)   :  0.011 0.005 0.984 
564  ZFCNS48    (0)   :  0.008 0.004 0.988 
565  ZFCNS49    (0)   :  0.006 0.005 0.990 
566   ZFCR01    (0)   :  0.554 0.392 0.054 
567   ZFCR02    (0)   :  0.674 0.257 0.070 
568   ZFCR03    (0)   :  0.196 0.750 0.054 
569   ZFCR04    (0)   :  0.145 0.800 0.055 
570   ZFCR05    (0)   :  0.527 0.458 0.015 
571   ZFCR06    (0)   :  0.598 0.084 0.318 
572   ZFCR07    (0)   :  0.859 0.087 0.053 
573   ZFCR08    (0)   :  0.946 0.036 0.019 
574   ZFCR09    (0)   :  0.211 0.625 0.163 
575   ZFCR11    (0)   :  0.306 0.528 0.166 
576   ZFCR12    (0)   :  0.801 0.028 0.171 
577   ZFCR13    (0)   :  0.905 0.018 0.077 
578   ZFCR14    (0)   :  0.777 0.197 0.026 
579   ZFCR15    (0)   :  0.876 0.105 0.018 
580   ZFCR16    (0)   :  0.819 0.131 0.050 
581   ZFCR18    (0)   :  0.048 0.932 0.020 
582   ZFCR19    (0)   :  0.167 0.610 0.223 
583   ZFCR20    (0)   :  0.027 0.936 0.037 
584   ZFCR21    (0)   :  0.952 0.030 0.018 
585   ZFCR22    (0)   :  0.908 0.078 0.014 
586   ZFCR23    (0)   :  0.789 0.088 0.123 
587   ZFCR24    (9)   :  0.391 0.217 0.392 
588   ZFCR25    (0)   :  0.869 0.123 0.008 
589   ZFCR26    (0)   :  0.278 0.590 0.132 
590   ZFCR27    (9)   :  0.759 0.237 0.004 
591   ZFCR28    (0)   :  0.672 0.010 0.318 
592   ZFCR29    (0)   :  0.298 0.684 0.018 
593   ZFCR30    (0)   :  0.917 0.069 0.014 
594   ZFCR31    (0)   :  0.122 0.572 0.305 
595   ZFCR33    (0)   :  0.943 0.043 0.014 
596   ZFCR34    (0)   :  0.938 0.035 0.027 
597   ZFCR35    (0)   :  0.168 0.805 0.027 
598   ZFCR36    (0)   :  0.553 0.425 0.022 
599   ZFCR37    (0)   :  0.957 0.037 0.006 
600   ZFCR38    (0)   :  0.924 0.068 0.008 
601   ZFCR39    (0)   :  0.802 0.127 0.071 
602   ZFCR40    (0)   :  0.967 0.026 0.007 
603   ZFCR41    (0)   :  0.949 0.018 0.033 
604   ZFCR42    (0)   :  0.950 0.014 0.037 
605   ZFCR43    (0)   :  0.637 0.278 0.085 
606  ZFENP25    (0)   :  0.977 0.016 0.007 
607  ZFENP26    (0)   :  0.976 0.020 0.005 
608  ZFENP27    (0)   :  0.950 0.034 0.016 
609  ZFENP28    (0)   :  0.889 0.103 0.008 
610  ZFENP29    (0)   :  0.987 0.008 0.005 
611  ZFENP30    (0)   :  0.985 0.010 0.005 
612  ZFENP31    (0)   :  0.959 0.035 0.006 
613  ZFENP32    (0)   :  0.647 0.330 0.023 
614  ZFENP33    (0)   :  0.856 0.136 0.009 
615  ZFENP34    (0)   :  0.136 0.852 0.011 
616  ZFENP35    (0)   :  0.971 0.019 0.010 
617  ZFENP36    (0)   :  0.900 0.095 0.005 
618  ZFENP37    (0)   :  0.874 0.114 0.011 
619  ZFENP38    (0)   :  0.976 0.015 0.009 
620  ZFENP39    (0)   :  0.938 0.057 0.005 
621  ZFENP40    (0)   :  0.934 0.057 0.009 
622  ZFENP41    (0)   :  0.933 0.060 0.007 
623  ZFENP42    (0)   :  0.989 0.006 0.004 
624  ZFENP43    (0)   :  0.955 0.031 0.014 
625  ZFENP44    (0)   :  0.976 0.016 0.009 
626  ZFENP45    (0)   :  0.825 0.015 0.160 
627  ZFENP46    (0)   :  0.775 0.198 0.027 
628  ZFENP47    (0)   :  0.958 0.030 0.013 
629  ZFENP48    (0)   :  0.316 0.664 0.020 
630  ZFENP49    (0)   :  0.759 0.213 0.028 
631  ZFENP50    (0)   :  0.909 0.018 0.073 
632  ZFENP51    (0)   :  0.739 0.243 0.018 
633  ZFENP52    (0)   :  0.983 0.010 0.007 
634  ZFENP53    (0)   :  0.961 0.017 0.023 
635  ZFENP54    (0)   :  0.786 0.099 0.115 
636  ZFENP55    (0)   :  0.063 0.930 0.007 
637  ZFENP56    (0)   :  0.971 0.022 0.007 
638  ZFENP57    (0)   :  0.950 0.042 0.008 
639  ZFENP58    (0)   :  0.962 0.022 0.016 
640  ZFENP59    (0)   :  0.977 0.018 0.005 
641  ZFENP60    (0)   :  0.858 0.131 0.011 
642  ZFENP61    (0)   :  0.956 0.040 0.004 
643 ZFFDSP01    (0)   :  0.005 0.005 0.990 
644 ZFFDSP02    (0)   :  0.005 0.004 0.991 
645 ZFFDSP04    (0)   :  0.005 0.006 0.990 
646 ZFFDSP05    (0)   :  0.005 0.005 0.990 
647 ZFFDSP06    (0)   :  0.004 0.004 0.992 
648 ZFFDSP07    (0)   :  0.015 0.006 0.979 
649 ZFFDSP08    (0)   :  0.009 0.004 0.986 
650 ZFFDSP10    (0)   :  0.006 0.005 0.989 
651 ZFFDSP11    (0)   :  0.005 0.006 0.989 
652 ZFFDSP12    (0)   :  0.004 0.003 0.992 
653 ZFFDSP13    (0)   :  0.010 0.005 0.985 
654 ZFFDSP14    (0)   :  0.007 0.006 0.988 
655 ZFFDSP16    (0)   :  0.007 0.007 0.985 
656 ZFFDSP17    (0)   :  0.005 0.005 0.991 
657 ZFFDSP18    (0)   :  0.004 0.007 0.989 
658 ZFFDSP19    (0)   :  0.005 0.006 0.989 
659 ZFFDSP21    (0)   :  0.005 0.004 0.991 
660 ZFFDSP22    (0)   :  0.005 0.003 0.992 
661 ZFFDSP23    (0)   :  0.004 0.004 0.992 
662 ZFFDSP24    (0)   :  0.005 0.005 0.989 
663 ZFFDSP26    (9)   :  0.005 0.005 0.990 
664 ZFFDSP27    (0)   :  0.004 0.006 0.990 
665 ZFFDSP28    (0)   :  0.014 0.059 0.927 
666 ZFFDSP30    (0)   :  0.007 0.010 0.983 
667 ZFFDSP31    (0)   :  0.005 0.006 0.990 
668 ZFFDSP32    (0)   :  0.005 0.004 0.991 
669 ZFFDSP33    (0)   :  0.004 0.004 0.992 
670 ZFFDSP34    (0)   :  0.004 0.004 0.991 
671 ZFFDSP35    (0)   :  0.005 0.005 0.990 
672 ZFFDSP37    (0)   :  0.005 0.005 0.990 
673 ZFFDSP38    (0)   :  0.004 0.005 0.991 
674 ZFFDSP39    (0)   :  0.004 0.004 0.992 
675 ZFFDSP40    (0)   :  0.004 0.005 0.991 
676 ZFFDSP42    (0)   :  0.005 0.004 0.992 
677 ZFFDSP43    (0)   :  0.004 0.004 0.992 
678 ZFFDSP44    (0)   :  0.004 0.005 0.990 
679 ZFFDSP45    (0)   :  0.004 0.005 0.991 
680 ZFFDSP46    (0)   :  0.005 0.005 0.990 
681 ZFFDSP47    (0)   :  0.004 0.004 0.991 
682 ZFFDSP48    (0)   :  0.005 0.004 0.991 
683    ZFI01    (0)   :  0.009 0.985 0.007 
684    ZFI02    (0)   :  0.007 0.985 0.008 
685    ZFI03    (0)   :  0.008 0.985 0.007 
686    ZFI04    (0)   :  0.008 0.986 0.005 
687    ZFI05    (0)   :  0.009 0.979 0.013 
688    ZFI06    (0)   :  0.007 0.965 0.028 
689    ZFI07    (0)   :  0.007 0.987 0.005 
690    ZFI08    (0)   :  0.007 0.988 0.004 
691    ZFI09    (0)   :  0.006 0.987 0.006 
692    ZFI10    (0)   :  0.009 0.973 0.018 
693    ZFI11    (0)   :  0.007 0.988 0.005 
694    ZFI12    (0)   :  0.009 0.982 0.009 
695    ZFI13    (0)   :  0.008 0.986 0.006 
696    ZFI14    (0)   :  0.009 0.970 0.021 
697    ZFI15    (0)   :  0.007 0.988 0.006 
698    ZFI16    (0)   :  0.005 0.988 0.006 
699    ZFI17    (0)   :  0.008 0.986 0.006 
700    ZFI18    (0)   :  0.006 0.989 0.005 
701    ZFI19    (9)   :  0.006 0.989 0.005 
702    ZFI20    (0)   :  0.007 0.983 0.010 
703    ZFI21    (0)   :  0.009 0.935 0.056 
704    ZFI22    (0)   :  0.008 0.984 0.008 
705    ZFI23    (0)   :  0.007 0.988 0.006 
706    ZFI24    (0)   :  0.009 0.983 0.008 
707    ZFI25    (0)   :  0.007 0.985 0.008 
708    ZFI26    (0)   :  0.008 0.986 0.005 
709    ZFI27    (0)   :  0.009 0.979 0.012 
710    ZFK01    (0)   :  0.960 0.010 0.031 
711    ZFK02    (0)   :  0.953 0.015 0.033 
712    ZFK03    (0)   :  0.965 0.016 0.019 
713    ZFK04    (0)   :  0.868 0.116 0.016 
714    ZFK05    (0)   :  0.940 0.053 0.007 
715    ZFK06    (0)   :  0.898 0.085 0.017 
716    ZFK07    (0)   :  0.969 0.007 0.023 
717    ZFK08    (0)   :  0.804 0.177 0.018 
718    ZFK10    (0)   :  0.845 0.125 0.029 
719    ZFK11    (0)   :  0.973 0.016 0.011 
720    ZFK12    (0)   :  0.952 0.007 0.041 
721    ZFK13    (0)   :  0.908 0.008 0.085 
722    ZFK14    (0)   :  0.954 0.007 0.039 
723    ZFK15    (0)   :  0.943 0.018 0.040 
724    ZFK16    (0)   :  0.882 0.006 0.113 
725   ZFLB01    (0)   :  0.975 0.015 0.010 
726   ZFLB02    (0)   :  0.953 0.042 0.006 
727   ZFLB03    (0)   :  0.983 0.009 0.008 
728   ZFLB04    (0)   :  0.924 0.026 0.050 
729   ZFLB05    (0)   :  0.942 0.049 0.009 
730   ZFLB06    (0)   :  0.981 0.013 0.006 
731   ZFLB07    (0)   :  0.976 0.008 0.016 
732   ZFLB08    (0)   :  0.964 0.030 0.006 
733   ZFLB09    (9)   :  0.960 0.034 0.006 
734   ZFLB10    (0)   :  0.944 0.049 0.007 
735   ZFLB11    (0)   :  0.987 0.008 0.004 
736   ZFLB12    (0)   :  0.979 0.017 0.004 
737   ZFLB13    (0)   :  0.983 0.011 0.006 
738  ZFLTI01    (0)   :  0.007 0.004 0.988 
739  ZFLTI02    (0)   :  0.009 0.005 0.986 
740  ZFLTI03    (0)   :  0.006 0.004 0.989 
741  ZFLTI04    (0)   :  0.009 0.006 0.985 
742  ZFLTI05    (0)   :  0.006 0.005 0.989 
743  ZFLTI06    (0)   :  0.004 0.004 0.991 
744  ZFLTI07    (0)   :  0.006 0.005 0.989 
745  ZFLTI08    (0)   :  0.006 0.007 0.987 
746  ZFLTI09    (0)   :  0.005 0.007 0.987 
747  ZFLTI10    (0)   :  0.006 0.005 0.989 
748  ZFLTI11    (0)   :  0.005 0.004 0.991 
749  ZFLTI12    (0)   :  0.006 0.004 0.990 
750  ZFLTI13    (0)   :  0.008 0.005 0.987 
751  ZFLTI14    (0)   :  0.013 0.006 0.981 
752 ZFONF101    (0)   :  0.004 0.004 0.992 
753 ZFONF102    (0)   :  0.007 0.006 0.986 
754 ZFONF103    (0)   :  0.007 0.004 0.989 
755 ZFONF104    (0)   :  0.004 0.003 0.993 
756 ZFONF105    (0)   :  0.004 0.003 0.993 
757 ZFONF106    (0)   :  0.004 0.005 0.991 
758 ZFONF107    (0)   :  0.036 0.026 0.938 
759 ZFONF108    (0)   :  0.010 0.007 0.983 
760 ZFONF109    (9)   :  0.007 0.006 0.987 
761 ZFONF110    (0)   :  0.004 0.003 0.993 
762 ZFONF111    (0)   :  0.016 0.017 0.967 
763 ZFONF112    (0)   :  0.004 0.004 0.992 
764 ZFONF113    (9)   :  0.007 0.005 0.988 
765 ZFONF115    (0)   :  0.005 0.005 0.990 
766 ZFONF116    (0)   :  0.005 0.005 0.990 
767 ZFONF117    (0)   :  0.006 0.004 0.990 
768 ZFONF118    (0)   :  0.005 0.007 0.988 
769 ZFONF119    (0)   :  0.010 0.005 0.984 
770 ZFONF120    (0)   :  0.013 0.005 0.982 
771 ZFONF121    (0)   :  0.006 0.004 0.989 
772 ZFONF122    (0)   :  0.007 0.007 0.986 
773 ZFONF123    (0)   :  0.020 0.009 0.971 
774 ZFONF124    (0)   :  0.006 0.004 0.990 
775 ZFONF125    (0)   :  0.052 0.008 0.940 
776 ZFONF126    (0)   :  0.006 0.005 0.989 
777 ZFONF201    (0)   :  0.145 0.108 0.747 
778 ZFONF202    (0)   :  0.005 0.003 0.991 
779 ZFONF203    (0)   :  0.040 0.007 0.953 
780 ZFONF204    (0)   :  0.434 0.019 0.547 
781 ZFONF206    (0)   :  0.396 0.025 0.579 
782 ZFONF207    (0)   :  0.041 0.008 0.951 
783 ZFONF208    (0)   :  0.031 0.008 0.961 
784 ZFONF209    (0)   :  0.161 0.028 0.811 
785 ZFONF210    (0)   :  0.007 0.003 0.990 
786 ZFONF211    (0)   :  0.011 0.004 0.985 
787 ZFONF212    (0)   :  0.005 0.003 0.992 
788 ZFONF214    (0)   :  0.010 0.004 0.986 
789 ZFONF215    (0)   :  0.005 0.003 0.992 
790 ZFONF216    (0)   :  0.007 0.003 0.990 
791 ZFONF217    (0)   :  0.006 0.004 0.990 
792 ZFONF218    (0)   :  0.037 0.010 0.952 
793 ZFONF219    (0)   :  0.007 0.003 0.990 
794 ZFONF220    (0)   :  0.007 0.004 0.988 
795 ZFONF222    (0)   :  0.022 0.007 0.972 
796 ZFONF223    (0)   :  0.021 0.008 0.971 
797 ZFONF224    (0)   :  0.010 0.005 0.985 
798 ZFONF225    (0)   :  0.004 0.003 0.993 
799 ZFONF226    (0)   :  0.008 0.004 0.989 
800 ZFONF227    (0)   :  0.004 0.003 0.993 
801 ZFONF228    (0)   :  0.004 0.003 0.993 
802 ZFONF230    (0)   :  0.005 0.003 0.993 
803 ZFONF231    (0)   :  0.008 0.003 0.989 
804 ZFONF232    (0)   :  0.006 0.003 0.990 
805 ZFONF233    (0)   :  0.015 0.004 0.981 
806 ZFONF234    (0)   :  0.014 0.016 0.970 
807 ZFONF235    (0)   :  0.008 0.003 0.989 
808 ZFONF236    (0)   :  0.072 0.036 0.892 
809 ZFONF238    (0)   :  0.013 0.006 0.981 
810 ZFONF239    (0)   :  0.109 0.037 0.854 
811 ZFONF240    (0)   :  0.004 0.003 0.993 
812 ZFONF241    (0)   :  0.026 0.007 0.967 
813 ZFONF242    (0)   :  0.013 0.004 0.983 
814 ZFONF243    (0)   :  0.007 0.004 0.989 
815 ZFONF244    (0)   :  0.007 0.003 0.990 
816 ZFONF245    (0)   :  0.010 0.003 0.987 
817   ZFOS01    (0)   :  0.599 0.032 0.369 
818   ZFOS02    (0)   :  0.408 0.174 0.418 
819   ZFOS03    (0)   :  0.946 0.019 0.035 
820   ZFOS04    (0)   :  0.475 0.089 0.437 
821   ZFOS05    (0)   :  0.505 0.065 0.430 
822   ZFOS06    (0)   :  0.899 0.011 0.090 
823   ZFOS07    (0)   :  0.758 0.161 0.081 
824   ZFOS08    (0)   :  0.642 0.131 0.227 
825   ZFOS09    (0)   :  0.585 0.059 0.356 
826   ZFOS10    (0)   :  0.978 0.014 0.008 
827   ZFOS11    (0)   :  0.877 0.008 0.115 
828   ZFOS12    (0)   :  0.940 0.025 0.035 
829   ZFOS13    (0)   :  0.641 0.101 0.258 
830   ZFOS14    (0)   :  0.892 0.043 0.065 
831   ZFOS15    (0)   :  0.982 0.008 0.010 
832   ZFOS16    (0)   :  0.674 0.046 0.280 
833   ZFOS17    (0)   :  0.970 0.010 0.020 
834   ZFOS18    (0)   :  0.976 0.007 0.016 
835   ZFOS19    (0)   :  0.981 0.007 0.012 
836   ZFOS20    (0)   :  0.952 0.011 0.037 
837   ZFOS21    (0)   :  0.810 0.045 0.145 
838   ZFOS22    (0)   :  0.924 0.006 0.070 
839   ZFOS23    (0)   :  0.941 0.053 0.006 
840   ZFOS24    (0)   :  0.983 0.005 0.012 
