

----------------------------------------------------
STRUCTURE by Pritchard, Stephens and Donnelly (2000)
     and Falush, Stephens and Pritchard (2003)
       Code by Pritchard, Falush and Hubisz
             Version 2.3.4 (Jul 2012)
----------------------------------------------------



Command line arguments:   bin\structure -m C:\Users\eschumacher\Documents\GitHub\GCC_QUAC_ZAIN\Data_Files\Structure_Files\ZAIN\ZAIN_rebinned_garden_wild_nopopinfo\50-50\mainparams -e C:\Users\eschumacher\Documents\GitHub\GCC_QUAC_ZAIN\Data_Files\Structure_Files\ZAIN\ZAIN_rebinned_garden_wild_nopopinfo\50-50\extraparams 
Input File:    C:\Users\eschumacher\Documents\GitHub\GCC_QUAC_ZAIN\Data_Files\Structure_Files\ZAIN\ZAIN_rebinned_garden_wild_nopopinfo\project_data

Run parameters:
   1133 individuals
   11 loci
   8 populations assumed
   50000 Burn-in period
   50000 Reps


--------------------------------------------
Overall proportion of membership of the
sample in each of the 8 clusters

Inferred Clusters
  1      2      3      4      5      6      7      8    
0.060  0.148  0.177  0.152  0.132  0.110  0.151  0.070  

--------------------------------------------

Allele-freq. divergence among pops (Net nucleotide distance),
computed using point estimates of P.

      1       2       3       4       5       6       7       8      
 1      -    0.1117  0.1015  0.3272  0.3500  0.1807  0.2107  0.2578  
 2   0.1117     -    0.0402  0.2171  0.2713  0.1411  0.1165  0.1339  
 3   0.1015  0.0402     -    0.2182  0.2858  0.1685  0.1524  0.2192  
 4   0.3272  0.2171  0.2182     -    0.1451  0.1442  0.0913  0.2633  
 5   0.3500  0.2713  0.2858  0.1451     -    0.2131  0.1221  0.3369  
 6   0.1807  0.1411  0.1685  0.1442  0.2131     -    0.1011  0.1578  
 7   0.2107  0.1165  0.1524  0.0913  0.1221  0.1011     -    0.1680  
 8   0.2578  0.1339  0.2192  0.2633  0.3369  0.1578  0.1680     -    

Average distances (expected heterozygosity) between individuals in same cluster:
cluster  1  : 0.3648 
cluster  2  : 0.4383 
cluster  3  : 0.4088 
cluster  4  : 0.4804 
cluster  5  : 0.4228 
cluster  6  : 0.4357 
cluster  7  : 0.5527 
cluster  8  : 0.2764 

--------------------------------------------
Estimated Ln Prob of Data   = -21606.1
Mean value of ln likelihood = -21081.8
Variance of ln likelihood   = 1048.5
Mean value of alpha         = 0.0341

Mean value of Fst_1         = 0.4252
Mean value of Fst_2         = 0.3128
Mean value of Fst_3         = 0.3144
Mean value of Fst_4         = 0.3428
Mean value of Fst_5         = 0.4265
Mean value of Fst_6         = 0.4163
Mean value of Fst_7         = 0.1363
Mean value of Fst_8         = 0.5536


Inferred ancestry of individuals:
        Label (%Miss) :  Inferred clusters
  1 TMA-ZAIN-G-    (9)   :  0.013 0.033 0.010 0.779 0.006 0.016 0.048 0.096 
  2 TMA-ZAIN-G-    (0)   :  0.005 0.039 0.160 0.738 0.005 0.019 0.025 0.009 
  3 TMA-ZAIN-G-    (0)   :  0.142 0.608 0.188 0.009 0.003 0.014 0.008 0.029 
  4 TMA-ZAIN-G-    (0)   :  0.059 0.043 0.140 0.021 0.010 0.692 0.015 0.020 
  5 TMA-ZAIN-G-    (0)   :  0.003 0.003 0.003 0.975 0.005 0.005 0.004 0.002 
  6 TMA-ZAIN-G-    (0)   :  0.189 0.301 0.129 0.076 0.047 0.068 0.158 0.033 
  7 TMA-ZAIN-G-    (0)   :  0.008 0.532 0.360 0.011 0.007 0.030 0.014 0.038 
  8 TMA-ZAIN-G-    (0)   :  0.023 0.908 0.031 0.007 0.003 0.017 0.005 0.007 
  9 TMA-ZAIN-G-    (9)   :  0.030 0.744 0.194 0.007 0.004 0.006 0.007 0.008 
 10 TMA-ZAIN-G-    (0)   :  0.038 0.620 0.302 0.003 0.004 0.010 0.010 0.012 
 11 TMA-ZAIN-G-    (0)   :  0.007 0.549 0.406 0.006 0.006 0.008 0.007 0.011 
 12 TMA-ZAIN-G-    (0)   :  0.006 0.031 0.930 0.005 0.003 0.004 0.005 0.016 
 13 TMA-ZAIN-G-    (9)   :  0.022 0.467 0.230 0.047 0.095 0.024 0.033 0.081 
 14 TMA-ZAIN-G-    (9)   :  0.006 0.024 0.012 0.003 0.010 0.008 0.008 0.928 
 15 TMA-ZAIN-G-    (0)   :  0.008 0.038 0.005 0.003 0.002 0.005 0.005 0.933 
 16 TMA-ZAIN-G-    (0)   :  0.005 0.044 0.927 0.004 0.004 0.004 0.005 0.007 
 17 TMA-ZAIN-G-    (9)   :  0.006 0.859 0.012 0.010 0.011 0.029 0.032 0.042 
 18 TMA-ZAIN-G-    (0)   :  0.009 0.012 0.010 0.765 0.006 0.051 0.129 0.017 
 19 TMA-ZAIN-G-    (0)   :  0.005 0.032 0.013 0.013 0.010 0.007 0.907 0.013 
 20 TMA-ZAIN-G-    (0)   :  0.004 0.003 0.004 0.042 0.092 0.020 0.832 0.003 
 21 TMA-ZAIN-G-    (0)   :  0.006 0.004 0.004 0.003 0.970 0.006 0.005 0.002 
 22 TMA-ZAIN-G-    (0)   :  0.002 0.003 0.003 0.044 0.929 0.007 0.009 0.003 
 23 TMA-ZAIN-G-    (0)   :  0.004 0.008 0.007 0.025 0.904 0.005 0.041 0.008 
 24 TMA-ZAIN-G-    (9)   :  0.195 0.018 0.040 0.008 0.690 0.006 0.004 0.039 
 25 TMA-ZAIN-G-    (9)   :  0.005 0.023 0.039 0.116 0.010 0.004 0.797 0.007 
 26 TMA-ZAIN-G-    (9)   :  0.008 0.336 0.135 0.011 0.044 0.437 0.014 0.016 
 27 TMA-ZAIN-G-    (0)   :  0.009 0.012 0.007 0.060 0.015 0.019 0.817 0.062 
 28 TMA-ZAIN-G-    (0)   :  0.008 0.010 0.007 0.011 0.004 0.008 0.942 0.011 
 29 TMA-ZAIN-G-    (0)   :  0.725 0.005 0.004 0.003 0.004 0.011 0.242 0.006 
 30 TMA-ZAIN-G-    (0)   :  0.067 0.362 0.090 0.004 0.005 0.007 0.371 0.093 
 31 TMA-ZAIN-G-    (0)   :  0.006 0.004 0.007 0.906 0.012 0.048 0.011 0.006 
 32 TMA-ZAIN-G-    (9)   :  0.004 0.037 0.044 0.842 0.011 0.005 0.019 0.038 
 33 TMA-ZAIN-G-   (18)   :  0.017 0.828 0.132 0.005 0.003 0.005 0.004 0.007 
 34 TMA-ZAIN-G-    (0)   :  0.013 0.047 0.614 0.278 0.017 0.008 0.014 0.009 
 35 TMA-ZAIN-G-    (9)   :  0.119 0.379 0.348 0.036 0.004 0.017 0.016 0.082 
 36 TMA-ZAIN-G-    (0)   :  0.011 0.655 0.209 0.004 0.003 0.012 0.005 0.102 
 37 TMA-ZAIN-G-    (9)   :  0.017 0.662 0.264 0.007 0.009 0.021 0.012 0.008 
 38 TMA-ZAIN-G-   (18)   :  0.007 0.046 0.017 0.803 0.011 0.006 0.030 0.079 
 39 TMA-ZAIN-G-    (0)   :  0.012 0.153 0.808 0.003 0.005 0.009 0.005 0.004 
 40 TMA-ZAIN-G-    (0)   :  0.005 0.649 0.323 0.003 0.004 0.005 0.004 0.006 
 41 TMA-ZAIN-G-    (0)   :  0.008 0.810 0.115 0.003 0.003 0.005 0.004 0.053 
 42 TMA-ZAIN-G-    (9)   :  0.007 0.782 0.017 0.003 0.002 0.007 0.004 0.178 
 43 TMA-ZAIN-G-    (0)   :  0.008 0.007 0.004 0.003 0.003 0.005 0.003 0.968 
 44 TMA-ZAIN-G-    (0)   :  0.017 0.029 0.095 0.005 0.832 0.005 0.012 0.005 
 45 TMA-ZAIN-G-    (0)   :  0.006 0.466 0.478 0.006 0.007 0.011 0.008 0.018 
 46 TMA-ZAIN-G-    (0)   :  0.003 0.003 0.004 0.004 0.973 0.006 0.004 0.004 
 47 TMA-ZAIN-G-    (0)   :  0.004 0.004 0.004 0.004 0.003 0.973 0.004 0.004 
 48 TMA-ZAIN-G-    (0)   :  0.018 0.273 0.051 0.006 0.025 0.568 0.021 0.038 
 49 TMA-ZAIN-G-    (9)   :  0.049 0.007 0.022 0.023 0.006 0.012 0.878 0.005 
 50 TMA-ZAIN-G-    (0)   :  0.003 0.024 0.012 0.006 0.007 0.003 0.937 0.007 
 51 TMA-ZAIN-G-    (0)   :  0.006 0.016 0.007 0.007 0.009 0.023 0.844 0.090 
 52 TMA-ZAIN-G-    (0)   :  0.003 0.009 0.015 0.006 0.012 0.108 0.823 0.023 
 53 TMA-ZAIN-G-    (0)   :  0.006 0.019 0.012 0.166 0.010 0.167 0.578 0.042 
 54 TMA-ZAIN-G-    (0)   :  0.004 0.012 0.006 0.005 0.005 0.947 0.009 0.013 
 55 TMA-ZAIN-G-    (0)   :  0.004 0.028 0.008 0.006 0.008 0.886 0.028 0.032 
 56 TMA-ZAIN-G-    (0)   :  0.038 0.151 0.048 0.009 0.009 0.620 0.104 0.021 
 57 TMA-ZAIN-G-    (0)   :  0.008 0.006 0.013 0.007 0.003 0.943 0.015 0.005 
 58 TMA-ZAIN-G-    (0)   :  0.006 0.018 0.007 0.024 0.083 0.025 0.831 0.007 
 59 TMA-ZAIN-G-    (0)   :  0.043 0.081 0.080 0.657 0.029 0.056 0.040 0.014 
 60 TMA-ZAIN-G-    (0)   :  0.009 0.021 0.011 0.448 0.009 0.033 0.322 0.147 
 61 TMA-ZAIN-G-    (0)   :  0.003 0.003 0.004 0.935 0.023 0.018 0.010 0.003 
 62 TMA-ZAIN-G-    (9)   :  0.010 0.036 0.039 0.828 0.026 0.011 0.042 0.007 
 63 TMA-ZAIN-G-    (0)   :  0.003 0.005 0.005 0.950 0.007 0.013 0.009 0.006 
 64 TMA-ZAIN-G-    (0)   :  0.973 0.006 0.006 0.002 0.002 0.003 0.003 0.005 
 65 TMA-ZAIN-G-    (9)   :  0.958 0.009 0.011 0.003 0.003 0.007 0.003 0.006 
 66 TMA-ZAIN-G-    (0)   :  0.951 0.013 0.017 0.002 0.003 0.005 0.003 0.005 
 67 TMA-ZAIN-G-    (0)   :  0.884 0.015 0.066 0.004 0.012 0.005 0.011 0.004 
 68 TMA-ZAIN-G-    (0)   :  0.969 0.006 0.005 0.002 0.002 0.005 0.003 0.007 
 69 TMA-ZAIN-G-    (0)   :  0.809 0.009 0.079 0.023 0.029 0.014 0.018 0.019 
 70 TMA-ZAIN-G-    (0)   :  0.053 0.018 0.903 0.004 0.006 0.004 0.006 0.007 
 71 TMA-ZAIN-G-    (0)   :  0.005 0.008 0.970 0.003 0.003 0.003 0.004 0.004 
 72 TMA-ZAIN-G-    (0)   :  0.051 0.129 0.772 0.005 0.004 0.010 0.009 0.020 
 73 TMA-ZAIN-G-    (0)   :  0.007 0.015 0.862 0.022 0.041 0.016 0.032 0.005 
 74 TMA-ZAIN-G-    (0)   :  0.009 0.011 0.933 0.007 0.012 0.005 0.018 0.005 
 75 TMA-ZAIN-G-    (0)   :  0.006 0.010 0.950 0.005 0.004 0.009 0.008 0.008 
 76 TMA-ZAIN-G-    (0)   :  0.009 0.006 0.911 0.006 0.043 0.004 0.018 0.004 
 77 TMA-ZAIN-G-    (0)   :  0.009 0.090 0.857 0.003 0.009 0.009 0.009 0.014 
 78 TMA-ZAIN-G-    (0)   :  0.007 0.023 0.861 0.010 0.045 0.013 0.033 0.008 
 79 TMA-ZAIN-G-    (0)   :  0.006 0.122 0.793 0.005 0.031 0.018 0.013 0.012 
 80 TMA-ZAIN-G-    (0)   :  0.022 0.057 0.893 0.003 0.005 0.011 0.005 0.004 
 81 TMA-ZAIN-G-    (0)   :  0.005 0.047 0.905 0.004 0.010 0.010 0.011 0.009 
 82 TMA-ZAIN-G-    (0)   :  0.121 0.013 0.832 0.006 0.003 0.012 0.005 0.008 
 83 TMA-ZAIN-G-    (9)   :  0.104 0.043 0.693 0.075 0.032 0.023 0.024 0.006 
 84 TMA-ZAIN-G-    (0)   :  0.006 0.024 0.902 0.004 0.037 0.006 0.015 0.006 
 85 TMA-ZAIN-G-    (0)   :  0.006 0.011 0.010 0.025 0.027 0.761 0.154 0.006 
 86 TMA-ZAIN-G-    (0)   :  0.011 0.022 0.020 0.008 0.048 0.862 0.024 0.005 
 87 TMA-ZAIN-G-    (0)   :  0.006 0.011 0.013 0.034 0.198 0.673 0.060 0.006 
 88 TMA-ZAIN-G-    (0)   :  0.037 0.045 0.118 0.164 0.012 0.594 0.012 0.018 
 89 TMA-ZAIN-G-    (0)   :  0.019 0.020 0.035 0.023 0.022 0.849 0.006 0.026 
 90 TMA-ZAIN-G-    (0)   :  0.007 0.007 0.010 0.007 0.008 0.938 0.017 0.006 
 91 TMA-ZAIN-G-    (0)   :  0.007 0.010 0.009 0.024 0.008 0.922 0.013 0.009 
 92 TMA-ZAIN-G-    (0)   :  0.005 0.007 0.006 0.005 0.017 0.928 0.022 0.010 
 93 TMA-ZAIN-G-    (0)   :  0.005 0.006 0.005 0.016 0.009 0.921 0.024 0.014 
 94 TMA-ZAIN-G-    (0)   :  0.004 0.004 0.004 0.040 0.011 0.913 0.019 0.006 
 95 TMA-ZAIN-G-    (0)   :  0.020 0.021 0.013 0.009 0.009 0.005 0.892 0.031 
 96 TMA-ZAIN-G-    (0)   :  0.005 0.038 0.010 0.005 0.005 0.007 0.895 0.035 
 97 TMA-ZAIN-G-    (0)   :  0.006 0.005 0.008 0.947 0.007 0.011 0.010 0.007 
 98 TMA-ZAIN-G-    (0)   :  0.004 0.004 0.007 0.963 0.004 0.009 0.004 0.005 
 99 TMA-ZAIN-G-    (0)   :  0.026 0.078 0.053 0.810 0.015 0.004 0.007 0.007 
100 TMA-ZAIN-G-    (0)   :  0.005 0.004 0.005 0.920 0.017 0.026 0.016 0.007 
101 TMA-ZAIN-G-    (0)   :  0.005 0.006 0.012 0.947 0.006 0.008 0.009 0.006 
102 TMA-ZAIN-G-    (0)   :  0.014 0.037 0.052 0.591 0.193 0.014 0.063 0.036 
103 TMA-ZAIN-G-    (0)   :  0.006 0.013 0.014 0.908 0.015 0.008 0.029 0.008 
104 TMA-ZAIN-G-    (0)   :  0.002 0.003 0.004 0.969 0.006 0.004 0.006 0.004 
105 TMA-ZAIN-G-    (0)   :  0.006 0.013 0.019 0.911 0.009 0.011 0.023 0.008 
106 TMA-ZAIN-G-    (0)   :  0.047 0.689 0.148 0.004 0.003 0.006 0.004 0.099 
107 TMA-ZAIN-G-    (0)   :  0.008 0.021 0.946 0.004 0.003 0.005 0.004 0.008 
108 TMA-ZAIN-G-    (9)   :  0.012 0.290 0.115 0.370 0.060 0.030 0.043 0.080 
109 TMA-ZAIN-G-    (0)   :  0.215 0.285 0.038 0.346 0.005 0.043 0.048 0.020 
110 TMA-ZAIN-G-    (0)   :  0.008 0.384 0.220 0.075 0.164 0.026 0.103 0.021 
111 TMA-ZAIN-G-    (9)   :  0.022 0.024 0.145 0.624 0.090 0.031 0.059 0.004 
112 TMA-ZAIN-G-    (0)   :  0.025 0.310 0.114 0.293 0.052 0.026 0.133 0.048 
113 TMA-ZAIN-G-    (0)   :  0.010 0.007 0.017 0.934 0.008 0.014 0.005 0.005 
114 TMA-ZAIN-G-    (0)   :  0.003 0.003 0.003 0.968 0.011 0.004 0.006 0.002 
115 TMA-ZAIN-G-    (0)   :  0.003 0.003 0.004 0.972 0.005 0.004 0.005 0.004 
116 TMA-ZAIN-G-    (0)   :  0.019 0.011 0.939 0.006 0.002 0.012 0.004 0.005 
117 TMA-ZAIN-G-    (0)   :  0.244 0.361 0.214 0.010 0.004 0.069 0.017 0.080 
118 TMA-ZAIN-G-    (0)   :  0.049 0.024 0.879 0.007 0.003 0.009 0.008 0.021 
119 TMA-ZAIN-G-    (0)   :  0.033 0.013 0.908 0.016 0.007 0.010 0.008 0.006 
120 TMA-ZAIN-G-    (0)   :  0.043 0.041 0.816 0.009 0.004 0.016 0.014 0.056 
121 TMA-ZAIN-G-    (0)   :  0.285 0.145 0.477 0.024 0.003 0.030 0.013 0.023 
122 TMA-ZAIN-G-    (0)   :  0.034 0.516 0.380 0.005 0.009 0.030 0.016 0.011 
123 TMA-ZAIN-G-    (0)   :  0.003 0.005 0.005 0.950 0.008 0.005 0.013 0.010 
124 TMA-ZAIN-G-    (0)   :  0.003 0.960 0.006 0.005 0.003 0.005 0.007 0.011 
125 TMA-ZAIN-G-    (0)   :  0.048 0.809 0.008 0.003 0.002 0.082 0.005 0.044 
126 TMA-ZAIN-G-    (0)   :  0.005 0.914 0.010 0.004 0.003 0.011 0.005 0.048 
127 TMA-ZAIN-G-    (0)   :  0.007 0.961 0.007 0.003 0.003 0.004 0.004 0.012 
128 TMA-ZAIN-G-    (0)   :  0.025 0.939 0.008 0.004 0.003 0.006 0.005 0.010 
129 TMA-ZAIN-G-    (0)   :  0.006 0.949 0.007 0.006 0.003 0.007 0.005 0.017 
130 TMA-ZAIN-G-    (0)   :  0.011 0.833 0.013 0.007 0.003 0.047 0.006 0.080 
131 TMA-ZAIN-G-    (0)   :  0.004 0.955 0.006 0.004 0.003 0.005 0.007 0.015 
132 TMA-ZAIN-G-    (0)   :  0.049 0.877 0.017 0.004 0.003 0.031 0.005 0.015 
133 TMA-ZAIN-G-    (0)   :  0.052 0.807 0.031 0.003 0.009 0.027 0.010 0.060 
134 TMA-ZAIN-G-    (0)   :  0.044 0.733 0.037 0.003 0.006 0.027 0.005 0.144 
135 TMA-ZAIN-G-    (0)   :  0.023 0.714 0.230 0.004 0.005 0.009 0.004 0.012 
136 TMA-ZAIN-G-    (0)   :  0.674 0.172 0.116 0.008 0.005 0.013 0.005 0.008 
137 TMA-ZAIN-G-    (0)   :  0.007 0.318 0.647 0.007 0.005 0.005 0.005 0.007 
138 TMA-ZAIN-G-    (0)   :  0.011 0.915 0.045 0.004 0.002 0.008 0.003 0.011 
139 TMA-ZAIN-G-    (0)   :  0.011 0.807 0.124 0.005 0.004 0.035 0.003 0.011 
140 TMA-ZAIN-G-    (0)   :  0.011 0.429 0.536 0.004 0.004 0.004 0.005 0.006 
141 TMA-ZAIN-G-    (0)   :  0.008 0.287 0.663 0.006 0.003 0.007 0.005 0.020 
142 TMA-ZAIN-G-    (9)   :  0.014 0.226 0.736 0.004 0.003 0.005 0.005 0.007 
143 TMA-ZAIN-G-    (0)   :  0.015 0.716 0.244 0.005 0.003 0.005 0.004 0.009 
144 TMA-ZAIN-G-    (0)   :  0.007 0.398 0.531 0.003 0.005 0.025 0.016 0.015 
145 TMA-ZAIN-G-    (0)   :  0.236 0.073 0.662 0.003 0.002 0.012 0.005 0.007 
146 TMA-ZAIN-G-    (0)   :  0.006 0.033 0.943 0.003 0.003 0.004 0.003 0.005 
147 TMA-ZAIN-G-    (9)   :  0.013 0.156 0.811 0.003 0.003 0.005 0.004 0.006 
148 TMA-ZAIN-G-    (0)   :  0.007 0.389 0.482 0.004 0.003 0.025 0.004 0.086 
149 TMA-ZAIN-G-    (0)   :  0.009 0.515 0.333 0.025 0.016 0.065 0.014 0.023 
150 TMA-ZAIN-G-    (0)   :  0.089 0.170 0.570 0.030 0.014 0.098 0.012 0.018 
151 TMA-ZAIN-G-    (0)   :  0.014 0.063 0.886 0.004 0.002 0.006 0.004 0.022 
152 TMA-ZAIN-G-    (0)   :  0.008 0.012 0.954 0.004 0.002 0.005 0.004 0.010 
153 TMA-ZAIN-G-    (0)   :  0.029 0.284 0.621 0.006 0.003 0.017 0.004 0.037 
154 TMA-ZAIN-G-    (0)   :  0.006 0.015 0.957 0.003 0.002 0.006 0.004 0.005 
155 TMA-ZAIN-G-    (0)   :  0.012 0.048 0.916 0.006 0.003 0.004 0.004 0.008 
156 TMA-ZAIN-G-    (9)   :  0.006 0.223 0.657 0.013 0.003 0.016 0.005 0.077 
157 TMA-ZAIN-G-    (0)   :  0.011 0.211 0.594 0.007 0.003 0.007 0.004 0.163 
158 TMA-ZAIN-G-    (0)   :  0.005 0.020 0.953 0.003 0.003 0.005 0.005 0.005 
159 TMA-ZAIN-G-    (0)   :  0.009 0.010 0.964 0.004 0.002 0.004 0.003 0.004 
160 TMA-ZAIN-G-    (0)   :  0.011 0.007 0.964 0.005 0.002 0.005 0.003 0.003 
161 TMA-ZAIN-G-    (0)   :  0.007 0.306 0.630 0.003 0.003 0.019 0.006 0.026 
162 TMA-ZAIN-G-    (0)   :  0.007 0.024 0.883 0.037 0.016 0.019 0.011 0.004 
163 TMA-ZAIN-G-    (0)   :  0.005 0.011 0.968 0.004 0.002 0.004 0.003 0.003 
164 TMA-ZAIN-G-    (0)   :  0.008 0.019 0.947 0.006 0.003 0.008 0.004 0.005 
165 TMA-ZAIN-G-    (0)   :  0.008 0.024 0.950 0.005 0.002 0.004 0.003 0.004 
166 TMA-ZAIN-G-    (0)   :  0.008 0.107 0.864 0.003 0.002 0.007 0.003 0.005 
167 TMA-ZAIN-G-    (0)   :  0.005 0.128 0.835 0.005 0.005 0.006 0.007 0.009 
168 TMA-ZAIN-G-    (0)   :  0.023 0.014 0.918 0.006 0.003 0.006 0.005 0.025 
169 TMA-ZAIN-G-    (0)   :  0.168 0.018 0.792 0.004 0.003 0.006 0.004 0.006 
170 TMA-ZAIN-G-    (0)   :  0.023 0.130 0.710 0.016 0.010 0.004 0.021 0.085 
171 TMA-ZAIN-G-    (0)   :  0.027 0.008 0.947 0.004 0.003 0.004 0.003 0.004 
172 TMA-ZAIN-G-    (0)   :  0.005 0.913 0.046 0.004 0.004 0.004 0.005 0.019 
173 TMA-ZAIN-G-    (0)   :  0.006 0.926 0.028 0.004 0.004 0.005 0.007 0.021 
174 TMA-ZAIN-G-    (0)   :  0.043 0.833 0.101 0.003 0.003 0.009 0.004 0.006 
175 TMA-ZAIN-G-    (0)   :  0.009 0.014 0.957 0.003 0.004 0.005 0.003 0.005 
176 TMA-ZAIN-G-    (0)   :  0.006 0.013 0.962 0.004 0.003 0.004 0.003 0.005 
177 TMA-ZAIN-G-    (0)   :  0.004 0.042 0.917 0.004 0.003 0.003 0.004 0.022 
178 TMA-ZAIN-G-    (0)   :  0.005 0.604 0.302 0.005 0.004 0.004 0.008 0.068 
179 TMA-ZAIN-G-    (0)   :  0.009 0.189 0.758 0.003 0.003 0.005 0.005 0.029 
180 TMA-ZAIN-G-    (0)   :  0.059 0.879 0.012 0.004 0.005 0.013 0.006 0.023 
181 TMA-ZAIN-G-    (0)   :  0.010 0.687 0.041 0.005 0.003 0.006 0.004 0.244 
182 TMA-ZAIN-G-    (0)   :  0.003 0.775 0.018 0.007 0.003 0.006 0.005 0.183 
183 TMA-ZAIN-G-    (0)   :  0.007 0.540 0.030 0.005 0.003 0.004 0.004 0.406 
184 TMA-ZAIN-G-    (0)   :  0.010 0.848 0.024 0.031 0.016 0.024 0.013 0.034 
185 TMA-ZAIN-G-    (0)   :  0.006 0.895 0.008 0.014 0.023 0.026 0.022 0.005 
186 TMA-ZAIN-G-    (9)   :  0.006 0.952 0.013 0.003 0.005 0.005 0.009 0.006 
187 TMA-ZAIN-G-    (0)   :  0.008 0.926 0.026 0.004 0.003 0.003 0.005 0.025 
188 TMA-ZAIN-G-    (0)   :  0.008 0.954 0.014 0.003 0.002 0.004 0.004 0.010 
189 TMA-ZAIN-G-    (0)   :  0.013 0.958 0.006 0.003 0.003 0.003 0.003 0.012 
190 TMA-ZAIN-G-    (0)   :  0.021 0.811 0.038 0.003 0.003 0.005 0.008 0.110 
191 TMA-ZAIN-G-    (0)   :  0.005 0.925 0.009 0.014 0.021 0.012 0.009 0.006 
192 TMA-ZAIN-G-    (0)   :  0.005 0.926 0.009 0.004 0.006 0.004 0.004 0.041 
193 TMA-ZAIN-G-    (0)   :  0.004 0.004 0.003 0.003 0.002 0.004 0.003 0.977 
194 TMA-ZAIN-G-    (0)   :  0.009 0.021 0.005 0.002 0.005 0.011 0.009 0.937 
195 TMA-ZAIN-G-    (0)   :  0.040 0.056 0.032 0.003 0.002 0.005 0.011 0.851 
196 TMA-ZAIN-G-    (0)   :  0.010 0.009 0.005 0.003 0.002 0.005 0.003 0.963 
197 TMA-ZAIN-G-    (0)   :  0.009 0.011 0.007 0.003 0.003 0.007 0.004 0.956 
198 TMA-ZAIN-G-    (0)   :  0.006 0.011 0.008 0.003 0.003 0.004 0.003 0.960 
199 TMA-ZAIN-G-    (0)   :  0.005 0.957 0.009 0.003 0.004 0.006 0.007 0.008 
200 TMA-ZAIN-G-    (0)   :  0.003 0.004 0.003 0.016 0.884 0.004 0.040 0.046 
201 TMA-ZAIN-G-    (0)   :  0.004 0.004 0.004 0.007 0.960 0.004 0.013 0.003 
202 TMA-ZAIN-G-    (0)   :  0.003 0.009 0.005 0.014 0.916 0.003 0.014 0.036 
203 TMA-ZAIN-G-    (0)   :  0.004 0.044 0.017 0.019 0.003 0.006 0.004 0.903 
204 TMA-ZAIN-G-    (9)   :  0.012 0.007 0.010 0.005 0.901 0.041 0.015 0.009 
205 TMA-ZAIN-G-    (0)   :  0.008 0.014 0.121 0.007 0.798 0.012 0.033 0.007 
206 TMA-ZAIN-G-    (9)   :  0.012 0.021 0.015 0.016 0.812 0.025 0.027 0.072 
207 TMA-ZAIN-G-    (9)   :  0.105 0.093 0.556 0.016 0.012 0.126 0.079 0.013 
208 TMA-ZAIN-G-    (0)   :  0.063 0.192 0.726 0.003 0.003 0.004 0.005 0.005 
209 TMA-ZAIN-G-    (0)   :  0.021 0.581 0.147 0.003 0.003 0.053 0.004 0.187 
210 TMA-ZAIN-G-    (0)   :  0.118 0.315 0.165 0.004 0.003 0.017 0.006 0.373 
211 TMA-ZAIN-G-    (0)   :  0.032 0.645 0.139 0.012 0.024 0.014 0.032 0.102 
212 TMA-ZAIN-G-    (0)   :  0.015 0.846 0.098 0.004 0.005 0.009 0.006 0.017 
213 TMA-ZAIN-G-    (0)   :  0.007 0.871 0.088 0.003 0.003 0.006 0.004 0.018 
214 TMA-ZAIN-G-    (0)   :  0.027 0.897 0.047 0.003 0.003 0.006 0.004 0.014 
215 TMA-ZAIN-G-    (0)   :  0.005 0.644 0.116 0.004 0.015 0.003 0.208 0.005 
216 TMA-ZAIN-G-    (0)   :  0.005 0.950 0.014 0.003 0.004 0.007 0.006 0.010 
217 TMA-ZAIN-G-    (0)   :  0.097 0.732 0.106 0.004 0.003 0.007 0.004 0.047 
218 TMA-ZAIN-G-    (0)   :  0.011 0.007 0.007 0.005 0.004 0.004 0.957 0.004 
219 TMA-ZAIN-G-    (0)   :  0.004 0.005 0.004 0.004 0.012 0.009 0.958 0.004 
220 TMA-ZAIN-G-    (0)   :  0.014 0.008 0.022 0.074 0.004 0.010 0.861 0.006 
221 TMA-ZAIN-G-    (0)   :  0.007 0.022 0.010 0.005 0.023 0.008 0.918 0.008 
222 TMA-ZAIN-G-    (0)   :  0.014 0.008 0.017 0.032 0.010 0.019 0.893 0.006 
223 TMA-ZAIN-G-    (0)   :  0.004 0.003 0.004 0.006 0.009 0.006 0.966 0.003 
224 TMA-ZAIN-G-    (0)   :  0.005 0.016 0.005 0.014 0.015 0.016 0.920 0.009 
225 TMA-ZAIN-G-    (0)   :  0.003 0.004 0.003 0.011 0.010 0.005 0.952 0.012 
226 TMA-ZAIN-G-    (0)   :  0.005 0.007 0.007 0.015 0.010 0.006 0.932 0.018 
227 TMA-ZAIN-G-    (0)   :  0.004 0.009 0.008 0.011 0.022 0.005 0.921 0.020 
228 TMA-ZAIN-G-    (0)   :  0.008 0.010 0.017 0.017 0.013 0.008 0.922 0.007 
229 TMA-ZAIN-G-    (0)   :  0.010 0.003 0.004 0.025 0.053 0.007 0.896 0.003 
230 TMA-ZAIN-G-    (0)   :  0.019 0.065 0.028 0.047 0.007 0.054 0.751 0.029 
231 TMA-ZAIN-G-    (0)   :  0.014 0.016 0.089 0.137 0.558 0.031 0.144 0.011 
232 TMA-ZAIN-G-    (9)   :  0.060 0.039 0.014 0.280 0.516 0.015 0.062 0.015 
233 TMA-ZAIN-G-    (0)   :  0.040 0.013 0.016 0.006 0.024 0.017 0.876 0.008 
234 TMA-ZAIN-G-    (0)   :  0.007 0.004 0.010 0.302 0.052 0.022 0.593 0.010 
235 TMA-ZAIN-G-    (0)   :  0.005 0.027 0.032 0.127 0.020 0.012 0.751 0.025 
236 TMA-ZAIN-G-    (0)   :  0.007 0.014 0.012 0.077 0.066 0.008 0.791 0.025 
237 TMA-ZAIN-G-    (0)   :  0.029 0.076 0.150 0.243 0.014 0.025 0.442 0.022 
238 TMA-ZAIN-G-    (0)   :  0.005 0.029 0.025 0.057 0.034 0.005 0.837 0.008 
239 TMA-ZAIN-G-    (0)   :  0.018 0.025 0.003 0.005 0.762 0.032 0.005 0.151 
240 TMA-ZAIN-G-    (0)   :  0.003 0.003 0.004 0.004 0.973 0.006 0.004 0.004 
241 TMA-ZAIN-G-    (0)   :  0.005 0.005 0.009 0.004 0.964 0.006 0.004 0.004 
242 TMA-ZAIN-G-    (0)   :  0.005 0.005 0.007 0.003 0.968 0.004 0.004 0.003 
243 TMA-ZAIN-G-    (0)   :  0.009 0.007 0.011 0.003 0.957 0.005 0.004 0.004 
244 TMA-ZAIN-G-    (0)   :  0.010 0.008 0.016 0.004 0.950 0.004 0.005 0.003 
245 TMA-ZAIN-G-    (9)   :  0.002 0.003 0.003 0.003 0.978 0.003 0.004 0.003 
246 TMA-ZAIN-G-    (0)   :  0.003 0.003 0.003 0.002 0.979 0.003 0.004 0.003 
247 TMA-ZAIN-G-    (0)   :  0.006 0.005 0.004 0.002 0.973 0.004 0.004 0.002 
248 TMA-ZAIN-G-    (0)   :  0.005 0.007 0.006 0.004 0.958 0.004 0.006 0.009 
249 TMA-ZAIN-G-    (0)   :  0.003 0.004 0.003 0.003 0.970 0.004 0.005 0.007 
250 TMA-ZAIN-G-    (0)   :  0.006 0.004 0.003 0.002 0.972 0.003 0.005 0.004 
251 TMA-ZAIN-G-    (0)   :  0.005 0.004 0.004 0.005 0.003 0.969 0.005 0.006 
252 TMA-ZAIN-G-    (0)   :  0.043 0.011 0.057 0.004 0.003 0.869 0.008 0.006 
253 TMA-ZAIN-G-    (0)   :  0.006 0.004 0.007 0.006 0.003 0.967 0.003 0.005 
254 TMA-ZAIN-G-    (9)   :  0.014 0.009 0.019 0.009 0.003 0.934 0.005 0.006 
255 TMA-ZAIN-G-    (0)   :  0.009 0.004 0.005 0.011 0.018 0.945 0.004 0.005 
256 TMA-ZAIN-G-    (0)   :  0.005 0.007 0.006 0.007 0.007 0.949 0.004 0.016 
257 TMA-ZAIN-G-    (0)   :  0.003 0.004 0.003 0.004 0.004 0.966 0.004 0.012 
258 TMA-ZAIN-G-    (0)   :  0.004 0.003 0.003 0.003 0.003 0.975 0.003 0.005 
259 TMA-ZAIN-G-    (0)   :  0.005 0.004 0.003 0.003 0.004 0.971 0.004 0.006 
260 TMA-ZAIN-G-    (0)   :  0.008 0.004 0.004 0.003 0.004 0.967 0.004 0.006 
261 TMA-ZAIN-G-   (18)   :  0.010 0.007 0.005 0.004 0.003 0.957 0.006 0.008 
262 TMA-ZAIN-G-    (0)   :  0.003 0.003 0.003 0.004 0.003 0.974 0.004 0.007 
263 TMA-ZAIN-G-    (0)   :  0.004 0.004 0.004 0.006 0.004 0.971 0.004 0.005 
264 TMA-ZAIN-G-    (0)   :  0.004 0.004 0.005 0.009 0.003 0.965 0.004 0.006 
265 TMA-ZAIN-G-    (0)   :  0.037 0.030 0.024 0.016 0.016 0.671 0.194 0.012 
266 TMA-ZAIN-G-    (0)   :  0.026 0.094 0.025 0.016 0.009 0.724 0.029 0.078 
267 TMA-ZAIN-G-    (0)   :  0.016 0.012 0.015 0.024 0.273 0.586 0.067 0.007 
268 TMA-ZAIN-G-    (0)   :  0.004 0.004 0.004 0.076 0.897 0.006 0.007 0.003 
269 TMA-ZAIN-G-    (0)   :  0.005 0.006 0.007 0.259 0.682 0.008 0.029 0.004 
270 TMA-ZAIN-G-    (0)   :  0.005 0.006 0.006 0.071 0.877 0.011 0.020 0.004 
271 TMA-ZAIN-G-    (0)   :  0.004 0.004 0.006 0.033 0.936 0.006 0.007 0.003 
272 TMA-ZAIN-G-    (0)   :  0.003 0.005 0.005 0.026 0.908 0.005 0.044 0.003 
273 TMA-ZAIN-G-    (0)   :  0.002 0.003 0.003 0.016 0.954 0.004 0.015 0.003 
274 TMA-ZAIN-G-    (0)   :  0.009 0.021 0.012 0.031 0.849 0.009 0.020 0.049 
275 TMA-ZAIN-G-    (0)   :  0.002 0.004 0.003 0.006 0.972 0.003 0.007 0.003 
276 TMA-ZAIN-G-    (0)   :  0.003 0.003 0.004 0.008 0.971 0.003 0.004 0.003 
277 TMA-ZAIN-G-    (0)   :  0.005 0.004 0.005 0.009 0.959 0.007 0.006 0.005 
278 TMA-ZAIN-G-    (0)   :  0.003 0.003 0.003 0.006 0.971 0.005 0.006 0.003 
279 TMA-ZAIN-G-    (0)   :  0.003 0.006 0.004 0.012 0.951 0.004 0.015 0.006 
280 TMA-ZAIN-G-    (0)   :  0.002 0.009 0.005 0.091 0.824 0.004 0.055 0.009 
281 TMA-ZAIN-G-    (0)   :  0.003 0.005 0.004 0.040 0.923 0.005 0.014 0.006 
282 TMA-ZAIN-G-    (9)   :  0.003 0.003 0.003 0.013 0.964 0.005 0.006 0.003 
283 TMA-ZAIN-G-    (0)   :  0.007 0.013 0.016 0.086 0.637 0.143 0.092 0.004 
284 TMA-ZAIN-G-    (0)   :  0.004 0.015 0.016 0.180 0.452 0.170 0.158 0.005 
285 TMA-ZAIN-G-    (0)   :  0.029 0.023 0.026 0.036 0.818 0.031 0.026 0.011 
286 TMA-ZAIN-G-    (0)   :  0.003 0.003 0.004 0.033 0.935 0.009 0.010 0.003 
287 TMA-ZAIN-G-    (0)   :  0.011 0.009 0.008 0.026 0.918 0.006 0.008 0.015 
288 TMA-ZAIN-G-    (0)   :  0.012 0.038 0.021 0.098 0.600 0.013 0.145 0.073 
289 TMA-ZAIN-G-    (0)   :  0.016 0.016 0.013 0.024 0.879 0.009 0.015 0.027 
290 TMA-ZAIN-G-    (0)   :  0.003 0.012 0.008 0.437 0.449 0.010 0.072 0.010 
291 TMA-ZAIN-G-    (0)   :  0.003 0.005 0.004 0.009 0.014 0.008 0.952 0.005 
292 TMA-ZAIN-G-    (0)   :  0.007 0.223 0.699 0.010 0.014 0.005 0.018 0.023 
293 TMA-ZAIN-G-    (0)   :  0.022 0.515 0.403 0.004 0.008 0.018 0.012 0.018 
294 TMA-ZAIN-G-    (0)   :  0.012 0.026 0.939 0.003 0.004 0.007 0.004 0.005 
295 TMA-ZAIN-G-    (9)   :  0.014 0.054 0.896 0.003 0.008 0.008 0.011 0.005 
296 TMA-ZAIN-G-    (0)   :  0.007 0.454 0.458 0.012 0.006 0.012 0.012 0.039 
297 TMA-ZAIN-G-    (0)   :  0.032 0.183 0.610 0.005 0.006 0.028 0.009 0.128 
298 TMA-ZAIN-G-    (0)   :  0.010 0.077 0.789 0.015 0.024 0.059 0.022 0.005 
299 TMA-ZAIN-G-    (0)   :  0.009 0.008 0.960 0.004 0.006 0.003 0.005 0.004 
300 TMA-ZAIN-G-    (0)   :  0.064 0.185 0.715 0.003 0.007 0.008 0.009 0.010 
301 TMA-ZAIN-G-    (0)   :  0.023 0.356 0.566 0.005 0.008 0.008 0.007 0.027 
302 TMA-ZAIN-G-    (9)   :  0.008 0.170 0.789 0.004 0.003 0.007 0.005 0.014 
303 TMA-ZAIN-G-    (0)   :  0.002 0.021 0.004 0.016 0.007 0.031 0.801 0.118 
304 TMA-ZAIN-G-    (0)   :  0.163 0.138 0.034 0.019 0.008 0.575 0.009 0.054 
305 TMA-ZAIN-G-    (0)   :  0.023 0.378 0.564 0.004 0.005 0.010 0.006 0.012 
306 TMA-ZAIN-G-    (0)   :  0.025 0.221 0.200 0.158 0.029 0.330 0.013 0.023 
307 TMA-ZAIN-G-    (0)   :  0.358 0.166 0.028 0.012 0.010 0.403 0.007 0.016 
308 TMA-ZAIN-G-    (0)   :  0.014 0.006 0.004 0.029 0.019 0.795 0.120 0.013 
309 TMA-ZAIN-G-    (0)   :  0.009 0.933 0.015 0.003 0.003 0.004 0.005 0.029 
310 TMA-ZAIN-G-    (0)   :  0.012 0.284 0.629 0.007 0.032 0.017 0.015 0.004 
311 TMA-ZAIN-G-    (0)   :  0.008 0.391 0.451 0.044 0.008 0.056 0.025 0.016 
312 TMA-ZAIN-G-    (0)   :  0.009 0.901 0.031 0.005 0.005 0.008 0.020 0.021 
313 TMA-ZAIN-G-    (0)   :  0.041 0.091 0.097 0.015 0.004 0.725 0.006 0.021 
314 TMA-ZAIN-G-    (0)   :  0.012 0.033 0.007 0.339 0.228 0.018 0.345 0.018 
315 TMA-ZAIN-G-    (0)   :  0.078 0.165 0.279 0.007 0.404 0.018 0.041 0.008 
316 TMA-ZAIN-G-    (0)   :  0.082 0.119 0.273 0.011 0.419 0.015 0.075 0.006 
317 TMA-ZAIN-G-    (0)   :  0.004 0.006 0.008 0.038 0.019 0.012 0.905 0.008 
318 TMA-ZAIN-G-    (9)   :  0.010 0.006 0.008 0.344 0.417 0.048 0.156 0.010 
319 TMA-ZAIN-G-    (0)   :  0.004 0.008 0.005 0.019 0.168 0.009 0.304 0.483 
320 TMA-ZAIN-G-    (0)   :  0.026 0.135 0.357 0.006 0.010 0.006 0.450 0.010 
321 TMA-ZAIN-G-    (0)   :  0.025 0.554 0.125 0.079 0.094 0.012 0.103 0.007 
322 TMA-ZAIN-G-    (0)   :  0.042 0.207 0.176 0.060 0.008 0.064 0.436 0.008 
323 TMA-ZAIN-G-    (0)   :  0.019 0.028 0.006 0.007 0.016 0.012 0.853 0.059 
324 TMA-ZAIN-G-    (0)   :  0.025 0.042 0.841 0.007 0.004 0.026 0.009 0.046 
325 TMA-ZAIN-G-    (0)   :  0.006 0.015 0.011 0.005 0.046 0.008 0.903 0.007 
326 TMA-ZAIN-G-    (0)   :  0.005 0.012 0.010 0.003 0.004 0.017 0.576 0.374 
327 TMA-ZAIN-G-    (0)   :  0.027 0.028 0.007 0.003 0.003 0.011 0.005 0.917 
328 TMA-ZAIN-G-    (0)   :  0.270 0.047 0.021 0.289 0.098 0.020 0.168 0.086 
329 TMA-ZAIN-G-    (0)   :  0.075 0.642 0.189 0.005 0.007 0.032 0.011 0.039 
330 TMA-ZAIN-G-    (0)   :  0.061 0.829 0.040 0.004 0.003 0.033 0.009 0.021 
331 TMA-ZAIN-G-    (0)   :  0.007 0.687 0.050 0.023 0.067 0.121 0.039 0.006 
332 TMA-ZAIN-G-    (0)   :  0.013 0.476 0.035 0.003 0.002 0.005 0.005 0.462 
333 TMA-ZAIN-G-    (0)   :  0.004 0.006 0.003 0.003 0.002 0.004 0.003 0.975 
334 TMA-ZAIN-G-    (0)   :  0.003 0.003 0.004 0.013 0.954 0.007 0.012 0.003 
335 TMA-ZAIN-G-    (0)   :  0.006 0.004 0.005 0.004 0.969 0.004 0.005 0.003 
336 TMA-ZAIN-G-    (0)   :  0.007 0.009 0.009 0.012 0.929 0.013 0.017 0.006 
337 TMA-ZAIN-G-    (9)   :  0.004 0.006 0.007 0.076 0.845 0.007 0.051 0.004 
338 TMA-ZAIN-G-    (0)   :  0.003 0.004 0.004 0.031 0.939 0.006 0.010 0.003 
339 TMA-ZAIN-G-    (0)   :  0.002 0.002 0.002 0.013 0.970 0.003 0.005 0.002 
340 TMA-ZAIN-G-    (0)   :  0.003 0.003 0.003 0.006 0.975 0.003 0.005 0.002 
341 TMA-ZAIN-G-    (0)   :  0.004 0.006 0.004 0.010 0.964 0.003 0.005 0.004 
342 TMA-ZAIN-G-    (0)   :  0.004 0.004 0.005 0.007 0.965 0.005 0.007 0.003 
343 TMA-ZAIN-G-    (0)   :  0.002 0.004 0.003 0.026 0.953 0.003 0.006 0.003 
344 TMA-ZAIN-G-    (0)   :  0.003 0.005 0.004 0.008 0.958 0.004 0.011 0.006 
345 TMA-ZAIN-G-    (0)   :  0.003 0.003 0.003 0.005 0.975 0.004 0.005 0.003 
346 TMA-ZAIN-G-    (0)   :  0.003 0.012 0.005 0.031 0.916 0.005 0.016 0.012 
347 TMA-ZAIN-G-    (9)   :  0.003 0.003 0.003 0.008 0.971 0.003 0.007 0.003 
348 TMA-ZAIN-G-    (0)   :  0.004 0.005 0.005 0.019 0.936 0.009 0.016 0.005 
349 TMA-ZAIN-G-    (0)   :  0.004 0.003 0.004 0.015 0.958 0.005 0.007 0.004 
350 TMA-ZAIN-G-    (0)   :  0.006 0.009 0.006 0.027 0.873 0.005 0.066 0.007 
351 TMA-ZAIN-G-    (0)   :  0.004 0.003 0.003 0.007 0.968 0.005 0.006 0.004 
352 TMA-ZAIN-G-    (0)   :  0.007 0.006 0.007 0.007 0.954 0.008 0.007 0.003 
353 TMA-ZAIN-G-    (0)   :  0.003 0.012 0.007 0.039 0.892 0.006 0.029 0.013 
354 TMA-ZAIN-G-    (0)   :  0.002 0.008 0.005 0.007 0.958 0.003 0.011 0.006 
355 TMA-ZAIN-G-    (0)   :  0.004 0.012 0.008 0.012 0.944 0.003 0.009 0.007 
356 TMA-ZAIN-G-    (0)   :  0.109 0.005 0.849 0.003 0.002 0.017 0.012 0.002 
357 TMA-ZAIN-G-    (0)   :  0.083 0.142 0.381 0.011 0.004 0.013 0.011 0.356 
358 TMA-ZAIN-G-    (0)   :  0.096 0.714 0.060 0.041 0.023 0.026 0.027 0.013 
359 TMA-ZAIN-G-    (0)   :  0.342 0.016 0.456 0.012 0.022 0.098 0.049 0.004 
360 TMA-ZAIN-G-    (0)   :  0.023 0.014 0.944 0.003 0.003 0.005 0.005 0.003 
361 TMA-ZAIN-G-    (0)   :  0.020 0.893 0.043 0.009 0.003 0.011 0.008 0.014 
362 TMA-ZAIN-G-    (0)   :  0.007 0.009 0.953 0.004 0.011 0.004 0.007 0.003 
363 TMA-ZAIN-G-    (0)   :  0.015 0.679 0.177 0.005 0.008 0.018 0.031 0.068 
364 TMA-ZAIN-G-    (0)   :  0.017 0.020 0.021 0.232 0.016 0.019 0.663 0.011 
365 TMA-ZAIN-G-    (0)   :  0.041 0.417 0.292 0.013 0.162 0.005 0.066 0.004 
366 TMA-ZAIN-G-    (0)   :  0.128 0.034 0.800 0.004 0.006 0.018 0.005 0.004 
367 TMA-ZAIN-G-    (0)   :  0.007 0.760 0.026 0.086 0.005 0.055 0.021 0.041 
368 TMA-ZAIN-G-    (0)   :  0.119 0.061 0.782 0.005 0.005 0.013 0.006 0.009 
369 TMA-ZAIN-G-    (0)   :  0.025 0.930 0.011 0.003 0.003 0.005 0.004 0.020 
370 TMA-ZAIN-G-    (0)   :  0.008 0.944 0.015 0.005 0.003 0.004 0.005 0.015 
371 TMA-ZAIN-G-    (0)   :  0.024 0.010 0.942 0.004 0.003 0.005 0.004 0.008 
372 TMA-ZAIN-G-    (0)   :  0.025 0.344 0.608 0.004 0.004 0.008 0.004 0.004 
373 TMA-ZAIN-G-    (0)   :  0.007 0.219 0.006 0.004 0.005 0.006 0.009 0.745 
374 TMA-ZAIN-G-    (0)   :  0.007 0.250 0.031 0.328 0.011 0.165 0.058 0.150 
375 TMA-ZAIN-G-    (0)   :  0.010 0.169 0.019 0.034 0.008 0.007 0.698 0.054 
376 TMA-ZAIN-G-    (9)   :  0.004 0.023 0.952 0.005 0.003 0.003 0.004 0.005 
377 TMA-ZAIN-G-    (0)   :  0.014 0.014 0.955 0.003 0.002 0.005 0.003 0.005 
378 TMA-ZAIN-G-    (0)   :  0.013 0.015 0.953 0.004 0.002 0.004 0.003 0.006 
379 TMA-ZAIN-G-    (0)   :  0.012 0.019 0.915 0.004 0.002 0.019 0.003 0.026 
380 TMA-ZAIN-G-    (0)   :  0.081 0.218 0.668 0.003 0.004 0.008 0.006 0.012 
381 TMA-ZAIN-G-    (9)   :  0.118 0.059 0.103 0.009 0.011 0.095 0.587 0.019 
382 TMA-ZAIN-G-    (9)   :  0.004 0.016 0.005 0.733 0.058 0.010 0.164 0.010 
383    ZFB01    (0)   :  0.003 0.004 0.005 0.967 0.010 0.004 0.004 0.003 
384    ZFB02    (0)   :  0.003 0.003 0.004 0.940 0.033 0.009 0.006 0.003 
385    ZFB03    (0)   :  0.003 0.005 0.005 0.960 0.005 0.005 0.008 0.009 
386    ZFB04    (0)   :  0.003 0.004 0.005 0.937 0.038 0.007 0.005 0.002 
387    ZFB05    (0)   :  0.011 0.006 0.003 0.799 0.114 0.012 0.043 0.012 
388    ZFB06    (0)   :  0.012 0.006 0.003 0.873 0.055 0.007 0.032 0.012 
389    ZFB07    (9)   :  0.004 0.008 0.009 0.949 0.010 0.005 0.010 0.005 
390    ZFB08    (0)   :  0.006 0.006 0.007 0.955 0.006 0.007 0.009 0.004 
391    ZFB09    (0)   :  0.003 0.003 0.003 0.975 0.006 0.004 0.004 0.003 
392    ZFB10    (0)   :  0.006 0.012 0.021 0.936 0.011 0.006 0.005 0.002 
393    ZFB11    (0)   :  0.004 0.006 0.011 0.946 0.018 0.008 0.004 0.003 
394    ZFB12    (0)   :  0.004 0.009 0.009 0.906 0.040 0.005 0.019 0.008 
395    ZFB13    (0)   :  0.007 0.008 0.009 0.949 0.007 0.005 0.010 0.004 
396    ZFB14    (0)   :  0.003 0.004 0.006 0.970 0.004 0.004 0.005 0.003 
397    ZFB15    (0)   :  0.002 0.003 0.003 0.965 0.016 0.003 0.004 0.003 
398    ZFB16    (0)   :  0.004 0.007 0.007 0.952 0.016 0.004 0.009 0.003 
399    ZFB17    (0)   :  0.014 0.015 0.013 0.880 0.028 0.027 0.020 0.004 
400    ZFB18    (0)   :  0.003 0.003 0.004 0.975 0.004 0.004 0.004 0.003 
401    ZFB19    (0)   :  0.009 0.025 0.029 0.900 0.007 0.005 0.019 0.005 
402    ZFB20    (0)   :  0.004 0.006 0.006 0.928 0.042 0.004 0.007 0.003 
403    ZFB21    (0)   :  0.002 0.003 0.003 0.966 0.013 0.003 0.006 0.004 
404    ZFB22    (0)   :  0.013 0.013 0.011 0.850 0.087 0.008 0.013 0.004 
405    ZFB23    (0)   :  0.004 0.007 0.010 0.935 0.027 0.006 0.006 0.004 
406    ZFB24    (0)   :  0.003 0.006 0.010 0.928 0.038 0.007 0.004 0.003 
407    ZFB25    (0)   :  0.005 0.015 0.026 0.934 0.006 0.005 0.004 0.004 
408    ZFB26    (0)   :  0.005 0.014 0.027 0.876 0.057 0.010 0.006 0.004 
409    ZFB27    (0)   :  0.003 0.007 0.010 0.887 0.081 0.005 0.005 0.003 
410    ZFB28    (0)   :  0.003 0.009 0.009 0.820 0.105 0.012 0.034 0.006 
411    ZFB29    (0)   :  0.003 0.003 0.005 0.954 0.019 0.009 0.006 0.002 
412    ZFB30    (0)   :  0.013 0.010 0.007 0.756 0.156 0.005 0.040 0.013 
413    ZFB31    (0)   :  0.005 0.009 0.016 0.951 0.007 0.004 0.005 0.004 
414    ZFB32    (0)   :  0.005 0.017 0.018 0.810 0.056 0.035 0.048 0.010 
415    ZFB33    (0)   :  0.003 0.003 0.004 0.967 0.014 0.003 0.004 0.003 
416    ZFB34    (0)   :  0.003 0.004 0.004 0.973 0.004 0.005 0.004 0.003 
417    ZFB35    (0)   :  0.004 0.006 0.007 0.957 0.011 0.006 0.005 0.004 
418  ZFBP101    (0)   :  0.039 0.701 0.126 0.009 0.006 0.095 0.010 0.014 
419  ZFBP102    (0)   :  0.011 0.790 0.143 0.013 0.008 0.019 0.010 0.006 
420  ZFBP103    (0)   :  0.013 0.764 0.068 0.006 0.005 0.117 0.007 0.020 
421  ZFBP104    (0)   :  0.009 0.750 0.140 0.038 0.015 0.004 0.034 0.009 
422  ZFBP105    (0)   :  0.007 0.341 0.616 0.006 0.005 0.005 0.006 0.013 
423  ZFBP106    (0)   :  0.013 0.208 0.740 0.004 0.003 0.009 0.005 0.019 
424  ZFBP107    (0)   :  0.005 0.688 0.264 0.006 0.010 0.007 0.009 0.013 
425  ZFBP108    (0)   :  0.005 0.012 0.963 0.003 0.003 0.003 0.003 0.007 
426  ZFBP109    (0)   :  0.009 0.041 0.932 0.004 0.002 0.003 0.003 0.005 
427  ZFBP110    (0)   :  0.006 0.386 0.385 0.041 0.007 0.034 0.036 0.104 
428  ZFBP111    (0)   :  0.124 0.480 0.371 0.003 0.003 0.004 0.005 0.010 
429  ZFBP112    (0)   :  0.129 0.117 0.695 0.005 0.006 0.027 0.005 0.016 
430  ZFBP113    (0)   :  0.005 0.023 0.952 0.003 0.004 0.004 0.005 0.004 
431  ZFBP114    (0)   :  0.011 0.416 0.544 0.004 0.005 0.006 0.005 0.008 
432  ZFBP115    (0)   :  0.014 0.887 0.060 0.003 0.003 0.009 0.005 0.020 
433  ZFBP116    (0)   :  0.007 0.057 0.911 0.003 0.004 0.005 0.006 0.007 
434  ZFBP117    (0)   :  0.007 0.018 0.954 0.003 0.002 0.006 0.004 0.006 
435  ZFBP118    (0)   :  0.016 0.216 0.739 0.003 0.004 0.005 0.007 0.009 
436  ZFBP119    (0)   :  0.022 0.298 0.617 0.004 0.003 0.028 0.008 0.019 
437  ZFBP120    (0)   :  0.006 0.420 0.542 0.006 0.005 0.004 0.006 0.011 
438  ZFBP121    (0)   :  0.006 0.040 0.928 0.005 0.003 0.007 0.005 0.007 
439  ZFBP122    (9)   :  0.015 0.102 0.859 0.004 0.003 0.006 0.005 0.008 
440  ZFBP123    (0)   :  0.027 0.025 0.909 0.004 0.007 0.017 0.006 0.006 
441  ZFBP124    (0)   :  0.006 0.049 0.917 0.009 0.004 0.006 0.004 0.005 
442  ZFBP125    (0)   :  0.017 0.104 0.854 0.003 0.002 0.007 0.003 0.010 
443  ZFBP126    (0)   :  0.006 0.195 0.726 0.011 0.010 0.027 0.022 0.004 
444  ZFBP127    (0)   :  0.006 0.390 0.532 0.003 0.003 0.012 0.004 0.050 
445  ZFBP128    (0)   :  0.067 0.108 0.762 0.005 0.003 0.025 0.003 0.027 
446  ZFBP129    (0)   :  0.017 0.007 0.954 0.004 0.002 0.006 0.004 0.005 
447  ZFBP130    (0)   :  0.118 0.270 0.559 0.002 0.003 0.027 0.004 0.016 
448  ZFBP131    (0)   :  0.006 0.007 0.968 0.004 0.004 0.003 0.004 0.003 
449  ZFBP132    (0)   :  0.004 0.015 0.955 0.004 0.003 0.003 0.003 0.012 
450  ZFBP133    (0)   :  0.167 0.010 0.806 0.003 0.002 0.006 0.003 0.003 
451  ZFBP134    (0)   :  0.013 0.913 0.045 0.004 0.003 0.011 0.005 0.006 
452  ZFBP135    (0)   :  0.017 0.347 0.368 0.014 0.005 0.223 0.008 0.019 
453  ZFBP136    (0)   :  0.074 0.472 0.279 0.004 0.009 0.135 0.006 0.021 
454  ZFBP201    (0)   :  0.005 0.012 0.950 0.005 0.007 0.006 0.007 0.010 
455  ZFBP202    (0)   :  0.010 0.032 0.931 0.006 0.003 0.004 0.005 0.009 
456  ZFBP203    (0)   :  0.017 0.019 0.901 0.005 0.025 0.007 0.020 0.005 
457  ZFBP204    (0)   :  0.026 0.362 0.556 0.005 0.005 0.020 0.007 0.019 
458  ZFBP205    (0)   :  0.013 0.010 0.954 0.003 0.005 0.009 0.004 0.003 
459  ZFBP206    (0)   :  0.098 0.011 0.850 0.005 0.007 0.019 0.006 0.005 
460  ZFBP207    (0)   :  0.007 0.135 0.753 0.005 0.003 0.010 0.005 0.082 
461  ZFBP208    (0)   :  0.012 0.020 0.932 0.004 0.011 0.009 0.009 0.004 
462  ZFBP209    (0)   :  0.106 0.014 0.862 0.003 0.002 0.007 0.003 0.003 
463  ZFBP210    (0)   :  0.013 0.013 0.938 0.004 0.007 0.006 0.007 0.011 
464  ZFBP211    (0)   :  0.005 0.024 0.945 0.005 0.003 0.005 0.004 0.008 
465  ZFBP212    (0)   :  0.007 0.282 0.662 0.006 0.003 0.003 0.004 0.034 
466  ZFBP213    (0)   :  0.015 0.013 0.927 0.007 0.005 0.016 0.007 0.010 
467  ZFBP214    (0)   :  0.094 0.021 0.766 0.013 0.004 0.049 0.014 0.038 
468  ZFBP215    (0)   :  0.009 0.013 0.956 0.004 0.003 0.006 0.004 0.007 
469  ZFBP216    (0)   :  0.007 0.232 0.726 0.004 0.007 0.005 0.013 0.006 
470  ZFBP217    (0)   :  0.152 0.038 0.747 0.007 0.003 0.006 0.008 0.040 
471  ZFBP218    (0)   :  0.014 0.017 0.952 0.003 0.003 0.003 0.004 0.003 
472  ZFBP219    (0)   :  0.005 0.016 0.961 0.003 0.004 0.003 0.005 0.004 
473  ZFBP220    (0)   :  0.069 0.464 0.413 0.003 0.004 0.022 0.005 0.019 
474  ZFBP221    (0)   :  0.009 0.481 0.485 0.005 0.003 0.003 0.004 0.009 
475  ZFBP222    (0)   :  0.008 0.008 0.960 0.005 0.005 0.007 0.005 0.003 
476  ZFBP223    (0)   :  0.010 0.123 0.663 0.008 0.005 0.008 0.007 0.177 
477  ZFBP224    (0)   :  0.007 0.016 0.951 0.004 0.004 0.007 0.006 0.005 
478  ZFBP225    (0)   :  0.221 0.595 0.133 0.003 0.008 0.012 0.008 0.019 
479  ZFBP226    (0)   :  0.006 0.050 0.923 0.003 0.005 0.004 0.004 0.005 
480  ZFBP227    (0)   :  0.007 0.517 0.307 0.027 0.021 0.006 0.104 0.010 
481  ZFBP228    (0)   :  0.008 0.511 0.408 0.005 0.003 0.014 0.004 0.047 
482  ZFBP229    (0)   :  0.021 0.049 0.909 0.003 0.003 0.006 0.004 0.006 
483  ZFBP230    (0)   :  0.050 0.620 0.288 0.003 0.003 0.018 0.005 0.012 
484  ZFBP231    (0)   :  0.006 0.046 0.922 0.005 0.004 0.005 0.005 0.006 
485  ZFBP232    (0)   :  0.008 0.022 0.953 0.003 0.003 0.004 0.003 0.004 
486  ZFBP233    (0)   :  0.024 0.324 0.623 0.006 0.004 0.006 0.006 0.007 
487   ZFCC01    (0)   :  0.005 0.004 0.004 0.008 0.004 0.968 0.004 0.004 
488   ZFCC03    (0)   :  0.006 0.004 0.004 0.005 0.003 0.965 0.004 0.010 
