

----------------------------------------------------
STRUCTURE by Pritchard, Stephens and Donnelly (2000)
     and Falush, Stephens and Pritchard (2003)
       Code by Pritchard, Falush and Hubisz
             Version 2.3.4 (Jul 2012)
----------------------------------------------------



Command line arguments:   bin\structure -m C:\Users\eschumacher\Documents\GitHub\GCC_QUAC_ZAIN\Data_Files\Structure_Files\ZAIN\ZAIN_rebinned_garden_wild_nopopinfo\50-50\mainparams -e C:\Users\eschumacher\Documents\GitHub\GCC_QUAC_ZAIN\Data_Files\Structure_Files\ZAIN\ZAIN_rebinned_garden_wild_nopopinfo\50-50\extraparams 
Input File:    C:\Users\eschumacher\Documents\GitHub\GCC_QUAC_ZAIN\Data_Files\Structure_Files\ZAIN\ZAIN_rebinned_garden_wild_nopopinfo\project_data

Run parameters:
   1133 individuals
   11 loci
   13 populations assumed
   50000 Burn-in period
   50000 Reps


--------------------------------------------
Overall proportion of membership of the
sample in each of the 13 clusters

Inferred Clusters
  1      2      3      4      5      6      7      8      9     10     11     12     13    
0.079  0.090  0.054  0.086  0.065  0.055  0.135  0.139  0.072  0.056  0.070  0.037  0.063  

--------------------------------------------

Allele-freq. divergence among pops (Net nucleotide distance),
computed using point estimates of P.

      1       2       3       4       5       6       7       8       9      10      11      12      13      
 1      -    0.1922  0.2233  0.2785  0.1987  0.3773  0.1527  0.1815  0.2509  0.2356  0.2783  0.1975  0.2080  
 2   0.1922     -    0.1400  0.3061  0.1314  0.3914  0.1244  0.2481  0.0673  0.1221  0.0834  0.1838  0.0798  
 3   0.2233  0.1400     -    0.3784  0.2772  0.4732  0.2281  0.3561  0.1447  0.1183  0.1612  0.2762  0.1061  
 4   0.2785  0.3061  0.3784     -    0.3617  0.2061  0.1323  0.1265  0.3028  0.3110  0.3721  0.2337  0.3111  
 5   0.1987  0.1314  0.2772  0.3617     -    0.4544  0.1835  0.2829  0.2097  0.2387  0.2801  0.2326  0.2474  
 6   0.3773  0.3914  0.4732  0.2061  0.4544     -    0.2472  0.3178  0.3700  0.3868  0.4474  0.3303  0.4020  
 7   0.1527  0.1244  0.2281  0.1323  0.1835  0.2472     -    0.1013  0.1618  0.1791  0.2085  0.1388  0.1551  
 8   0.1815  0.2481  0.3561  0.1265  0.2829  0.3178  0.1013     -    0.2530  0.2641  0.2655  0.2238  0.2236  
 9   0.2509  0.0673  0.1447  0.3028  0.2097  0.3700  0.1618  0.2530     -    0.0585  0.0572  0.1763  0.0453  
10   0.2356  0.1221  0.1183  0.3110  0.2387  0.3868  0.1791  0.2641  0.0585     -    0.0969  0.2053  0.0727  
11   0.2783  0.0834  0.1612  0.3721  0.2801  0.4474  0.2085  0.2655  0.0572  0.0969     -    0.2643  0.0376  
12   0.1975  0.1838  0.2762  0.2337  0.2326  0.3303  0.1388  0.2238  0.1763  0.2053  0.2643     -    0.1941  
13   0.2080  0.0798  0.1061  0.3111  0.2474  0.4020  0.1551  0.2236  0.0453  0.0727  0.0376  0.1941     -    

Average distances (expected heterozygosity) between individuals in same cluster:
cluster  1  : 0.3763 
cluster  2  : 0.4294 
cluster  3  : 0.3525 
cluster  4  : 0.3756 
cluster  5  : 0.2517 
cluster  6  : 0.2415 
cluster  7  : 0.5467 
cluster  8  : 0.4697 
cluster  9  : 0.3575 
cluster 10  : 0.3960 
cluster 11  : 0.3373 
cluster 12  : 0.2679 
cluster 13  : 0.3984 

--------------------------------------------
Estimated Ln Prob of Data   = -20525.7
Mean value of ln likelihood = -19715.1
Variance of ln likelihood   = 1621.3
Mean value of alpha         = 0.0344

Mean value of Fst_1         = 0.4414
Mean value of Fst_2         = 0.3413
Mean value of Fst_3         = 0.4279
Mean value of Fst_4         = 0.5729
Mean value of Fst_5         = 0.5699
Mean value of Fst_6         = 0.6531
Mean value of Fst_7         = 0.1586
Mean value of Fst_8         = 0.3874
Mean value of Fst_9         = 0.3208
Mean value of Fst_10         = 0.3689
Mean value of Fst_11         = 0.4052
Mean value of Fst_12         = 0.5870
Mean value of Fst_13         = 0.3291


Inferred ancestry of individuals:
        Label (%Miss) :  Inferred clusters
  1 TMA-ZAIN-G-    (9)   :  0.010 0.040 0.007 0.012 0.077 0.004 0.061 0.687 0.008 0.007 0.007 0.009 0.071 
  2 TMA-ZAIN-G-    (0)   :  0.017 0.007 0.004 0.011 0.008 0.004 0.010 0.671 0.017 0.181 0.015 0.017 0.039 
  3 TMA-ZAIN-G-    (0)   :  0.008 0.063 0.049 0.003 0.024 0.003 0.005 0.005 0.028 0.015 0.054 0.007 0.736 
  4 TMA-ZAIN-G-    (0)   :  0.021 0.010 0.046 0.005 0.015 0.004 0.005 0.009 0.021 0.015 0.097 0.593 0.161 
  5 TMA-ZAIN-G-    (0)   :  0.006 0.002 0.002 0.006 0.002 0.004 0.004 0.957 0.003 0.002 0.003 0.005 0.004 
  6 TMA-ZAIN-G-    (0)   :  0.019 0.086 0.056 0.026 0.015 0.036 0.053 0.030 0.020 0.016 0.013 0.034 0.598 
  7 TMA-ZAIN-G-    (0)   :  0.013 0.070 0.007 0.006 0.032 0.004 0.011 0.011 0.541 0.022 0.045 0.075 0.161 
  8 TMA-ZAIN-G-    (0)   :  0.019 0.798 0.022 0.003 0.007 0.002 0.005 0.006 0.024 0.017 0.024 0.006 0.067 
  9 TMA-ZAIN-G-    (9)   :  0.004 0.078 0.019 0.005 0.008 0.004 0.007 0.007 0.457 0.065 0.050 0.008 0.290 
 10 TMA-ZAIN-G-    (0)   :  0.010 0.161 0.029 0.004 0.013 0.004 0.009 0.003 0.508 0.036 0.043 0.010 0.170 
 11 TMA-ZAIN-G-    (0)   :  0.005 0.080 0.004 0.004 0.008 0.004 0.005 0.005 0.805 0.011 0.006 0.012 0.051 
 12 TMA-ZAIN-G-    (0)   :  0.006 0.028 0.005 0.003 0.022 0.004 0.007 0.005 0.029 0.008 0.502 0.005 0.377 
 13 TMA-ZAIN-G-    (9)   :  0.017 0.107 0.015 0.089 0.115 0.018 0.019 0.032 0.322 0.166 0.067 0.014 0.017 
 14 TMA-ZAIN-G-    (9)   :  0.008 0.038 0.007 0.007 0.839 0.018 0.009 0.003 0.027 0.019 0.011 0.006 0.010 
 15 TMA-ZAIN-G-    (0)   :  0.005 0.075 0.008 0.002 0.802 0.002 0.006 0.003 0.005 0.005 0.005 0.005 0.077 
 16 TMA-ZAIN-G-    (0)   :  0.004 0.014 0.005 0.004 0.006 0.005 0.006 0.004 0.163 0.014 0.645 0.005 0.126 
 17 TMA-ZAIN-G-    (9)   :  0.015 0.762 0.006 0.020 0.019 0.003 0.027 0.009 0.010 0.005 0.024 0.088 0.012 
 18 TMA-ZAIN-G-    (0)   :  0.040 0.014 0.007 0.009 0.014 0.004 0.089 0.774 0.006 0.005 0.015 0.013 0.010 
 19 TMA-ZAIN-G-    (0)   :  0.004 0.035 0.005 0.012 0.012 0.007 0.812 0.017 0.021 0.008 0.019 0.032 0.016 
 20 TMA-ZAIN-G-    (0)   :  0.030 0.003 0.004 0.086 0.004 0.035 0.776 0.042 0.004 0.004 0.003 0.007 0.003 
 21 TMA-ZAIN-G-    (0)   :  0.003 0.003 0.003 0.005 0.002 0.966 0.003 0.003 0.003 0.002 0.002 0.003 0.003 
 22 TMA-ZAIN-G-    (0)   :  0.005 0.002 0.002 0.950 0.003 0.004 0.006 0.012 0.003 0.003 0.002 0.005 0.003 
 23 TMA-ZAIN-G-    (0)   :  0.003 0.005 0.003 0.940 0.005 0.004 0.010 0.007 0.005 0.004 0.004 0.005 0.004 
 24 TMA-ZAIN-G-    (9)   :  0.005 0.006 0.087 0.645 0.017 0.008 0.003 0.006 0.018 0.185 0.010 0.003 0.005 
 25 TMA-ZAIN-G-    (9)   :  0.005 0.006 0.005 0.017 0.005 0.009 0.638 0.086 0.004 0.097 0.006 0.004 0.118 
 26 TMA-ZAIN-G-    (9)   :  0.446 0.058 0.008 0.008 0.023 0.070 0.007 0.005 0.022 0.132 0.013 0.012 0.197 
 27 TMA-ZAIN-G-    (0)   :  0.015 0.017 0.011 0.010 0.060 0.015 0.722 0.090 0.018 0.004 0.004 0.023 0.010 
 28 TMA-ZAIN-G-    (0)   :  0.007 0.010 0.007 0.006 0.011 0.003 0.912 0.009 0.009 0.005 0.006 0.006 0.010 
 29 TMA-ZAIN-G-    (0)   :  0.017 0.005 0.697 0.004 0.005 0.005 0.243 0.004 0.004 0.005 0.004 0.004 0.004 
 30 TMA-ZAIN-G-    (0)   :  0.007 0.168 0.052 0.005 0.069 0.005 0.365 0.004 0.086 0.120 0.056 0.008 0.054 
 31 TMA-ZAIN-G-    (0)   :  0.059 0.004 0.006 0.013 0.006 0.010 0.011 0.847 0.007 0.009 0.004 0.020 0.005 
 32 TMA-ZAIN-G-    (9)   :  0.006 0.014 0.003 0.133 0.016 0.012 0.020 0.344 0.008 0.007 0.027 0.005 0.405 
 33 TMA-ZAIN-G-   (18)   :  0.003 0.037 0.009 0.003 0.005 0.002 0.004 0.004 0.021 0.007 0.039 0.004 0.862 
 34 TMA-ZAIN-G-    (0)   :  0.005 0.007 0.004 0.021 0.005 0.018 0.010 0.053 0.011 0.009 0.025 0.005 0.827 
 35 TMA-ZAIN-G-    (9)   :  0.006 0.009 0.009 0.003 0.008 0.003 0.005 0.005 0.007 0.009 0.008 0.006 0.923 
 36 TMA-ZAIN-G-    (0)   :  0.014 0.183 0.010 0.003 0.192 0.003 0.005 0.004 0.029 0.353 0.015 0.007 0.183 
 37 TMA-ZAIN-G-    (9)   :  0.005 0.009 0.006 0.004 0.004 0.004 0.005 0.004 0.008 0.012 0.009 0.010 0.919 
 38 TMA-ZAIN-G-   (18)   :  0.007 0.019 0.006 0.044 0.049 0.008 0.034 0.491 0.010 0.017 0.011 0.013 0.293 
 39 TMA-ZAIN-G-    (0)   :  0.008 0.032 0.012 0.003 0.004 0.008 0.005 0.003 0.043 0.696 0.114 0.008 0.064 
 40 TMA-ZAIN-G-    (0)   :  0.005 0.298 0.007 0.003 0.006 0.009 0.005 0.003 0.030 0.178 0.300 0.015 0.141 
 41 TMA-ZAIN-G-    (0)   :  0.005 0.614 0.006 0.003 0.047 0.004 0.004 0.003 0.010 0.250 0.026 0.003 0.025 
 42 TMA-ZAIN-G-    (9)   :  0.009 0.846 0.005 0.002 0.093 0.002 0.003 0.003 0.006 0.012 0.007 0.004 0.006 
 43 TMA-ZAIN-G-    (0)   :  0.005 0.008 0.009 0.003 0.945 0.002 0.004 0.003 0.005 0.005 0.003 0.004 0.004 
 44 TMA-ZAIN-G-    (0)   :  0.003 0.008 0.010 0.005 0.004 0.784 0.006 0.005 0.075 0.046 0.014 0.007 0.032 
 45 TMA-ZAIN-G-    (0)   :  0.011 0.086 0.006 0.005 0.015 0.010 0.008 0.006 0.539 0.012 0.151 0.011 0.140 
 46 TMA-ZAIN-G-    (0)   :  0.004 0.003 0.002 0.006 0.003 0.957 0.004 0.004 0.003 0.003 0.002 0.006 0.002 
 47 TMA-ZAIN-G-    (0)   :  0.944 0.004 0.004 0.003 0.003 0.005 0.004 0.004 0.003 0.003 0.005 0.012 0.005 
 48 TMA-ZAIN-G-    (0)   :  0.203 0.260 0.017 0.021 0.050 0.012 0.019 0.006 0.178 0.014 0.022 0.163 0.035 
 49 TMA-ZAIN-G-    (9)   :  0.007 0.006 0.041 0.007 0.004 0.003 0.826 0.019 0.008 0.005 0.027 0.018 0.028 
 50 TMA-ZAIN-G-    (0)   :  0.003 0.044 0.003 0.005 0.007 0.008 0.874 0.006 0.006 0.023 0.011 0.005 0.005 
 51 TMA-ZAIN-G-    (0)   :  0.021 0.015 0.006 0.006 0.088 0.016 0.782 0.007 0.016 0.010 0.004 0.020 0.009 
 52 TMA-ZAIN-G-    (0)   :  0.042 0.010 0.003 0.009 0.025 0.010 0.650 0.005 0.011 0.007 0.016 0.205 0.007 
 53 TMA-ZAIN-G-    (0)   :  0.088 0.013 0.007 0.014 0.056 0.006 0.402 0.250 0.031 0.020 0.004 0.101 0.009 
 54 TMA-ZAIN-G-    (0)   :  0.926 0.011 0.004 0.005 0.010 0.003 0.009 0.004 0.007 0.004 0.006 0.005 0.006 
 55 TMA-ZAIN-G-    (0)   :  0.866 0.037 0.003 0.009 0.019 0.005 0.025 0.004 0.009 0.004 0.010 0.004 0.006 
 56 TMA-ZAIN-G-    (0)   :  0.063 0.216 0.026 0.010 0.030 0.005 0.054 0.007 0.093 0.028 0.023 0.420 0.027 
 57 TMA-ZAIN-G-    (0)   :  0.869 0.005 0.007 0.004 0.005 0.003 0.018 0.010 0.009 0.010 0.035 0.012 0.014 
 58 TMA-ZAIN-G-    (0)   :  0.028 0.019 0.007 0.154 0.008 0.005 0.702 0.030 0.007 0.004 0.013 0.011 0.011 
 59 TMA-ZAIN-G-    (0)   :  0.018 0.027 0.020 0.024 0.009 0.019 0.024 0.559 0.151 0.024 0.023 0.049 0.054 
 60 TMA-ZAIN-G-    (0)   :  0.020 0.018 0.007 0.008 0.127 0.009 0.250 0.462 0.026 0.006 0.007 0.047 0.011 
 61 TMA-ZAIN-G-    (0)   :  0.012 0.003 0.003 0.025 0.003 0.014 0.008 0.885 0.004 0.003 0.003 0.031 0.005 
 62 TMA-ZAIN-G-    (9)   :  0.013 0.024 0.007 0.010 0.006 0.031 0.038 0.715 0.033 0.025 0.041 0.003 0.054 
 63 TMA-ZAIN-G-    (0)   :  0.014 0.006 0.003 0.011 0.006 0.005 0.011 0.914 0.004 0.003 0.006 0.012 0.006 
 64 TMA-ZAIN-G-    (0)   :  0.003 0.005 0.946 0.003 0.005 0.002 0.003 0.002 0.007 0.009 0.005 0.003 0.006 
 65 TMA-ZAIN-G-    (9)   :  0.008 0.008 0.892 0.003 0.006 0.003 0.004 0.003 0.007 0.007 0.017 0.005 0.039 
 66 TMA-ZAIN-G-    (0)   :  0.004 0.009 0.890 0.002 0.005 0.003 0.003 0.002 0.029 0.016 0.011 0.006 0.019 
 67 TMA-ZAIN-G-    (0)   :  0.006 0.011 0.734 0.010 0.003 0.016 0.011 0.003 0.045 0.098 0.020 0.004 0.040 
 68 TMA-ZAIN-G-    (0)   :  0.005 0.006 0.950 0.003 0.006 0.002 0.003 0.002 0.005 0.004 0.005 0.005 0.005 
 69 TMA-ZAIN-G-    (0)   :  0.008 0.007 0.721 0.023 0.015 0.025 0.015 0.016 0.024 0.040 0.026 0.023 0.055 
 70 TMA-ZAIN-G-    (0)   :  0.003 0.005 0.014 0.004 0.005 0.004 0.004 0.003 0.051 0.879 0.012 0.004 0.012 
 71 TMA-ZAIN-G-    (0)   :  0.003 0.005 0.004 0.003 0.003 0.004 0.003 0.003 0.013 0.931 0.012 0.004 0.013 
 72 TMA-ZAIN-G-    (0)   :  0.006 0.007 0.012 0.004 0.006 0.003 0.005 0.003 0.011 0.916 0.007 0.004 0.016 
 73 TMA-ZAIN-G-    (0)   :  0.014 0.005 0.005 0.021 0.003 0.024 0.015 0.017 0.006 0.866 0.007 0.004 0.014 
 74 TMA-ZAIN-G-    (0)   :  0.005 0.005 0.005 0.004 0.003 0.005 0.005 0.005 0.008 0.928 0.011 0.003 0.012 
 75 TMA-ZAIN-G-    (0)   :  0.008 0.005 0.005 0.003 0.004 0.003 0.005 0.004 0.007 0.929 0.008 0.004 0.014 
 76 TMA-ZAIN-G-    (0)   :  0.003 0.004 0.005 0.009 0.003 0.019 0.006 0.004 0.020 0.901 0.008 0.003 0.015 
 77 TMA-ZAIN-G-    (0)   :  0.004 0.006 0.005 0.004 0.005 0.006 0.005 0.003 0.007 0.938 0.005 0.007 0.006 
 78 TMA-ZAIN-G-    (0)   :  0.006 0.005 0.004 0.008 0.005 0.010 0.009 0.006 0.012 0.911 0.007 0.008 0.009 
 79 TMA-ZAIN-G-    (0)   :  0.004 0.006 0.004 0.005 0.006 0.011 0.005 0.004 0.015 0.902 0.006 0.025 0.007 
 80 TMA-ZAIN-G-    (0)   :  0.011 0.013 0.020 0.003 0.004 0.007 0.004 0.003 0.025 0.720 0.148 0.006 0.036 
 81 TMA-ZAIN-G-    (0)   :  0.005 0.011 0.005 0.005 0.008 0.008 0.007 0.004 0.055 0.828 0.013 0.025 0.027 
 82 TMA-ZAIN-G-    (0)   :  0.014 0.009 0.187 0.003 0.006 0.003 0.005 0.006 0.096 0.097 0.041 0.008 0.524 
 83 TMA-ZAIN-G-    (9)   :  0.013 0.009 0.018 0.021 0.004 0.021 0.013 0.031 0.015 0.009 0.082 0.004 0.758 
 84 TMA-ZAIN-G-    (0)   :  0.004 0.009 0.006 0.006 0.005 0.025 0.006 0.003 0.043 0.853 0.018 0.010 0.012 
 85 TMA-ZAIN-G-    (0)   :  0.004 0.003 0.003 0.005 0.004 0.002 0.004 0.004 0.004 0.003 0.003 0.958 0.004 
 86 TMA-ZAIN-G-    (0)   :  0.005 0.008 0.005 0.004 0.003 0.007 0.004 0.003 0.010 0.005 0.008 0.927 0.010 
 87 TMA-ZAIN-G-    (0)   :  0.004 0.003 0.003 0.007 0.003 0.003 0.004 0.005 0.004 0.003 0.003 0.956 0.004 
 88 TMA-ZAIN-G-    (0)   :  0.058 0.011 0.032 0.007 0.016 0.008 0.008 0.142 0.032 0.030 0.097 0.459 0.099 
 89 TMA-ZAIN-G-    (0)   :  0.369 0.010 0.030 0.018 0.034 0.020 0.006 0.027 0.043 0.043 0.033 0.338 0.029 
 90 TMA-ZAIN-G-    (0)   :  0.033 0.005 0.014 0.004 0.004 0.005 0.006 0.017 0.005 0.004 0.022 0.850 0.032 
 91 TMA-ZAIN-G-    (0)   :  0.036 0.008 0.011 0.006 0.012 0.005 0.011 0.040 0.015 0.009 0.008 0.830 0.010 
 92 TMA-ZAIN-G-    (0)   :  0.261 0.008 0.006 0.026 0.014 0.031 0.035 0.010 0.013 0.010 0.005 0.571 0.009 
 93 TMA-ZAIN-G-    (0)   :  0.483 0.009 0.008 0.017 0.022 0.011 0.063 0.041 0.011 0.007 0.004 0.317 0.007 
 94 TMA-ZAIN-G-    (0)   :  0.052 0.004 0.005 0.011 0.007 0.006 0.014 0.089 0.006 0.005 0.003 0.796 0.005 
 95 TMA-ZAIN-G-    (0)   :  0.005 0.021 0.017 0.012 0.023 0.004 0.861 0.008 0.010 0.019 0.010 0.005 0.006 
 96 TMA-ZAIN-G-    (0)   :  0.006 0.069 0.005 0.006 0.021 0.004 0.837 0.005 0.006 0.004 0.019 0.010 0.008 
 97 TMA-ZAIN-G-    (0)   :  0.012 0.004 0.007 0.006 0.008 0.006 0.011 0.906 0.009 0.014 0.004 0.008 0.005 
 98 TMA-ZAIN-G-    (0)   :  0.010 0.004 0.005 0.004 0.006 0.004 0.004 0.926 0.009 0.014 0.003 0.007 0.004 
 99 TMA-ZAIN-G-    (0)   :  0.003 0.030 0.018 0.007 0.006 0.021 0.006 0.683 0.084 0.006 0.019 0.005 0.112 
100 TMA-ZAIN-G-    (0)   :  0.022 0.004 0.005 0.007 0.007 0.030 0.013 0.861 0.006 0.006 0.003 0.033 0.004 
101 TMA-ZAIN-G-    (0)   :  0.011 0.004 0.006 0.004 0.006 0.006 0.008 0.906 0.023 0.009 0.006 0.004 0.007 
102 TMA-ZAIN-G-    (0)   :  0.011 0.025 0.014 0.591 0.027 0.007 0.029 0.142 0.015 0.013 0.081 0.018 0.027 
103 TMA-ZAIN-G-    (0)   :  0.007 0.013 0.006 0.070 0.008 0.005 0.030 0.766 0.013 0.009 0.025 0.029 0.021 
104 TMA-ZAIN-G-    (0)   :  0.005 0.004 0.002 0.009 0.004 0.004 0.006 0.948 0.004 0.003 0.004 0.003 0.004 
105 TMA-ZAIN-G-    (0)   :  0.008 0.015 0.006 0.035 0.009 0.003 0.026 0.780 0.016 0.008 0.027 0.040 0.027 
106 TMA-ZAIN-G-    (0)   :  0.006 0.336 0.052 0.003 0.127 0.003 0.005 0.003 0.230 0.108 0.089 0.007 0.030 
107 TMA-ZAIN-G-    (0)   :  0.008 0.019 0.012 0.004 0.014 0.003 0.006 0.005 0.258 0.138 0.410 0.007 0.117 
108 TMA-ZAIN-G-    (9)   :  0.014 0.027 0.006 0.043 0.035 0.019 0.034 0.157 0.042 0.021 0.011 0.060 0.531 
109 TMA-ZAIN-G-    (0)   :  0.044 0.146 0.148 0.006 0.022 0.004 0.042 0.294 0.018 0.009 0.145 0.014 0.109 
110 TMA-ZAIN-G-    (0)   :  0.016 0.111 0.006 0.073 0.018 0.111 0.067 0.050 0.264 0.022 0.096 0.019 0.147 
111 TMA-ZAIN-G-    (9)   :  0.018 0.014 0.010 0.157 0.004 0.024 0.048 0.391 0.016 0.040 0.139 0.006 0.131 
112 TMA-ZAIN-G-    (0)   :  0.026 0.196 0.020 0.074 0.036 0.013 0.121 0.226 0.093 0.018 0.088 0.014 0.075 
113 TMA-ZAIN-G-    (0)   :  0.021 0.005 0.010 0.009 0.005 0.005 0.005 0.870 0.014 0.024 0.015 0.006 0.011 
114 TMA-ZAIN-G-    (0)   :  0.004 0.003 0.002 0.011 0.002 0.009 0.005 0.944 0.003 0.003 0.003 0.007 0.004 
115 TMA-ZAIN-G-    (0)   :  0.004 0.003 0.003 0.007 0.004 0.005 0.005 0.951 0.003 0.003 0.005 0.003 0.004 
116 TMA-ZAIN-G-    (0)   :  0.012 0.007 0.010 0.003 0.005 0.002 0.004 0.005 0.008 0.011 0.178 0.005 0.750 
117 TMA-ZAIN-G-    (0)   :  0.037 0.083 0.133 0.004 0.058 0.003 0.010 0.007 0.048 0.078 0.030 0.027 0.483 
118 TMA-ZAIN-G-    (0)   :  0.009 0.013 0.017 0.003 0.018 0.003 0.006 0.005 0.009 0.011 0.217 0.005 0.684 
119 TMA-ZAIN-G-    (0)   :  0.009 0.006 0.018 0.013 0.005 0.013 0.016 0.017 0.009 0.031 0.157 0.004 0.702 
120 TMA-ZAIN-G-    (0)   :  0.010 0.014 0.014 0.004 0.042 0.003 0.008 0.006 0.009 0.013 0.134 0.012 0.731 
121 TMA-ZAIN-G-    (0)   :  0.008 0.019 0.026 0.003 0.008 0.002 0.005 0.005 0.008 0.010 0.023 0.006 0.876 
122 TMA-ZAIN-G-    (0)   :  0.008 0.038 0.016 0.004 0.010 0.005 0.008 0.004 0.053 0.017 0.037 0.050 0.751 
123 TMA-ZAIN-G-    (0)   :  0.005 0.004 0.004 0.014 0.011 0.004 0.009 0.919 0.005 0.005 0.004 0.009 0.006 
124 TMA-ZAIN-G-    (0)   :  0.004 0.929 0.004 0.003 0.008 0.003 0.005 0.005 0.010 0.004 0.009 0.008 0.009 
125 TMA-ZAIN-G-    (0)   :  0.087 0.812 0.034 0.002 0.020 0.002 0.004 0.002 0.007 0.007 0.007 0.008 0.006 
126 TMA-ZAIN-G-    (0)   :  0.008 0.892 0.004 0.003 0.034 0.003 0.005 0.004 0.008 0.005 0.019 0.007 0.009 
127 TMA-ZAIN-G-    (0)   :  0.004 0.929 0.005 0.003 0.009 0.003 0.004 0.003 0.012 0.004 0.013 0.005 0.007 
128 TMA-ZAIN-G-    (0)   :  0.006 0.878 0.022 0.003 0.007 0.002 0.005 0.004 0.025 0.006 0.010 0.006 0.024 
129 TMA-ZAIN-G-    (0)   :  0.006 0.920 0.006 0.003 0.013 0.002 0.005 0.006 0.009 0.006 0.006 0.007 0.010 
130 TMA-ZAIN-G-    (0)   :  0.037 0.807 0.008 0.003 0.065 0.002 0.006 0.006 0.007 0.007 0.028 0.007 0.017 
131 TMA-ZAIN-G-    (0)   :  0.004 0.925 0.004 0.003 0.011 0.003 0.006 0.004 0.011 0.004 0.008 0.010 0.007 
132 TMA-ZAIN-G-    (0)   :  0.029 0.806 0.041 0.003 0.014 0.002 0.004 0.004 0.028 0.012 0.016 0.007 0.035 
133 TMA-ZAIN-G-    (0)   :  0.027 0.413 0.097 0.007 0.150 0.021 0.017 0.003 0.036 0.092 0.069 0.046 0.023 
134 TMA-ZAIN-G-    (0)   :  0.022 0.230 0.070 0.004 0.368 0.011 0.006 0.003 0.023 0.068 0.140 0.043 0.013 
135 TMA-ZAIN-G-    (0)   :  0.013 0.074 0.028 0.003 0.019 0.011 0.004 0.004 0.126 0.047 0.594 0.032 0.044 
136 TMA-ZAIN-G-    (0)   :  0.012 0.049 0.563 0.004 0.007 0.006 0.005 0.005 0.059 0.034 0.073 0.005 0.178 
137 TMA-ZAIN-G-    (0)   :  0.005 0.015 0.004 0.003 0.005 0.010 0.004 0.004 0.014 0.022 0.878 0.016 0.018 
138 TMA-ZAIN-G-    (0)   :  0.025 0.334 0.013 0.003 0.035 0.003 0.003 0.004 0.061 0.013 0.392 0.005 0.110 
139 TMA-ZAIN-G-    (0)   :  0.092 0.120 0.015 0.003 0.022 0.007 0.003 0.004 0.026 0.034 0.543 0.012 0.119 
140 TMA-ZAIN-G-    (0)   :  0.003 0.028 0.009 0.004 0.006 0.004 0.005 0.003 0.535 0.016 0.205 0.005 0.175 
141 TMA-ZAIN-G-    (0)   :  0.005 0.019 0.006 0.004 0.019 0.003 0.005 0.005 0.747 0.034 0.067 0.011 0.074 
142 TMA-ZAIN-G-    (9)   :  0.004 0.020 0.011 0.003 0.006 0.003 0.004 0.003 0.583 0.019 0.173 0.006 0.165 
143 TMA-ZAIN-G-    (0)   :  0.005 0.088 0.013 0.003 0.010 0.003 0.005 0.004 0.308 0.015 0.128 0.007 0.410 
144 TMA-ZAIN-G-    (0)   :  0.033 0.166 0.008 0.006 0.015 0.009 0.016 0.004 0.086 0.008 0.367 0.017 0.264 
145 TMA-ZAIN-G-    (0)   :  0.017 0.025 0.252 0.002 0.007 0.002 0.004 0.003 0.053 0.060 0.494 0.006 0.075 
146 TMA-ZAIN-G-    (0)   :  0.003 0.005 0.004 0.003 0.004 0.003 0.003 0.003 0.934 0.017 0.008 0.004 0.010 
147 TMA-ZAIN-G-    (9)   :  0.004 0.006 0.008 0.003 0.005 0.003 0.003 0.003 0.918 0.011 0.008 0.004 0.026 
148 TMA-ZAIN-G-    (0)   :  0.016 0.021 0.004 0.003 0.028 0.003 0.003 0.003 0.894 0.008 0.007 0.004 0.007 
149 TMA-ZAIN-G-    (0)   :  0.044 0.029 0.006 0.021 0.020 0.006 0.010 0.019 0.760 0.008 0.013 0.024 0.042 
150 TMA-ZAIN-G-    (0)   :  0.073 0.016 0.091 0.017 0.017 0.004 0.008 0.024 0.397 0.018 0.045 0.014 0.275 
151 TMA-ZAIN-G-    (0)   :  0.004 0.041 0.007 0.002 0.021 0.003 0.003 0.003 0.008 0.006 0.835 0.003 0.062 
152 TMA-ZAIN-G-    (0)   :  0.005 0.009 0.006 0.002 0.012 0.003 0.004 0.004 0.010 0.005 0.698 0.003 0.239 
153 TMA-ZAIN-G-    (0)   :  0.012 0.062 0.012 0.002 0.025 0.003 0.003 0.003 0.031 0.013 0.751 0.004 0.079 
154 TMA-ZAIN-G-    (0)   :  0.004 0.007 0.004 0.002 0.004 0.002 0.003 0.003 0.007 0.005 0.907 0.004 0.048 
155 TMA-ZAIN-G-    (0)   :  0.003 0.008 0.007 0.003 0.006 0.003 0.003 0.004 0.015 0.006 0.924 0.006 0.012 
156 TMA-ZAIN-G-    (9)   :  0.010 0.049 0.003 0.002 0.054 0.003 0.004 0.006 0.016 0.004 0.793 0.004 0.049 
157 TMA-ZAIN-G-    (0)   :  0.006 0.060 0.006 0.003 0.107 0.003 0.004 0.005 0.067 0.009 0.694 0.005 0.032 
158 TMA-ZAIN-G-    (0)   :  0.004 0.010 0.005 0.003 0.004 0.004 0.006 0.003 0.036 0.023 0.691 0.004 0.208 
159 TMA-ZAIN-G-    (0)   :  0.005 0.009 0.015 0.003 0.005 0.002 0.003 0.004 0.096 0.168 0.590 0.004 0.095 
160 TMA-ZAIN-G-    (0)   :  0.007 0.005 0.023 0.003 0.004 0.002 0.003 0.006 0.025 0.133 0.623 0.004 0.163 
161 TMA-ZAIN-G-    (0)   :  0.029 0.133 0.007 0.003 0.027 0.003 0.006 0.004 0.098 0.018 0.568 0.009 0.095 
162 TMA-ZAIN-G-    (0)   :  0.011 0.007 0.005 0.016 0.003 0.005 0.007 0.016 0.005 0.005 0.899 0.011 0.009 
163 TMA-ZAIN-G-    (0)   :  0.003 0.006 0.004 0.002 0.003 0.002 0.003 0.003 0.008 0.005 0.939 0.003 0.020 
164 TMA-ZAIN-G-    (0)   :  0.007 0.009 0.008 0.004 0.004 0.005 0.004 0.005 0.019 0.008 0.467 0.010 0.449 
165 TMA-ZAIN-G-    (0)   :  0.003 0.008 0.006 0.003 0.003 0.002 0.003 0.004 0.029 0.010 0.653 0.003 0.272 
166 TMA-ZAIN-G-    (0)   :  0.010 0.031 0.011 0.002 0.005 0.003 0.003 0.003 0.114 0.027 0.699 0.007 0.086 
167 TMA-ZAIN-G-    (0)   :  0.004 0.015 0.004 0.005 0.007 0.004 0.006 0.004 0.767 0.085 0.026 0.007 0.065 
168 TMA-ZAIN-G-    (0)   :  0.005 0.008 0.013 0.003 0.020 0.003 0.004 0.005 0.658 0.136 0.007 0.006 0.132 
169 TMA-ZAIN-G-    (0)   :  0.005 0.006 0.069 0.002 0.005 0.002 0.003 0.003 0.612 0.146 0.019 0.005 0.123 
170 TMA-ZAIN-G-    (0)   :  0.004 0.045 0.018 0.011 0.053 0.017 0.022 0.015 0.644 0.044 0.036 0.006 0.086 
171 TMA-ZAIN-G-    (0)   :  0.004 0.005 0.020 0.003 0.004 0.003 0.003 0.003 0.659 0.181 0.012 0.004 0.100 
172 TMA-ZAIN-G-    (0)   :  0.003 0.205 0.005 0.003 0.020 0.005 0.006 0.003 0.692 0.012 0.023 0.005 0.016 
173 TMA-ZAIN-G-    (0)   :  0.005 0.408 0.006 0.004 0.022 0.004 0.007 0.003 0.474 0.018 0.018 0.007 0.024 
174 TMA-ZAIN-G-    (0)   :  0.011 0.407 0.057 0.002 0.006 0.003 0.004 0.003 0.323 0.025 0.077 0.005 0.077 
175 TMA-ZAIN-G-    (0)   :  0.004 0.005 0.007 0.003 0.004 0.003 0.003 0.004 0.704 0.217 0.011 0.005 0.029 
176 TMA-ZAIN-G-    (0)   :  0.003 0.005 0.005 0.003 0.005 0.003 0.003 0.003 0.877 0.047 0.017 0.005 0.025 
177 TMA-ZAIN-G-    (0)   :  0.003 0.007 0.004 0.003 0.010 0.003 0.003 0.003 0.914 0.018 0.013 0.004 0.017 
178 TMA-ZAIN-G-    (0)   :  0.004 0.064 0.004 0.004 0.047 0.005 0.007 0.005 0.760 0.015 0.021 0.005 0.060 
179 TMA-ZAIN-G-    (0)   :  0.004 0.012 0.005 0.002 0.013 0.003 0.004 0.003 0.904 0.009 0.016 0.004 0.023 
180 TMA-ZAIN-G-    (0)   :  0.012 0.717 0.067 0.006 0.020 0.009 0.008 0.004 0.054 0.005 0.019 0.029 0.050 
181 TMA-ZAIN-G-    (0)   :  0.005 0.673 0.007 0.003 0.181 0.003 0.004 0.005 0.012 0.012 0.078 0.003 0.016 
182 TMA-ZAIN-G-    (0)   :  0.005 0.740 0.003 0.003 0.130 0.003 0.005 0.006 0.043 0.005 0.036 0.006 0.016 
183 TMA-ZAIN-G-    (0)   :  0.004 0.622 0.006 0.003 0.235 0.003 0.004 0.004 0.022 0.010 0.028 0.004 0.057 
184 TMA-ZAIN-G-    (0)   :  0.017 0.731 0.010 0.018 0.041 0.007 0.011 0.028 0.022 0.012 0.048 0.023 0.032 
185 TMA-ZAIN-G-    (0)   :  0.022 0.855 0.005 0.027 0.004 0.009 0.017 0.012 0.008 0.006 0.013 0.013 0.009 
186 TMA-ZAIN-G-    (9)   :  0.005 0.917 0.005 0.005 0.005 0.005 0.008 0.003 0.011 0.010 0.011 0.005 0.009 
187 TMA-ZAIN-G-    (0)   :  0.003 0.784 0.017 0.003 0.023 0.003 0.005 0.004 0.023 0.052 0.068 0.004 0.010 
188 TMA-ZAIN-G-    (0)   :  0.004 0.836 0.022 0.003 0.009 0.002 0.004 0.003 0.006 0.062 0.023 0.003 0.023 
189 TMA-ZAIN-G-    (0)   :  0.002 0.941 0.008 0.002 0.007 0.003 0.003 0.003 0.008 0.006 0.008 0.003 0.006 
190 TMA-ZAIN-G-    (0)   :  0.005 0.554 0.023 0.003 0.103 0.004 0.007 0.003 0.134 0.045 0.009 0.004 0.106 
191 TMA-ZAIN-G-    (0)   :  0.010 0.866 0.005 0.022 0.005 0.009 0.009 0.011 0.019 0.011 0.008 0.015 0.009 
192 TMA-ZAIN-G-    (0)   :  0.005 0.858 0.005 0.005 0.021 0.032 0.005 0.004 0.012 0.016 0.014 0.018 0.006 
193 TMA-ZAIN-G-    (0)   :  0.004 0.005 0.004 0.003 0.961 0.002 0.003 0.002 0.003 0.003 0.003 0.004 0.003 
194 TMA-ZAIN-G-    (0)   :  0.014 0.076 0.011 0.006 0.838 0.008 0.013 0.002 0.010 0.007 0.005 0.005 0.007 
195 TMA-ZAIN-G-    (0)   :  0.006 0.046 0.028 0.003 0.801 0.003 0.007 0.003 0.040 0.029 0.006 0.004 0.023 
196 TMA-ZAIN-G-    (0)   :  0.006 0.012 0.012 0.002 0.932 0.003 0.004 0.003 0.006 0.005 0.005 0.004 0.007 
197 TMA-ZAIN-G-    (0)   :  0.006 0.009 0.010 0.003 0.923 0.002 0.003 0.003 0.009 0.009 0.007 0.007 0.008 
198 TMA-ZAIN-G-    (0)   :  0.005 0.012 0.007 0.002 0.921 0.005 0.003 0.003 0.014 0.008 0.009 0.004 0.007 
199 TMA-ZAIN-G-    (0)   :  0.005 0.927 0.004 0.004 0.006 0.004 0.007 0.003 0.009 0.007 0.013 0.004 0.008 
200 TMA-ZAIN-G-    (0)   :  0.011 0.005 0.006 0.039 0.050 0.800 0.031 0.028 0.006 0.006 0.003 0.007 0.008 
201 TMA-ZAIN-G-    (0)   :  0.009 0.009 0.022 0.041 0.007 0.811 0.022 0.009 0.015 0.017 0.009 0.012 0.019 
202 TMA-ZAIN-G-    (0)   :  0.002 0.005 0.003 0.004 0.013 0.943 0.005 0.007 0.004 0.003 0.004 0.003 0.004 
203 TMA-ZAIN-G-    (0)   :  0.006 0.048 0.004 0.003 0.810 0.002 0.005 0.021 0.030 0.010 0.030 0.005 0.027 
204 TMA-ZAIN-G-    (9)   :  0.022 0.004 0.005 0.019 0.005 0.763 0.025 0.016 0.007 0.006 0.003 0.122 0.004 
205 TMA-ZAIN-G-    (0)   :  0.008 0.007 0.005 0.005 0.009 0.816 0.014 0.007 0.009 0.009 0.075 0.012 0.024 
206 TMA-ZAIN-G-    (9)   :  0.017 0.014 0.007 0.013 0.022 0.621 0.020 0.024 0.030 0.010 0.012 0.190 0.021 
207 TMA-ZAIN-G-    (9)   :  0.044 0.016 0.037 0.011 0.007 0.004 0.027 0.009 0.009 0.014 0.084 0.054 0.685 
208 TMA-ZAIN-G-    (0)   :  0.004 0.016 0.033 0.003 0.003 0.004 0.005 0.003 0.146 0.015 0.049 0.002 0.717 
209 TMA-ZAIN-G-    (0)   :  0.080 0.213 0.019 0.003 0.271 0.003 0.004 0.003 0.172 0.095 0.095 0.009 0.033 
210 TMA-ZAIN-G-    (0)   :  0.017 0.099 0.087 0.003 0.357 0.003 0.006 0.004 0.246 0.064 0.076 0.011 0.029 
211 TMA-ZAIN-G-    (0)   :  0.014 0.328 0.022 0.016 0.101 0.018 0.025 0.010 0.311 0.055 0.048 0.009 0.041 
212 TMA-ZAIN-G-    (0)   :  0.006 0.156 0.011 0.003 0.021 0.006 0.006 0.003 0.612 0.005 0.055 0.014 0.102 
213 TMA-ZAIN-G-    (0)   :  0.008 0.189 0.007 0.004 0.026 0.004 0.005 0.003 0.394 0.024 0.315 0.004 0.017 
214 TMA-ZAIN-G-    (0)   :  0.008 0.435 0.057 0.003 0.036 0.003 0.005 0.003 0.082 0.057 0.287 0.005 0.020 
215 TMA-ZAIN-G-    (0)   :  0.002 0.186 0.006 0.009 0.006 0.015 0.220 0.003 0.305 0.068 0.041 0.003 0.136 
216 TMA-ZAIN-G-    (0)   :  0.009 0.850 0.005 0.004 0.010 0.004 0.005 0.003 0.048 0.011 0.032 0.005 0.013 
217 TMA-ZAIN-G-    (0)   :  0.010 0.160 0.165 0.003 0.099 0.003 0.003 0.004 0.342 0.089 0.089 0.008 0.026 
218 TMA-ZAIN-G-    (0)   :  0.004 0.009 0.011 0.003 0.004 0.004 0.930 0.005 0.009 0.005 0.005 0.004 0.006 
219 TMA-ZAIN-G-    (0)   :  0.008 0.006 0.004 0.005 0.004 0.022 0.914 0.005 0.004 0.004 0.004 0.017 0.004 
220 TMA-ZAIN-G-    (0)   :  0.007 0.007 0.011 0.007 0.006 0.003 0.777 0.033 0.006 0.006 0.014 0.010 0.114 
221 TMA-ZAIN-G-    (0)   :  0.005 0.025 0.005 0.006 0.006 0.046 0.850 0.004 0.014 0.008 0.009 0.012 0.009 
222 TMA-ZAIN-G-    (0)   :  0.014 0.011 0.014 0.007 0.006 0.009 0.828 0.034 0.009 0.008 0.014 0.028 0.018 
223 TMA-ZAIN-G-    (0)   :  0.005 0.004 0.004 0.008 0.003 0.007 0.936 0.008 0.004 0.003 0.003 0.012 0.004 
224 TMA-ZAIN-G-    (0)   :  0.008 0.019 0.004 0.016 0.009 0.008 0.769 0.018 0.007 0.006 0.005 0.126 0.005 
225 TMA-ZAIN-G-    (0)   :  0.004 0.005 0.002 0.007 0.011 0.010 0.930 0.010 0.004 0.003 0.003 0.006 0.003 
226 TMA-ZAIN-G-    (0)   :  0.005 0.006 0.005 0.010 0.020 0.008 0.890 0.016 0.008 0.007 0.007 0.010 0.008 
227 TMA-ZAIN-G-    (0)   :  0.004 0.008 0.004 0.007 0.020 0.053 0.848 0.014 0.013 0.008 0.008 0.006 0.008 
228 TMA-ZAIN-G-    (0)   :  0.006 0.007 0.008 0.031 0.007 0.006 0.814 0.021 0.022 0.033 0.010 0.017 0.018 
229 TMA-ZAIN-G-    (0)   :  0.006 0.003 0.011 0.037 0.003 0.024 0.862 0.031 0.005 0.003 0.002 0.009 0.004 
230 TMA-ZAIN-G-    (0)   :  0.013 0.032 0.016 0.019 0.015 0.003 0.320 0.064 0.106 0.038 0.006 0.358 0.011 
231 TMA-ZAIN-G-    (0)   :  0.027 0.009 0.014 0.559 0.014 0.024 0.074 0.077 0.025 0.031 0.039 0.073 0.034 
232 TMA-ZAIN-G-    (9)   :  0.014 0.035 0.068 0.599 0.012 0.017 0.025 0.149 0.022 0.013 0.012 0.020 0.013 
233 TMA-ZAIN-G-    (0)   :  0.013 0.009 0.045 0.008 0.008 0.037 0.786 0.006 0.017 0.030 0.009 0.026 0.006 
234 TMA-ZAIN-G-    (0)   :  0.030 0.005 0.007 0.036 0.012 0.046 0.568 0.259 0.005 0.005 0.009 0.006 0.012 
235 TMA-ZAIN-G-    (0)   :  0.008 0.036 0.004 0.025 0.026 0.017 0.554 0.185 0.008 0.063 0.013 0.045 0.015 
236 TMA-ZAIN-G-    (0)   :  0.005 0.010 0.007 0.019 0.030 0.077 0.626 0.076 0.014 0.014 0.013 0.095 0.014 
237 TMA-ZAIN-G-    (0)   :  0.006 0.015 0.013 0.013 0.009 0.005 0.227 0.251 0.118 0.156 0.015 0.158 0.015 
238 TMA-ZAIN-G-    (0)   :  0.004 0.017 0.004 0.016 0.006 0.048 0.741 0.042 0.027 0.032 0.036 0.008 0.021 
239 TMA-ZAIN-G-    (0)   :  0.054 0.019 0.009 0.021 0.062 0.670 0.013 0.013 0.003 0.003 0.002 0.111 0.020 
240 TMA-ZAIN-G-    (0)   :  0.004 0.003 0.002 0.004 0.003 0.962 0.003 0.003 0.003 0.003 0.002 0.005 0.002 
241 TMA-ZAIN-G-    (0)   :  0.003 0.002 0.003 0.003 0.003 0.961 0.003 0.003 0.004 0.005 0.003 0.003 0.003 
242 TMA-ZAIN-G-    (0)   :  0.003 0.003 0.003 0.003 0.002 0.965 0.003 0.003 0.003 0.003 0.003 0.003 0.003 
243 TMA-ZAIN-G-    (0)   :  0.003 0.003 0.004 0.003 0.003 0.961 0.003 0.002 0.005 0.005 0.004 0.003 0.003 
244 TMA-ZAIN-G-    (0)   :  0.002 0.003 0.004 0.003 0.003 0.956 0.003 0.003 0.005 0.006 0.005 0.002 0.005 
245 TMA-ZAIN-G-    (9)   :  0.003 0.003 0.002 0.004 0.003 0.966 0.003 0.003 0.003 0.003 0.003 0.003 0.003 
246 TMA-ZAIN-G-    (0)   :  0.003 0.002 0.002 0.003 0.003 0.969 0.003 0.002 0.002 0.002 0.002 0.003 0.003 
247 TMA-ZAIN-G-    (0)   :  0.003 0.003 0.003 0.003 0.002 0.970 0.003 0.002 0.003 0.002 0.002 0.003 0.003 
248 TMA-ZAIN-G-    (0)   :  0.003 0.003 0.003 0.004 0.005 0.959 0.004 0.003 0.004 0.004 0.003 0.003 0.004 
249 TMA-ZAIN-G-    (0)   :  0.003 0.003 0.002 0.003 0.004 0.966 0.003 0.003 0.003 0.002 0.002 0.003 0.003 
250 TMA-ZAIN-G-    (0)   :  0.003 0.003 0.003 0.003 0.003 0.967 0.003 0.002 0.003 0.002 0.002 0.003 0.003 
251 TMA-ZAIN-G-    (0)   :  0.947 0.004 0.004 0.004 0.005 0.002 0.004 0.006 0.004 0.003 0.004 0.009 0.004 
252 TMA-ZAIN-G-    (0)   :  0.859 0.005 0.018 0.003 0.004 0.004 0.005 0.003 0.022 0.025 0.010 0.004 0.039 
253 TMA-ZAIN-G-    (0)   :  0.944 0.004 0.005 0.003 0.004 0.005 0.003 0.005 0.004 0.004 0.009 0.004 0.008 
254 TMA-ZAIN-G-    (9)   :  0.893 0.008 0.009 0.003 0.005 0.004 0.004 0.006 0.010 0.006 0.022 0.006 0.024 
255 TMA-ZAIN-G-    (0)   :  0.920 0.004 0.006 0.023 0.004 0.004 0.003 0.009 0.004 0.004 0.007 0.005 0.007 
256 TMA-ZAIN-G-    (0)   :  0.869 0.008 0.005 0.007 0.025 0.018 0.005 0.007 0.010 0.007 0.009 0.023 0.008 
257 TMA-ZAIN-G-    (0)   :  0.937 0.004 0.003 0.004 0.012 0.005 0.004 0.004 0.003 0.004 0.003 0.013 0.003 
258 TMA-ZAIN-G-    (0)   :  0.957 0.003 0.004 0.002 0.004 0.004 0.003 0.003 0.003 0.003 0.003 0.006 0.004 
259 TMA-ZAIN-G-    (0)   :  0.934 0.004 0.005 0.005 0.005 0.006 0.004 0.004 0.004 0.004 0.003 0.018 0.003 
260 TMA-ZAIN-G-    (0)   :  0.935 0.004 0.008 0.005 0.006 0.005 0.004 0.004 0.004 0.004 0.003 0.014 0.004 
261 TMA-ZAIN-G-   (18)   :  0.907 0.009 0.012 0.006 0.009 0.003 0.007 0.005 0.006 0.004 0.005 0.022 0.007 
262 TMA-ZAIN-G-    (0)   :  0.953 0.004 0.003 0.003 0.006 0.003 0.004 0.004 0.003 0.003 0.003 0.008 0.003 
263 TMA-ZAIN-G-    (0)   :  0.951 0.004 0.003 0.004 0.004 0.003 0.004 0.005 0.003 0.003 0.004 0.008 0.004 
264 TMA-ZAIN-G-    (0)   :  0.945 0.003 0.004 0.004 0.005 0.003 0.004 0.008 0.004 0.004 0.004 0.007 0.005 
265 TMA-ZAIN-G-    (0)   :  0.172 0.023 0.026 0.007 0.012 0.023 0.224 0.013 0.064 0.010 0.029 0.379 0.016 
266 TMA-ZAIN-G-    (0)   :  0.625 0.107 0.023 0.012 0.058 0.008 0.023 0.009 0.026 0.010 0.027 0.019 0.052 
267 TMA-ZAIN-G-    (0)   :  0.160 0.012 0.018 0.397 0.007 0.025 0.048 0.018 0.032 0.018 0.006 0.236 0.023 
268 TMA-ZAIN-G-    (0)   :  0.004 0.003 0.003 0.955 0.003 0.003 0.004 0.009 0.003 0.003 0.003 0.005 0.003 
269 TMA-ZAIN-G-    (0)   :  0.004 0.004 0.003 0.928 0.004 0.003 0.007 0.014 0.004 0.004 0.003 0.018 0.004 
270 TMA-ZAIN-G-    (0)   :  0.004 0.003 0.003 0.919 0.004 0.004 0.007 0.012 0.004 0.004 0.003 0.028 0.005 
271 TMA-ZAIN-G-    (0)   :  0.003 0.003 0.003 0.947 0.002 0.004 0.005 0.008 0.004 0.003 0.003 0.010 0.004 
272 TMA-ZAIN-G-    (0)   :  0.003 0.004 0.002 0.940 0.004 0.004 0.009 0.009 0.004 0.004 0.003 0.010 0.003 
273 TMA-ZAIN-G-    (0)   :  0.003 0.003 0.002 0.952 0.003 0.006 0.008 0.009 0.003 0.003 0.002 0.005 0.002 
274 TMA-ZAIN-G-    (0)   :  0.007 0.013 0.007 0.888 0.025 0.006 0.010 0.009 0.007 0.011 0.007 0.007 0.004 
275 TMA-ZAIN-G-    (0)   :  0.002 0.003 0.002 0.963 0.003 0.004 0.005 0.004 0.003 0.002 0.003 0.003 0.003 
276 TMA-ZAIN-G-    (0)   :  0.002 0.003 0.004 0.947 0.003 0.006 0.004 0.007 0.005 0.006 0.005 0.004 0.005 
277 TMA-ZAIN-G-    (0)   :  0.005 0.003 0.006 0.920 0.005 0.020 0.006 0.008 0.006 0.007 0.005 0.004 0.006 
278 TMA-ZAIN-G-    (0)   :  0.004 0.003 0.003 0.947 0.003 0.013 0.006 0.004 0.003 0.003 0.002 0.007 0.003 
279 TMA-ZAIN-G-    (0)   :  0.003 0.004 0.002 0.951 0.004 0.006 0.008 0.006 0.004 0.003 0.003 0.003 0.003 
280 TMA-ZAIN-G-    (0)   :  0.003 0.006 0.002 0.917 0.007 0.006 0.013 0.025 0.005 0.003 0.005 0.005 0.004 
281 TMA-ZAIN-G-    (0)   :  0.004 0.004 0.003 0.933 0.005 0.008 0.007 0.015 0.004 0.003 0.003 0.007 0.004 
282 TMA-ZAIN-G-    (9)   :  0.004 0.003 0.003 0.952 0.002 0.008 0.005 0.008 0.003 0.003 0.003 0.005 0.003 
283 TMA-ZAIN-G-    (0)   :  0.121 0.010 0.006 0.695 0.004 0.009 0.040 0.034 0.006 0.013 0.013 0.034 0.015 
284 TMA-ZAIN-G-    (0)   :  0.129 0.015 0.005 0.597 0.005 0.008 0.069 0.060 0.008 0.011 0.022 0.053 0.017 
285 TMA-ZAIN-G-    (0)   :  0.036 0.015 0.015 0.805 0.007 0.017 0.015 0.018 0.004 0.033 0.016 0.008 0.008 
286 TMA-ZAIN-G-    (0)   :  0.006 0.003 0.002 0.946 0.003 0.006 0.006 0.009 0.003 0.003 0.002 0.009 0.003 
287 TMA-ZAIN-G-    (0)   :  0.005 0.006 0.006 0.930 0.009 0.006 0.005 0.008 0.004 0.009 0.005 0.006 0.003 
288 TMA-ZAIN-G-    (0)   :  0.011 0.028 0.009 0.802 0.042 0.004 0.028 0.021 0.013 0.017 0.012 0.009 0.007 
289 TMA-ZAIN-G-    (0)   :  0.007 0.011 0.009 0.901 0.014 0.006 0.007 0.008 0.006 0.013 0.006 0.008 0.005 
290 TMA-ZAIN-G-    (0)   :  0.007 0.012 0.003 0.806 0.011 0.004 0.022 0.098 0.009 0.004 0.008 0.007 0.009 
291 TMA-ZAIN-G-    (0)   :  0.007 0.005 0.003 0.014 0.005 0.009 0.920 0.011 0.004 0.004 0.004 0.010 0.005 
292 TMA-ZAIN-G-    (0)   :  0.004 0.036 0.006 0.013 0.021 0.016 0.021 0.011 0.653 0.082 0.091 0.007 0.039 
293 TMA-ZAIN-G-    (0)   :  0.018 0.083 0.030 0.004 0.020 0.029 0.014 0.005 0.317 0.016 0.031 0.054 0.381 
294 TMA-ZAIN-G-    (0)   :  0.004 0.006 0.007 0.003 0.004 0.004 0.003 0.003 0.903 0.014 0.008 0.008 0.033 
295 TMA-ZAIN-G-    (9)   :  0.005 0.007 0.009 0.005 0.004 0.006 0.007 0.003 0.806 0.036 0.011 0.010 0.091 
296 TMA-ZAIN-G-    (0)   :  0.007 0.022 0.005 0.005 0.035 0.004 0.009 0.008 0.639 0.009 0.016 0.025 0.216 
297 TMA-ZAIN-G-    (0)   :  0.023 0.060 0.022 0.008 0.120 0.006 0.009 0.005 0.080 0.042 0.293 0.019 0.313 
298 TMA-ZAIN-G-    (0)   :  0.015 0.006 0.009 0.012 0.004 0.006 0.010 0.009 0.222 0.464 0.021 0.145 0.077 
299 TMA-ZAIN-G-    (0)   :  0.003 0.010 0.006 0.004 0.007 0.005 0.006 0.004 0.028 0.878 0.036 0.003 0.009 
300 TMA-ZAIN-G-    (0)   :  0.006 0.039 0.052 0.005 0.010 0.009 0.009 0.003 0.450 0.312 0.013 0.010 0.082 
301 TMA-ZAIN-G-    (0)   :  0.005 0.045 0.029 0.004 0.031 0.014 0.007 0.005 0.112 0.657 0.017 0.013 0.062 
302 TMA-ZAIN-G-    (9)   :  0.004 0.013 0.005 0.003 0.010 0.003 0.005 0.003 0.862 0.027 0.044 0.007 0.014 
303 TMA-ZAIN-G-    (0)   :  0.030 0.036 0.002 0.010 0.106 0.004 0.766 0.015 0.005 0.004 0.004 0.011 0.008 
304 TMA-ZAIN-G-    (0)   :  0.485 0.067 0.096 0.008 0.027 0.008 0.007 0.012 0.030 0.009 0.031 0.012 0.207 
305 TMA-ZAIN-G-    (0)   :  0.005 0.016 0.013 0.003 0.009 0.004 0.004 0.003 0.840 0.006 0.017 0.010 0.068 
306 TMA-ZAIN-G-    (0)   :  0.395 0.024 0.013 0.024 0.015 0.012 0.010 0.065 0.292 0.011 0.020 0.008 0.113 
307 TMA-ZAIN-G-    (0)   :  0.345 0.068 0.233 0.008 0.012 0.013 0.005 0.009 0.046 0.007 0.030 0.012 0.211 
308 TMA-ZAIN-G-    (0)   :  0.710 0.007 0.015 0.017 0.018 0.019 0.140 0.038 0.007 0.004 0.004 0.016 0.006 
309 TMA-ZAIN-G-    (0)   :  0.003 0.864 0.008 0.003 0.025 0.003 0.004 0.003 0.029 0.022 0.019 0.005 0.013 
310 TMA-ZAIN-G-    (0)   :  0.010 0.025 0.011 0.016 0.004 0.014 0.015 0.006 0.317 0.255 0.193 0.058 0.076 
311 TMA-ZAIN-G-    (0)   :  0.026 0.035 0.007 0.013 0.018 0.002 0.019 0.031 0.110 0.046 0.187 0.094 0.412 
312 TMA-ZAIN-G-    (0)   :  0.010 0.646 0.010 0.005 0.023 0.005 0.024 0.005 0.091 0.033 0.023 0.006 0.119 
313 TMA-ZAIN-G-    (0)   :  0.493 0.058 0.024 0.006 0.019 0.003 0.005 0.009 0.107 0.130 0.040 0.024 0.080 
314 TMA-ZAIN-G-    (0)   :  0.016 0.029 0.009 0.386 0.017 0.003 0.157 0.309 0.022 0.007 0.008 0.021 0.015 
315 TMA-ZAIN-G-    (0)   :  0.018 0.023 0.025 0.341 0.006 0.014 0.018 0.006 0.227 0.165 0.043 0.042 0.073 
316 TMA-ZAIN-G-    (0)   :  0.015 0.022 0.021 0.371 0.006 0.011 0.037 0.007 0.186 0.183 0.039 0.030 0.072 
317 TMA-ZAIN-G-    (0)   :  0.013 0.004 0.004 0.037 0.008 0.008 0.824 0.039 0.005 0.028 0.005 0.010 0.014 
318 TMA-ZAIN-G-    (9)   :  0.033 0.006 0.011 0.346 0.011 0.077 0.115 0.308 0.015 0.017 0.005 0.049 0.006 
319 TMA-ZAIN-G-    (0)   :  0.007 0.008 0.003 0.169 0.492 0.014 0.243 0.020 0.008 0.004 0.003 0.024 0.004 
320 TMA-ZAIN-G-    (0)   :  0.004 0.018 0.013 0.005 0.011 0.016 0.400 0.006 0.154 0.274 0.048 0.013 0.037 
321 TMA-ZAIN-G-    (0)   :  0.008 0.351 0.018 0.134 0.006 0.009 0.081 0.048 0.162 0.018 0.061 0.019 0.087 
322 TMA-ZAIN-G-    (0)   :  0.047 0.077 0.029 0.008 0.007 0.005 0.383 0.064 0.119 0.020 0.151 0.019 0.072 
323 TMA-ZAIN-G-    (0)   :  0.011 0.031 0.019 0.007 0.060 0.023 0.806 0.006 0.009 0.005 0.009 0.007 0.006 
324 TMA-ZAIN-G-    (0)   :  0.011 0.018 0.009 0.003 0.026 0.004 0.007 0.005 0.015 0.005 0.078 0.014 0.805 
325 TMA-ZAIN-G-    (0)   :  0.005 0.011 0.004 0.006 0.005 0.123 0.796 0.004 0.011 0.008 0.009 0.010 0.007 
326 TMA-ZAIN-G-    (0)   :  0.014 0.018 0.004 0.003 0.359 0.005 0.556 0.002 0.006 0.004 0.016 0.005 0.007 
327 TMA-ZAIN-G-    (0)   :  0.011 0.057 0.031 0.003 0.843 0.003 0.005 0.003 0.012 0.007 0.006 0.009 0.010 
328 TMA-ZAIN-G-    (0)   :  0.015 0.094 0.214 0.125 0.083 0.015 0.118 0.244 0.008 0.010 0.014 0.020 0.039 
329 TMA-ZAIN-G-    (0)   :  0.017 0.145 0.134 0.004 0.057 0.008 0.012 0.005 0.103 0.327 0.039 0.084 0.064 
330 TMA-ZAIN-G-    (0)   :  0.035 0.634 0.069 0.003 0.022 0.002 0.008 0.004 0.093 0.043 0.020 0.015 0.052 
331 TMA-ZAIN-G-    (0)   :  0.017 0.333 0.006 0.012 0.010 0.013 0.013 0.010 0.229 0.056 0.014 0.270 0.017 
332 TMA-ZAIN-G-    (0)   :  0.005 0.580 0.010 0.002 0.296 0.003 0.004 0.002 0.010 0.011 0.050 0.004 0.021 
333 TMA-ZAIN-G-    (0)   :  0.004 0.011 0.004 0.002 0.945 0.002 0.004 0.003 0.004 0.004 0.003 0.003 0.011 
334 TMA-ZAIN-G-    (0)   :  0.005 0.003 0.003 0.945 0.003 0.008 0.007 0.006 0.003 0.003 0.003 0.009 0.004 
335 TMA-ZAIN-G-    (0)   :  0.003 0.003 0.004 0.953 0.002 0.005 0.004 0.003 0.004 0.004 0.003 0.007 0.004 
336 TMA-ZAIN-G-    (0)   :  0.006 0.005 0.004 0.886 0.004 0.009 0.009 0.006 0.005 0.007 0.004 0.049 0.006 
