

----------------------------------------------------
STRUCTURE by Pritchard, Stephens and Donnelly (2000)
     and Falush, Stephens and Pritchard (2003)
       Code by Pritchard, Falush and Hubisz
             Version 2.3.4 (Jul 2012)
----------------------------------------------------



Command line arguments:   bin\structure -m C:\Users\eschumacher\Documents\GitHub\GCC_QUAC_ZAIN\Data_Files\Structure_Files\ZAIN\ZAIN_rebinned_garden_wild_nopopinfo\50-50\mainparams -e C:\Users\eschumacher\Documents\GitHub\GCC_QUAC_ZAIN\Data_Files\Structure_Files\ZAIN\ZAIN_rebinned_garden_wild_nopopinfo\50-50\extraparams 
Input File:    C:\Users\eschumacher\Documents\GitHub\GCC_QUAC_ZAIN\Data_Files\Structure_Files\ZAIN\ZAIN_rebinned_garden_wild_nopopinfo\project_data

Run parameters:
   1133 individuals
   11 loci
   12 populations assumed
   50000 Burn-in period
   50000 Reps


--------------------------------------------
Overall proportion of membership of the
sample in each of the 12 clusters

Inferred Clusters
  1      2      3      4      5      6      7      8      9     10     11     12    
0.055  0.146  0.062  0.083  0.138  0.079  0.077  0.064  0.055  0.076  0.037  0.127  

--------------------------------------------

Allele-freq. divergence among pops (Net nucleotide distance),
computed using point estimates of P.

      1       2       3       4       5       6       7       8       9      10      11      12      
 1      -    0.2342  0.1204  0.0747  0.1407  0.1764  0.0474  0.1655  0.1395  0.0839  0.1704  0.3306  
 2   0.2342     -    0.2575  0.2449  0.0980  0.1787  0.2569  0.2829  0.3509  0.2545  0.2226  0.1538  
 3   0.1204  0.2575     -    0.0520  0.1789  0.2366  0.1019  0.2437  0.1197  0.0864  0.2045  0.2979  
 4   0.0747  0.2449  0.0520     -    0.1609  0.2410  0.0573  0.2333  0.1256  0.0460  0.1793  0.2873  
 5   0.1407  0.0980  0.1789  0.1609     -    0.1512  0.1290  0.1875  0.2270  0.2063  0.1406  0.1291  
 6   0.1764  0.1787  0.2366  0.2410  0.1512     -    0.2152  0.2011  0.2217  0.2652  0.2004  0.2716  
 7   0.0474  0.2569  0.1019  0.0573  0.1290  0.2152     -    0.1404  0.1357  0.0845  0.1950  0.2847  
 8   0.1655  0.2829  0.2437  0.2333  0.1875  0.2011  0.1404     -    0.2820  0.2893  0.2389  0.3607  
 9   0.1395  0.3509  0.1197  0.1256  0.2270  0.2217  0.1357  0.2820     -    0.1472  0.2761  0.3710  
10   0.0839  0.2545  0.0864  0.0460  0.2063  0.2652  0.0845  0.2893  0.1472     -    0.2596  0.3621  
11   0.1704  0.2226  0.2045  0.1793  0.1406  0.2004  0.1950  0.2389  0.2761  0.2596     -    0.2315  
12   0.3306  0.1538  0.2979  0.2873  0.1291  0.2716  0.2847  0.3607  0.3710  0.3621  0.2315     -    

Average distances (expected heterozygosity) between individuals in same cluster:
cluster  1  : 0.3757 
cluster  2  : 0.4717 
cluster  3  : 0.3926 
cluster  4  : 0.3766 
cluster  5  : 0.5487 
cluster  6  : 0.3788 
cluster  7  : 0.4420 
cluster  8  : 0.2463 
cluster  9  : 0.3555 
cluster 10  : 0.3421 
cluster 11  : 0.2610 
cluster 12  : 0.4121 

--------------------------------------------
Estimated Ln Prob of Data   = -21121.4
Mean value of ln likelihood = -20323.0
Variance of ln likelihood   = 1596.8
Mean value of alpha         = 0.0354

Mean value of Fst_1         = 0.4440
Mean value of Fst_2         = 0.3798
Mean value of Fst_3         = 0.3497
Mean value of Fst_4         = 0.3305
Mean value of Fst_5         = 0.1584
Mean value of Fst_6         = 0.4400
Mean value of Fst_7         = 0.2903
Mean value of Fst_8         = 0.5725
Mean value of Fst_9         = 0.4150
Mean value of Fst_10         = 0.3795
Mean value of Fst_11         = 0.5939
Mean value of Fst_12         = 0.4431


Inferred ancestry of individuals:
        Label (%Miss) :  Inferred clusters
  1 TMA-ZAIN-G-    (9)   :  0.015 0.735 0.008 0.011 0.042 0.012 0.053 0.075 0.009 0.024 0.009 0.007 
  2 TMA-ZAIN-G-    (0)   :  0.007 0.676 0.203 0.014 0.014 0.017 0.019 0.008 0.004 0.014 0.017 0.007 
  3 TMA-ZAIN-G-    (0)   :  0.360 0.005 0.026 0.092 0.007 0.009 0.072 0.030 0.109 0.278 0.009 0.003 
  4 TMA-ZAIN-G-    (0)   :  0.020 0.009 0.025 0.093 0.005 0.023 0.011 0.016 0.055 0.140 0.600 0.004 
  5 TMA-ZAIN-G-    (0)   :  0.003 0.961 0.002 0.003 0.004 0.006 0.002 0.002 0.003 0.003 0.005 0.006 
  6 TMA-ZAIN-G-    (0)   :  0.313 0.050 0.021 0.092 0.104 0.027 0.053 0.018 0.142 0.056 0.066 0.058 
  7 TMA-ZAIN-G-    (0)   :  0.366 0.012 0.028 0.332 0.011 0.012 0.047 0.034 0.009 0.045 0.096 0.008 
  8 TMA-ZAIN-G-    (0)   :  0.924 0.004 0.009 0.008 0.004 0.009 0.008 0.004 0.009 0.014 0.004 0.002 
  9 TMA-ZAIN-G-    (9)   :  0.034 0.009 0.134 0.383 0.008 0.005 0.262 0.008 0.029 0.114 0.009 0.005 
 10 TMA-ZAIN-G-    (0)   :  0.099 0.003 0.045 0.457 0.010 0.009 0.270 0.013 0.035 0.042 0.011 0.004 
 11 TMA-ZAIN-G-    (0)   :  0.012 0.005 0.014 0.811 0.006 0.005 0.110 0.008 0.005 0.007 0.012 0.004 
 12 TMA-ZAIN-G-    (0)   :  0.015 0.006 0.008 0.070 0.006 0.005 0.038 0.024 0.005 0.815 0.005 0.003 
 13 TMA-ZAIN-G-    (9)   :  0.056 0.045 0.243 0.142 0.029 0.023 0.190 0.122 0.020 0.039 0.018 0.073 
 14 TMA-ZAIN-G-    (9)   :  0.009 0.003 0.017 0.023 0.009 0.008 0.051 0.846 0.007 0.009 0.005 0.012 
 15 TMA-ZAIN-G-    (0)   :  0.011 0.003 0.006 0.008 0.006 0.007 0.158 0.770 0.010 0.014 0.004 0.003 
 16 TMA-ZAIN-G-    (0)   :  0.009 0.004 0.016 0.549 0.005 0.003 0.026 0.006 0.004 0.367 0.006 0.005 
 17 TMA-ZAIN-G-    (9)   :  0.127 0.008 0.006 0.009 0.020 0.019 0.654 0.016 0.007 0.017 0.108 0.009 
 18 TMA-ZAIN-G-    (0)   :  0.016 0.758 0.005 0.006 0.107 0.044 0.010 0.013 0.007 0.015 0.013 0.006 
 19 TMA-ZAIN-G-    (0)   :  0.052 0.014 0.008 0.017 0.803 0.004 0.020 0.011 0.004 0.016 0.034 0.016 
 20 TMA-ZAIN-G-    (0)   :  0.003 0.038 0.005 0.003 0.814 0.027 0.003 0.004 0.004 0.003 0.008 0.088 
 21 TMA-ZAIN-G-    (0)   :  0.004 0.003 0.003 0.006 0.004 0.005 0.005 0.002 0.006 0.004 0.004 0.955 
 22 TMA-ZAIN-G-    (0)   :  0.003 0.058 0.003 0.003 0.016 0.006 0.003 0.004 0.002 0.003 0.009 0.890 
 23 TMA-ZAIN-G-    (0)   :  0.009 0.020 0.006 0.007 0.041 0.004 0.007 0.007 0.004 0.006 0.010 0.878 
 24 TMA-ZAIN-G-    (9)   :  0.003 0.007 0.150 0.011 0.004 0.006 0.025 0.023 0.104 0.009 0.003 0.654 
 25 TMA-ZAIN-G-    (9)   :  0.005 0.109 0.116 0.016 0.653 0.005 0.034 0.005 0.005 0.035 0.004 0.014 
 26 TMA-ZAIN-G-    (9)   :  0.022 0.008 0.152 0.065 0.009 0.450 0.173 0.015 0.008 0.056 0.011 0.031 
 27 TMA-ZAIN-G-    (0)   :  0.012 0.103 0.005 0.019 0.701 0.017 0.024 0.064 0.013 0.004 0.025 0.013 
 28 TMA-ZAIN-G-    (0)   :  0.017 0.011 0.006 0.009 0.906 0.008 0.008 0.010 0.008 0.007 0.006 0.004 
 29 TMA-ZAIN-G-    (0)   :  0.004 0.003 0.005 0.005 0.239 0.019 0.005 0.006 0.701 0.004 0.004 0.004 
 30 TMA-ZAIN-G-    (0)   :  0.026 0.004 0.097 0.041 0.325 0.007 0.335 0.060 0.049 0.043 0.008 0.005 
 31 TMA-ZAIN-G-    (0)   :  0.007 0.853 0.008 0.007 0.012 0.061 0.004 0.006 0.006 0.004 0.021 0.012 
 32 TMA-ZAIN-G-    (9)   :  0.007 0.551 0.010 0.041 0.026 0.006 0.076 0.017 0.004 0.197 0.006 0.059 
 33 TMA-ZAIN-G-   (18)   :  0.048 0.005 0.013 0.166 0.004 0.004 0.296 0.006 0.014 0.437 0.004 0.003 
 34 TMA-ZAIN-G-    (0)   :  0.011 0.150 0.037 0.174 0.015 0.008 0.026 0.007 0.006 0.533 0.006 0.026 
 35 TMA-ZAIN-G-    (9)   :  0.031 0.012 0.068 0.189 0.013 0.015 0.195 0.041 0.057 0.364 0.012 0.004 
 36 TMA-ZAIN-G-    (0)   :  0.058 0.004 0.353 0.054 0.006 0.014 0.323 0.127 0.011 0.039 0.008 0.003 
 37 TMA-ZAIN-G-    (9)   :  0.053 0.007 0.057 0.264 0.012 0.011 0.255 0.006 0.017 0.250 0.061 0.007 
 38 TMA-ZAIN-G-   (18)   :  0.007 0.612 0.024 0.030 0.034 0.006 0.099 0.059 0.007 0.088 0.011 0.022 
 39 TMA-ZAIN-G-    (0)   :  0.020 0.003 0.753 0.041 0.005 0.007 0.063 0.005 0.014 0.076 0.008 0.005 
 40 TMA-ZAIN-G-    (0)   :  0.016 0.003 0.094 0.026 0.004 0.005 0.662 0.004 0.006 0.163 0.013 0.005 
 41 TMA-ZAIN-G-    (0)   :  0.025 0.003 0.167 0.008 0.003 0.005 0.719 0.033 0.006 0.024 0.003 0.003 
 42 TMA-ZAIN-G-    (9)   :  0.042 0.003 0.011 0.006 0.004 0.017 0.760 0.131 0.008 0.010 0.005 0.002 
 43 TMA-ZAIN-G-    (0)   :  0.011 0.003 0.005 0.004 0.004 0.004 0.007 0.942 0.010 0.003 0.004 0.003 
 44 TMA-ZAIN-G-    (0)   :  0.008 0.005 0.056 0.097 0.006 0.004 0.011 0.005 0.009 0.010 0.009 0.782 
 45 TMA-ZAIN-G-    (0)   :  0.019 0.005 0.013 0.658 0.007 0.008 0.178 0.013 0.005 0.077 0.012 0.006 
 46 TMA-ZAIN-G-    (0)   :  0.003 0.003 0.005 0.004 0.004 0.006 0.003 0.004 0.003 0.003 0.009 0.952 
 47 TMA-ZAIN-G-    (0)   :  0.005 0.004 0.004 0.004 0.004 0.947 0.004 0.003 0.004 0.006 0.013 0.003 
 48 TMA-ZAIN-G-    (0)   :  0.154 0.006 0.016 0.138 0.020 0.210 0.180 0.044 0.019 0.022 0.162 0.030 
 49 TMA-ZAIN-G-    (9)   :  0.007 0.021 0.006 0.017 0.822 0.008 0.007 0.004 0.049 0.032 0.020 0.006 
 50 TMA-ZAIN-G-    (0)   :  0.011 0.006 0.020 0.006 0.873 0.003 0.050 0.008 0.003 0.008 0.005 0.007 
 51 TMA-ZAIN-G-    (0)   :  0.011 0.007 0.010 0.013 0.786 0.019 0.025 0.089 0.007 0.004 0.019 0.009 
 52 TMA-ZAIN-G-    (0)   :  0.011 0.006 0.009 0.010 0.666 0.047 0.010 0.027 0.003 0.015 0.186 0.011 
 53 TMA-ZAIN-G-    (0)   :  0.013 0.221 0.020 0.019 0.447 0.097 0.016 0.048 0.006 0.004 0.098 0.013 
 54 TMA-ZAIN-G-    (0)   :  0.010 0.004 0.004 0.006 0.009 0.925 0.011 0.011 0.004 0.006 0.004 0.005 
 55 TMA-ZAIN-G-    (0)   :  0.016 0.004 0.004 0.009 0.026 0.859 0.036 0.023 0.003 0.008 0.004 0.008 
 56 TMA-ZAIN-G-    (0)   :  0.099 0.007 0.026 0.040 0.041 0.052 0.237 0.025 0.024 0.015 0.428 0.007 
 57 TMA-ZAIN-G-    (0)   :  0.009 0.008 0.011 0.008 0.023 0.874 0.006 0.006 0.008 0.034 0.011 0.004 
 58 TMA-ZAIN-G-    (0)   :  0.035 0.036 0.004 0.008 0.724 0.032 0.013 0.008 0.006 0.012 0.013 0.108 
 59 TMA-ZAIN-G-    (0)   :  0.074 0.586 0.023 0.122 0.021 0.019 0.030 0.009 0.022 0.019 0.048 0.027 
 60 TMA-ZAIN-G-    (0)   :  0.024 0.465 0.007 0.020 0.250 0.022 0.016 0.123 0.007 0.006 0.051 0.008 
 61 TMA-ZAIN-G-    (0)   :  0.004 0.903 0.003 0.004 0.008 0.011 0.003 0.003 0.003 0.004 0.031 0.022 
 62 TMA-ZAIN-G-    (9)   :  0.011 0.716 0.029 0.048 0.047 0.016 0.053 0.007 0.009 0.043 0.003 0.018 
 63 TMA-ZAIN-G-    (0)   :  0.006 0.919 0.003 0.005 0.010 0.013 0.005 0.007 0.003 0.007 0.014 0.007 
 64 TMA-ZAIN-G-    (0)   :  0.005 0.002 0.010 0.007 0.003 0.003 0.006 0.005 0.948 0.005 0.004 0.002 
 65 TMA-ZAIN-G-    (9)   :  0.010 0.003 0.008 0.012 0.004 0.007 0.007 0.006 0.915 0.021 0.005 0.003 
 66 TMA-ZAIN-G-    (0)   :  0.009 0.003 0.016 0.028 0.003 0.004 0.010 0.005 0.901 0.012 0.005 0.003 
 67 TMA-ZAIN-G-    (0)   :  0.008 0.004 0.111 0.046 0.011 0.005 0.014 0.004 0.758 0.021 0.004 0.013 
 68 TMA-ZAIN-G-    (0)   :  0.009 0.002 0.004 0.005 0.003 0.005 0.005 0.007 0.948 0.005 0.005 0.003 
 69 TMA-ZAIN-G-    (0)   :  0.008 0.019 0.046 0.059 0.017 0.009 0.006 0.017 0.728 0.038 0.023 0.028 
 70 TMA-ZAIN-G-    (0)   :  0.005 0.003 0.899 0.043 0.004 0.003 0.008 0.005 0.012 0.009 0.005 0.004 
 71 TMA-ZAIN-G-    (0)   :  0.005 0.003 0.940 0.015 0.004 0.003 0.007 0.003 0.004 0.010 0.004 0.003 
 72 TMA-ZAIN-G-    (0)   :  0.007 0.003 0.919 0.012 0.006 0.007 0.010 0.007 0.013 0.008 0.005 0.004 
 73 TMA-ZAIN-G-    (0)   :  0.006 0.021 0.864 0.008 0.024 0.018 0.006 0.003 0.006 0.009 0.004 0.030 
 74 TMA-ZAIN-G-    (0)   :  0.006 0.005 0.937 0.008 0.005 0.005 0.006 0.004 0.005 0.011 0.003 0.005 
 75 TMA-ZAIN-G-    (0)   :  0.006 0.004 0.936 0.009 0.005 0.007 0.005 0.005 0.005 0.010 0.005 0.003 
 76 TMA-ZAIN-G-    (0)   :  0.004 0.004 0.931 0.013 0.007 0.003 0.005 0.003 0.005 0.008 0.003 0.013 
 77 TMA-ZAIN-G-    (0)   :  0.005 0.003 0.936 0.007 0.005 0.004 0.010 0.006 0.006 0.005 0.009 0.004 
 78 TMA-ZAIN-G-    (0)   :  0.007 0.005 0.918 0.012 0.010 0.007 0.005 0.005 0.005 0.007 0.009 0.011 
 79 TMA-ZAIN-G-    (0)   :  0.005 0.004 0.913 0.009 0.006 0.004 0.006 0.007 0.004 0.005 0.027 0.008 
 80 TMA-ZAIN-G-    (0)   :  0.011 0.003 0.786 0.029 0.005 0.011 0.024 0.004 0.019 0.097 0.006 0.004 
 81 TMA-ZAIN-G-    (0)   :  0.010 0.004 0.876 0.031 0.007 0.006 0.011 0.009 0.005 0.012 0.023 0.006 
 82 TMA-ZAIN-G-    (0)   :  0.019 0.007 0.384 0.282 0.005 0.017 0.010 0.007 0.168 0.090 0.009 0.003 
 83 TMA-ZAIN-G-    (9)   :  0.041 0.057 0.020 0.115 0.024 0.025 0.012 0.006 0.044 0.614 0.006 0.036 
 84 TMA-ZAIN-G-    (0)   :  0.008 0.003 0.907 0.018 0.006 0.004 0.011 0.005 0.006 0.011 0.010 0.010 
 85 TMA-ZAIN-G-    (0)   :  0.004 0.005 0.003 0.004 0.004 0.004 0.004 0.004 0.003 0.004 0.959 0.004 
 86 TMA-ZAIN-G-    (0)   :  0.009 0.003 0.006 0.011 0.004 0.005 0.008 0.003 0.006 0.009 0.931 0.005 
 87 TMA-ZAIN-G-    (0)   :  0.004 0.004 0.004 0.003 0.004 0.004 0.003 0.003 0.003 0.003 0.960 0.005 
 88 TMA-ZAIN-G-    (0)   :  0.021 0.178 0.044 0.058 0.010 0.071 0.014 0.017 0.037 0.121 0.418 0.010 
 89 TMA-ZAIN-G-    (0)   :  0.014 0.029 0.050 0.037 0.006 0.392 0.015 0.041 0.028 0.037 0.321 0.029 
 90 TMA-ZAIN-G-    (0)   :  0.006 0.018 0.005 0.015 0.006 0.046 0.005 0.004 0.015 0.026 0.848 0.005 
 91 TMA-ZAIN-G-    (0)   :  0.013 0.052 0.009 0.013 0.010 0.049 0.007 0.014 0.011 0.008 0.809 0.006 
 92 TMA-ZAIN-G-    (0)   :  0.007 0.008 0.012 0.011 0.041 0.327 0.010 0.016 0.006 0.005 0.516 0.040 
 93 TMA-ZAIN-G-    (0)   :  0.008 0.045 0.008 0.009 0.061 0.526 0.008 0.023 0.008 0.004 0.285 0.015 
 94 TMA-ZAIN-G-    (0)   :  0.005 0.103 0.005 0.005 0.013 0.065 0.004 0.007 0.005 0.003 0.777 0.009 
 95 TMA-ZAIN-G-    (0)   :  0.005 0.008 0.020 0.008 0.861 0.005 0.031 0.025 0.016 0.009 0.005 0.006 
 96 TMA-ZAIN-G-    (0)   :  0.009 0.005 0.003 0.006 0.800 0.006 0.121 0.018 0.005 0.012 0.009 0.005 
 97 TMA-ZAIN-G-    (0)   :  0.007 0.909 0.014 0.008 0.010 0.013 0.004 0.009 0.007 0.004 0.008 0.007 
 98 TMA-ZAIN-G-    (0)   :  0.008 0.926 0.013 0.007 0.004 0.012 0.004 0.006 0.005 0.004 0.007 0.005 
 99 TMA-ZAIN-G-    (0)   :  0.015 0.700 0.008 0.164 0.008 0.003 0.036 0.006 0.017 0.025 0.005 0.012 
100 TMA-ZAIN-G-    (0)   :  0.005 0.872 0.005 0.007 0.016 0.026 0.003 0.007 0.005 0.003 0.034 0.016 
101 TMA-ZAIN-G-    (0)   :  0.007 0.907 0.009 0.024 0.008 0.012 0.005 0.006 0.006 0.005 0.004 0.005 
102 TMA-ZAIN-G-    (0)   :  0.011 0.476 0.016 0.030 0.054 0.009 0.059 0.033 0.013 0.047 0.034 0.218 
103 TMA-ZAIN-G-    (0)   :  0.013 0.831 0.009 0.017 0.035 0.006 0.011 0.007 0.006 0.018 0.029 0.016 
104 TMA-ZAIN-G-    (0)   :  0.005 0.951 0.004 0.004 0.006 0.005 0.004 0.004 0.003 0.004 0.004 0.006 
105 TMA-ZAIN-G-    (0)   :  0.015 0.818 0.009 0.021 0.023 0.007 0.014 0.008 0.006 0.025 0.046 0.009 
106 TMA-ZAIN-G-    (0)   :  0.056 0.004 0.086 0.073 0.005 0.006 0.565 0.091 0.050 0.054 0.008 0.003 
107 TMA-ZAIN-G-    (0)   :  0.041 0.005 0.143 0.328 0.005 0.007 0.029 0.013 0.015 0.403 0.007 0.003 
108 TMA-ZAIN-G-    (9)   :  0.023 0.235 0.042 0.167 0.040 0.018 0.198 0.048 0.007 0.101 0.060 0.059 
109 TMA-ZAIN-G-    (0)   :  0.138 0.282 0.010 0.021 0.050 0.053 0.085 0.022 0.141 0.179 0.015 0.005 
110 TMA-ZAIN-G-    (0)   :  0.116 0.063 0.027 0.254 0.096 0.016 0.104 0.019 0.008 0.111 0.023 0.165 
111 TMA-ZAIN-G-    (9)   :  0.012 0.452 0.060 0.035 0.069 0.023 0.016 0.004 0.013 0.188 0.006 0.121 
112 TMA-ZAIN-G-    (0)   :  0.130 0.266 0.018 0.076 0.119 0.025 0.158 0.035 0.017 0.094 0.014 0.050 
113 TMA-ZAIN-G-    (0)   :  0.010 0.877 0.025 0.015 0.005 0.019 0.005 0.005 0.010 0.012 0.006 0.009 
114 TMA-ZAIN-G-    (0)   :  0.003 0.953 0.003 0.003 0.005 0.004 0.003 0.002 0.003 0.004 0.007 0.010 
115 TMA-ZAIN-G-    (0)   :  0.003 0.956 0.004 0.003 0.005 0.005 0.003 0.004 0.003 0.005 0.003 0.006 
116 TMA-ZAIN-G-    (0)   :  0.019 0.006 0.014 0.029 0.005 0.013 0.008 0.006 0.011 0.879 0.006 0.003 
117 TMA-ZAIN-G-    (0)   :  0.367 0.006 0.083 0.067 0.012 0.035 0.044 0.061 0.219 0.071 0.032 0.004 
118 TMA-ZAIN-G-    (0)   :  0.024 0.006 0.017 0.018 0.009 0.009 0.019 0.031 0.034 0.823 0.007 0.004 
119 TMA-ZAIN-G-    (0)   :  0.020 0.026 0.073 0.038 0.024 0.011 0.007 0.006 0.034 0.734 0.005 0.021 
120 TMA-ZAIN-G-    (0)   :  0.051 0.009 0.031 0.036 0.016 0.014 0.021 0.092 0.031 0.673 0.020 0.005 
121 TMA-ZAIN-G-    (0)   :  0.172 0.013 0.038 0.125 0.011 0.018 0.045 0.021 0.184 0.359 0.012 0.003 
122 TMA-ZAIN-G-    (0)   :  0.202 0.005 0.052 0.279 0.016 0.014 0.107 0.010 0.034 0.150 0.124 0.007 
123 TMA-ZAIN-G-    (0)   :  0.005 0.927 0.005 0.005 0.011 0.005 0.005 0.012 0.004 0.004 0.008 0.008 
124 TMA-ZAIN-G-    (0)   :  0.918 0.004 0.004 0.008 0.005 0.003 0.032 0.007 0.003 0.007 0.006 0.003 
125 TMA-ZAIN-G-    (0)   :  0.894 0.002 0.005 0.005 0.004 0.030 0.022 0.011 0.015 0.005 0.005 0.002 
126 TMA-ZAIN-G-    (0)   :  0.911 0.004 0.004 0.006 0.004 0.006 0.022 0.021 0.004 0.010 0.006 0.003 
127 TMA-ZAIN-G-    (0)   :  0.893 0.003 0.004 0.010 0.003 0.003 0.051 0.009 0.006 0.010 0.006 0.003 
128 TMA-ZAIN-G-    (0)   :  0.926 0.004 0.005 0.010 0.004 0.005 0.013 0.006 0.012 0.008 0.006 0.003 
129 TMA-ZAIN-G-    (0)   :  0.932 0.005 0.005 0.007 0.004 0.005 0.014 0.008 0.005 0.006 0.006 0.003 
130 TMA-ZAIN-G-    (0)   :  0.917 0.005 0.005 0.005 0.004 0.015 0.007 0.021 0.004 0.010 0.005 0.002 
131 TMA-ZAIN-G-    (0)   :  0.922 0.004 0.004 0.007 0.005 0.004 0.024 0.010 0.004 0.007 0.008 0.003 
132 TMA-ZAIN-G-    (0)   :  0.908 0.003 0.007 0.010 0.004 0.012 0.018 0.006 0.017 0.008 0.005 0.003 
133 TMA-ZAIN-G-    (0)   :  0.079 0.003 0.073 0.020 0.014 0.023 0.478 0.117 0.087 0.045 0.050 0.011 
134 TMA-ZAIN-G-    (0)   :  0.277 0.003 0.071 0.018 0.006 0.022 0.137 0.264 0.064 0.093 0.038 0.008 
135 TMA-ZAIN-G-    (0)   :  0.110 0.004 0.077 0.119 0.005 0.012 0.118 0.018 0.028 0.471 0.033 0.007 
136 TMA-ZAIN-G-    (0)   :  0.047 0.006 0.038 0.149 0.005 0.014 0.052 0.006 0.593 0.079 0.005 0.005 
137 TMA-ZAIN-G-    (0)   :  0.034 0.005 0.033 0.015 0.005 0.006 0.022 0.006 0.005 0.843 0.020 0.008 
138 TMA-ZAIN-G-    (0)   :  0.454 0.004 0.019 0.114 0.003 0.017 0.090 0.024 0.012 0.256 0.004 0.002 
139 TMA-ZAIN-G-    (0)   :  0.322 0.004 0.068 0.044 0.003 0.067 0.050 0.018 0.011 0.395 0.012 0.006 
140 TMA-ZAIN-G-    (0)   :  0.027 0.003 0.028 0.635 0.006 0.004 0.072 0.007 0.009 0.200 0.005 0.004 
141 TMA-ZAIN-G-    (0)   :  0.105 0.006 0.094 0.610 0.006 0.006 0.034 0.022 0.008 0.095 0.012 0.004 
142 TMA-ZAIN-G-    (9)   :  0.023 0.003 0.025 0.596 0.004 0.004 0.033 0.007 0.012 0.283 0.006 0.003 
143 TMA-ZAIN-G-    (0)   :  0.207 0.005 0.023 0.369 0.005 0.005 0.096 0.011 0.015 0.254 0.007 0.003 
144 TMA-ZAIN-G-    (0)   :  0.087 0.004 0.012 0.238 0.015 0.029 0.177 0.012 0.007 0.397 0.015 0.008 
145 TMA-ZAIN-G-    (0)   :  0.091 0.003 0.061 0.107 0.004 0.017 0.026 0.007 0.302 0.374 0.005 0.002 
146 TMA-ZAIN-G-    (0)   :  0.006 0.003 0.030 0.921 0.003 0.003 0.007 0.005 0.005 0.011 0.004 0.003 
147 TMA-ZAIN-G-    (9)   :  0.009 0.003 0.012 0.930 0.003 0.004 0.009 0.005 0.008 0.008 0.004 0.003 
148 TMA-ZAIN-G-    (0)   :  0.037 0.003 0.016 0.792 0.003 0.025 0.034 0.072 0.004 0.007 0.005 0.003 
149 TMA-ZAIN-G-    (0)   :  0.053 0.022 0.013 0.702 0.012 0.062 0.048 0.027 0.006 0.015 0.026 0.015 
150 TMA-ZAIN-G-    (0)   :  0.019 0.022 0.014 0.704 0.010 0.077 0.018 0.016 0.063 0.029 0.015 0.012 
151 TMA-ZAIN-G-    (0)   :  0.006 0.003 0.006 0.012 0.003 0.004 0.107 0.017 0.008 0.827 0.003 0.002 
152 TMA-ZAIN-G-    (0)   :  0.007 0.004 0.005 0.015 0.004 0.004 0.012 0.014 0.006 0.924 0.003 0.003 
153 TMA-ZAIN-G-    (0)   :  0.036 0.004 0.016 0.105 0.004 0.014 0.091 0.028 0.013 0.683 0.004 0.002 
154 TMA-ZAIN-G-    (0)   :  0.009 0.003 0.004 0.011 0.003 0.004 0.006 0.004 0.004 0.944 0.004 0.002 
155 TMA-ZAIN-G-    (0)   :  0.012 0.004 0.008 0.027 0.004 0.003 0.010 0.007 0.007 0.909 0.006 0.003 
156 TMA-ZAIN-G-    (9)   :  0.037 0.006 0.005 0.046 0.004 0.012 0.053 0.071 0.003 0.756 0.004 0.003 
157 TMA-ZAIN-G-    (0)   :  0.024 0.004 0.012 0.170 0.004 0.006 0.083 0.134 0.006 0.549 0.004 0.003 
158 TMA-ZAIN-G-    (0)   :  0.009 0.003 0.034 0.202 0.007 0.005 0.021 0.004 0.006 0.701 0.004 0.004 
159 TMA-ZAIN-G-    (0)   :  0.018 0.005 0.227 0.213 0.004 0.005 0.010 0.005 0.013 0.494 0.004 0.002 
160 TMA-ZAIN-G-    (0)   :  0.011 0.005 0.177 0.075 0.003 0.008 0.006 0.005 0.019 0.684 0.005 0.003 
161 TMA-ZAIN-G-    (0)   :  0.216 0.003 0.020 0.148 0.005 0.020 0.091 0.022 0.008 0.458 0.007 0.003 
162 TMA-ZAIN-G-    (0)   :  0.006 0.020 0.006 0.008 0.008 0.013 0.011 0.004 0.006 0.894 0.012 0.012 
163 TMA-ZAIN-G-    (0)   :  0.006 0.003 0.005 0.012 0.003 0.003 0.006 0.003 0.004 0.950 0.003 0.002 
164 TMA-ZAIN-G-    (0)   :  0.011 0.005 0.008 0.109 0.005 0.008 0.007 0.004 0.008 0.816 0.013 0.005 
165 TMA-ZAIN-G-    (0)   :  0.010 0.004 0.010 0.097 0.003 0.004 0.007 0.004 0.007 0.848 0.004 0.003 
166 TMA-ZAIN-G-    (0)   :  0.163 0.003 0.047 0.264 0.004 0.010 0.041 0.006 0.012 0.442 0.006 0.002 
167 TMA-ZAIN-G-    (0)   :  0.019 0.006 0.219 0.662 0.007 0.005 0.030 0.008 0.005 0.026 0.009 0.005 
168 TMA-ZAIN-G-    (0)   :  0.008 0.007 0.542 0.347 0.005 0.005 0.014 0.039 0.012 0.010 0.007 0.003 
169 TMA-ZAIN-G-    (0)   :  0.011 0.004 0.605 0.265 0.003 0.005 0.008 0.005 0.065 0.021 0.006 0.002 
170 TMA-ZAIN-G-    (0)   :  0.080 0.018 0.225 0.274 0.027 0.004 0.159 0.108 0.027 0.061 0.006 0.012 
171 TMA-ZAIN-G-    (0)   :  0.006 0.003 0.640 0.301 0.003 0.004 0.005 0.004 0.014 0.011 0.005 0.003 
172 TMA-ZAIN-G-    (0)   :  0.044 0.004 0.021 0.205 0.006 0.004 0.663 0.016 0.005 0.021 0.007 0.004 
173 TMA-ZAIN-G-    (0)   :  0.056 0.003 0.018 0.112 0.007 0.005 0.751 0.017 0.006 0.014 0.007 0.003 
174 TMA-ZAIN-G-    (0)   :  0.685 0.003 0.026 0.099 0.003 0.007 0.101 0.005 0.026 0.038 0.005 0.003 
175 TMA-ZAIN-G-    (0)   :  0.007 0.003 0.375 0.568 0.003 0.004 0.006 0.005 0.007 0.012 0.006 0.003 
176 TMA-ZAIN-G-    (0)   :  0.008 0.003 0.127 0.806 0.003 0.003 0.010 0.005 0.006 0.020 0.005 0.003 
177 TMA-ZAIN-G-    (0)   :  0.007 0.004 0.023 0.906 0.004 0.003 0.018 0.013 0.004 0.012 0.005 0.003 
178 TMA-ZAIN-G-    (0)   :  0.013 0.005 0.022 0.474 0.006 0.004 0.398 0.040 0.004 0.025 0.005 0.004 
179 TMA-ZAIN-G-    (0)   :  0.013 0.003 0.017 0.848 0.004 0.004 0.062 0.017 0.007 0.018 0.005 0.003 
180 TMA-ZAIN-G-    (0)   :  0.489 0.004 0.006 0.062 0.008 0.012 0.239 0.033 0.090 0.022 0.028 0.007 
181 TMA-ZAIN-G-    (0)   :  0.021 0.005 0.013 0.012 0.004 0.005 0.776 0.111 0.005 0.040 0.004 0.003 
182 TMA-ZAIN-G-    (0)   :  0.378 0.007 0.005 0.030 0.005 0.006 0.324 0.193 0.003 0.039 0.006 0.003 
183 TMA-ZAIN-G-    (0)   :  0.011 0.004 0.007 0.013 0.004 0.004 0.850 0.080 0.005 0.014 0.005 0.003 
184 TMA-ZAIN-G-    (0)   :  0.042 0.026 0.012 0.019 0.012 0.021 0.740 0.032 0.009 0.052 0.021 0.013 
185 TMA-ZAIN-G-    (0)   :  0.030 0.013 0.007 0.010 0.014 0.027 0.848 0.004 0.006 0.011 0.013 0.016 
186 TMA-ZAIN-G-    (9)   :  0.049 0.004 0.015 0.011 0.010 0.006 0.872 0.005 0.007 0.013 0.005 0.005 
187 TMA-ZAIN-G-    (0)   :  0.019 0.004 0.033 0.010 0.005 0.003 0.855 0.018 0.014 0.030 0.005 0.003 
188 TMA-ZAIN-G-    (0)   :  0.013 0.003 0.033 0.007 0.004 0.004 0.882 0.007 0.019 0.022 0.003 0.003 
189 TMA-ZAIN-G-    (0)   :  0.015 0.002 0.004 0.007 0.003 0.002 0.938 0.007 0.008 0.006 0.004 0.003 
190 TMA-ZAIN-G-    (0)   :  0.011 0.003 0.022 0.042 0.006 0.006 0.851 0.028 0.016 0.007 0.004 0.003 
191 TMA-ZAIN-G-    (0)   :  0.007 0.012 0.008 0.009 0.008 0.010 0.901 0.004 0.005 0.007 0.014 0.016 
192 TMA-ZAIN-G-    (0)   :  0.016 0.004 0.011 0.006 0.004 0.004 0.902 0.017 0.004 0.009 0.013 0.009 
193 TMA-ZAIN-G-    (0)   :  0.004 0.003 0.003 0.003 0.003 0.004 0.005 0.961 0.004 0.003 0.004 0.002 
194 TMA-ZAIN-G-    (0)   :  0.028 0.003 0.007 0.009 0.015 0.015 0.051 0.844 0.013 0.004 0.005 0.007 
195 TMA-ZAIN-G-    (0)   :  0.023 0.003 0.027 0.040 0.009 0.006 0.074 0.773 0.032 0.006 0.004 0.003 
196 TMA-ZAIN-G-    (0)   :  0.010 0.003 0.005 0.007 0.004 0.006 0.017 0.919 0.014 0.007 0.004 0.002 
197 TMA-ZAIN-G-    (0)   :  0.013 0.003 0.009 0.010 0.004 0.005 0.010 0.918 0.010 0.007 0.008 0.003 
198 TMA-ZAIN-G-    (0)   :  0.008 0.003 0.010 0.011 0.003 0.004 0.015 0.924 0.007 0.008 0.004 0.003 
199 TMA-ZAIN-G-    (0)   :  0.038 0.004 0.007 0.011 0.006 0.007 0.898 0.006 0.005 0.012 0.004 0.003 
200 TMA-ZAIN-G-    (0)   :  0.003 0.015 0.003 0.004 0.041 0.004 0.005 0.054 0.003 0.003 0.006 0.860 
201 TMA-ZAIN-G-    (0)   :  0.004 0.007 0.004 0.004 0.013 0.004 0.004 0.003 0.005 0.003 0.006 0.943 
202 TMA-ZAIN-G-    (0)   :  0.004 0.015 0.003 0.008 0.012 0.002 0.014 0.040 0.003 0.006 0.004 0.889 
203 TMA-ZAIN-G-    (0)   :  0.070 0.020 0.010 0.021 0.005 0.005 0.027 0.801 0.004 0.030 0.006 0.003 
204 TMA-ZAIN-G-    (9)   :  0.009 0.005 0.016 0.015 0.012 0.029 0.009 0.008 0.010 0.004 0.075 0.807 
205 TMA-ZAIN-G-    (0)   :  0.014 0.006 0.013 0.026 0.020 0.014 0.009 0.008 0.006 0.095 0.021 0.767 
206 TMA-ZAIN-G-    (9)   :  0.010 0.013 0.009 0.021 0.029 0.011 0.024 0.057 0.011 0.007 0.147 0.661 
207 TMA-ZAIN-G-    (9)   :  0.052 0.012 0.025 0.068 0.060 0.080 0.035 0.011 0.102 0.449 0.096 0.010 
208 TMA-ZAIN-G-    (0)   :  0.014 0.003 0.021 0.709 0.005 0.006 0.035 0.005 0.076 0.120 0.003 0.003 
209 TMA-ZAIN-G-    (0)   :  0.353 0.003 0.088 0.113 0.004 0.049 0.099 0.202 0.016 0.061 0.009 0.003 
210 TMA-ZAIN-G-    (0)   :  0.097 0.004 0.071 0.122 0.006 0.013 0.149 0.355 0.103 0.065 0.013 0.003 
211 TMA-ZAIN-G-    (0)   :  0.555 0.012 0.064 0.086 0.027 0.009 0.113 0.052 0.025 0.023 0.008 0.026 
212 TMA-ZAIN-G-    (0)   :  0.060 0.003 0.006 0.560 0.006 0.006 0.271 0.020 0.012 0.037 0.014 0.004 
213 TMA-ZAIN-G-    (0)   :  0.077 0.004 0.044 0.254 0.005 0.008 0.399 0.033 0.007 0.162 0.005 0.004 
214 TMA-ZAIN-G-    (0)   :  0.245 0.003 0.091 0.098 0.005 0.009 0.278 0.034 0.055 0.174 0.005 0.004 
215 TMA-ZAIN-G-    (0)   :  0.014 0.004 0.086 0.096 0.174 0.002 0.549 0.004 0.006 0.047 0.003 0.014 
216 TMA-ZAIN-G-    (0)   :  0.148 0.003 0.018 0.037 0.007 0.014 0.707 0.018 0.007 0.029 0.006 0.004 
217 TMA-ZAIN-G-    (0)   :  0.261 0.003 0.158 0.163 0.003 0.008 0.118 0.081 0.123 0.072 0.006 0.003 
218 TMA-ZAIN-G-    (0)   :  0.012 0.005 0.008 0.006 0.929 0.005 0.006 0.004 0.012 0.005 0.004 0.004 
219 TMA-ZAIN-G-    (0)   :  0.008 0.005 0.004 0.004 0.926 0.007 0.005 0.004 0.004 0.004 0.019 0.011 
220 TMA-ZAIN-G-    (0)   :  0.006 0.057 0.009 0.021 0.811 0.007 0.010 0.006 0.014 0.041 0.013 0.004 
221 TMA-ZAIN-G-    (0)   :  0.019 0.005 0.009 0.012 0.873 0.005 0.022 0.007 0.006 0.009 0.013 0.022 
222 TMA-ZAIN-G-    (0)   :  0.015 0.033 0.010 0.015 0.833 0.015 0.007 0.006 0.015 0.014 0.025 0.010 
223 TMA-ZAIN-G-    (0)   :  0.004 0.008 0.004 0.004 0.939 0.005 0.004 0.003 0.003 0.004 0.012 0.011 
224 TMA-ZAIN-G-    (0)   :  0.028 0.019 0.005 0.005 0.750 0.008 0.015 0.008 0.004 0.005 0.134 0.019 
225 TMA-ZAIN-G-    (0)   :  0.004 0.011 0.003 0.004 0.933 0.004 0.006 0.012 0.002 0.003 0.006 0.010 
226 TMA-ZAIN-G-    (0)   :  0.005 0.016 0.008 0.008 0.892 0.005 0.010 0.023 0.006 0.007 0.009 0.010 
227 TMA-ZAIN-G-    (0)   :  0.005 0.013 0.009 0.012 0.878 0.005 0.014 0.023 0.004 0.009 0.006 0.023 
228 TMA-ZAIN-G-    (0)   :  0.007 0.020 0.035 0.020 0.840 0.006 0.010 0.007 0.008 0.011 0.020 0.016 
229 TMA-ZAIN-G-    (0)   :  0.003 0.032 0.005 0.004 0.858 0.007 0.003 0.003 0.012 0.003 0.010 0.063 
230 TMA-ZAIN-G-    (0)   :  0.060 0.054 0.042 0.035 0.375 0.014 0.031 0.014 0.017 0.005 0.345 0.010 
231 TMA-ZAIN-G-    (0)   :  0.017 0.133 0.028 0.047 0.101 0.015 0.011 0.011 0.011 0.040 0.058 0.526 
232 TMA-ZAIN-G-    (9)   :  0.048 0.279 0.012 0.014 0.043 0.010 0.021 0.009 0.041 0.011 0.021 0.491 
233 TMA-ZAIN-G-    (0)   :  0.020 0.005 0.029 0.013 0.804 0.012 0.009 0.008 0.045 0.008 0.024 0.023 
234 TMA-ZAIN-G-    (0)   :  0.005 0.269 0.006 0.009 0.575 0.033 0.005 0.012 0.007 0.009 0.006 0.063 
235 TMA-ZAIN-G-    (0)   :  0.006 0.200 0.052 0.010 0.543 0.009 0.066 0.029 0.005 0.011 0.045 0.025 
236 TMA-ZAIN-G-    (0)   :  0.010 0.105 0.014 0.015 0.638 0.004 0.013 0.029 0.007 0.012 0.093 0.060 
237 TMA-ZAIN-G-    (0)   :  0.037 0.225 0.170 0.069 0.264 0.007 0.016 0.010 0.013 0.016 0.158 0.014 
238 TMA-ZAIN-G-    (0)   :  0.024 0.046 0.030 0.019 0.771 0.004 0.020 0.007 0.005 0.033 0.008 0.035 
239 TMA-ZAIN-G-    (0)   :  0.008 0.005 0.004 0.006 0.005 0.034 0.035 0.111 0.018 0.005 0.025 0.744 
240 TMA-ZAIN-G-    (0)   :  0.003 0.004 0.005 0.004 0.004 0.007 0.003 0.004 0.003 0.003 0.009 0.952 
241 TMA-ZAIN-G-    (0)   :  0.004 0.004 0.012 0.010 0.004 0.005 0.005 0.004 0.005 0.006 0.005 0.936 
242 TMA-ZAIN-G-    (0)   :  0.004 0.003 0.006 0.008 0.004 0.004 0.006 0.003 0.005 0.007 0.003 0.947 
243 TMA-ZAIN-G-    (0)   :  0.005 0.003 0.014 0.014 0.004 0.005 0.008 0.004 0.009 0.008 0.005 0.921 
244 TMA-ZAIN-G-    (0)   :  0.005 0.004 0.016 0.015 0.004 0.004 0.008 0.003 0.009 0.015 0.003 0.914 
245 TMA-ZAIN-G-    (9)   :  0.003 0.004 0.004 0.004 0.004 0.003 0.004 0.003 0.002 0.004 0.003 0.964 
246 TMA-ZAIN-G-    (0)   :  0.003 0.002 0.003 0.003 0.004 0.003 0.003 0.003 0.003 0.003 0.004 0.965 
247 TMA-ZAIN-G-    (0)   :  0.004 0.002 0.003 0.006 0.004 0.005 0.005 0.002 0.006 0.004 0.004 0.955 
248 TMA-ZAIN-G-    (0)   :  0.004 0.004 0.006 0.009 0.006 0.004 0.009 0.009 0.005 0.006 0.004 0.934 
249 TMA-ZAIN-G-    (0)   :  0.003 0.003 0.003 0.004 0.006 0.003 0.006 0.007 0.003 0.003 0.005 0.954 
250 TMA-ZAIN-G-    (0)   :  0.003 0.002 0.003 0.004 0.005 0.003 0.005 0.004 0.006 0.003 0.004 0.956 
251 TMA-ZAIN-G-    (0)   :  0.006 0.005 0.003 0.003 0.004 0.948 0.004 0.006 0.004 0.004 0.009 0.003 
252 TMA-ZAIN-G-    (0)   :  0.005 0.003 0.026 0.044 0.006 0.863 0.008 0.004 0.024 0.011 0.004 0.003 
253 TMA-ZAIN-G-    (0)   :  0.005 0.005 0.004 0.005 0.003 0.944 0.004 0.005 0.005 0.011 0.005 0.004 
254 TMA-ZAIN-G-    (9)   :  0.013 0.006 0.008 0.014 0.005 0.896 0.007 0.006 0.009 0.026 0.007 0.003 
255 TMA-ZAIN-G-    (0)   :  0.005 0.009 0.004 0.006 0.003 0.932 0.004 0.005 0.007 0.006 0.004 0.016 
256 TMA-ZAIN-G-    (0)   :  0.009 0.008 0.008 0.010 0.005 0.880 0.007 0.029 0.005 0.008 0.020 0.011 
257 TMA-ZAIN-G-    (0)   :  0.005 0.004 0.004 0.004 0.004 0.938 0.004 0.014 0.003 0.003 0.012 0.004 
258 TMA-ZAIN-G-    (0)   :  0.004 0.003 0.003 0.003 0.003 0.960 0.003 0.005 0.004 0.003 0.006 0.003 
259 TMA-ZAIN-G-    (0)   :  0.005 0.004 0.003 0.004 0.004 0.934 0.004 0.006 0.005 0.003 0.023 0.005 
260 TMA-ZAIN-G-    (0)   :  0.005 0.003 0.004 0.005 0.004 0.940 0.004 0.006 0.008 0.003 0.014 0.004 
261 TMA-ZAIN-G-   (18)   :  0.012 0.005 0.005 0.006 0.006 0.912 0.006 0.008 0.008 0.005 0.022 0.004 
262 TMA-ZAIN-G-    (0)   :  0.005 0.004 0.004 0.003 0.003 0.953 0.003 0.006 0.003 0.003 0.010 0.003 
263 TMA-ZAIN-G-    (0)   :  0.004 0.005 0.003 0.003 0.004 0.953 0.003 0.004 0.004 0.005 0.008 0.004 
264 TMA-ZAIN-G-    (0)   :  0.004 0.007 0.004 0.004 0.004 0.948 0.003 0.006 0.004 0.006 0.007 0.004 
265 TMA-ZAIN-G-    (0)   :  0.032 0.015 0.012 0.057 0.228 0.167 0.022 0.012 0.027 0.019 0.394 0.015 
266 TMA-ZAIN-G-    (0)   :  0.141 0.009 0.011 0.028 0.023 0.622 0.047 0.040 0.021 0.026 0.021 0.011 
267 TMA-ZAIN-G-    (0)   :  0.020 0.022 0.019 0.034 0.056 0.182 0.010 0.007 0.017 0.007 0.259 0.366 
268 TMA-ZAIN-G-    (0)   :  0.005 0.061 0.004 0.005 0.007 0.005 0.003 0.003 0.004 0.004 0.009 0.890 
269 TMA-ZAIN-G-    (0)   :  0.008 0.285 0.007 0.007 0.026 0.005 0.005 0.004 0.005 0.006 0.087 0.553 
270 TMA-ZAIN-G-    (0)   :  0.007 0.078 0.006 0.006 0.014 0.005 0.004 0.004 0.004 0.005 0.160 0.706 
271 TMA-ZAIN-G-    (0)   :  0.005 0.035 0.004 0.006 0.008 0.005 0.004 0.003 0.003 0.005 0.024 0.897 
272 TMA-ZAIN-G-    (0)   :  0.006 0.025 0.005 0.005 0.057 0.004 0.004 0.004 0.003 0.004 0.034 0.848 
273 TMA-ZAIN-G-    (0)   :  0.003 0.018 0.003 0.003 0.019 0.004 0.003 0.003 0.002 0.002 0.009 0.930 
274 TMA-ZAIN-G-    (0)   :  0.006 0.024 0.015 0.008 0.022 0.010 0.034 0.053 0.009 0.009 0.009 0.801 
275 TMA-ZAIN-G-    (0)   :  0.004 0.007 0.003 0.004 0.008 0.002 0.004 0.003 0.002 0.004 0.003 0.955 
276 TMA-ZAIN-G-    (0)   :  0.003 0.008 0.005 0.004 0.004 0.003 0.003 0.003 0.003 0.004 0.006 0.954 
277 TMA-ZAIN-G-    (0)   :  0.004 0.010 0.007 0.005 0.006 0.006 0.003 0.005 0.005 0.004 0.004 0.941 
278 TMA-ZAIN-G-    (0)   :  0.003 0.006 0.004 0.003 0.006 0.004 0.003 0.003 0.003 0.002 0.009 0.953 
279 TMA-ZAIN-G-    (0)   :  0.006 0.011 0.004 0.005 0.018 0.004 0.005 0.006 0.003 0.004 0.004 0.930 
280 TMA-ZAIN-G-    (0)   :  0.011 0.091 0.004 0.006 0.056 0.004 0.008 0.010 0.003 0.006 0.007 0.796 
281 TMA-ZAIN-G-    (0)   :  0.007 0.036 0.004 0.004 0.014 0.004 0.004 0.006 0.003 0.004 0.010 0.902 
282 TMA-ZAIN-G-    (9)   :  0.003 0.013 0.003 0.004 0.007 0.005 0.003 0.003 0.003 0.003 0.007 0.946 
283 TMA-ZAIN-G-    (0)   :  0.017 0.081 0.012 0.010 0.074 0.108 0.009 0.004 0.006 0.017 0.033 0.630 
284 TMA-ZAIN-G-    (0)   :  0.020 0.135 0.008 0.012 0.143 0.132 0.011 0.006 0.004 0.020 0.053 0.457 
285 TMA-ZAIN-G-    (0)   :  0.006 0.026 0.034 0.006 0.020 0.031 0.026 0.012 0.021 0.018 0.007 0.793 
286 TMA-ZAIN-G-    (0)   :  0.005 0.035 0.004 0.004 0.011 0.008 0.003 0.003 0.003 0.003 0.011 0.909 
287 TMA-ZAIN-G-    (0)   :  0.004 0.023 0.015 0.005 0.008 0.006 0.015 0.014 0.011 0.006 0.006 0.887 
288 TMA-ZAIN-G-    (0)   :  0.010 0.079 0.021 0.016 0.146 0.014 0.059 0.058 0.009 0.014 0.009 0.565 
289 TMA-ZAIN-G-    (0)   :  0.005 0.026 0.024 0.009 0.016 0.010 0.024 0.026 0.015 0.008 0.012 0.825 
290 TMA-ZAIN-G-    (0)   :  0.017 0.414 0.005 0.009 0.073 0.009 0.010 0.010 0.003 0.009 0.008 0.434 
291 TMA-ZAIN-G-    (0)   :  0.005 0.010 0.005 0.004 0.925 0.008 0.005 0.006 0.004 0.005 0.010 0.016 
292 TMA-ZAIN-G-    (0)   :  0.105 0.012 0.183 0.425 0.025 0.004 0.087 0.028 0.008 0.094 0.010 0.019 
293 TMA-ZAIN-G-    (0)   :  0.069 0.004 0.016 0.581 0.018 0.020 0.104 0.025 0.032 0.047 0.071 0.014 
294 TMA-ZAIN-G-    (0)   :  0.007 0.003 0.023 0.923 0.004 0.004 0.006 0.004 0.007 0.009 0.007 0.003 
295 TMA-ZAIN-G-    (9)   :  0.008 0.003 0.036 0.890 0.007 0.004 0.013 0.005 0.009 0.009 0.010 0.005 
296 TMA-ZAIN-G-    (0)   :  0.075 0.011 0.012 0.752 0.010 0.008 0.021 0.051 0.006 0.024 0.027 0.005 
297 TMA-ZAIN-G-    (0)   :  0.110 0.005 0.052 0.149 0.011 0.025 0.040 0.121 0.025 0.434 0.020 0.008 
298 TMA-ZAIN-G-    (0)   :  0.016 0.009 0.483 0.228 0.009 0.012 0.011 0.005 0.011 0.026 0.177 0.012 
299 TMA-ZAIN-G-    (0)   :  0.008 0.003 0.907 0.021 0.005 0.003 0.013 0.006 0.005 0.020 0.003 0.004 
300 TMA-ZAIN-G-    (0)   :  0.009 0.003 0.253 0.471 0.008 0.006 0.156 0.011 0.055 0.011 0.010 0.006 
301 TMA-ZAIN-G-    (0)   :  0.014 0.005 0.715 0.062 0.008 0.004 0.092 0.029 0.026 0.025 0.013 0.006 
302 TMA-ZAIN-G-    (9)   :  0.040 0.004 0.091 0.712 0.005 0.005 0.040 0.014 0.007 0.066 0.013 0.003 
303 TMA-ZAIN-G-    (0)   :  0.016 0.018 0.003 0.004 0.763 0.027 0.035 0.110 0.002 0.005 0.011 0.006 
304 TMA-ZAIN-G-    (0)   :  0.086 0.013 0.012 0.053 0.009 0.506 0.081 0.028 0.118 0.071 0.014 0.009 
305 TMA-ZAIN-G-    (0)   :  0.031 0.003 0.008 0.870 0.004 0.006 0.022 0.011 0.012 0.019 0.011 0.003 
306 TMA-ZAIN-G-    (0)   :  0.070 0.086 0.013 0.345 0.011 0.372 0.020 0.016 0.013 0.023 0.007 0.024 
307 TMA-ZAIN-G-    (0)   :  0.062 0.010 0.009 0.102 0.006 0.357 0.096 0.014 0.273 0.046 0.014 0.012 
308 TMA-ZAIN-G-    (0)   :  0.007 0.037 0.005 0.006 0.152 0.710 0.007 0.016 0.014 0.004 0.017 0.024 
309 TMA-ZAIN-G-    (0)   :  0.076 0.004 0.025 0.016 0.005 0.004 0.802 0.031 0.010 0.019 0.006 0.003 
310 TMA-ZAIN-G-    (0)   :  0.014 0.006 0.288 0.270 0.015 0.010 0.184 0.004 0.013 0.101 0.071 0.024 
311 TMA-ZAIN-G-    (0)   :  0.226 0.029 0.059 0.131 0.017 0.027 0.029 0.017 0.008 0.346 0.105 0.007 
312 TMA-ZAIN-G-    (0)   :  0.099 0.006 0.039 0.061 0.021 0.014 0.691 0.021 0.011 0.025 0.007 0.005 
313 TMA-ZAIN-G-    (0)   :  0.305 0.014 0.093 0.071 0.007 0.363 0.028 0.020 0.025 0.036 0.032 0.007 
314 TMA-ZAIN-G-    (0)   :  0.018 0.327 0.007 0.009 0.295 0.014 0.030 0.014 0.009 0.008 0.018 0.250 
315 TMA-ZAIN-G-    (0)   :  0.025 0.007 0.152 0.218 0.023 0.014 0.059 0.007 0.038 0.039 0.029 0.388 
316 TMA-ZAIN-G-    (0)   :  0.030 0.011 0.150 0.175 0.056 0.015 0.048 0.006 0.035 0.048 0.021 0.405 
317 TMA-ZAIN-G-    (0)   :  0.007 0.040 0.027 0.006 0.845 0.015 0.007 0.008 0.004 0.007 0.010 0.025 
318 TMA-ZAIN-G-    (9)   :  0.006 0.328 0.016 0.014 0.138 0.038 0.006 0.010 0.010 0.004 0.032 0.399 
319 TMA-ZAIN-G-    (0)   :  0.006 0.024 0.004 0.006 0.248 0.007 0.010 0.499 0.004 0.004 0.025 0.162 
320 TMA-ZAIN-G-    (0)   :  0.033 0.006 0.310 0.096 0.411 0.005 0.046 0.012 0.016 0.045 0.012 0.008 
321 TMA-ZAIN-G-    (0)   :  0.042 0.062 0.021 0.166 0.098 0.009 0.392 0.007 0.019 0.057 0.023 0.104 
322 TMA-ZAIN-G-    (0)   :  0.171 0.084 0.020 0.108 0.333 0.041 0.086 0.006 0.029 0.094 0.020 0.008 
323 TMA-ZAIN-G-    (0)   :  0.044 0.006 0.005 0.006 0.802 0.010 0.018 0.057 0.019 0.008 0.008 0.015 
324 TMA-ZAIN-G-    (0)   :  0.022 0.008 0.007 0.316 0.012 0.025 0.031 0.048 0.015 0.484 0.027 0.005 
325 TMA-ZAIN-G-    (0)   :  0.010 0.004 0.009 0.012 0.862 0.006 0.015 0.006 0.005 0.011 0.012 0.049 
326 TMA-ZAIN-G-    (0)   :  0.012 0.003 0.005 0.007 0.557 0.015 0.013 0.361 0.005 0.013 0.005 0.004 
327 TMA-ZAIN-G-    (0)   :  0.140 0.003 0.007 0.009 0.005 0.011 0.021 0.754 0.032 0.006 0.008 0.003 
328 TMA-ZAIN-G-    (0)   :  0.022 0.263 0.011 0.013 0.152 0.017 0.080 0.071 0.222 0.024 0.019 0.105 
329 TMA-ZAIN-G-    (0)   :  0.125 0.005 0.275 0.040 0.010 0.016 0.232 0.039 0.135 0.037 0.080 0.006 
330 TMA-ZAIN-G-    (0)   :  0.848 0.003 0.018 0.019 0.005 0.013 0.033 0.010 0.026 0.013 0.009 0.002 
331 TMA-ZAIN-G-    (0)   :  0.018 0.007 0.025 0.030 0.011 0.011 0.564 0.007 0.005 0.008 0.301 0.012 
332 TMA-ZAIN-G-    (0)   :  0.008 0.003 0.006 0.007 0.004 0.005 0.834 0.101 0.006 0.020 0.004 0.002 
333 TMA-ZAIN-G-    (0)   :  0.005 0.003 0.004 0.004 0.004 0.005 0.024 0.937 0.004 0.005 0.003 0.003 
334 TMA-ZAIN-G-    (0)   :  0.004 0.013 0.004 0.004 0.012 0.006 0.003 0.003 0.003 0.004 0.015 0.928 
335 TMA-ZAIN-G-    (0)   :  0.005 0.004 0.005 0.006 0.005 0.003 0.004 0.003 0.007 0.005 0.011 0.942 
336 TMA-ZAIN-G-    (0)   :  0.011 0.011 0.011 0.009 0.016 0.008 0.006 0.005 0.005 0.007 0.085 0.826 
337 TMA-ZAIN-G-    (9)   :  0.007 0.069 0.006 0.009 0.036 0.006 0.006 0.003 0.004 0.007 0.014 0.834 
338 TMA-ZAIN-G-    (0)   :  0.004 0.038 0.004 0.004 0.010 0.006 0.004 0.003 0.003 0.004 0.009 0.911 
339 TMA-ZAIN-G-    (0)   :  0.002 0.016 0.002 0.002 0.005 0.004 0.002 0.002 0.002 0.002 0.004 0.955 
340 TMA-ZAIN-G-    (0)   :  0.003 0.007 0.003 0.003 0.005 0.003 0.003 0.003 0.003 0.003 0.014 0.950 
341 TMA-ZAIN-G-    (0)   :  0.007 0.009 0.004 0.005 0.005 0.003 0.004 0.004 0.004 0.005 0.005 0.946 
342 TMA-ZAIN-G-    (0)   :  0.005 0.008 0.005 0.004 0.006 0.004 0.004 0.003 0.004 0.005 0.047 0.903 
343 TMA-ZAIN-G-    (0)   :  0.004 0.029 0.003 0.003 0.007 0.002 0.003 0.003 0.002 0.004 0.005 0.934 
344 TMA-ZAIN-G-    (0)   :  0.006 0.008 0.004 0.005 0.013 0.005 0.006 0.006 0.003 0.004 0.005 0.935 
345 TMA-ZAIN-G-    (0)   :  0.003 0.005 0.003 0.003 0.004 0.004 0.003 0.003 0.003 0.003 0.005 0.960 
346 TMA-ZAIN-G-    (0)   :  0.003 0.019 0.005 0.005 0.015 0.005 0.019 0.008 0.003 0.008 0.005 0.903 
347 TMA-ZAIN-G-    (9)   :  0.003 0.008 0.003 0.003 0.007 0.003 0.003 0.003 0.003 0.003 0.004 0.956 
348 TMA-ZAIN-G-    (0)   :  0.006 0.021 0.006 0.006 0.019 0.008 0.004 0.005 0.004 0.005 0.011 0.906 
349 TMA-ZAIN-G-    (0)   :  0.003 0.015 0.005 0.004 0.007 0.005 0.004 0.004 0.003 0.004 0.004 0.941 
350 TMA-ZAIN-G-    (0)   :  0.015 0.025 0.008 0.009 0.056 0.004 0.008 0.008 0.005 0.007 0.015 0.839 
351 TMA-ZAIN-G-    (0)   :  0.004 0.007 0.004 0.004 0.008 0.005 0.003 0.004 0.004 0.003 0.005 0.949 
352 TMA-ZAIN-G-    (0)   :  0.007 0.007 0.007 0.009 0.006 0.005 0.005 0.003 0.006 0.007 0.057 0.879 
353 TMA-ZAIN-G-    (0)   :  0.015 0.040 0.005 0.008 0.028 0.005 0.010 0.013 0.003 0.008 0.006 0.859 
354 TMA-ZAIN-G-    (0)   :  0.007 0.007 0.003 0.007 0.011 0.003 0.010 0.005 0.002 0.006 0.003 0.936 
355 TMA-ZAIN-G-    (0)   :  0.016 0.012 0.005 0.011 0.009 0.003 0.009 0.007 0.004 0.011 0.004 0.909 
356 TMA-ZAIN-G-    (0)   :  0.004 0.003 0.006 0.006 0.009 0.009 0.004 0.002 0.022 0.929 0.003 0.002 
357 TMA-ZAIN-G-    (0)   :  0.034 0.008 0.050 0.098 0.008 0.008 0.141 0.315 0.054 0.264 0.016 0.004 
358 TMA-ZAIN-G-    (0)   :  0.221 0.038 0.055 0.222 0.030 0.016 0.214 0.017 0.100 0.032 0.037 0.019 
359 TMA-ZAIN-G-    (0)   :  0.010 0.010 0.065 0.014 0.054 0.025 0.008 0.004 0.295 0.371 0.129 0.016 
