

----------------------------------------------------
STRUCTURE by Pritchard, Stephens and Donnelly (2000)
     and Falush, Stephens and Pritchard (2003)
       Code by Pritchard, Falush and Hubisz
             Version 2.3.4 (Jul 2012)
----------------------------------------------------



Command line arguments:   bin\structure -m C:\Users\eschumacher\Documents\GitHub\GCC_QUAC_ZAIN\Data_Files\Structure_Files\ZAIN\ZAIN_rebinned_garden_wild_nopopinfo\50-50\mainparams -e C:\Users\eschumacher\Documents\GitHub\GCC_QUAC_ZAIN\Data_Files\Structure_Files\ZAIN\ZAIN_rebinned_garden_wild_nopopinfo\50-50\extraparams 
Input File:    C:\Users\eschumacher\Documents\GitHub\GCC_QUAC_ZAIN\Data_Files\Structure_Files\ZAIN\ZAIN_rebinned_garden_wild_nopopinfo\project_data

Run parameters:
   1133 individuals
   11 loci
   13 populations assumed
   50000 Burn-in period
   50000 Reps


--------------------------------------------
Overall proportion of membership of the
sample in each of the 13 clusters

Inferred Clusters
  1      2      3      4      5      6      7      8      9     10     11     12     13    
0.036  0.054  0.085  0.099  0.092  0.080  0.137  0.053  0.091  0.065  0.062  0.080  0.066  

--------------------------------------------

Allele-freq. divergence among pops (Net nucleotide distance),
computed using point estimates of P.

      1       2       3       4       5       6       7       8       9      10      11      12      13      
 1      -    0.2721  0.2341  0.1783  0.1412  0.2520  0.2256  0.3314  0.1781  0.2299  0.1632  0.1951  0.1960  
 2   0.2721     -    0.3776  0.1354  0.2815  0.1438  0.3529  0.4732  0.1263  0.2743  0.1724  0.2195  0.1153  
 3   0.2341  0.3776     -    0.3031  0.1258  0.3647  0.1277  0.2076  0.3011  0.3603  0.1933  0.2776  0.3091  
 4   0.1783  0.1354  0.3031     -    0.1541  0.0808  0.2437  0.3877  0.0573  0.1302  0.1133  0.1905  0.1035  
 5   0.1412  0.2815  0.1258  0.1541     -    0.2348  0.0986  0.2122  0.1870  0.1848  0.0907  0.1638  0.1916  
 6   0.2520  0.1438  0.3647  0.0808  0.2348     -    0.2482  0.4518  0.0430  0.2764  0.1816  0.2556  0.0788  
 7   0.2256  0.3529  0.1277  0.2437  0.0986  0.2482     -    0.3194  0.2440  0.2809  0.1620  0.1799  0.2545  
 8   0.3314  0.4732  0.2076  0.3877  0.2122  0.4518  0.3194     -    0.3679  0.4552  0.3535  0.3775  0.3870  
 9   0.1781  0.1263  0.3011  0.0573  0.1870  0.0430  0.2440  0.3679     -    0.2194  0.1450  0.2358  0.0463  
10   0.2299  0.2743  0.3603  0.1302  0.1848  0.2764  0.2809  0.4552  0.2194     -    0.2184  0.1965  0.2329  
11   0.1632  0.1724  0.1933  0.1133  0.0907  0.1816  0.1620  0.3535  0.1450  0.2184     -    0.1741  0.1796  
12   0.1951  0.2195  0.2776  0.1905  0.1638  0.2556  0.1799  0.3775  0.2358  0.1965  0.1741     -    0.2289  
13   0.1960  0.1153  0.3091  0.1035  0.1916  0.0788  0.2545  0.3870  0.0463  0.2329  0.1796  0.2289     -    

Average distances (expected heterozygosity) between individuals in same cluster:
cluster  1  : 0.2701 
cluster  2  : 0.3536 
cluster  3  : 0.3761 
cluster  4  : 0.4320 
cluster  5  : 0.5278 
cluster  6  : 0.3475 
cluster  7  : 0.4708 
cluster  8  : 0.2405 
cluster  9  : 0.3804 
cluster 10  : 0.2560 
cluster 11  : 0.4715 
cluster 12  : 0.3794 
cluster 13  : 0.3986 

--------------------------------------------
Estimated Ln Prob of Data   = -20339.5
Mean value of ln likelihood = -19554.4
Variance of ln likelihood   = 1570.2
Mean value of alpha         = 0.0338

Mean value of Fst_1         = 0.5764
Mean value of Fst_2         = 0.4389
Mean value of Fst_3         = 0.5643
Mean value of Fst_4         = 0.3425
Mean value of Fst_5         = 0.1596
Mean value of Fst_6         = 0.3898
Mean value of Fst_7         = 0.3836
Mean value of Fst_8         = 0.6563
Mean value of Fst_9         = 0.3420
Mean value of Fst_10         = 0.5667
Mean value of Fst_11         = 0.2875
Mean value of Fst_12         = 0.4393
Mean value of Fst_13         = 0.3498


Inferred ancestry of individuals:
        Label (%Miss) :  Inferred clusters
  1 TMA-ZAIN-G-    (9)   :  0.008 0.008 0.013 0.037 0.060 0.033 0.691 0.004 0.010 0.093 0.021 0.011 0.011 
  2 TMA-ZAIN-G-    (0)   :  0.020 0.004 0.014 0.011 0.019 0.018 0.649 0.004 0.015 0.008 0.008 0.020 0.210 
  3 TMA-ZAIN-G-    (0)   :  0.010 0.103 0.004 0.178 0.005 0.490 0.007 0.003 0.100 0.032 0.023 0.012 0.034 
  4 TMA-ZAIN-G-    (0)   :  0.618 0.052 0.005 0.012 0.005 0.146 0.011 0.003 0.081 0.016 0.006 0.021 0.023 
  5 TMA-ZAIN-G-    (0)   :  0.005 0.002 0.006 0.002 0.003 0.003 0.955 0.004 0.003 0.002 0.006 0.005 0.002 
  6 TMA-ZAIN-G-    (0)   :  0.042 0.069 0.020 0.112 0.026 0.080 0.035 0.021 0.073 0.015 0.459 0.023 0.023 
  7 TMA-ZAIN-G-    (0)   :  0.114 0.007 0.006 0.115 0.012 0.092 0.012 0.004 0.532 0.041 0.015 0.013 0.037 
  8 TMA-ZAIN-G-    (0)   :  0.005 0.023 0.003 0.817 0.004 0.050 0.006 0.002 0.023 0.007 0.007 0.023 0.029 
  9 TMA-ZAIN-G-    (9)   :  0.010 0.026 0.006 0.173 0.006 0.079 0.007 0.003 0.464 0.007 0.029 0.005 0.186 
 10 TMA-ZAIN-G-    (0)   :  0.011 0.036 0.004 0.234 0.005 0.046 0.003 0.004 0.529 0.012 0.027 0.009 0.080 
 11 TMA-ZAIN-G-    (0)   :  0.012 0.005 0.004 0.106 0.006 0.007 0.005 0.004 0.820 0.008 0.005 0.005 0.012 
 12 TMA-ZAIN-G-    (0)   :  0.004 0.005 0.003 0.029 0.005 0.827 0.005 0.003 0.078 0.020 0.008 0.005 0.009 
 13 TMA-ZAIN-G-    (9)   :  0.013 0.015 0.090 0.193 0.027 0.047 0.030 0.019 0.216 0.133 0.013 0.017 0.185 
 14 TMA-ZAIN-G-    (9)   :  0.005 0.006 0.007 0.039 0.008 0.008 0.003 0.019 0.023 0.845 0.010 0.008 0.018 
 15 TMA-ZAIN-G-    (0)   :  0.005 0.008 0.002 0.066 0.008 0.018 0.003 0.003 0.007 0.861 0.006 0.006 0.007 
 16 TMA-ZAIN-G-    (0)   :  0.005 0.005 0.005 0.016 0.005 0.323 0.003 0.005 0.599 0.006 0.007 0.003 0.019 
 17 TMA-ZAIN-G-    (9)   :  0.074 0.006 0.016 0.740 0.027 0.038 0.009 0.003 0.007 0.033 0.024 0.015 0.008 
 18 TMA-ZAIN-G-    (0)   :  0.012 0.007 0.009 0.011 0.178 0.018 0.670 0.004 0.006 0.012 0.023 0.047 0.005 
 19 TMA-ZAIN-G-    (0)   :  0.044 0.006 0.012 0.048 0.648 0.024 0.014 0.011 0.022 0.014 0.142 0.004 0.009 
 20 TMA-ZAIN-G-    (0)   :  0.007 0.005 0.067 0.003 0.808 0.003 0.038 0.021 0.004 0.003 0.007 0.029 0.004 
 21 TMA-ZAIN-G-    (0)   :  0.003 0.003 0.005 0.002 0.003 0.002 0.003 0.966 0.002 0.002 0.003 0.003 0.002 
 22 TMA-ZAIN-G-    (0)   :  0.005 0.002 0.950 0.002 0.006 0.002 0.011 0.004 0.002 0.003 0.005 0.004 0.003 
 23 TMA-ZAIN-G-    (0)   :  0.005 0.003 0.940 0.005 0.008 0.004 0.007 0.005 0.005 0.005 0.008 0.003 0.004 
 24 TMA-ZAIN-G-    (9)   :  0.004 0.102 0.651 0.008 0.004 0.007 0.006 0.007 0.015 0.021 0.003 0.006 0.166 
 25 TMA-ZAIN-G-    (9)   :  0.004 0.004 0.010 0.005 0.715 0.025 0.071 0.007 0.005 0.004 0.007 0.004 0.140 
 26 TMA-ZAIN-G-    (9)   :  0.011 0.009 0.008 0.095 0.012 0.069 0.005 0.078 0.037 0.028 0.005 0.410 0.232 
 27 TMA-ZAIN-G-    (0)   :  0.026 0.008 0.013 0.012 0.057 0.004 0.061 0.023 0.013 0.071 0.692 0.015 0.005 
 28 TMA-ZAIN-G-    (0)   :  0.005 0.004 0.005 0.006 0.011 0.005 0.009 0.003 0.006 0.008 0.929 0.005 0.004 
 29 TMA-ZAIN-G-    (0)   :  0.004 0.717 0.004 0.005 0.226 0.004 0.003 0.004 0.004 0.005 0.005 0.015 0.005 
 30 TMA-ZAIN-G-    (0)   :  0.008 0.032 0.005 0.132 0.034 0.055 0.004 0.004 0.065 0.069 0.473 0.006 0.115 
 31 TMA-ZAIN-G-    (0)   :  0.021 0.005 0.013 0.004 0.013 0.004 0.849 0.010 0.006 0.005 0.005 0.058 0.008 
 32 TMA-ZAIN-G-    (9)   :  0.007 0.004 0.119 0.021 0.092 0.342 0.328 0.013 0.023 0.019 0.007 0.006 0.019 
 33 TMA-ZAIN-G-   (18)   :  0.004 0.011 0.003 0.132 0.004 0.701 0.004 0.002 0.090 0.006 0.007 0.004 0.032 
 34 TMA-ZAIN-G-    (0)   :  0.006 0.005 0.027 0.012 0.013 0.665 0.093 0.016 0.076 0.007 0.011 0.007 0.064 
 35 TMA-ZAIN-G-    (9)   :  0.009 0.041 0.004 0.058 0.014 0.583 0.009 0.003 0.073 0.045 0.020 0.011 0.129 
 36 TMA-ZAIN-G-    (0)   :  0.006 0.010 0.003 0.204 0.005 0.049 0.004 0.002 0.027 0.172 0.006 0.016 0.495 
 37 TMA-ZAIN-G-    (9)   :  0.065 0.014 0.007 0.087 0.009 0.512 0.006 0.011 0.137 0.007 0.030 0.014 0.102 
 38 TMA-ZAIN-G-   (18)   :  0.012 0.007 0.032 0.028 0.117 0.158 0.470 0.006 0.024 0.093 0.005 0.006 0.042 
 39 TMA-ZAIN-G-    (0)   :  0.009 0.014 0.003 0.030 0.004 0.071 0.003 0.007 0.042 0.004 0.008 0.007 0.799 
 40 TMA-ZAIN-G-    (0)   :  0.017 0.007 0.002 0.222 0.004 0.452 0.003 0.009 0.023 0.005 0.004 0.006 0.246 
 41 TMA-ZAIN-G-    (0)   :  0.003 0.006 0.002 0.630 0.003 0.023 0.003 0.004 0.009 0.044 0.005 0.005 0.262 
 42 TMA-ZAIN-G-    (9)   :  0.004 0.006 0.002 0.857 0.003 0.009 0.003 0.002 0.005 0.086 0.003 0.008 0.011 
 43 TMA-ZAIN-G-    (0)   :  0.004 0.007 0.003 0.007 0.003 0.003 0.003 0.002 0.004 0.950 0.003 0.005 0.005 
 44 TMA-ZAIN-G-    (0)   :  0.007 0.012 0.006 0.010 0.010 0.012 0.005 0.782 0.087 0.005 0.003 0.003 0.059 
 45 TMA-ZAIN-G-    (0)   :  0.010 0.005 0.004 0.076 0.006 0.083 0.005 0.007 0.765 0.014 0.008 0.007 0.011 
 46 TMA-ZAIN-G-    (0)   :  0.006 0.002 0.006 0.002 0.005 0.002 0.003 0.958 0.003 0.003 0.003 0.004 0.003 
 47 TMA-ZAIN-G-    (0)   :  0.013 0.004 0.003 0.004 0.004 0.005 0.004 0.005 0.004 0.003 0.004 0.945 0.003 
 48 TMA-ZAIN-G-    (0)   :  0.171 0.018 0.022 0.280 0.013 0.018 0.006 0.012 0.159 0.058 0.040 0.185 0.018 
 49 TMA-ZAIN-G-    (9)   :  0.019 0.037 0.007 0.007 0.844 0.026 0.011 0.003 0.016 0.004 0.012 0.007 0.006 
 50 TMA-ZAIN-G-    (0)   :  0.006 0.003 0.004 0.050 0.851 0.009 0.010 0.005 0.006 0.009 0.022 0.003 0.021 
 51 TMA-ZAIN-G-    (0)   :  0.016 0.007 0.006 0.019 0.814 0.004 0.007 0.010 0.012 0.056 0.026 0.016 0.007 
 52 TMA-ZAIN-G-    (0)   :  0.114 0.003 0.007 0.007 0.768 0.010 0.005 0.007 0.008 0.014 0.019 0.031 0.006 
 53 TMA-ZAIN-G-    (0)   :  0.062 0.005 0.009 0.009 0.676 0.004 0.116 0.004 0.012 0.031 0.009 0.053 0.010 
 54 TMA-ZAIN-G-    (0)   :  0.004 0.003 0.005 0.010 0.007 0.006 0.004 0.003 0.006 0.009 0.009 0.928 0.004 
 55 TMA-ZAIN-G-    (0)   :  0.003 0.003 0.009 0.030 0.019 0.008 0.004 0.006 0.009 0.018 0.022 0.865 0.004 
 56 TMA-ZAIN-G-    (0)   :  0.435 0.023 0.009 0.231 0.021 0.017 0.007 0.005 0.070 0.032 0.057 0.064 0.029 
 57 TMA-ZAIN-G-    (0)   :  0.011 0.008 0.004 0.005 0.027 0.026 0.008 0.003 0.008 0.005 0.005 0.879 0.011 
 58 TMA-ZAIN-G-    (0)   :  0.013 0.009 0.190 0.024 0.377 0.017 0.044 0.006 0.009 0.009 0.254 0.043 0.004 
 59 TMA-ZAIN-G-    (0)   :  0.056 0.023 0.020 0.039 0.014 0.023 0.577 0.017 0.140 0.011 0.032 0.019 0.030 
 60 TMA-ZAIN-G-    (0)   :  0.047 0.007 0.009 0.017 0.130 0.006 0.501 0.009 0.021 0.147 0.077 0.022 0.007 
 61 TMA-ZAIN-G-    (0)   :  0.035 0.003 0.026 0.003 0.010 0.003 0.877 0.016 0.004 0.003 0.006 0.011 0.003 
 62 TMA-ZAIN-G-    (9)   :  0.003 0.008 0.010 0.024 0.019 0.042 0.695 0.038 0.042 0.006 0.076 0.014 0.024 
 63 TMA-ZAIN-G-    (0)   :  0.013 0.003 0.011 0.005 0.010 0.007 0.910 0.005 0.005 0.007 0.010 0.012 0.003 
 64 TMA-ZAIN-G-    (0)   :  0.004 0.950 0.002 0.005 0.003 0.005 0.002 0.002 0.007 0.005 0.003 0.003 0.008 
 65 TMA-ZAIN-G-    (9)   :  0.005 0.922 0.003 0.007 0.003 0.022 0.003 0.002 0.009 0.005 0.006 0.007 0.006 
 66 TMA-ZAIN-G-    (0)   :  0.005 0.905 0.003 0.009 0.003 0.012 0.003 0.003 0.027 0.005 0.004 0.004 0.017 
 67 TMA-ZAIN-G-    (0)   :  0.004 0.740 0.009 0.011 0.010 0.022 0.004 0.018 0.053 0.003 0.013 0.005 0.108 
 68 TMA-ZAIN-G-    (0)   :  0.004 0.953 0.002 0.006 0.002 0.004 0.002 0.002 0.005 0.006 0.003 0.004 0.004 
 69 TMA-ZAIN-G-    (0)   :  0.024 0.735 0.022 0.006 0.026 0.031 0.018 0.030 0.042 0.014 0.007 0.009 0.035 
 70 TMA-ZAIN-G-    (0)   :  0.004 0.013 0.004 0.005 0.004 0.008 0.003 0.003 0.046 0.005 0.004 0.003 0.898 
 71 TMA-ZAIN-G-    (0)   :  0.003 0.004 0.003 0.005 0.003 0.010 0.003 0.004 0.020 0.003 0.003 0.003 0.936 
 72 TMA-ZAIN-G-    (0)   :  0.004 0.013 0.004 0.010 0.004 0.009 0.003 0.003 0.020 0.006 0.008 0.007 0.909 
 73 TMA-ZAIN-G-    (0)   :  0.004 0.006 0.020 0.006 0.016 0.008 0.016 0.021 0.008 0.003 0.015 0.013 0.866 
 74 TMA-ZAIN-G-    (0)   :  0.004 0.005 0.005 0.005 0.006 0.010 0.005 0.006 0.008 0.003 0.005 0.005 0.933 
 75 TMA-ZAIN-G-    (0)   :  0.004 0.005 0.003 0.005 0.005 0.008 0.004 0.003 0.008 0.004 0.005 0.007 0.937 
 76 TMA-ZAIN-G-    (0)   :  0.003 0.005 0.010 0.005 0.009 0.008 0.004 0.022 0.012 0.003 0.005 0.003 0.912 
 77 TMA-ZAIN-G-    (0)   :  0.008 0.005 0.004 0.007 0.005 0.005 0.003 0.006 0.008 0.006 0.006 0.004 0.935 
 78 TMA-ZAIN-G-    (0)   :  0.009 0.004 0.008 0.006 0.013 0.009 0.005 0.013 0.018 0.005 0.007 0.007 0.897 
 79 TMA-ZAIN-G-    (0)   :  0.027 0.004 0.005 0.006 0.008 0.006 0.003 0.013 0.011 0.007 0.005 0.004 0.902 
 80 TMA-ZAIN-G-    (0)   :  0.006 0.021 0.003 0.013 0.004 0.070 0.002 0.006 0.030 0.004 0.006 0.011 0.823 
 81 TMA-ZAIN-G-    (0)   :  0.020 0.005 0.004 0.010 0.006 0.012 0.003 0.008 0.024 0.007 0.007 0.005 0.890 
 82 TMA-ZAIN-G-    (0)   :  0.008 0.172 0.003 0.009 0.005 0.103 0.006 0.002 0.296 0.007 0.007 0.016 0.367 
 83 TMA-ZAIN-G-    (9)   :  0.006 0.038 0.028 0.013 0.013 0.680 0.036 0.021 0.086 0.006 0.035 0.017 0.020 
 84 TMA-ZAIN-G-    (0)   :  0.010 0.005 0.006 0.008 0.007 0.010 0.003 0.026 0.022 0.005 0.005 0.003 0.888 
 85 TMA-ZAIN-G-    (0)   :  0.958 0.003 0.005 0.003 0.004 0.003 0.004 0.002 0.004 0.003 0.004 0.003 0.003 
 86 TMA-ZAIN-G-    (0)   :  0.934 0.005 0.004 0.008 0.004 0.008 0.003 0.006 0.010 0.003 0.005 0.005 0.005 
 87 TMA-ZAIN-G-    (0)   :  0.957 0.003 0.006 0.003 0.004 0.003 0.005 0.003 0.003 0.003 0.004 0.004 0.003 
 88 TMA-ZAIN-G-    (0)   :  0.451 0.039 0.008 0.013 0.007 0.125 0.168 0.008 0.055 0.016 0.009 0.058 0.042 
 89 TMA-ZAIN-G-    (0)   :  0.334 0.029 0.019 0.013 0.007 0.033 0.032 0.019 0.036 0.040 0.004 0.391 0.042 
 90 TMA-ZAIN-G-    (0)   :  0.852 0.013 0.004 0.004 0.008 0.026 0.016 0.005 0.015 0.004 0.006 0.042 0.005 
 91 TMA-ZAIN-G-    (0)   :  0.826 0.010 0.006 0.009 0.007 0.007 0.046 0.005 0.012 0.012 0.017 0.035 0.008 
 92 TMA-ZAIN-G-    (0)   :  0.548 0.006 0.027 0.010 0.034 0.005 0.008 0.034 0.012 0.013 0.024 0.269 0.011 
 93 TMA-ZAIN-G-    (0)   :  0.257 0.008 0.014 0.007 0.024 0.003 0.039 0.013 0.008 0.023 0.092 0.506 0.007 
 94 TMA-ZAIN-G-    (0)   :  0.789 0.004 0.011 0.004 0.011 0.003 0.098 0.006 0.005 0.006 0.013 0.045 0.005 
 95 TMA-ZAIN-G-    (0)   :  0.005 0.007 0.009 0.010 0.041 0.005 0.007 0.003 0.006 0.013 0.880 0.004 0.009 
 96 TMA-ZAIN-G-    (0)   :  0.010 0.004 0.008 0.036 0.051 0.014 0.006 0.004 0.005 0.023 0.831 0.005 0.004 
 97 TMA-ZAIN-G-    (0)   :  0.009 0.006 0.006 0.004 0.018 0.004 0.902 0.006 0.007 0.008 0.004 0.012 0.014 
 98 TMA-ZAIN-G-    (0)   :  0.007 0.004 0.004 0.004 0.005 0.004 0.929 0.004 0.007 0.006 0.003 0.010 0.013 
 99 TMA-ZAIN-G-    (0)   :  0.005 0.020 0.006 0.037 0.006 0.033 0.701 0.023 0.141 0.007 0.008 0.003 0.009 
100 TMA-ZAIN-G-    (0)   :  0.032 0.004 0.008 0.004 0.021 0.003 0.852 0.033 0.005 0.007 0.005 0.021 0.006 
101 TMA-ZAIN-G-    (0)   :  0.004 0.006 0.004 0.005 0.010 0.005 0.909 0.006 0.020 0.006 0.005 0.012 0.009 
102 TMA-ZAIN-G-    (0)   :  0.021 0.013 0.550 0.025 0.066 0.059 0.154 0.007 0.037 0.028 0.012 0.011 0.016 
103 TMA-ZAIN-G-    (0)   :  0.029 0.006 0.063 0.012 0.071 0.028 0.728 0.004 0.017 0.008 0.016 0.006 0.009 
104 TMA-ZAIN-G-    (0)   :  0.003 0.002 0.009 0.004 0.006 0.004 0.947 0.004 0.004 0.004 0.005 0.005 0.003 
105 TMA-ZAIN-G-    (0)   :  0.042 0.006 0.031 0.015 0.030 0.031 0.776 0.003 0.022 0.008 0.022 0.006 0.009 
106 TMA-ZAIN-G-    (0)   :  0.007 0.053 0.003 0.504 0.004 0.060 0.004 0.003 0.123 0.113 0.006 0.005 0.115 
107 TMA-ZAIN-G-    (0)   :  0.006 0.012 0.003 0.022 0.005 0.324 0.004 0.002 0.436 0.012 0.006 0.006 0.162 
108 TMA-ZAIN-G-    (9)   :  0.071 0.008 0.038 0.095 0.098 0.188 0.185 0.023 0.116 0.068 0.013 0.014 0.082 
109 TMA-ZAIN-G-    (0)   :  0.018 0.151 0.007 0.140 0.007 0.217 0.278 0.004 0.031 0.024 0.054 0.061 0.009 
110 TMA-ZAIN-G-    (0)   :  0.021 0.007 0.066 0.151 0.081 0.150 0.051 0.104 0.281 0.019 0.026 0.015 0.028 
111 TMA-ZAIN-G-    (9)   :  0.007 0.010 0.138 0.015 0.075 0.195 0.395 0.024 0.036 0.004 0.026 0.023 0.052 
112 TMA-ZAIN-G-    (0)   :  0.015 0.019 0.075 0.232 0.091 0.114 0.217 0.013 0.091 0.033 0.044 0.025 0.031 
113 TMA-ZAIN-G-    (0)   :  0.006 0.009 0.009 0.005 0.005 0.012 0.882 0.005 0.014 0.005 0.004 0.020 0.024 
114 TMA-ZAIN-G-    (0)   :  0.007 0.003 0.010 0.003 0.005 0.004 0.944 0.009 0.003 0.002 0.004 0.004 0.003 
115 TMA-ZAIN-G-    (0)   :  0.003 0.003 0.005 0.003 0.003 0.005 0.955 0.004 0.003 0.003 0.005 0.004 0.003 
116 TMA-ZAIN-G-    (0)   :  0.005 0.010 0.003 0.008 0.004 0.905 0.006 0.002 0.023 0.005 0.007 0.011 0.010 
117 TMA-ZAIN-G-    (0)   :  0.043 0.256 0.004 0.153 0.008 0.114 0.008 0.003 0.089 0.080 0.042 0.047 0.152 
118 TMA-ZAIN-G-    (0)   :  0.007 0.023 0.003 0.015 0.006 0.869 0.006 0.003 0.014 0.021 0.011 0.010 0.014 
119 TMA-ZAIN-G-    (0)   :  0.005 0.018 0.016 0.007 0.019 0.812 0.020 0.016 0.018 0.006 0.016 0.010 0.038 
120 TMA-ZAIN-G-    (0)   :  0.017 0.024 0.005 0.024 0.011 0.753 0.009 0.003 0.019 0.075 0.024 0.013 0.024 
121 TMA-ZAIN-G-    (0)   :  0.012 0.142 0.004 0.072 0.008 0.522 0.012 0.003 0.098 0.022 0.037 0.022 0.046 
122 TMA-ZAIN-G-    (0)   :  0.126 0.034 0.005 0.106 0.007 0.255 0.005 0.008 0.263 0.011 0.096 0.012 0.071 
123 TMA-ZAIN-G-    (0)   :  0.009 0.003 0.017 0.005 0.013 0.005 0.911 0.004 0.006 0.012 0.006 0.005 0.005 
124 TMA-ZAIN-G-    (0)   :  0.008 0.003 0.003 0.929 0.005 0.009 0.005 0.002 0.010 0.010 0.006 0.004 0.005 
125 TMA-ZAIN-G-    (0)   :  0.007 0.029 0.002 0.820 0.004 0.006 0.002 0.002 0.007 0.021 0.005 0.088 0.007 
126 TMA-ZAIN-G-    (0)   :  0.006 0.005 0.003 0.905 0.004 0.015 0.004 0.003 0.009 0.029 0.004 0.008 0.005 
127 TMA-ZAIN-G-    (0)   :  0.005 0.005 0.003 0.938 0.003 0.009 0.002 0.003 0.011 0.009 0.004 0.004 0.004 
128 TMA-ZAIN-G-    (0)   :  0.006 0.026 0.003 0.892 0.003 0.014 0.004 0.002 0.016 0.008 0.012 0.006 0.007 
129 TMA-ZAIN-G-    (0)   :  0.006 0.006 0.003 0.924 0.004 0.008 0.006 0.002 0.010 0.013 0.006 0.006 0.006 
130 TMA-ZAIN-G-    (0)   :  0.007 0.008 0.003 0.817 0.005 0.027 0.007 0.002 0.007 0.055 0.008 0.046 0.007 
131 TMA-ZAIN-G-    (0)   :  0.009 0.004 0.003 0.930 0.005 0.008 0.004 0.002 0.007 0.011 0.007 0.004 0.005 
132 TMA-ZAIN-G-    (0)   :  0.007 0.043 0.003 0.821 0.003 0.018 0.004 0.002 0.029 0.014 0.011 0.034 0.011 
133 TMA-ZAIN-G-    (0)   :  0.045 0.084 0.006 0.523 0.016 0.049 0.003 0.019 0.021 0.120 0.012 0.024 0.078 
134 TMA-ZAIN-G-    (0)   :  0.040 0.080 0.004 0.376 0.007 0.075 0.003 0.013 0.018 0.306 0.005 0.016 0.055 
135 TMA-ZAIN-G-    (0)   :  0.039 0.028 0.004 0.131 0.005 0.492 0.004 0.013 0.178 0.019 0.004 0.013 0.072 
136 TMA-ZAIN-G-    (0)   :  0.006 0.581 0.004 0.068 0.004 0.090 0.007 0.006 0.168 0.007 0.009 0.015 0.035 
137 TMA-ZAIN-G-    (0)   :  0.020 0.004 0.004 0.023 0.006 0.862 0.005 0.014 0.019 0.005 0.004 0.005 0.029 
138 TMA-ZAIN-G-    (0)   :  0.005 0.012 0.003 0.460 0.003 0.266 0.004 0.003 0.180 0.031 0.004 0.017 0.015 
139 TMA-ZAIN-G-    (0)   :  0.012 0.012 0.003 0.213 0.004 0.518 0.004 0.008 0.067 0.022 0.003 0.097 0.037 
140 TMA-ZAIN-G-    (0)   :  0.005 0.008 0.004 0.048 0.004 0.163 0.003 0.004 0.711 0.006 0.009 0.004 0.032 
141 TMA-ZAIN-G-    (0)   :  0.011 0.006 0.003 0.051 0.005 0.108 0.005 0.003 0.665 0.022 0.007 0.006 0.106 
142 TMA-ZAIN-G-    (9)   :  0.006 0.011 0.003 0.029 0.003 0.232 0.003 0.003 0.656 0.006 0.006 0.004 0.038 
143 TMA-ZAIN-G-    (0)   :  0.007 0.014 0.003 0.136 0.004 0.362 0.004 0.003 0.418 0.010 0.012 0.005 0.023 
144 TMA-ZAIN-G-    (0)   :  0.012 0.007 0.005 0.157 0.013 0.359 0.004 0.008 0.360 0.012 0.026 0.024 0.012 
145 TMA-ZAIN-G-    (0)   :  0.006 0.307 0.002 0.035 0.003 0.394 0.003 0.002 0.117 0.007 0.008 0.016 0.099 
146 TMA-ZAIN-G-    (0)   :  0.004 0.005 0.003 0.005 0.003 0.008 0.003 0.003 0.932 0.005 0.003 0.003 0.024 
147 TMA-ZAIN-G-    (9)   :  0.005 0.008 0.003 0.006 0.003 0.007 0.003 0.003 0.935 0.005 0.003 0.004 0.013 
148 TMA-ZAIN-G-    (0)   :  0.005 0.004 0.003 0.027 0.004 0.006 0.003 0.003 0.863 0.047 0.003 0.020 0.012 
149 TMA-ZAIN-G-    (0)   :  0.025 0.006 0.019 0.033 0.009 0.012 0.019 0.006 0.778 0.021 0.013 0.045 0.013 
150 TMA-ZAIN-G-    (0)   :  0.014 0.058 0.018 0.014 0.008 0.027 0.020 0.004 0.736 0.014 0.015 0.057 0.014 
151 TMA-ZAIN-G-    (0)   :  0.003 0.007 0.002 0.037 0.003 0.898 0.003 0.003 0.009 0.020 0.005 0.004 0.006 
152 TMA-ZAIN-G-    (0)   :  0.003 0.006 0.002 0.008 0.003 0.925 0.004 0.003 0.019 0.013 0.004 0.004 0.005 
153 TMA-ZAIN-G-    (0)   :  0.003 0.013 0.002 0.097 0.003 0.634 0.003 0.002 0.181 0.029 0.004 0.014 0.014 
154 TMA-ZAIN-G-    (0)   :  0.004 0.004 0.002 0.008 0.003 0.946 0.003 0.002 0.011 0.004 0.004 0.004 0.005 
155 TMA-ZAIN-G-    (0)   :  0.005 0.007 0.003 0.011 0.004 0.907 0.004 0.003 0.031 0.007 0.004 0.003 0.012 
156 TMA-ZAIN-G-    (9)   :  0.004 0.003 0.002 0.057 0.005 0.747 0.006 0.003 0.085 0.068 0.004 0.011 0.005 
157 TMA-ZAIN-G-    (0)   :  0.005 0.007 0.003 0.064 0.004 0.510 0.004 0.003 0.247 0.133 0.004 0.006 0.011 
158 TMA-ZAIN-G-    (0)   :  0.004 0.006 0.003 0.012 0.007 0.581 0.003 0.004 0.324 0.004 0.006 0.005 0.040 
159 TMA-ZAIN-G-    (0)   :  0.004 0.014 0.003 0.009 0.004 0.409 0.005 0.002 0.272 0.005 0.004 0.005 0.266 
160 TMA-ZAIN-G-    (0)   :  0.005 0.019 0.003 0.006 0.003 0.693 0.005 0.003 0.071 0.005 0.004 0.009 0.176 
161 TMA-ZAIN-G-    (0)   :  0.007 0.007 0.002 0.149 0.006 0.494 0.003 0.003 0.250 0.027 0.005 0.024 0.022 
162 TMA-ZAIN-G-    (0)   :  0.011 0.005 0.014 0.009 0.006 0.895 0.016 0.005 0.009 0.004 0.009 0.010 0.006 
163 TMA-ZAIN-G-    (0)   :  0.003 0.004 0.002 0.006 0.003 0.949 0.003 0.002 0.015 0.003 0.003 0.003 0.006 
164 TMA-ZAIN-G-    (0)   :  0.013 0.008 0.004 0.008 0.004 0.859 0.004 0.006 0.069 0.004 0.006 0.008 0.008 
165 TMA-ZAIN-G-    (0)   :  0.003 0.005 0.002 0.009 0.003 0.844 0.004 0.002 0.106 0.003 0.004 0.003 0.010 
166 TMA-ZAIN-G-    (0)   :  0.007 0.011 0.002 0.054 0.003 0.468 0.003 0.003 0.369 0.006 0.004 0.011 0.058 
167 TMA-ZAIN-G-    (0)   :  0.007 0.004 0.005 0.023 0.006 0.030 0.005 0.004 0.655 0.008 0.007 0.004 0.242 
168 TMA-ZAIN-G-    (0)   :  0.006 0.013 0.003 0.009 0.005 0.010 0.007 0.004 0.400 0.034 0.005 0.005 0.500 
169 TMA-ZAIN-G-    (0)   :  0.005 0.061 0.003 0.007 0.003 0.019 0.003 0.002 0.328 0.005 0.004 0.005 0.555 
170 TMA-ZAIN-G-    (0)   :  0.006 0.023 0.010 0.123 0.042 0.074 0.018 0.014 0.389 0.096 0.009 0.004 0.193 
171 TMA-ZAIN-G-    (0)   :  0.004 0.014 0.003 0.005 0.003 0.014 0.003 0.003 0.353 0.004 0.003 0.004 0.588 
172 TMA-ZAIN-G-    (0)   :  0.006 0.006 0.003 0.549 0.007 0.020 0.003 0.004 0.340 0.021 0.005 0.003 0.030 
173 TMA-ZAIN-G-    (0)   :  0.007 0.007 0.003 0.701 0.007 0.012 0.004 0.004 0.196 0.022 0.008 0.004 0.026 
174 TMA-ZAIN-G-    (0)   :  0.005 0.056 0.002 0.547 0.003 0.066 0.003 0.003 0.250 0.005 0.006 0.009 0.044 
175 TMA-ZAIN-G-    (0)   :  0.005 0.008 0.003 0.005 0.003 0.012 0.003 0.003 0.519 0.004 0.003 0.004 0.426 
176 TMA-ZAIN-G-    (0)   :  0.006 0.007 0.003 0.006 0.003 0.016 0.003 0.003 0.803 0.005 0.003 0.003 0.140 
177 TMA-ZAIN-G-    (0)   :  0.004 0.004 0.003 0.009 0.004 0.008 0.003 0.003 0.919 0.011 0.003 0.003 0.025 
178 TMA-ZAIN-G-    (0)   :  0.005 0.004 0.004 0.106 0.006 0.018 0.004 0.005 0.771 0.043 0.006 0.004 0.024 
179 TMA-ZAIN-G-    (0)   :  0.005 0.006 0.002 0.020 0.003 0.013 0.003 0.003 0.908 0.014 0.004 0.004 0.014 
180 TMA-ZAIN-G-    (0)   :  0.034 0.064 0.006 0.755 0.005 0.021 0.004 0.010 0.051 0.019 0.014 0.012 0.007 
181 TMA-ZAIN-G-    (0)   :  0.003 0.006 0.002 0.710 0.004 0.060 0.005 0.003 0.018 0.164 0.004 0.005 0.015 
182 TMA-ZAIN-G-    (0)   :  0.006 0.003 0.003 0.719 0.004 0.049 0.007 0.003 0.038 0.154 0.005 0.005 0.005 
183 TMA-ZAIN-G-    (0)   :  0.005 0.005 0.003 0.681 0.004 0.050 0.004 0.003 0.021 0.206 0.004 0.004 0.012 
184 TMA-ZAIN-G-    (0)   :  0.019 0.008 0.018 0.764 0.010 0.050 0.025 0.007 0.024 0.031 0.013 0.018 0.012 
185 TMA-ZAIN-G-    (0)   :  0.013 0.005 0.022 0.842 0.010 0.009 0.011 0.009 0.012 0.004 0.037 0.019 0.007 
186 TMA-ZAIN-G-    (9)   :  0.005 0.005 0.004 0.917 0.007 0.009 0.003 0.005 0.011 0.005 0.011 0.005 0.012 
187 TMA-ZAIN-G-    (0)   :  0.004 0.016 0.003 0.850 0.004 0.032 0.004 0.003 0.015 0.018 0.005 0.003 0.043 
188 TMA-ZAIN-G-    (0)   :  0.003 0.014 0.003 0.848 0.004 0.042 0.003 0.002 0.006 0.008 0.004 0.004 0.058 
189 TMA-ZAIN-G-    (0)   :  0.003 0.009 0.002 0.943 0.003 0.008 0.002 0.003 0.007 0.008 0.003 0.002 0.005 
190 TMA-ZAIN-G-    (0)   :  0.004 0.031 0.003 0.626 0.008 0.012 0.003 0.004 0.124 0.107 0.008 0.005 0.066 
191 TMA-ZAIN-G-    (0)   :  0.014 0.005 0.021 0.875 0.008 0.010 0.011 0.008 0.011 0.006 0.010 0.010 0.012 
192 TMA-ZAIN-G-    (0)   :  0.017 0.004 0.004 0.867 0.007 0.009 0.003 0.027 0.007 0.030 0.003 0.004 0.016 
193 TMA-ZAIN-G-    (0)   :  0.004 0.004 0.002 0.005 0.003 0.003 0.003 0.002 0.003 0.961 0.003 0.004 0.003 
194 TMA-ZAIN-G-    (0)   :  0.005 0.010 0.006 0.059 0.011 0.004 0.002 0.008 0.009 0.846 0.019 0.013 0.006 
195 TMA-ZAIN-G-    (0)   :  0.004 0.034 0.002 0.059 0.010 0.006 0.003 0.003 0.043 0.798 0.005 0.006 0.028 
196 TMA-ZAIN-G-    (0)   :  0.004 0.010 0.002 0.011 0.003 0.006 0.003 0.003 0.006 0.937 0.005 0.005 0.005 
197 TMA-ZAIN-G-    (0)   :  0.007 0.009 0.003 0.010 0.003 0.007 0.003 0.002 0.008 0.929 0.004 0.005 0.008 
198 TMA-ZAIN-G-    (0)   :  0.004 0.006 0.002 0.012 0.003 0.008 0.003 0.005 0.011 0.930 0.003 0.005 0.009 
199 TMA-ZAIN-G-    (0)   :  0.004 0.004 0.004 0.926 0.005 0.009 0.003 0.004 0.013 0.006 0.009 0.005 0.008 
200 TMA-ZAIN-G-    (0)   :  0.008 0.006 0.043 0.005 0.036 0.004 0.028 0.778 0.006 0.049 0.022 0.010 0.005 
201 TMA-ZAIN-G-    (0)   :  0.013 0.019 0.045 0.010 0.021 0.011 0.010 0.795 0.018 0.007 0.026 0.008 0.018 
202 TMA-ZAIN-G-    (0)   :  0.003 0.002 0.004 0.006 0.007 0.004 0.008 0.940 0.005 0.014 0.004 0.002 0.002 
203 TMA-ZAIN-G-    (0)   :  0.005 0.004 0.003 0.050 0.004 0.037 0.022 0.002 0.028 0.824 0.005 0.005 0.011 
204 TMA-ZAIN-G-    (9)   :  0.111 0.005 0.020 0.004 0.050 0.003 0.012 0.756 0.005 0.005 0.008 0.014 0.007 
205 TMA-ZAIN-G-    (0)   :  0.011 0.005 0.005 0.007 0.028 0.088 0.006 0.803 0.016 0.009 0.005 0.007 0.010 
206 TMA-ZAIN-G-    (9)   :  0.196 0.007 0.012 0.015 0.022 0.012 0.027 0.612 0.030 0.020 0.018 0.017 0.012 
207 TMA-ZAIN-G-    (9)   :  0.088 0.065 0.011 0.024 0.029 0.525 0.009 0.005 0.053 0.010 0.088 0.067 0.025 
208 TMA-ZAIN-G-    (0)   :  0.003 0.070 0.003 0.023 0.004 0.124 0.003 0.004 0.726 0.005 0.012 0.005 0.020 
209 TMA-ZAIN-G-    (0)   :  0.010 0.014 0.002 0.297 0.004 0.064 0.003 0.003 0.169 0.269 0.004 0.057 0.103 
210 TMA-ZAIN-G-    (0)   :  0.013 0.101 0.003 0.155 0.004 0.073 0.004 0.003 0.139 0.389 0.010 0.014 0.093 
211 TMA-ZAIN-G-    (0)   :  0.011 0.031 0.017 0.494 0.023 0.035 0.010 0.019 0.160 0.106 0.019 0.012 0.063 
212 TMA-ZAIN-G-    (0)   :  0.014 0.013 0.003 0.204 0.004 0.037 0.003 0.006 0.674 0.021 0.010 0.006 0.006 
213 TMA-ZAIN-G-    (0)   :  0.004 0.007 0.004 0.369 0.005 0.108 0.003 0.003 0.422 0.025 0.005 0.008 0.036 
214 TMA-ZAIN-G-    (0)   :  0.005 0.047 0.003 0.583 0.004 0.123 0.003 0.003 0.118 0.028 0.004 0.007 0.072 
215 TMA-ZAIN-G-    (0)   :  0.003 0.005 0.006 0.245 0.279 0.075 0.003 0.011 0.200 0.005 0.005 0.002 0.160 
216 TMA-ZAIN-G-    (0)   :  0.005 0.005 0.004 0.886 0.005 0.016 0.003 0.005 0.036 0.009 0.006 0.007 0.014 
217 TMA-ZAIN-G-    (0)   :  0.007 0.157 0.003 0.298 0.004 0.063 0.004 0.003 0.212 0.097 0.003 0.007 0.142 
218 TMA-ZAIN-G-    (0)   :  0.004 0.008 0.004 0.007 0.928 0.006 0.006 0.003 0.005 0.003 0.013 0.006 0.006 
219 TMA-ZAIN-G-    (0)   :  0.011 0.003 0.004 0.005 0.931 0.004 0.005 0.010 0.004 0.003 0.007 0.008 0.004 
220 TMA-ZAIN-G-    (0)   :  0.011 0.014 0.008 0.007 0.792 0.036 0.036 0.002 0.014 0.006 0.055 0.008 0.011 
221 TMA-ZAIN-G-    (0)   :  0.011 0.006 0.005 0.019 0.875 0.009 0.004 0.033 0.012 0.006 0.010 0.005 0.007 
222 TMA-ZAIN-G-    (0)   :  0.018 0.009 0.006 0.008 0.896 0.012 0.013 0.005 0.010 0.005 0.005 0.007 0.007 
223 TMA-ZAIN-G-    (0)   :  0.013 0.004 0.008 0.005 0.924 0.004 0.006 0.006 0.005 0.003 0.015 0.005 0.004 
224 TMA-ZAIN-G-    (0)   :  0.088 0.005 0.012 0.017 0.824 0.006 0.008 0.005 0.006 0.008 0.010 0.007 0.006 
225 TMA-ZAIN-G-    (0)   :  0.005 0.002 0.006 0.005 0.933 0.003 0.008 0.007 0.004 0.010 0.010 0.003 0.003 
226 TMA-ZAIN-G-    (0)   :  0.009 0.005 0.008 0.007 0.893 0.006 0.011 0.006 0.009 0.023 0.011 0.004 0.008 
227 TMA-ZAIN-G-    (0)   :  0.006 0.004 0.006 0.007 0.891 0.008 0.011 0.021 0.010 0.018 0.007 0.004 0.008 
228 TMA-ZAIN-G-    (0)   :  0.016 0.008 0.016 0.009 0.852 0.012 0.014 0.004 0.020 0.006 0.013 0.005 0.023 
229 TMA-ZAIN-G-    (0)   :  0.007 0.008 0.017 0.003 0.912 0.003 0.016 0.010 0.004 0.003 0.009 0.006 0.004 
230 TMA-ZAIN-G-    (0)   :  0.287 0.014 0.010 0.027 0.535 0.005 0.018 0.003 0.028 0.013 0.011 0.011 0.038 
231 TMA-ZAIN-G-    (0)   :  0.062 0.013 0.430 0.009 0.255 0.027 0.065 0.021 0.043 0.011 0.012 0.021 0.030 
232 TMA-ZAIN-G-    (9)   :  0.017 0.053 0.513 0.026 0.199 0.010 0.108 0.016 0.018 0.009 0.004 0.012 0.016 
233 TMA-ZAIN-G-    (0)   :  0.021 0.045 0.007 0.012 0.803 0.010 0.005 0.016 0.013 0.007 0.019 0.011 0.028 
234 TMA-ZAIN-G-    (0)   :  0.006 0.007 0.034 0.004 0.678 0.008 0.177 0.027 0.007 0.009 0.009 0.029 0.005 
235 TMA-ZAIN-G-    (0)   :  0.032 0.005 0.016 0.030 0.630 0.014 0.122 0.012 0.010 0.024 0.044 0.009 0.051 
236 TMA-ZAIN-G-    (0)   :  0.050 0.006 0.011 0.011 0.796 0.011 0.026 0.026 0.014 0.023 0.009 0.004 0.012 
237 TMA-ZAIN-G-    (0)   :  0.130 0.010 0.012 0.019 0.365 0.019 0.152 0.005 0.075 0.009 0.015 0.006 0.184 
238 TMA-ZAIN-G-    (0)   :  0.006 0.005 0.011 0.021 0.796 0.036 0.036 0.021 0.022 0.006 0.008 0.003 0.029 
239 TMA-ZAIN-G-    (0)   :  0.093 0.008 0.020 0.020 0.026 0.007 0.014 0.673 0.004 0.079 0.004 0.047 0.005 
240 TMA-ZAIN-G-    (0)   :  0.005 0.002 0.004 0.002 0.004 0.002 0.003 0.962 0.003 0.003 0.003 0.004 0.003 
241 TMA-ZAIN-G-    (0)   :  0.003 0.003 0.004 0.003 0.003 0.003 0.003 0.961 0.004 0.003 0.002 0.003 0.005 
242 TMA-ZAIN-G-    (0)   :  0.003 0.003 0.003 0.003 0.003 0.003 0.003 0.965 0.004 0.002 0.003 0.003 0.003 
243 TMA-ZAIN-G-    (0)   :  0.003 0.003 0.003 0.003 0.003 0.003 0.002 0.962 0.004 0.003 0.002 0.003 0.005 
244 TMA-ZAIN-G-    (0)   :  0.002 0.004 0.003 0.003 0.003 0.005 0.003 0.958 0.005 0.003 0.003 0.003 0.006 
245 TMA-ZAIN-G-    (9)   :  0.003 0.002 0.004 0.003 0.003 0.003 0.003 0.966 0.003 0.003 0.002 0.003 0.003 
246 TMA-ZAIN-G-    (0)   :  0.003 0.002 0.004 0.003 0.004 0.002 0.002 0.968 0.002 0.003 0.003 0.003 0.002 
247 TMA-ZAIN-G-    (0)   :  0.003 0.003 0.003 0.002 0.003 0.002 0.002 0.970 0.003 0.002 0.003 0.002 0.002 
248 TMA-ZAIN-G-    (0)   :  0.003 0.003 0.004 0.003 0.004 0.003 0.003 0.959 0.004 0.005 0.003 0.003 0.004 
249 TMA-ZAIN-G-    (0)   :  0.003 0.002 0.003 0.003 0.004 0.002 0.003 0.965 0.003 0.004 0.003 0.003 0.002 
250 TMA-ZAIN-G-    (0)   :  0.003 0.003 0.003 0.003 0.003 0.002 0.002 0.968 0.002 0.003 0.003 0.002 0.002 
251 TMA-ZAIN-G-    (0)   :  0.008 0.004 0.004 0.004 0.004 0.004 0.005 0.002 0.004 0.005 0.005 0.947 0.004 
252 TMA-ZAIN-G-    (0)   :  0.004 0.024 0.002 0.006 0.007 0.010 0.004 0.004 0.041 0.004 0.003 0.864 0.028 
253 TMA-ZAIN-G-    (0)   :  0.005 0.005 0.003 0.004 0.003 0.010 0.005 0.005 0.004 0.005 0.003 0.945 0.004 
254 TMA-ZAIN-G-    (9)   :  0.007 0.009 0.003 0.008 0.004 0.024 0.007 0.004 0.013 0.005 0.005 0.903 0.009 
255 TMA-ZAIN-G-    (0)   :  0.005 0.006 0.021 0.004 0.003 0.007 0.008 0.004 0.005 0.004 0.003 0.926 0.004 
256 TMA-ZAIN-G-    (0)   :  0.021 0.005 0.006 0.008 0.006 0.007 0.008 0.015 0.009 0.026 0.004 0.878 0.007 
257 TMA-ZAIN-G-    (0)   :  0.013 0.003 0.004 0.004 0.005 0.003 0.004 0.005 0.003 0.013 0.003 0.937 0.003 
258 TMA-ZAIN-G-    (0)   :  0.006 0.004 0.002 0.003 0.003 0.004 0.003 0.004 0.003 0.005 0.003 0.958 0.003 
259 TMA-ZAIN-G-    (0)   :  0.021 0.005 0.005 0.004 0.004 0.003 0.003 0.006 0.003 0.005 0.005 0.932 0.003 
260 TMA-ZAIN-G-    (0)   :  0.016 0.008 0.005 0.004 0.004 0.003 0.003 0.004 0.004 0.007 0.005 0.934 0.004 
261 TMA-ZAIN-G-   (18)   :  0.021 0.010 0.006 0.007 0.005 0.006 0.005 0.003 0.006 0.008 0.013 0.905 0.005 
262 TMA-ZAIN-G-    (0)   :  0.009 0.003 0.003 0.004 0.004 0.003 0.004 0.003 0.003 0.005 0.003 0.953 0.003 
263 TMA-ZAIN-G-    (0)   :  0.008 0.003 0.004 0.003 0.004 0.004 0.005 0.003 0.003 0.004 0.004 0.951 0.003 
264 TMA-ZAIN-G-    (0)   :  0.008 0.004 0.004 0.003 0.004 0.006 0.007 0.003 0.004 0.005 0.004 0.945 0.004 
265 TMA-ZAIN-G-    (0)   :  0.418 0.025 0.006 0.024 0.244 0.020 0.011 0.018 0.051 0.011 0.021 0.141 0.011 
266 TMA-ZAIN-G-    (0)   :  0.021 0.019 0.011 0.106 0.012 0.029 0.011 0.006 0.030 0.048 0.081 0.612 0.013 
267 TMA-ZAIN-G-    (0)   :  0.252 0.017 0.379 0.010 0.014 0.007 0.018 0.024 0.031 0.007 0.073 0.149 0.019 
268 TMA-ZAIN-G-    (0)   :  0.005 0.003 0.955 0.003 0.004 0.003 0.008 0.003 0.003 0.002 0.004 0.003 0.003 
269 TMA-ZAIN-G-    (0)   :  0.014 0.003 0.932 0.003 0.008 0.003 0.012 0.003 0.004 0.004 0.007 0.004 0.004 
270 TMA-ZAIN-G-    (0)   :  0.030 0.003 0.919 0.003 0.007 0.004 0.009 0.004 0.004 0.003 0.006 0.004 0.004 
271 TMA-ZAIN-G-    (0)   :  0.008 0.003 0.946 0.003 0.004 0.003 0.010 0.004 0.004 0.003 0.006 0.003 0.003 
272 TMA-ZAIN-G-    (0)   :  0.011 0.003 0.938 0.003 0.008 0.003 0.008 0.004 0.003 0.003 0.007 0.003 0.004 
273 TMA-ZAIN-G-    (0)   :  0.006 0.002 0.944 0.003 0.013 0.002 0.008 0.006 0.003 0.003 0.004 0.003 0.003 
274 TMA-ZAIN-G-    (0)   :  0.007 0.007 0.888 0.014 0.011 0.006 0.010 0.005 0.006 0.022 0.008 0.007 0.009 
275 TMA-ZAIN-G-    (0)   :  0.003 0.002 0.962 0.003 0.005 0.003 0.004 0.004 0.003 0.003 0.004 0.002 0.002 
276 TMA-ZAIN-G-    (0)   :  0.004 0.004 0.951 0.003 0.004 0.005 0.006 0.005 0.005 0.003 0.003 0.002 0.005 
277 TMA-ZAIN-G-    (0)   :  0.004 0.005 0.925 0.003 0.006 0.005 0.008 0.019 0.006 0.005 0.004 0.005 0.007 
278 TMA-ZAIN-G-    (0)   :  0.008 0.002 0.949 0.003 0.005 0.002 0.004 0.011 0.003 0.003 0.004 0.004 0.003 
279 TMA-ZAIN-G-    (0)   :  0.004 0.002 0.947 0.004 0.010 0.003 0.005 0.006 0.003 0.004 0.006 0.003 0.003 
280 TMA-ZAIN-G-    (0)   :  0.005 0.002 0.901 0.007 0.023 0.005 0.026 0.006 0.005 0.006 0.008 0.003 0.003 
281 TMA-ZAIN-G-    (0)   :  0.006 0.002 0.931 0.004 0.009 0.004 0.015 0.008 0.004 0.005 0.005 0.004 0.003 
282 TMA-ZAIN-G-    (9)   :  0.005 0.002 0.950 0.003 0.005 0.003 0.007 0.009 0.003 0.002 0.004 0.004 0.002 
283 TMA-ZAIN-G-    (0)   :  0.033 0.006 0.681 0.009 0.038 0.014 0.036 0.010 0.008 0.004 0.033 0.115 0.014 
284 TMA-ZAIN-G-    (0)   :  0.053 0.004 0.578 0.014 0.058 0.019 0.063 0.008 0.011 0.006 0.036 0.141 0.009 
285 TMA-ZAIN-G-    (0)   :  0.008 0.016 0.797 0.016 0.018 0.014 0.018 0.017 0.006 0.007 0.017 0.039 0.026 
286 TMA-ZAIN-G-    (0)   :  0.008 0.002 0.945 0.003 0.006 0.003 0.008 0.007 0.003 0.003 0.005 0.006 0.003 
287 TMA-ZAIN-G-    (0)   :  0.006 0.006 0.928 0.007 0.005 0.004 0.007 0.008 0.003 0.008 0.005 0.005 0.008 
288 TMA-ZAIN-G-    (0)   :  0.009 0.008 0.790 0.029 0.023 0.010 0.020 0.004 0.012 0.035 0.035 0.009 0.016 
289 TMA-ZAIN-G-    (0)   :  0.008 0.008 0.900 0.009 0.008 0.005 0.009 0.005 0.006 0.014 0.010 0.006 0.012 
290 TMA-ZAIN-G-    (0)   :  0.007 0.003 0.814 0.011 0.019 0.009 0.083 0.004 0.009 0.011 0.020 0.007 0.005 
291 TMA-ZAIN-G-    (0)   :  0.009 0.003 0.013 0.006 0.895 0.005 0.011 0.007 0.004 0.005 0.031 0.009 0.004 
292 TMA-ZAIN-G-    (0)   :  0.010 0.006 0.015 0.092 0.028 0.104 0.012 0.016 0.490 0.027 0.011 0.004 0.184 
293 TMA-ZAIN-G-    (0)   :  0.061 0.034 0.004 0.083 0.015 0.050 0.004 0.034 0.636 0.027 0.014 0.021 0.017 
294 TMA-ZAIN-G-    (0)   :  0.008 0.007 0.003 0.007 0.003 0.008 0.003 0.004 0.920 0.004 0.004 0.004 0.026 
295 TMA-ZAIN-G-    (9)   :  0.010 0.009 0.005 0.008 0.005 0.010 0.003 0.005 0.879 0.004 0.010 0.005 0.046 
296 TMA-ZAIN-G-    (0)   :  0.031 0.005 0.005 0.032 0.009 0.018 0.009 0.004 0.809 0.044 0.012 0.008 0.013 
297 TMA-ZAIN-G-    (0)   :  0.022 0.026 0.009 0.082 0.009 0.439 0.005 0.006 0.168 0.124 0.015 0.024 0.070 
298 TMA-ZAIN-G-    (0)   :  0.147 0.009 0.012 0.011 0.010 0.023 0.008 0.005 0.216 0.004 0.009 0.013 0.534 
299 TMA-ZAIN-G-    (0)   :  0.003 0.006 0.004 0.008 0.006 0.017 0.004 0.005 0.019 0.005 0.003 0.003 0.918 
300 TMA-ZAIN-G-    (0)   :  0.011 0.056 0.005 0.043 0.006 0.010 0.003 0.007 0.520 0.010 0.013 0.006 0.311 
301 TMA-ZAIN-G-    (0)   :  0.014 0.028 0.004 0.050 0.008 0.031 0.004 0.012 0.071 0.031 0.008 0.004 0.735 
302 TMA-ZAIN-G-    (9)   :  0.010 0.006 0.003 0.029 0.005 0.051 0.004 0.003 0.750 0.013 0.005 0.004 0.118 
303 TMA-ZAIN-G-    (0)   :  0.008 0.002 0.007 0.015 0.864 0.005 0.010 0.003 0.004 0.049 0.010 0.020 0.003 
304 TMA-ZAIN-G-    (0)   :  0.015 0.108 0.008 0.107 0.006 0.097 0.013 0.008 0.058 0.035 0.018 0.514 0.013 
305 TMA-ZAIN-G-    (0)   :  0.012 0.013 0.003 0.020 0.003 0.016 0.003 0.004 0.895 0.011 0.007 0.005 0.007 
306 TMA-ZAIN-G-    (0)   :  0.007 0.016 0.028 0.031 0.009 0.025 0.091 0.013 0.388 0.021 0.010 0.348 0.013 
307 TMA-ZAIN-G-    (0)   :  0.012 0.283 0.009 0.119 0.005 0.060 0.010 0.013 0.096 0.013 0.013 0.357 0.009 
308 TMA-ZAIN-G-    (0)   :  0.015 0.011 0.016 0.006 0.102 0.003 0.025 0.015 0.006 0.013 0.076 0.707 0.005 
309 TMA-ZAIN-G-    (0)   :  0.005 0.007 0.003 0.896 0.004 0.013 0.003 0.002 0.016 0.022 0.004 0.003 0.020 
310 TMA-ZAIN-G-    (0)   :  0.062 0.013 0.015 0.043 0.014 0.078 0.005 0.014 0.356 0.004 0.015 0.010 0.372 
311 TMA-ZAIN-G-    (0)   :  0.102 0.008 0.014 0.059 0.018 0.426 0.034 0.002 0.177 0.018 0.025 0.028 0.088 
312 TMA-ZAIN-G-    (0)   :  0.006 0.010 0.005 0.761 0.011 0.023 0.005 0.005 0.068 0.020 0.037 0.009 0.040 
313 TMA-ZAIN-G-    (0)   :  0.029 0.030 0.006 0.071 0.004 0.058 0.012 0.003 0.097 0.025 0.011 0.487 0.165 
314 TMA-ZAIN-G-    (0)   :  0.018 0.006 0.412 0.027 0.028 0.007 0.191 0.004 0.012 0.011 0.265 0.011 0.009 
315 TMA-ZAIN-G-    (0)   :  0.036 0.022 0.334 0.036 0.016 0.028 0.005 0.014 0.168 0.007 0.016 0.016 0.301 
316 TMA-ZAIN-G-    (0)   :  0.029 0.027 0.364 0.036 0.029 0.037 0.008 0.010 0.151 0.006 0.023 0.017 0.264 
317 TMA-ZAIN-G-    (0)   :  0.011 0.004 0.054 0.006 0.683 0.010 0.051 0.008 0.005 0.011 0.104 0.015 0.037 
318 TMA-ZAIN-G-    (9)   :  0.053 0.010 0.371 0.006 0.078 0.004 0.288 0.072 0.013 0.011 0.042 0.039 0.014 
319 TMA-ZAIN-G-    (0)   :  0.023 0.003 0.091 0.011 0.384 0.004 0.016 0.012 0.006 0.418 0.022 0.006 0.004 
320 TMA-ZAIN-G-    (0)   :  0.011 0.020 0.004 0.030 0.427 0.053 0.005 0.010 0.153 0.010 0.008 0.004 0.264 
321 TMA-ZAIN-G-    (0)   :  0.016 0.015 0.049 0.257 0.014 0.067 0.023 0.007 0.160 0.008 0.354 0.006 0.025 
322 TMA-ZAIN-G-    (0)   :  0.026 0.035 0.008 0.117 0.173 0.121 0.065 0.006 0.154 0.007 0.196 0.064 0.027 
323 TMA-ZAIN-G-    (0)   :  0.007 0.026 0.007 0.033 0.808 0.011 0.008 0.010 0.008 0.057 0.008 0.010 0.007 
324 TMA-ZAIN-G-    (0)   :  0.028 0.015 0.004 0.027 0.008 0.582 0.007 0.007 0.231 0.043 0.021 0.020 0.007 
325 TMA-ZAIN-G-    (0)   :  0.012 0.006 0.005 0.015 0.829 0.010 0.004 0.068 0.012 0.005 0.021 0.006 0.008 
326 TMA-ZAIN-G-    (0)   :  0.005 0.006 0.003 0.026 0.575 0.010 0.002 0.004 0.008 0.331 0.008 0.018 0.004 
327 TMA-ZAIN-G-    (0)   :  0.009 0.034 0.003 0.064 0.004 0.006 0.003 0.003 0.008 0.841 0.007 0.010 0.007 
328 TMA-ZAIN-G-    (0)   :  0.017 0.203 0.104 0.077 0.214 0.027 0.195 0.011 0.016 0.073 0.036 0.013 0.013 
329 TMA-ZAIN-G-    (0)   :  0.072 0.105 0.004 0.199 0.009 0.056 0.005 0.008 0.053 0.059 0.022 0.017 0.390 
330 TMA-ZAIN-G-    (0)   :  0.015 0.071 0.003 0.692 0.006 0.024 0.004 0.002 0.058 0.021 0.019 0.033 0.052 
331 TMA-ZAIN-G-    (0)   :  0.290 0.005 0.008 0.442 0.017 0.010 0.008 0.013 0.090 0.008 0.009 0.019 0.081 
332 TMA-ZAIN-G-    (0)   :  0.003 0.010 0.002 0.518 0.003 0.077 0.002 0.003 0.011 0.348 0.006 0.005 0.012 
333 TMA-ZAIN-G-    (0)   :  0.003 0.003 0.002 0.008 0.004 0.005 0.003 0.002 0.003 0.955 0.003 0.005 0.004 
334 TMA-ZAIN-G-    (0)   :  0.009 0.002 0.944 0.003 0.007 0.003 0.006 0.007 0.003 0.003 0.005 0.004 0.003 
335 TMA-ZAIN-G-    (0)   :  0.007 0.004 0.953 0.003 0.003 0.003 0.003 0.005 0.004 0.003 0.005 0.003 0.004 
336 TMA-ZAIN-G-    (0)   :  0.051 0.004 0.879 0.005 0.009 0.005 0.006 0.009 0.006 0.004 0.010 0.005 0.007 
