

----------------------------------------------------
STRUCTURE by Pritchard, Stephens and Donnelly (2000)
     and Falush, Stephens and Pritchard (2003)
       Code by Pritchard, Falush and Hubisz
             Version 2.3.4 (Jul 2012)
----------------------------------------------------



Command line arguments:   bin\structure -m C:\Users\eschumacher\Documents\GitHub\GCC_QUAC_ZAIN\Data_Files\Structure_Files\ZAIN\ZAIN_rebinned_garden_wild_nopopinfo\50-50\mainparams -e C:\Users\eschumacher\Documents\GitHub\GCC_QUAC_ZAIN\Data_Files\Structure_Files\ZAIN\ZAIN_rebinned_garden_wild_nopopinfo\50-50\extraparams 
Input File:    C:\Users\eschumacher\Documents\GitHub\GCC_QUAC_ZAIN\Data_Files\Structure_Files\ZAIN\ZAIN_rebinned_garden_wild_nopopinfo\project_data

Run parameters:
   1133 individuals
   11 loci
   7 populations assumed
   50000 Burn-in period
   50000 Reps


--------------------------------------------
Overall proportion of membership of the
sample in each of the 7 clusters

Inferred Clusters
  1      2      3      4      5      6      7    
0.063  0.133  0.112  0.225  0.160  0.154  0.153  

--------------------------------------------

Allele-freq. divergence among pops (Net nucleotide distance),
computed using point estimates of P.

      1       2       3       4       5       6       7      
 1      -    0.3429  0.1755  0.0955  0.1465  0.2052  0.3192  
 2   0.3429     -    0.2101  0.2780  0.2718  0.1208  0.1435  
 3   0.1755  0.2101     -    0.1616  0.1166  0.0988  0.1426  
 4   0.0955  0.2780  0.1616     -    0.0868  0.1438  0.2127  
 5   0.1465  0.2718  0.1166  0.0868     -    0.1058  0.2100  
 6   0.2052  0.1208  0.0988  0.1438  0.1058     -    0.0901  
 7   0.3192  0.1435  0.1426  0.2127  0.2100  0.0901     -    

Average distances (expected heterozygosity) between individuals in same cluster:
cluster  1  : 0.3697 
cluster  2  : 0.4257 
cluster  3  : 0.4380 
cluster  4  : 0.4150 
cluster  5  : 0.4254 
cluster  6  : 0.5533 
cluster  7  : 0.4820 

--------------------------------------------
Estimated Ln Prob of Data   = -21820.8
Mean value of ln likelihood = -21369.3
Variance of ln likelihood   = 903.0
Mean value of alpha         = 0.0338

Mean value of Fst_1         = 0.4140
Mean value of Fst_2         = 0.4155
Mean value of Fst_3         = 0.4148
Mean value of Fst_4         = 0.2876
Mean value of Fst_5         = 0.3837
Mean value of Fst_6         = 0.1300
Mean value of Fst_7         = 0.3356


Inferred ancestry of individuals:
        Label (%Miss) :  Inferred clusters
  1 TMA-ZAIN-G-    (9)   :  0.016 0.006 0.022 0.016 0.066 0.062 0.812 
  2 TMA-ZAIN-G-    (0)   :  0.005 0.010 0.028 0.198 0.011 0.031 0.717 
  3 TMA-ZAIN-G-    (0)   :  0.230 0.004 0.017 0.462 0.269 0.009 0.010 
  4 TMA-ZAIN-G-    (0)   :  0.057 0.008 0.743 0.130 0.031 0.014 0.018 
  5 TMA-ZAIN-G-    (0)   :  0.003 0.006 0.005 0.003 0.002 0.004 0.977 
  6 TMA-ZAIN-G-    (0)   :  0.231 0.043 0.072 0.218 0.178 0.166 0.092 
  7 TMA-ZAIN-G-    (0)   :  0.011 0.007 0.026 0.659 0.265 0.019 0.014 
  8 TMA-ZAIN-G-    (0)   :  0.068 0.003 0.024 0.199 0.690 0.007 0.010 
  9 TMA-ZAIN-G-    (9)   :  0.051 0.005 0.006 0.826 0.087 0.013 0.011 
 10 TMA-ZAIN-G-    (0)   :  0.051 0.004 0.012 0.753 0.165 0.011 0.003 
 11 TMA-ZAIN-G-    (0)   :  0.007 0.006 0.008 0.819 0.148 0.007 0.005 
 12 TMA-ZAIN-G-    (0)   :  0.005 0.003 0.004 0.957 0.021 0.005 0.005 
 13 TMA-ZAIN-G-    (9)   :  0.020 0.096 0.023 0.442 0.341 0.032 0.046 
 14 TMA-ZAIN-G-    (9)   :  0.006 0.005 0.007 0.009 0.963 0.006 0.004 
 15 TMA-ZAIN-G-    (0)   :  0.007 0.002 0.005 0.006 0.971 0.005 0.004 
 16 TMA-ZAIN-G-    (0)   :  0.005 0.004 0.004 0.967 0.011 0.005 0.004 
 17 TMA-ZAIN-G-    (9)   :  0.008 0.021 0.036 0.021 0.842 0.056 0.016 
 18 TMA-ZAIN-G-    (0)   :  0.009 0.006 0.057 0.010 0.017 0.162 0.739 
 19 TMA-ZAIN-G-    (0)   :  0.005 0.009 0.006 0.016 0.023 0.927 0.013 
 20 TMA-ZAIN-G-    (0)   :  0.004 0.089 0.018 0.003 0.003 0.838 0.044 
 21 TMA-ZAIN-G-    (0)   :  0.006 0.975 0.005 0.004 0.003 0.004 0.003 
 22 TMA-ZAIN-G-    (0)   :  0.002 0.926 0.007 0.003 0.003 0.012 0.047 
 23 TMA-ZAIN-G-    (0)   :  0.004 0.916 0.005 0.008 0.008 0.041 0.018 
 24 TMA-ZAIN-G-    (9)   :  0.220 0.703 0.006 0.037 0.023 0.004 0.008 
 25 TMA-ZAIN-G-    (9)   :  0.005 0.011 0.004 0.053 0.007 0.815 0.105 
 26 TMA-ZAIN-G-    (9)   :  0.013 0.028 0.533 0.335 0.068 0.014 0.009 
 27 TMA-ZAIN-G-    (0)   :  0.009 0.013 0.018 0.007 0.036 0.865 0.052 
 28 TMA-ZAIN-G-    (0)   :  0.009 0.004 0.007 0.007 0.011 0.951 0.011 
 29 TMA-ZAIN-G-    (0)   :  0.727 0.004 0.013 0.004 0.006 0.243 0.003 
 30 TMA-ZAIN-G-    (0)   :  0.071 0.005 0.007 0.183 0.348 0.382 0.004 
 31 TMA-ZAIN-G-    (0)   :  0.006 0.013 0.046 0.006 0.004 0.011 0.914 
 32 TMA-ZAIN-G-    (9)   :  0.004 0.014 0.005 0.067 0.026 0.021 0.862 
 33 TMA-ZAIN-G-   (18)   :  0.027 0.003 0.004 0.809 0.144 0.006 0.007 
 34 TMA-ZAIN-G-    (0)   :  0.011 0.021 0.009 0.709 0.013 0.012 0.226 
 35 TMA-ZAIN-G-    (9)   :  0.083 0.004 0.012 0.748 0.116 0.017 0.020 
 36 TMA-ZAIN-G-    (0)   :  0.011 0.003 0.016 0.625 0.334 0.007 0.005 
 37 TMA-ZAIN-G-    (9)   :  0.024 0.006 0.015 0.903 0.031 0.012 0.009 
 38 TMA-ZAIN-G-   (18)   :  0.008 0.010 0.006 0.034 0.040 0.030 0.871 
 39 TMA-ZAIN-G-    (0)   :  0.011 0.005 0.009 0.959 0.009 0.005 0.003 
 40 TMA-ZAIN-G-    (0)   :  0.006 0.004 0.005 0.955 0.024 0.004 0.003 
 41 TMA-ZAIN-G-    (0)   :  0.010 0.003 0.005 0.325 0.648 0.006 0.003 
 42 TMA-ZAIN-G-    (9)   :  0.006 0.002 0.006 0.008 0.971 0.004 0.003 
 43 TMA-ZAIN-G-    (0)   :  0.010 0.003 0.010 0.005 0.964 0.004 0.004 
 44 TMA-ZAIN-G-    (0)   :  0.019 0.839 0.005 0.109 0.010 0.013 0.005 
 45 TMA-ZAIN-G-    (0)   :  0.006 0.006 0.010 0.875 0.089 0.008 0.006 
 46 TMA-ZAIN-G-    (0)   :  0.003 0.978 0.006 0.003 0.003 0.004 0.003 
 47 TMA-ZAIN-G-    (0)   :  0.005 0.003 0.977 0.004 0.004 0.004 0.003 
 48 TMA-ZAIN-G-    (0)   :  0.020 0.030 0.623 0.065 0.230 0.026 0.007 
 49 TMA-ZAIN-G-    (9)   :  0.044 0.005 0.011 0.018 0.005 0.899 0.018 
 50 TMA-ZAIN-G-    (0)   :  0.003 0.006 0.003 0.013 0.028 0.941 0.006 
 51 TMA-ZAIN-G-    (0)   :  0.006 0.009 0.024 0.009 0.047 0.898 0.007 
 52 TMA-ZAIN-G-    (0)   :  0.003 0.013 0.100 0.014 0.013 0.850 0.006 
 53 TMA-ZAIN-G-    (0)   :  0.006 0.010 0.176 0.012 0.029 0.625 0.143 
 54 TMA-ZAIN-G-    (0)   :  0.004 0.005 0.958 0.007 0.013 0.009 0.005 
 55 TMA-ZAIN-G-    (0)   :  0.003 0.009 0.904 0.009 0.041 0.029 0.005 
 56 TMA-ZAIN-G-    (0)   :  0.045 0.008 0.655 0.060 0.108 0.115 0.008 
 57 TMA-ZAIN-G-    (0)   :  0.009 0.004 0.951 0.010 0.005 0.013 0.007 
 58 TMA-ZAIN-G-    (0)   :  0.005 0.060 0.022 0.007 0.011 0.876 0.020 
 59 TMA-ZAIN-G-    (0)   :  0.042 0.036 0.059 0.109 0.043 0.042 0.669 
 60 TMA-ZAIN-G-    (0)   :  0.011 0.010 0.038 0.015 0.084 0.453 0.389 
 61 TMA-ZAIN-G-    (0)   :  0.003 0.023 0.018 0.004 0.003 0.009 0.941 
 62 TMA-ZAIN-G-    (9)   :  0.011 0.027 0.011 0.039 0.020 0.046 0.847 
 63 TMA-ZAIN-G-    (0)   :  0.003 0.007 0.012 0.005 0.006 0.010 0.957 
 64 TMA-ZAIN-G-    (0)   :  0.979 0.002 0.003 0.005 0.005 0.003 0.002 
 65 TMA-ZAIN-G-    (9)   :  0.968 0.003 0.006 0.009 0.007 0.003 0.004 
 66 TMA-ZAIN-G-    (0)   :  0.964 0.003 0.004 0.016 0.008 0.003 0.003 
 67 TMA-ZAIN-G-    (0)   :  0.916 0.013 0.005 0.045 0.007 0.011 0.004 
 68 TMA-ZAIN-G-    (0)   :  0.975 0.002 0.005 0.005 0.007 0.003 0.002 
 69 TMA-ZAIN-G-    (0)   :  0.846 0.027 0.013 0.062 0.011 0.020 0.021 
 70 TMA-ZAIN-G-    (0)   :  0.060 0.006 0.004 0.910 0.010 0.006 0.003 
 71 TMA-ZAIN-G-    (0)   :  0.005 0.004 0.003 0.976 0.005 0.004 0.003 
 72 TMA-ZAIN-G-    (0)   :  0.065 0.005 0.011 0.871 0.035 0.008 0.005 
 73 TMA-ZAIN-G-    (0)   :  0.008 0.040 0.014 0.872 0.006 0.036 0.024 
 74 TMA-ZAIN-G-    (0)   :  0.011 0.014 0.006 0.935 0.006 0.018 0.009 
 75 TMA-ZAIN-G-    (0)   :  0.007 0.004 0.010 0.957 0.008 0.008 0.005 
 76 TMA-ZAIN-G-    (0)   :  0.010 0.053 0.003 0.900 0.004 0.022 0.007 
 77 TMA-ZAIN-G-    (0)   :  0.010 0.009 0.008 0.939 0.021 0.009 0.003 
 78 TMA-ZAIN-G-    (0)   :  0.009 0.047 0.014 0.878 0.010 0.033 0.010 
 79 TMA-ZAIN-G-    (0)   :  0.006 0.029 0.017 0.909 0.019 0.014 0.005 
 80 TMA-ZAIN-G-    (0)   :  0.023 0.005 0.009 0.949 0.007 0.004 0.003 
 81 TMA-ZAIN-G-    (0)   :  0.005 0.009 0.011 0.952 0.011 0.010 0.004 
 82 TMA-ZAIN-G-    (0)   :  0.198 0.003 0.015 0.762 0.009 0.006 0.006 
 83 TMA-ZAIN-G-    (9)   :  0.163 0.032 0.025 0.663 0.010 0.023 0.083 
 84 TMA-ZAIN-G-    (0)   :  0.007 0.037 0.005 0.927 0.007 0.013 0.005 
 85 TMA-ZAIN-G-    (0)   :  0.006 0.020 0.803 0.010 0.009 0.130 0.021 
 86 TMA-ZAIN-G-    (0)   :  0.011 0.044 0.874 0.024 0.012 0.026 0.010 
 87 TMA-ZAIN-G-    (0)   :  0.006 0.217 0.656 0.013 0.008 0.061 0.039 
 88 TMA-ZAIN-G-    (0)   :  0.048 0.013 0.618 0.111 0.031 0.010 0.170 
 89 TMA-ZAIN-G-    (0)   :  0.017 0.018 0.889 0.034 0.018 0.006 0.019 
 90 TMA-ZAIN-G-    (0)   :  0.008 0.008 0.946 0.008 0.007 0.014 0.008 
 91 TMA-ZAIN-G-    (0)   :  0.007 0.007 0.933 0.009 0.010 0.012 0.023 
 92 TMA-ZAIN-G-    (0)   :  0.004 0.018 0.934 0.007 0.008 0.023 0.006 
 93 TMA-ZAIN-G-    (0)   :  0.006 0.009 0.931 0.005 0.008 0.024 0.017 
 94 TMA-ZAIN-G-    (0)   :  0.003 0.011 0.915 0.004 0.005 0.022 0.041 
 95 TMA-ZAIN-G-    (0)   :  0.021 0.007 0.005 0.016 0.033 0.909 0.009 
 96 TMA-ZAIN-G-    (0)   :  0.005 0.005 0.006 0.011 0.053 0.915 0.005 
 97 TMA-ZAIN-G-    (0)   :  0.006 0.006 0.010 0.006 0.005 0.012 0.955 
 98 TMA-ZAIN-G-    (0)   :  0.004 0.004 0.008 0.006 0.004 0.004 0.969 
 99 TMA-ZAIN-G-    (0)   :  0.029 0.015 0.004 0.081 0.023 0.008 0.840 
100 TMA-ZAIN-G-    (0)   :  0.004 0.017 0.026 0.004 0.005 0.019 0.925 
101 TMA-ZAIN-G-    (0)   :  0.006 0.006 0.009 0.011 0.005 0.008 0.956 
102 TMA-ZAIN-G-    (0)   :  0.014 0.199 0.015 0.054 0.043 0.066 0.609 
103 TMA-ZAIN-G-    (0)   :  0.005 0.016 0.009 0.014 0.010 0.026 0.920 
104 TMA-ZAIN-G-    (0)   :  0.002 0.006 0.004 0.003 0.004 0.006 0.974 
105 TMA-ZAIN-G-    (0)   :  0.006 0.007 0.011 0.018 0.011 0.020 0.927 
106 TMA-ZAIN-G-    (0)   :  0.040 0.004 0.006 0.256 0.687 0.005 0.003 
107 TMA-ZAIN-G-    (0)   :  0.011 0.003 0.005 0.963 0.010 0.004 0.004 
108 TMA-ZAIN-G-    (9)   :  0.017 0.048 0.025 0.241 0.193 0.052 0.425 
109 TMA-ZAIN-G-    (0)   :  0.280 0.005 0.048 0.084 0.167 0.039 0.378 
110 TMA-ZAIN-G-    (0)   :  0.012 0.152 0.031 0.429 0.183 0.117 0.077 
111 TMA-ZAIN-G-    (9)   :  0.020 0.088 0.037 0.122 0.013 0.061 0.659 
112 TMA-ZAIN-G-    (0)   :  0.027 0.043 0.029 0.165 0.277 0.128 0.332 
113 TMA-ZAIN-G-    (0)   :  0.010 0.008 0.016 0.016 0.005 0.005 0.941 
114 TMA-ZAIN-G-    (0)   :  0.003 0.011 0.005 0.003 0.002 0.005 0.971 
115 TMA-ZAIN-G-    (0)   :  0.003 0.005 0.003 0.004 0.003 0.005 0.976 
116 TMA-ZAIN-G-    (0)   :  0.030 0.003 0.013 0.934 0.008 0.004 0.009 
117 TMA-ZAIN-G-    (0)   :  0.285 0.004 0.077 0.288 0.315 0.021 0.009 
118 TMA-ZAIN-G-    (0)   :  0.045 0.003 0.011 0.911 0.017 0.007 0.006 
119 TMA-ZAIN-G-    (0)   :  0.052 0.007 0.012 0.890 0.008 0.011 0.020 
120 TMA-ZAIN-G-    (0)   :  0.041 0.004 0.016 0.875 0.040 0.014 0.010 
121 TMA-ZAIN-G-    (0)   :  0.281 0.003 0.032 0.582 0.066 0.011 0.024 
122 TMA-ZAIN-G-    (0)   :  0.045 0.007 0.037 0.851 0.039 0.018 0.005 
123 TMA-ZAIN-G-    (0)   :  0.004 0.007 0.005 0.005 0.006 0.011 0.961 
124 TMA-ZAIN-G-    (0)   :  0.005 0.003 0.004 0.015 0.962 0.006 0.005 
125 TMA-ZAIN-G-    (0)   :  0.040 0.002 0.046 0.011 0.893 0.005 0.003 
126 TMA-ZAIN-G-    (0)   :  0.006 0.003 0.008 0.013 0.963 0.004 0.004 
127 TMA-ZAIN-G-    (0)   :  0.007 0.003 0.004 0.011 0.968 0.004 0.003 
128 TMA-ZAIN-G-    (0)   :  0.059 0.003 0.007 0.021 0.900 0.005 0.005 
129 TMA-ZAIN-G-    (0)   :  0.007 0.003 0.005 0.014 0.960 0.004 0.007 
130 TMA-ZAIN-G-    (0)   :  0.010 0.002 0.024 0.014 0.938 0.005 0.007 
131 TMA-ZAIN-G-    (0)   :  0.005 0.003 0.005 0.010 0.967 0.007 0.004 
132 TMA-ZAIN-G-    (0)   :  0.098 0.003 0.033 0.060 0.796 0.006 0.004 
133 TMA-ZAIN-G-    (0)   :  0.100 0.015 0.048 0.094 0.721 0.019 0.003 
134 TMA-ZAIN-G-    (0)   :  0.059 0.009 0.027 0.066 0.830 0.006 0.004 
135 TMA-ZAIN-G-    (0)   :  0.022 0.004 0.011 0.912 0.043 0.004 0.004 
136 TMA-ZAIN-G-    (0)   :  0.734 0.005 0.014 0.198 0.035 0.005 0.009 
137 TMA-ZAIN-G-    (0)   :  0.007 0.004 0.006 0.961 0.012 0.004 0.006 
138 TMA-ZAIN-G-    (0)   :  0.019 0.003 0.018 0.593 0.360 0.003 0.005 
139 TMA-ZAIN-G-    (0)   :  0.016 0.004 0.062 0.819 0.092 0.004 0.004 
140 TMA-ZAIN-G-    (0)   :  0.010 0.004 0.004 0.948 0.025 0.006 0.003 
141 TMA-ZAIN-G-    (0)   :  0.007 0.004 0.008 0.918 0.053 0.006 0.005 
142 TMA-ZAIN-G-    (9)   :  0.011 0.003 0.005 0.952 0.021 0.005 0.004 
143 TMA-ZAIN-G-    (0)   :  0.018 0.003 0.005 0.893 0.069 0.006 0.004 
144 TMA-ZAIN-G-    (0)   :  0.007 0.005 0.021 0.920 0.032 0.011 0.004 
145 TMA-ZAIN-G-    (0)   :  0.292 0.002 0.013 0.667 0.018 0.005 0.003 
146 TMA-ZAIN-G-    (0)   :  0.006 0.003 0.004 0.975 0.006 0.003 0.003 
147 TMA-ZAIN-G-    (9)   :  0.011 0.003 0.005 0.967 0.007 0.004 0.003 
148 TMA-ZAIN-G-    (0)   :  0.005 0.003 0.027 0.872 0.086 0.004 0.003 
149 TMA-ZAIN-G-    (0)   :  0.007 0.019 0.085 0.797 0.046 0.016 0.028 
150 TMA-ZAIN-G-    (0)   :  0.039 0.017 0.080 0.809 0.017 0.012 0.027 
151 TMA-ZAIN-G-    (0)   :  0.019 0.002 0.005 0.930 0.036 0.004 0.004 
152 TMA-ZAIN-G-    (0)   :  0.009 0.002 0.006 0.965 0.010 0.004 0.004 
153 TMA-ZAIN-G-    (0)   :  0.015 0.002 0.010 0.919 0.046 0.004 0.003 
154 TMA-ZAIN-G-    (0)   :  0.006 0.002 0.006 0.969 0.009 0.003 0.004 
155 TMA-ZAIN-G-    (0)   :  0.010 0.003 0.003 0.961 0.014 0.004 0.005 
156 TMA-ZAIN-G-    (9)   :  0.005 0.003 0.012 0.862 0.103 0.004 0.011 
157 TMA-ZAIN-G-    (0)   :  0.011 0.003 0.007 0.799 0.169 0.004 0.006 
158 TMA-ZAIN-G-    (0)   :  0.005 0.003 0.005 0.972 0.007 0.005 0.003 
159 TMA-ZAIN-G-    (0)   :  0.010 0.002 0.004 0.971 0.005 0.003 0.004 
160 TMA-ZAIN-G-    (0)   :  0.014 0.003 0.006 0.966 0.004 0.003 0.005 
161 TMA-ZAIN-G-    (0)   :  0.006 0.003 0.014 0.927 0.041 0.005 0.003 
162 TMA-ZAIN-G-    (0)   :  0.007 0.017 0.019 0.909 0.007 0.010 0.032 
163 TMA-ZAIN-G-    (0)   :  0.005 0.002 0.004 0.975 0.006 0.003 0.004 
164 TMA-ZAIN-G-    (0)   :  0.009 0.003 0.008 0.963 0.007 0.004 0.005 
165 TMA-ZAIN-G-    (0)   :  0.008 0.003 0.004 0.971 0.007 0.003 0.005 
166 TMA-ZAIN-G-    (0)   :  0.008 0.002 0.006 0.967 0.009 0.003 0.003 
167 TMA-ZAIN-G-    (0)   :  0.005 0.005 0.006 0.950 0.022 0.007 0.005 
168 TMA-ZAIN-G-    (0)   :  0.027 0.003 0.006 0.930 0.023 0.006 0.006 
169 TMA-ZAIN-G-    (0)   :  0.293 0.003 0.007 0.678 0.009 0.004 0.005 
170 TMA-ZAIN-G-    (0)   :  0.027 0.010 0.004 0.767 0.154 0.022 0.016 
171 TMA-ZAIN-G-    (0)   :  0.043 0.003 0.005 0.937 0.005 0.003 0.003 
172 TMA-ZAIN-G-    (0)   :  0.007 0.004 0.004 0.334 0.640 0.007 0.004 
173 TMA-ZAIN-G-    (0)   :  0.009 0.004 0.005 0.157 0.812 0.008 0.003 
174 TMA-ZAIN-G-    (0)   :  0.087 0.002 0.008 0.781 0.114 0.005 0.003 
175 TMA-ZAIN-G-    (0)   :  0.011 0.003 0.005 0.966 0.007 0.004 0.003 
176 TMA-ZAIN-G-    (0)   :  0.006 0.003 0.005 0.971 0.007 0.004 0.003 
177 TMA-ZAIN-G-    (0)   :  0.005 0.003 0.004 0.955 0.025 0.004 0.004 
178 TMA-ZAIN-G-    (0)   :  0.006 0.004 0.004 0.466 0.505 0.008 0.006 
179 TMA-ZAIN-G-    (0)   :  0.009 0.003 0.005 0.905 0.071 0.005 0.003 
180 TMA-ZAIN-G-    (0)   :  0.106 0.008 0.020 0.046 0.805 0.009 0.005 
181 TMA-ZAIN-G-    (0)   :  0.007 0.002 0.004 0.016 0.962 0.004 0.004 
182 TMA-ZAIN-G-    (0)   :  0.003 0.003 0.006 0.012 0.966 0.004 0.006 
183 TMA-ZAIN-G-    (0)   :  0.005 0.003 0.004 0.013 0.968 0.004 0.004 
184 TMA-ZAIN-G-    (0)   :  0.012 0.019 0.031 0.055 0.816 0.017 0.050 
185 TMA-ZAIN-G-    (0)   :  0.012 0.037 0.045 0.081 0.755 0.051 0.020 
186 TMA-ZAIN-G-    (9)   :  0.013 0.006 0.007 0.048 0.906 0.017 0.004 
187 TMA-ZAIN-G-    (0)   :  0.022 0.004 0.003 0.088 0.874 0.006 0.004 
188 TMA-ZAIN-G-    (0)   :  0.022 0.003 0.004 0.107 0.856 0.004 0.004 
189 TMA-ZAIN-G-    (0)   :  0.013 0.003 0.003 0.011 0.966 0.003 0.002 
190 TMA-ZAIN-G-    (0)   :  0.030 0.003 0.005 0.060 0.892 0.008 0.003 
191 TMA-ZAIN-G-    (0)   :  0.007 0.035 0.016 0.038 0.868 0.015 0.020 
192 TMA-ZAIN-G-    (0)   :  0.005 0.013 0.007 0.017 0.949 0.005 0.004 
193 TMA-ZAIN-G-    (0)   :  0.004 0.003 0.007 0.004 0.975 0.004 0.003 
194 TMA-ZAIN-G-    (0)   :  0.005 0.004 0.011 0.004 0.967 0.006 0.003 
195 TMA-ZAIN-G-    (0)   :  0.010 0.002 0.006 0.012 0.961 0.005 0.003 
196 TMA-ZAIN-G-    (0)   :  0.007 0.002 0.005 0.005 0.973 0.004 0.003 
197 TMA-ZAIN-G-    (0)   :  0.009 0.003 0.011 0.007 0.963 0.004 0.004 
198 TMA-ZAIN-G-    (0)   :  0.007 0.003 0.006 0.006 0.971 0.004 0.003 
199 TMA-ZAIN-G-    (0)   :  0.008 0.005 0.008 0.050 0.917 0.009 0.003 
200 TMA-ZAIN-G-    (0)   :  0.003 0.919 0.004 0.003 0.013 0.041 0.018 
201 TMA-ZAIN-G-    (0)   :  0.004 0.966 0.004 0.004 0.004 0.012 0.006 
202 TMA-ZAIN-G-    (0)   :  0.003 0.940 0.003 0.005 0.020 0.015 0.014 
203 TMA-ZAIN-G-    (0)   :  0.004 0.003 0.006 0.008 0.967 0.004 0.007 
204 TMA-ZAIN-G-    (9)   :  0.012 0.913 0.035 0.010 0.007 0.017 0.005 
205 TMA-ZAIN-G-    (0)   :  0.009 0.801 0.015 0.132 0.009 0.027 0.007 
206 TMA-ZAIN-G-    (9)   :  0.014 0.859 0.023 0.015 0.043 0.030 0.015 
207 TMA-ZAIN-G-    (9)   :  0.105 0.010 0.125 0.660 0.022 0.064 0.014 
208 TMA-ZAIN-G-    (0)   :  0.050 0.003 0.004 0.928 0.008 0.004 0.002 
209 TMA-ZAIN-G-    (0)   :  0.013 0.003 0.032 0.096 0.849 0.004 0.003 
210 TMA-ZAIN-G-    (0)   :  0.082 0.003 0.015 0.124 0.766 0.006 0.004 
211 TMA-ZAIN-G-    (0)   :  0.038 0.024 0.014 0.224 0.661 0.029 0.011 
212 TMA-ZAIN-G-    (0)   :  0.025 0.006 0.014 0.558 0.385 0.008 0.004 
213 TMA-ZAIN-G-    (0)   :  0.007 0.004 0.012 0.719 0.250 0.005 0.003 
214 TMA-ZAIN-G-    (0)   :  0.069 0.003 0.008 0.436 0.476 0.005 0.003 
215 TMA-ZAIN-G-    (0)   :  0.010 0.010 0.003 0.643 0.058 0.273 0.004 
216 TMA-ZAIN-G-    (0)   :  0.009 0.006 0.007 0.107 0.859 0.009 0.003 
217 TMA-ZAIN-G-    (0)   :  0.169 0.003 0.008 0.348 0.464 0.003 0.004 
218 TMA-ZAIN-G-    (0)   :  0.011 0.004 0.005 0.005 0.006 0.964 0.005 
219 TMA-ZAIN-G-    (0)   :  0.003 0.013 0.009 0.004 0.005 0.961 0.005 
220 TMA-ZAIN-G-    (0)   :  0.013 0.004 0.010 0.021 0.006 0.877 0.068 
221 TMA-ZAIN-G-    (0)   :  0.007 0.022 0.008 0.011 0.019 0.929 0.005 
222 TMA-ZAIN-G-    (0)   :  0.014 0.009 0.018 0.014 0.007 0.902 0.036 
223 TMA-ZAIN-G-    (0)   :  0.004 0.011 0.006 0.003 0.003 0.966 0.007 
224 TMA-ZAIN-G-    (0)   :  0.005 0.017 0.016 0.005 0.016 0.927 0.014 
225 TMA-ZAIN-G-    (0)   :  0.002 0.009 0.005 0.004 0.007 0.961 0.011 
226 TMA-ZAIN-G-    (0)   :  0.005 0.010 0.006 0.007 0.010 0.946 0.016 
227 TMA-ZAIN-G-    (0)   :  0.004 0.026 0.004 0.008 0.012 0.935 0.011 
228 TMA-ZAIN-G-    (0)   :  0.008 0.010 0.008 0.016 0.007 0.936 0.016 
229 TMA-ZAIN-G-    (0)   :  0.010 0.077 0.007 0.004 0.003 0.869 0.030 
230 TMA-ZAIN-G-    (0)   :  0.018 0.008 0.052 0.031 0.063 0.789 0.039 
231 TMA-ZAIN-G-    (0)   :  0.014 0.557 0.030 0.075 0.016 0.162 0.146 
232 TMA-ZAIN-G-    (9)   :  0.060 0.527 0.014 0.024 0.037 0.078 0.260 
233 TMA-ZAIN-G-    (0)   :  0.037 0.025 0.017 0.014 0.010 0.892 0.005 
234 TMA-ZAIN-G-    (0)   :  0.007 0.055 0.021 0.009 0.006 0.616 0.286 
235 TMA-ZAIN-G-    (0)   :  0.005 0.023 0.010 0.028 0.046 0.771 0.117 
236 TMA-ZAIN-G-    (0)   :  0.007 0.065 0.008 0.014 0.018 0.808 0.080 
237 TMA-ZAIN-G-    (0)   :  0.031 0.015 0.027 0.169 0.043 0.488 0.226 
238 TMA-ZAIN-G-    (0)   :  0.005 0.031 0.005 0.030 0.016 0.851 0.062 
239 TMA-ZAIN-G-    (0)   :  0.028 0.764 0.053 0.005 0.138 0.005 0.006 
240 TMA-ZAIN-G-    (0)   :  0.003 0.976 0.007 0.004 0.003 0.004 0.004 
241 TMA-ZAIN-G-    (0)   :  0.005 0.970 0.005 0.009 0.004 0.004 0.004 
242 TMA-ZAIN-G-    (0)   :  0.005 0.973 0.004 0.007 0.004 0.004 0.003 
243 TMA-ZAIN-G-    (0)   :  0.008 0.964 0.005 0.010 0.005 0.004 0.003 
244 TMA-ZAIN-G-    (0)   :  0.009 0.958 0.004 0.017 0.004 0.004 0.004 
245 TMA-ZAIN-G-    (9)   :  0.002 0.981 0.003 0.003 0.003 0.003 0.004 
246 TMA-ZAIN-G-    (0)   :  0.003 0.981 0.004 0.003 0.003 0.004 0.002 
247 TMA-ZAIN-G-    (0)   :  0.006 0.976 0.004 0.004 0.003 0.004 0.002 
248 TMA-ZAIN-G-    (0)   :  0.005 0.967 0.004 0.006 0.008 0.006 0.004 
249 TMA-ZAIN-G-    (0)   :  0.003 0.977 0.003 0.003 0.005 0.005 0.003 
250 TMA-ZAIN-G-    (0)   :  0.006 0.975 0.004 0.003 0.004 0.005 0.002 
251 TMA-ZAIN-G-    (0)   :  0.004 0.003 0.974 0.004 0.005 0.005 0.005 
252 TMA-ZAIN-G-    (0)   :  0.050 0.003 0.880 0.047 0.009 0.007 0.004 
253 TMA-ZAIN-G-    (0)   :  0.006 0.004 0.971 0.006 0.004 0.003 0.006 
254 TMA-ZAIN-G-    (9)   :  0.014 0.003 0.949 0.015 0.006 0.005 0.008 
255 TMA-ZAIN-G-    (0)   :  0.008 0.015 0.952 0.006 0.004 0.004 0.011 
256 TMA-ZAIN-G-    (0)   :  0.005 0.007 0.962 0.007 0.009 0.004 0.006 
257 TMA-ZAIN-G-    (0)   :  0.003 0.004 0.977 0.003 0.006 0.004 0.004 
258 TMA-ZAIN-G-    (0)   :  0.004 0.003 0.979 0.003 0.004 0.003 0.003 
259 TMA-ZAIN-G-    (0)   :  0.005 0.005 0.975 0.003 0.005 0.004 0.003 
260 TMA-ZAIN-G-    (0)   :  0.008 0.004 0.972 0.004 0.005 0.004 0.004 
261 TMA-ZAIN-G-   (18)   :  0.012 0.004 0.961 0.005 0.007 0.007 0.005 
262 TMA-ZAIN-G-    (0)   :  0.003 0.003 0.980 0.003 0.004 0.004 0.004 
263 TMA-ZAIN-G-    (0)   :  0.004 0.003 0.975 0.004 0.004 0.004 0.006 
264 TMA-ZAIN-G-    (0)   :  0.004 0.003 0.971 0.004 0.004 0.004 0.008 
265 TMA-ZAIN-G-    (0)   :  0.037 0.015 0.696 0.023 0.021 0.191 0.016 
266 TMA-ZAIN-G-    (0)   :  0.025 0.010 0.720 0.036 0.162 0.028 0.019 
267 TMA-ZAIN-G-    (0)   :  0.016 0.308 0.570 0.015 0.010 0.060 0.020 
268 TMA-ZAIN-G-    (0)   :  0.004 0.918 0.006 0.004 0.003 0.007 0.058 
269 TMA-ZAIN-G-    (0)   :  0.005 0.660 0.009 0.006 0.005 0.030 0.285 
270 TMA-ZAIN-G-    (0)   :  0.005 0.889 0.010 0.006 0.005 0.020 0.066 
271 TMA-ZAIN-G-    (0)   :  0.004 0.944 0.006 0.005 0.004 0.008 0.030 
272 TMA-ZAIN-G-    (0)   :  0.003 0.908 0.005 0.005 0.004 0.051 0.024 
273 TMA-ZAIN-G-    (0)   :  0.002 0.948 0.004 0.003 0.003 0.022 0.019 
274 TMA-ZAIN-G-    (0)   :  0.010 0.874 0.010 0.013 0.036 0.026 0.030 
275 TMA-ZAIN-G-    (0)   :  0.002 0.975 0.003 0.003 0.004 0.006 0.007 
276 TMA-ZAIN-G-    (0)   :  0.003 0.974 0.003 0.004 0.003 0.004 0.008 
277 TMA-ZAIN-G-    (0)   :  0.005 0.967 0.006 0.004 0.004 0.006 0.008 
278 TMA-ZAIN-G-    (0)   :  0.003 0.975 0.005 0.003 0.003 0.006 0.005 
279 TMA-ZAIN-G-    (0)   :  0.003 0.955 0.004 0.005 0.006 0.016 0.012 
280 TMA-ZAIN-G-    (0)   :  0.003 0.817 0.004 0.005 0.009 0.058 0.103 
281 TMA-ZAIN-G-    (0)   :  0.003 0.934 0.005 0.004 0.006 0.012 0.037 
282 TMA-ZAIN-G-    (9)   :  0.003 0.966 0.005 0.004 0.003 0.007 0.013 
283 TMA-ZAIN-G-    (0)   :  0.007 0.622 0.145 0.016 0.008 0.113 0.088 
284 TMA-ZAIN-G-    (0)   :  0.004 0.439 0.171 0.016 0.009 0.174 0.187 
285 TMA-ZAIN-G-    (0)   :  0.028 0.827 0.035 0.024 0.023 0.026 0.037 
286 TMA-ZAIN-G-    (0)   :  0.003 0.940 0.008 0.003 0.003 0.010 0.033 
287 TMA-ZAIN-G-    (0)   :  0.009 0.933 0.006 0.007 0.012 0.008 0.026 
288 TMA-ZAIN-G-    (0)   :  0.013 0.605 0.014 0.023 0.066 0.166 0.113 
289 TMA-ZAIN-G-    (0)   :  0.016 0.902 0.009 0.012 0.022 0.017 0.023 
290 TMA-ZAIN-G-    (0)   :  0.003 0.451 0.009 0.008 0.014 0.077 0.438 
291 TMA-ZAIN-G-    (0)   :  0.003 0.014 0.008 0.004 0.005 0.955 0.010 
292 TMA-ZAIN-G-    (0)   :  0.007 0.012 0.005 0.901 0.048 0.017 0.008 
293 TMA-ZAIN-G-    (0)   :  0.027 0.007 0.017 0.885 0.047 0.014 0.004 
294 TMA-ZAIN-G-    (0)   :  0.015 0.004 0.007 0.960 0.006 0.004 0.003 
295 TMA-ZAIN-G-    (9)   :  0.019 0.007 0.008 0.942 0.009 0.011 0.004 
296 TMA-ZAIN-G-    (0)   :  0.006 0.007 0.012 0.903 0.048 0.012 0.012 
297 TMA-ZAIN-G-    (0)   :  0.032 0.006 0.023 0.821 0.105 0.008 0.006 
298 TMA-ZAIN-G-    (0)   :  0.011 0.022 0.050 0.881 0.008 0.017 0.011 
299 TMA-ZAIN-G-    (0)   :  0.013 0.008 0.003 0.959 0.006 0.006 0.004 
300 TMA-ZAIN-G-    (0)   :  0.100 0.007 0.007 0.841 0.031 0.010 0.003 
301 TMA-ZAIN-G-    (0)   :  0.025 0.008 0.008 0.895 0.052 0.006 0.005 
302 TMA-ZAIN-G-    (9)   :  0.006 0.003 0.006 0.938 0.037 0.005 0.004 
303 TMA-ZAIN-G-    (0)   :  0.002 0.006 0.037 0.005 0.069 0.865 0.015 
304 TMA-ZAIN-G-    (0)   :  0.200 0.008 0.570 0.060 0.130 0.010 0.021 
305 TMA-ZAIN-G-    (0)   :  0.019 0.004 0.009 0.940 0.019 0.005 0.004 
306 TMA-ZAIN-G-    (0)   :  0.023 0.030 0.373 0.346 0.065 0.014 0.149 
307 TMA-ZAIN-G-    (0)   :  0.444 0.014 0.393 0.047 0.083 0.007 0.013 
308 TMA-ZAIN-G-    (0)   :  0.015 0.020 0.813 0.004 0.008 0.113 0.026 
309 TMA-ZAIN-G-    (0)   :  0.010 0.003 0.003 0.034 0.942 0.004 0.003 
310 TMA-ZAIN-G-    (0)   :  0.012 0.027 0.018 0.916 0.007 0.014 0.006 
311 TMA-ZAIN-G-    (0)   :  0.007 0.010 0.062 0.796 0.055 0.030 0.041 
312 TMA-ZAIN-G-    (0)   :  0.015 0.006 0.011 0.176 0.757 0.030 0.004 
313 TMA-ZAIN-G-    (0)   :  0.034 0.005 0.765 0.105 0.074 0.006 0.012 
314 TMA-ZAIN-G-    (0)   :  0.014 0.213 0.020 0.011 0.021 0.408 0.312 
315 TMA-ZAIN-G-    (0)   :  0.107 0.405 0.019 0.393 0.025 0.046 0.007 
316 TMA-ZAIN-G-    (0)   :  0.086 0.406 0.018 0.357 0.023 0.099 0.011 
317 TMA-ZAIN-G-    (0)   :  0.004 0.021 0.013 0.009 0.006 0.907 0.040 
318 TMA-ZAIN-G-    (9)   :  0.010 0.449 0.044 0.008 0.007 0.131 0.350 
319 TMA-ZAIN-G-    (0)   :  0.004 0.063 0.011 0.007 0.191 0.710 0.014 
320 TMA-ZAIN-G-    (0)   :  0.028 0.009 0.006 0.462 0.029 0.461 0.007 
321 TMA-ZAIN-G-    (0)   :  0.049 0.107 0.015 0.397 0.209 0.151 0.072 
322 TMA-ZAIN-G-    (0)   :  0.056 0.007 0.076 0.254 0.065 0.483 0.060 
323 TMA-ZAIN-G-    (0)   :  0.017 0.013 0.012 0.008 0.043 0.900 0.007 
324 TMA-ZAIN-G-    (0)   :  0.028 0.004 0.027 0.877 0.046 0.010 0.008 
325 TMA-ZAIN-G-    (0)   :  0.006 0.052 0.007 0.012 0.010 0.908 0.004 
326 TMA-ZAIN-G-    (0)   :  0.008 0.003 0.037 0.012 0.310 0.627 0.003 
327 TMA-ZAIN-G-    (0)   :  0.010 0.003 0.018 0.005 0.957 0.004 0.003 
328 TMA-ZAIN-G-    (0)   :  0.253 0.091 0.017 0.018 0.134 0.185 0.301 
329 TMA-ZAIN-G-    (0)   :  0.116 0.010 0.043 0.441 0.371 0.014 0.005 
330 TMA-ZAIN-G-    (0)   :  0.104 0.003 0.039 0.165 0.671 0.013 0.005 
331 TMA-ZAIN-G-    (0)   :  0.010 0.061 0.162 0.417 0.265 0.056 0.029 
332 TMA-ZAIN-G-    (0)   :  0.008 0.002 0.004 0.015 0.965 0.004 0.002 
333 TMA-ZAIN-G-    (0)   :  0.004 0.002 0.007 0.004 0.976 0.004 0.003 
334 TMA-ZAIN-G-    (0)   :  0.003 0.962 0.007 0.004 0.003 0.009 0.012 
335 TMA-ZAIN-G-    (0)   :  0.005 0.973 0.005 0.005 0.004 0.005 0.003 
336 TMA-ZAIN-G-    (0)   :  0.006 0.937 0.012 0.009 0.008 0.015 0.012 
337 TMA-ZAIN-G-    (9)   :  0.004 0.872 0.007 0.007 0.004 0.030 0.076 
338 TMA-ZAIN-G-    (0)   :  0.003 0.945 0.006 0.004 0.003 0.008 0.030 
339 TMA-ZAIN-G-    (0)   :  0.002 0.971 0.004 0.002 0.002 0.005 0.014 
340 TMA-ZAIN-G-    (0)   :  0.003 0.977 0.003 0.003 0.003 0.005 0.006 
341 TMA-ZAIN-G-    (0)   :  0.004 0.971 0.003 0.004 0.004 0.005 0.008 
342 TMA-ZAIN-G-    (0)   :  0.004 0.967 0.005 0.005 0.004 0.006 0.009 
343 TMA-ZAIN-G-    (0)   :  0.002 0.957 0.003 0.003 0.004 0.006 0.025 
344 TMA-ZAIN-G-    (0)   :  0.003 0.962 0.005 0.005 0.006 0.013 0.007 
345 TMA-ZAIN-G-    (0)   :  0.003 0.979 0.004 0.003 0.003 0.004 0.005 
346 TMA-ZAIN-G-    (0)   :  0.003 0.930 0.005 0.008 0.010 0.015 0.028 
347 TMA-ZAIN-G-    (9)   :  0.003 0.973 0.003 0.003 0.003 0.006 0.008 
348 TMA-ZAIN-G-    (0)   :  0.004 0.944 0.009 0.005 0.005 0.015 0.018 
349 TMA-ZAIN-G-    (0)   :  0.004 0.963 0.005 0.004 0.003 0.006 0.015 
350 TMA-ZAIN-G-    (0)   :  0.004 0.876 0.006 0.007 0.009 0.072 0.027 
351 TMA-ZAIN-G-    (0)   :  0.004 0.968 0.005 0.003 0.004 0.009 0.007 
352 TMA-ZAIN-G-    (0)   :  0.007 0.959 0.008 0.008 0.005 0.007 0.007 
353 TMA-ZAIN-G-    (0)   :  0.003 0.907 0.005 0.007 0.013 0.024 0.041 
354 TMA-ZAIN-G-    (0)   :  0.002 0.963 0.003 0.005 0.007 0.012 0.007 
355 TMA-ZAIN-G-    (0)   :  0.004 0.951 0.004 0.009 0.011 0.008 0.013 
356 TMA-ZAIN-G-    (0)   :  0.188 0.002 0.017 0.773 0.003 0.013 0.003 
357 TMA-ZAIN-G-    (0)   :  0.073 0.004 0.015 0.440 0.440 0.012 0.015 
358 TMA-ZAIN-G-    (0)   :  0.262 0.027 0.031 0.276 0.282 0.045 0.078 
359 TMA-ZAIN-G-    (0)   :  0.369 0.022 0.103 0.434 0.007 0.053 0.012 
360 TMA-ZAIN-G-    (0)   :  0.019 0.003 0.005 0.960 0.005 0.004 0.003 
361 TMA-ZAIN-G-    (0)   :  0.029 0.003 0.012 0.238 0.695 0.010 0.012 
362 TMA-ZAIN-G-    (0)   :  0.008 0.012 0.004 0.959 0.005 0.007 0.005 
363 TMA-ZAIN-G-    (0)   :  0.023 0.014 0.023 0.416 0.475 0.044 0.005 
364 TMA-ZAIN-G-    (0)   :  0.014 0.015 0.018 0.022 0.018 0.721 0.192 
365 TMA-ZAIN-G-    (0)   :  0.047 0.151 0.005 0.679 0.028 0.077 0.013 
366 TMA-ZAIN-G-    (0)   :  0.189 0.006 0.019 0.768 0.009 0.005 0.004 
367 TMA-ZAIN-G-    (0)   :  0.011 0.006 0.090 0.083 0.660 0.025 0.124 
368 TMA-ZAIN-G-    (0)   :  0.166 0.005 0.014 0.779 0.025 0.006 0.005 
369 TMA-ZAIN-G-    (0)   :  0.042 0.003 0.005 0.027 0.915 0.004 0.003 
370 TMA-ZAIN-G-    (0)   :  0.017 0.003 0.005 0.171 0.786 0.009 0.009 
371 TMA-ZAIN-G-    (0)   :  0.027 0.003 0.005 0.948 0.007 0.004 0.005 
372 TMA-ZAIN-G-    (0)   :  0.022 0.003 0.006 0.948 0.013 0.003 0.004 
373 TMA-ZAIN-G-    (0)   :  0.005 0.003 0.005 0.004 0.976 0.005 0.003 
374 TMA-ZAIN-G-    (0)   :  0.007 0.009 0.164 0.044 0.400 0.058 0.317 
375 TMA-ZAIN-G-    (0)   :  0.010 0.009 0.007 0.027 0.183 0.726 0.038 
376 TMA-ZAIN-G-    (9)   :  0.005 0.003 0.003 0.973 0.008 0.004 0.005 
377 TMA-ZAIN-G-    (0)   :  0.016 0.002 0.004 0.963 0.008 0.003 0.003 
378 TMA-ZAIN-G-    (0)   :  0.012 0.002 0.004 0.968 0.008 0.003 0.004 
379 TMA-ZAIN-G-    (0)   :  0.015 0.002 0.009 0.957 0.010 0.003 0.004 
380 TMA-ZAIN-G-    (0)   :  0.073 0.003 0.007 0.900 0.011 0.004 0.003 
381 TMA-ZAIN-G-    (9)   :  0.136 0.013 0.092 0.109 0.039 0.600 0.011 
382 TMA-ZAIN-G-    (9)   :  0.004 0.060 0.010 0.008 0.009 0.211 0.699 
383    ZFB01    (0)   :  0.004 0.008 0.004 0.005 0.004 0.003 0.972 
384    ZFB02    (0)   :  0.003 0.035 0.008 0.004 0.003 0.005 0.943 
385    ZFB03    (0)   :  0.003 0.005 0.005 0.005 0.007 0.009 0.968 
386    ZFB04    (0)   :  0.003 0.034 0.006 0.005 0.003 0.005 0.943 
387    ZFB05    (0)   :  0.010 0.133 0.011 0.003 0.008 0.048 0.786 
388    ZFB06    (0)   :  0.012 0.049 0.007 0.003 0.009 0.035 0.884 
389    ZFB07    (9)   :  0.005 0.012 0.005 0.008 0.006 0.011 0.953 
390    ZFB08    (0)   :  0.006 0.006 0.006 0.007 0.006 0.007 0.962 
391    ZFB09    (0)   :  0.003 0.005 0.004 0.003 0.003 0.004 0.978 
392    ZFB10    (0)   :  0.007 0.010 0.007 0.021 0.005 0.004 0.947 
393    ZFB11    (0)   :  0.004 0.019 0.008 0.010 0.004 0.004 0.952 
394    ZFB12    (0)   :  0.004 0.039 0.004 0.008 0.009 0.020 0.916 
395    ZFB13    (0)   :  0.006 0.006 0.005 0.010 0.006 0.011 0.956 
396    ZFB14    (0)   :  0.003 0.004 0.005 0.006 0.003 0.004 0.974 
397    ZFB15    (0)   :  0.002 0.013 0.003 0.003 0.003 0.004 0.971 
398    ZFB16    (0)   :  0.004 0.016 0.004 0.007 0.005 0.007 0.957 
399    ZFB17    (0)   :  0.015 0.029 0.025 0.013 0.009 0.021 0.889 
400    ZFB18    (0)   :  0.003 0.004 0.004 0.004 0.003 0.004 0.978 
401    ZFB19    (0)   :  0.010 0.008 0.005 0.034 0.013 0.018 0.913 
402    ZFB20    (0)   :  0.004 0.043 0.004 0.006 0.004 0.006 0.933 
403    ZFB21    (0)   :  0.003 0.013 0.003 0.003 0.003 0.006 0.969 
404    ZFB22    (0)   :  0.013 0.085 0.009 0.012 0.008 0.012 0.860 
405    ZFB23    (0)   :  0.003 0.024 0.007 0.009 0.005 0.006 0.945 
406    ZFB24    (0)   :  0.004 0.038 0.006 0.009 0.004 0.005 0.935 
407    ZFB25    (0)   :  0.006 0.006 0.005 0.025 0.007 0.004 0.947 
408    ZFB26    (0)   :  0.006 0.064 0.010 0.029 0.007 0.007 0.877 
409    ZFB27    (0)   :  0.004 0.078 0.005 0.009 0.004 0.004 0.896 
410    ZFB28    (0)   :  0.004 0.108 0.012 0.009 0.007 0.035 0.826 
411    ZFB29    (0)   :  0.003 0.019 0.008 0.004 0.003 0.006 0.957 
412    ZFB30    (0)   :  0.014 0.150 0.005 0.008 0.011 0.040 0.772 
413    ZFB31    (0)   :  0.005 0.007 0.004 0.015 0.006 0.004 0.958 
414    ZFB32    (0)   :  0.005 0.060 0.035 0.018 0.013 0.043 0.828 
415    ZFB33    (0)   :  0.003 0.012 0.003 0.004 0.003 0.004 0.971 
416    ZFB34    (0)   :  0.003 0.004 0.005 0.004 0.003 0.004 0.977 
417    ZFB35    (0)   :  0.004 0.010 0.006 0.007 0.005 0.006 0.963 
418  ZFBP101    (0)   :  0.068 0.008 0.150 0.528 0.220 0.013 0.013 
419  ZFBP102    (0)   :  0.017 0.009 0.019 0.858 0.068 0.015 0.014 
420  ZFBP103    (0)   :  0.019 0.006 0.221 0.274 0.461 0.010 0.009 
421  ZFBP104    (0)   :  0.010 0.015 0.004 0.671 0.218 0.042 0.041 
422  ZFBP105    (0)   :  0.007 0.005 0.005 0.886 0.086 0.006 0.006 
423  ZFBP106    (0)   :  0.015 0.003 0.008 0.924 0.042 0.005 0.003 
424  ZFBP107    (0)   :  0.006 0.011 0.007 0.801 0.160 0.010 0.005 
425  ZFBP108    (0)   :  0.005 0.003 0.003 0.974 0.008 0.003 0.003 
426  ZFBP109    (0)   :  0.013 0.002 0.003 0.966 0.009 0.003 0.004 
427  ZFBP110    (0)   :  0.007 0.008 0.046 0.499 0.353 0.040 0.046 
428  ZFBP111    (0)   :  0.183 0.003 0.005 0.757 0.044 0.005 0.003 
429  ZFBP112    (0)   :  0.080 0.006 0.017 0.864 0.022 0.006 0.005 
430  ZFBP113    (0)   :  0.004 0.004 0.003 0.972 0.008 0.005 0.004 
431  ZFBP114    (0)   :  0.008 0.004 0.006 0.946 0.028 0.005 0.004 
432  ZFBP115    (0)   :  0.018 0.003 0.010 0.244 0.716 0.006 0.003 
433  ZFBP116    (0)   :  0.007 0.004 0.004 0.964 0.013 0.006 0.003 
434  ZFBP117    (0)   :  0.007 0.002 0.006 0.968 0.009 0.004 0.003 
435  ZFBP118    (0)   :  0.011 0.005 0.005 0.949 0.022 0.005 0.003 
436  ZFBP119    (0)   :  0.026 0.003 0.028 0.713 0.218 0.008 0.004 
437  ZFBP120    (0)   :  0.007 0.005 0.004 0.925 0.048 0.006 0.006 
438  ZFBP121    (0)   :  0.005 0.003 0.007 0.963 0.011 0.005 0.006 
439  ZFBP122    (9)   :  0.015 0.003 0.005 0.956 0.013 0.005 0.004 
440  ZFBP123    (0)   :  0.026 0.006 0.019 0.931 0.008 0.006 0.004 
441  ZFBP124    (0)   :  0.005 0.004 0.006 0.966 0.008 0.004 0.007 
442  ZFBP125    (0)   :  0.018 0.002 0.006 0.949 0.019 0.004 0.003 
443  ZFBP126    (0)   :  0.006 0.008 0.025 0.927 0.007 0.017 0.009 
444  ZFBP127    (0)   :  0.005 0.003 0.011 0.930 0.044 0.004 0.003 
445  ZFBP128    (0)   :  0.041 0.002 0.016 0.907 0.027 0.003 0.004 
446  ZFBP129    (0)   :  0.027 0.002 0.008 0.947 0.007 0.005 0.005 
447  ZFBP130    (0)   :  0.097 0.003 0.022 0.845 0.026 0.004 0.002 
448  ZFBP131    (0)   :  0.006 0.004 0.004 0.975 0.004 0.004 0.004 
449  ZFBP132    (0)   :  0.005 0.003 0.004 0.973 0.009 0.003 0.003 
450  ZFBP133    (0)   :  0.264 0.002 0.006 0.717 0.004 0.003 0.003 
451  ZFBP134    (0)   :  0.018 0.003 0.034 0.742 0.195 0.005 0.004 
452  ZFBP135    (0)   :  0.018 0.005 0.250 0.638 0.067 0.007 0.015 
453  ZFBP136    (0)   :  0.111 0.007 0.147 0.611 0.113 0.006 0.004 
454  ZFBP201    (0)   :  0.006 0.006 0.006 0.959 0.011 0.006 0.005 
455  ZFBP202    (0)   :  0.009 0.003 0.004 0.958 0.016 0.005 0.006 
456  ZFBP203    (0)   :  0.023 0.029 0.005 0.910 0.008 0.020 0.005 
457  ZFBP204    (0)   :  0.031 0.005 0.018 0.815 0.119 0.007 0.004 
458  ZFBP205    (0)   :  0.015 0.005 0.011 0.957 0.004 0.005 0.003 
459  ZFBP206    (0)   :  0.147 0.007 0.016 0.812 0.006 0.007 0.005 
460  ZFBP207    (0)   :  0.011 0.004 0.013 0.656 0.304 0.005 0.007 
461  ZFBP208    (0)   :  0.013 0.011 0.009 0.950 0.006 0.008 0.004 
462  ZFBP209    (0)   :  0.097 0.002 0.006 0.884 0.004 0.003 0.003 
463  ZFBP210    (0)   :  0.018 0.007 0.006 0.943 0.013 0.007 0.005 
464  ZFBP211    (0)   :  0.006 0.004 0.005 0.968 0.009 0.004 0.005 
465  ZFBP212    (0)   :  0.006 0.003 0.003 0.911 0.067 0.004 0.005 
466  ZFBP213    (0)   :  0.017 0.005 0.018 0.936 0.009 0.007 0.008 
467  ZFBP214    (0)   :  0.129 0.004 0.047 0.741 0.044 0.019 0.015 
468  ZFBP215    (0)   :  0.008 0.003 0.006 0.968 0.008 0.004 0.004 
469  ZFBP216    (0)   :  0.008 0.007 0.006 0.946 0.016 0.013 0.004 
470  ZFBP217    (0)   :  0.156 0.003 0.006 0.776 0.044 0.008 0.007 
471  ZFBP218    (0)   :  0.015 0.003 0.003 0.966 0.006 0.003 0.003 
472  ZFBP219    (0)   :  0.005 0.004 0.004 0.973 0.007 0.005 0.003 
473  ZFBP220    (0)   :  0.062 0.004 0.020 0.852 0.054 0.005 0.003 
474  ZFBP221    (0)   :  0.009 0.003 0.003 0.933 0.043 0.004 0.005 
475  ZFBP222    (0)   :  0.011 0.004 0.008 0.962 0.004 0.005 0.005 
476  ZFBP223    (0)   :  0.014 0.005 0.009 0.734 0.222 0.007 0.008 
477  ZFBP224    (0)   :  0.007 0.004 0.007 0.965 0.007 0.006 0.005 
478  ZFBP225    (0)   :  0.385 0.008 0.014 0.410 0.169 0.011 0.004 
479  ZFBP226    (0)   :  0.006 0.004 0.004 0.971 0.008 0.005 0.003 
480  ZFBP227    (0)   :  0.011 0.020 0.007 0.731 0.076 0.130 0.025 
481  ZFBP228    (0)   :  0.007 0.003 0.012 0.845 0.123 0.004 0.005 
482  ZFBP229    (0)   :  0.020 0.003 0.006 0.955 0.009 0.004 0.003 
483  ZFBP230    (0)   :  0.054 0.004 0.025 0.849 0.059 0.005 0.004 
484  ZFBP231    (0)   :  0.006 0.005 0.006 0.964 0.009 0.005 0.005 
485  ZFBP232    (0)   :  0.010 0.003 0.005 0.970 0.006 0.003 0.003 
486  ZFBP233    (0)   :  0.016 0.004 0.006 0.949 0.013 0.006 0.005 
487   ZFCC01    (0)   :  0.005 0.005 0.971 0.004 0.004 0.004 0.008 
488   ZFCC03    (0)   :  0.006 0.003 0.973 0.004 0.006 0.004 0.005 
489   ZFCC04    (0)   :  0.006 0.004 0.973 0.004 0.005 0.004 0.005 
490   ZFCC05    (0)   :  0.006 0.004 0.966 0.005 0.007 0.006 0.006 
491   ZFCC08    (0)   :  0.016 0.002 0.957 0.009 0.007 0.004 0.005 
492   ZFCC09    (0)   :  0.004 0.003 0.972 0.004 0.006 0.003 0.008 
493   ZFCC10    (0)   :  0.004 0.004 0.966 0.004 0.004 0.004 0.015 
494   ZFCC11    (0)   :  0.005 0.004 0.972 0.004 0.005 0.004 0.006 
495   ZFCC12    (0)   :  0.005 0.034 0.928 0.006 0.007 0.007 0.013 
496   ZFCC13    (0)   :  0.009 0.006 0.956 0.009 0.011 0.006 0.004 
497   ZFCC14    (0)   :  0.008 0.005 0.958 0.009 0.005 0.005 0.010 
498   ZFCC15    (0)   :  0.005 0.005 0.969 0.004 0.005 0.006 0.005 
499   ZFCC16    (0)   :  0.005 0.004 0.974 0.004 0.004 0.004 0.005 
500   ZFCC17    (0)   :  0.004 0.006 0.974 0.003 0.004 0.004 0.005 
501   ZFCC18    (0)   :  0.006 0.004 0.972 0.004 0.005 0.004 0.005 
502   ZFCC19    (0)   :  0.004 0.007 0.973 0.003 0.003 0.006 0.005 
503   ZFCC20    (0)   :  0.007 0.003 0.973 0.004 0.006 0.005 0.004 
504   ZFCC21    (0)   :  0.037 0.006 0.910 0.020 0.007 0.012 0.008 
505   ZFCC22    (0)   :  0.063 0.004 0.803 0.101 0.018 0.004 0.007 
506   ZFCC26    (0)   :  0.004 0.003 0.975 0.003 0.004 0.004 0.005 
507   ZFCC27    (0)   :  0.004 0.003 0.977 0.004 0.004 0.004 0.004 
508   ZFCC29    (0)   :  0.006 0.004 0.969 0.004 0.004 0.005 0.007 
509   ZFCC30    (0)   :  0.006 0.003 0.975 0.003 0.005 0.003 0.003 
510   ZFCC32    (0)   :  0.006 0.007 0.965 0.004 0.006 0.007 0.006 
511   ZFCC33    (0)   :  0.003 0.005 0.968 0.004 0.005 0.009 0.007 
512   ZFCC34    (0)   :  0.017 0.011 0.879 0.043 0.028 0.006 0.016 
513   ZFCC35    (0)   :  0.004 0.003 0.978 0.004 0.004 0.003 0.004 
514   ZFCC36    (0)   :  0.014 0.010 0.953 0.007 0.006 0.007 0.004 
515   ZFCC37    (0)   :  0.006 0.032 0.917 0.010 0.008 0.011 0.016 
516   ZFCC40    (0)   :  0.004 0.005 0.973 0.005 0.003 0.003 0.006 
517   ZFCC42    (0)   :  0.018 0.538 0.354 0.007 0.055 0.015 0.013 
518   ZFCC44    (0)   :  0.003 0.003 0.978 0.003 0.005 0.003 0.003 
519   ZFCC45    (9)   :  0.004 0.014 0.952 0.004 0.005 0.011 0.010 
520   ZFCC46    (0)   :  0.028 0.004 0.941 0.008 0.012 0.004 0.004 
521   ZFCC47    (0)   :  0.007 0.019 0.945 0.005 0.007 0.005 0.013 
522   ZFCC48    (0)   :  0.040 0.003 0.922 0.016 0.006 0.006 0.007 
523   ZFCC50    (0)   :  0.004 0.004 0.977 0.003 0.003 0.003 0.005 
524   ZFCC51    (0)   :  0.004 0.003 0.975 0.004 0.006 0.003 0.004 
525   ZFCC52    (0)   :  0.012 0.005 0.958 0.009 0.007 0.004 0.004 
526   ZFCC53    (0)   :  0.003 0.003 0.978 0.003 0.004 0.003 0.005 
527  ZFCNS01    (0)   :  0.003 0.005 0.006 0.004 0.971 0.008 0.003 
528  ZFCNS02    (0)   :  0.007 0.003 0.011 0.005 0.968 0.004 0.003 
529  ZFCNS05    (0)   :  0.008 0.003 0.012 0.007 0.960 0.004 0.006 
530  ZFCNS06    (0)   :  0.007 0.003 0.011 0.006 0.965 0.004 0.004 
531  ZFCNS07    (0)   :  0.017 0.003 0.006 0.011 0.955 0.004 0.004 
532  ZFCNS10    (0)   :  0.005 0.003 0.005 0.005 0.976 0.003 0.003 
533  ZFCNS11    (0)   :  0.004 0.004 0.006 0.004 0.974 0.005 0.003 
534  ZFCNS15    (0)   :  0.006 0.003 0.004 0.010 0.970 0.004 0.004 
