

----------------------------------------------------
STRUCTURE by Pritchard, Stephens and Donnelly (2000)
     and Falush, Stephens and Pritchard (2003)
       Code by Pritchard, Falush and Hubisz
             Version 2.3.4 (Jul 2012)
----------------------------------------------------



Command line arguments:   bin\structure -m C:\Users\eschumacher\Documents\GitHub\GCC_QUAC_ZAIN\Data_Files\Structure_Files\ZAIN\ZAIN_rebinned_garden_wild_nopopinfo\50-50\mainparams -e C:\Users\eschumacher\Documents\GitHub\GCC_QUAC_ZAIN\Data_Files\Structure_Files\ZAIN\ZAIN_rebinned_garden_wild_nopopinfo\50-50\extraparams 
Input File:    C:\Users\eschumacher\Documents\GitHub\GCC_QUAC_ZAIN\Data_Files\Structure_Files\ZAIN\ZAIN_rebinned_garden_wild_nopopinfo\project_data

Run parameters:
   1133 individuals
   11 loci
   14 populations assumed
   50000 Burn-in period
   50000 Reps


--------------------------------------------
Overall proportion of membership of the
sample in each of the 14 clusters

Inferred Clusters
  1      2      3      4      5      6      7      8      9     10     11     12     13     14    
0.054  0.061  0.122  0.035  0.052  0.065  0.062  0.063  0.092  0.062  0.069  0.047  0.077  0.141  

--------------------------------------------

Allele-freq. divergence among pops (Net nucleotide distance),
computed using point estimates of P.

      1       2       3       4       5       6       7       8       9      10      11      12      13      14      
 1      -    0.0667  0.3044  0.2123  0.1225  0.1059  0.1938  0.0587  0.2020  0.2494  0.1161  0.1475  0.2448  0.2701  
 2   0.0667     -    0.3068  0.1946  0.1197  0.0346  0.1354  0.0220  0.1979  0.2524  0.0812  0.0890  0.2245  0.2302  
 3   0.3044  0.3068     -    0.2359  0.3798  0.3766  0.2149  0.2954  0.1132  0.3711  0.2947  0.3474  0.2793  0.1589  
 4   0.2123  0.1946  0.2359     -    0.2833  0.2746  0.1698  0.1771  0.1473  0.2434  0.2042  0.1812  0.2051  0.2277  
 5   0.1225  0.1197  0.3798  0.2833     -    0.1653  0.1776  0.1296  0.2891  0.2881  0.1470  0.1564  0.2275  0.3598  
 6   0.1059  0.0346  0.3766  0.2746  0.1653     -    0.2045  0.0611  0.2542  0.3012  0.0929  0.1041  0.2887  0.2709  
 7   0.1938  0.1354  0.2149  0.1698  0.1776  0.2045     -    0.1542  0.0932  0.2318  0.1288  0.1293  0.1802  0.1612  
 8   0.0587  0.0220  0.2954  0.1771  0.1296  0.0611  0.1542     -    0.1972  0.2289  0.0651  0.0847  0.2498  0.2537  
 9   0.2020  0.1979  0.1132  0.1473  0.2891  0.2542  0.0932  0.1972     -    0.1969  0.1645  0.1861  0.1701  0.0991  
10   0.2494  0.2524  0.3711  0.2434  0.2881  0.3012  0.2318  0.2289  0.1969     -    0.1416  0.1717  0.2066  0.2908  
11   0.1161  0.0812  0.2947  0.2042  0.1470  0.0929  0.1288  0.0651  0.1645  0.1416     -    0.0579  0.2240  0.2696  
12   0.1475  0.0890  0.3474  0.1812  0.1564  0.1041  0.1293  0.0847  0.1861  0.1717  0.0579     -    0.1849  0.2469  
13   0.2448  0.2245  0.2793  0.2051  0.2275  0.2887  0.1802  0.2498  0.1701  0.2066  0.2240  0.1849     -    0.1835  
14   0.2701  0.2302  0.1589  0.2277  0.3598  0.2709  0.1612  0.2537  0.0991  0.2908  0.2696  0.2469  0.1835     -    

Average distances (expected heterozygosity) between individuals in same cluster:
cluster  1  : 0.3921 
cluster  2  : 0.3921 
cluster  3  : 0.4064 
cluster  4  : 0.2593 
cluster  5  : 0.3523 
cluster  6  : 0.3261 
cluster  7  : 0.4725 
cluster  8  : 0.3704 
cluster  9  : 0.5254 
cluster 10  : 0.2369 
cluster 11  : 0.4363 
cluster 12  : 0.3619 
cluster 13  : 0.3723 
cluster 14  : 0.4680 

--------------------------------------------
Estimated Ln Prob of Data   = -20886.1
Mean value of ln likelihood = -19936.4
Variance of ln likelihood   = 1899.4
Mean value of alpha         = 0.0349

Mean value of Fst_1         = 0.3766
Mean value of Fst_2         = 0.3627
Mean value of Fst_3         = 0.4488
Mean value of Fst_4         = 0.6061
Mean value of Fst_5         = 0.4291
Mean value of Fst_6         = 0.4352
Mean value of Fst_7         = 0.2908
Mean value of Fst_8         = 0.3302
Mean value of Fst_9         = 0.1748
Mean value of Fst_10         = 0.5935
Mean value of Fst_11         = 0.3092
Mean value of Fst_12         = 0.4947
Mean value of Fst_13         = 0.4549
Mean value of Fst_14         = 0.3915


Inferred ancestry of individuals:
        Label (%Miss) :  Inferred clusters
  1 TMA-ZAIN-G-    (9)   :  0.006 0.060 0.007 0.008 0.007 0.008 0.021 0.023 0.052 0.058 0.051 0.012 0.009 0.678 
  2 TMA-ZAIN-G-    (0)   :  0.174 0.049 0.009 0.016 0.004 0.011 0.008 0.023 0.017 0.008 0.014 0.006 0.023 0.638 
  3 TMA-ZAIN-G-    (0)   :  0.018 0.432 0.003 0.008 0.074 0.115 0.019 0.110 0.005 0.027 0.046 0.128 0.009 0.005 
  4 TMA-ZAIN-G-    (0)   :  0.015 0.128 0.004 0.589 0.045 0.105 0.005 0.036 0.005 0.016 0.009 0.014 0.019 0.009 
  5 TMA-ZAIN-G-    (0)   :  0.002 0.003 0.005 0.005 0.002 0.003 0.005 0.003 0.004 0.002 0.002 0.003 0.006 0.954 
  6 TMA-ZAIN-G-    (0)   :  0.017 0.307 0.032 0.035 0.061 0.018 0.206 0.095 0.033 0.014 0.026 0.110 0.016 0.031 
  7 TMA-ZAIN-G-    (0)   :  0.020 0.104 0.006 0.079 0.008 0.029 0.013 0.429 0.010 0.035 0.024 0.223 0.011 0.009 
  8 TMA-ZAIN-G-    (0)   :  0.010 0.012 0.002 0.004 0.008 0.013 0.005 0.010 0.003 0.004 0.008 0.908 0.009 0.005 
  9 TMA-ZAIN-G-    (9)   :  0.077 0.300 0.005 0.007 0.022 0.042 0.028 0.331 0.005 0.007 0.144 0.019 0.005 0.007 
 10 TMA-ZAIN-G-    (0)   :  0.039 0.215 0.004 0.010 0.029 0.038 0.028 0.349 0.006 0.012 0.196 0.063 0.009 0.003 
 11 TMA-ZAIN-G-    (0)   :  0.012 0.050 0.004 0.012 0.004 0.007 0.005 0.794 0.006 0.007 0.077 0.011 0.005 0.005 
 12 TMA-ZAIN-G-    (0)   :  0.008 0.292 0.003 0.005 0.005 0.553 0.008 0.030 0.007 0.027 0.035 0.016 0.005 0.005 
 13 TMA-ZAIN-G-    (9)   :  0.199 0.030 0.070 0.014 0.018 0.049 0.015 0.222 0.031 0.119 0.137 0.041 0.017 0.039 
 14 TMA-ZAIN-G-    (9)   :  0.019 0.016 0.012 0.005 0.007 0.010 0.011 0.017 0.009 0.808 0.067 0.009 0.008 0.003 
 15 TMA-ZAIN-G-    (0)   :  0.005 0.068 0.003 0.003 0.009 0.006 0.005 0.033 0.005 0.680 0.164 0.010 0.007 0.003 
 16 TMA-ZAIN-G-    (0)   :  0.011 0.384 0.005 0.005 0.005 0.417 0.006 0.121 0.005 0.005 0.021 0.008 0.003 0.003 
 17 TMA-ZAIN-G-    (9)   :  0.006 0.019 0.009 0.103 0.007 0.008 0.013 0.009 0.018 0.014 0.666 0.099 0.019 0.008 
 18 TMA-ZAIN-G-    (0)   :  0.004 0.008 0.006 0.011 0.006 0.017 0.024 0.005 0.196 0.011 0.009 0.013 0.045 0.645 
 19 TMA-ZAIN-G-    (0)   :  0.009 0.019 0.026 0.042 0.005 0.024 0.128 0.024 0.588 0.012 0.027 0.075 0.004 0.017 
 20 TMA-ZAIN-G-    (0)   :  0.005 0.004 0.062 0.006 0.005 0.003 0.008 0.004 0.824 0.004 0.003 0.003 0.034 0.036 
 21 TMA-ZAIN-G-    (0)   :  0.003 0.005 0.946 0.004 0.005 0.004 0.005 0.005 0.004 0.002 0.005 0.004 0.005 0.003 
 22 TMA-ZAIN-G-    (0)   :  0.003 0.003 0.878 0.009 0.002 0.003 0.010 0.003 0.014 0.004 0.003 0.003 0.006 0.058 
 23 TMA-ZAIN-G-    (0)   :  0.005 0.006 0.858 0.009 0.004 0.006 0.028 0.007 0.029 0.007 0.008 0.010 0.004 0.019 
 24 TMA-ZAIN-G-    (9)   :  0.171 0.006 0.646 0.003 0.091 0.009 0.003 0.012 0.003 0.021 0.018 0.003 0.006 0.006 
 25 TMA-ZAIN-G-    (9)   :  0.083 0.084 0.010 0.003 0.004 0.007 0.009 0.034 0.668 0.004 0.008 0.003 0.004 0.078 
 26 TMA-ZAIN-G-    (9)   :  0.085 0.159 0.026 0.010 0.008 0.009 0.005 0.120 0.010 0.010 0.071 0.017 0.465 0.005 
 27 TMA-ZAIN-G-    (0)   :  0.005 0.012 0.019 0.023 0.009 0.004 0.666 0.014 0.067 0.073 0.018 0.009 0.016 0.067 
 28 TMA-ZAIN-G-    (0)   :  0.004 0.006 0.004 0.006 0.004 0.004 0.917 0.006 0.012 0.009 0.005 0.011 0.005 0.008 
 29 TMA-ZAIN-G-    (0)   :  0.005 0.004 0.004 0.004 0.715 0.004 0.005 0.004 0.221 0.005 0.006 0.004 0.015 0.003 
 30 TMA-ZAIN-G-    (0)   :  0.097 0.034 0.004 0.007 0.028 0.040 0.434 0.040 0.032 0.058 0.200 0.014 0.006 0.004 
 31 TMA-ZAIN-G-    (0)   :  0.009 0.006 0.013 0.021 0.006 0.004 0.006 0.007 0.012 0.006 0.004 0.007 0.060 0.840 
 32 TMA-ZAIN-G-    (9)   :  0.006 0.286 0.064 0.006 0.003 0.035 0.007 0.053 0.086 0.012 0.044 0.005 0.007 0.383 
 33 TMA-ZAIN-G-   (18)   :  0.006 0.584 0.003 0.003 0.008 0.036 0.006 0.270 0.003 0.005 0.044 0.022 0.004 0.004 
 34 TMA-ZAIN-G-    (0)   :  0.010 0.592 0.021 0.004 0.005 0.095 0.008 0.143 0.014 0.005 0.008 0.007 0.007 0.081 
 35 TMA-ZAIN-G-    (9)   :  0.011 0.643 0.003 0.007 0.022 0.023 0.008 0.222 0.006 0.010 0.021 0.009 0.007 0.007 
 36 TMA-ZAIN-G-    (0)   :  0.254 0.164 0.003 0.008 0.010 0.011 0.007 0.172 0.006 0.122 0.181 0.044 0.014 0.004 
 37 TMA-ZAIN-G-    (9)   :  0.010 0.632 0.004 0.010 0.006 0.010 0.008 0.281 0.004 0.004 0.010 0.012 0.005 0.004 
 38 TMA-ZAIN-G-   (18)   :  0.011 0.224 0.024 0.011 0.006 0.014 0.006 0.075 0.100 0.032 0.047 0.006 0.007 0.438 
 39 TMA-ZAIN-G-    (0)   :  0.700 0.058 0.005 0.008 0.012 0.078 0.008 0.042 0.004 0.003 0.052 0.019 0.008 0.003 
 40 TMA-ZAIN-G-    (0)   :  0.093 0.074 0.005 0.016 0.007 0.074 0.004 0.075 0.004 0.004 0.622 0.013 0.005 0.003 
 41 TMA-ZAIN-G-    (0)   :  0.209 0.024 0.003 0.003 0.005 0.018 0.005 0.015 0.004 0.028 0.652 0.027 0.005 0.003 
 42 TMA-ZAIN-G-    (9)   :  0.009 0.006 0.002 0.005 0.008 0.008 0.003 0.007 0.003 0.095 0.793 0.043 0.014 0.003 
 43 TMA-ZAIN-G-    (0)   :  0.004 0.004 0.003 0.004 0.009 0.003 0.003 0.004 0.004 0.932 0.008 0.014 0.005 0.003 
 44 TMA-ZAIN-G-    (0)   :  0.041 0.032 0.761 0.008 0.008 0.009 0.003 0.099 0.013 0.004 0.008 0.006 0.004 0.005 
 45 TMA-ZAIN-G-    (0)   :  0.012 0.381 0.005 0.012 0.005 0.090 0.010 0.274 0.007 0.016 0.156 0.017 0.009 0.005 
 46 TMA-ZAIN-G-    (0)   :  0.005 0.003 0.946 0.009 0.003 0.002 0.003 0.005 0.006 0.004 0.003 0.003 0.006 0.003 
 47 TMA-ZAIN-G-    (0)   :  0.004 0.005 0.004 0.013 0.004 0.006 0.004 0.003 0.004 0.004 0.004 0.005 0.938 0.004 
 48 TMA-ZAIN-G-    (0)   :  0.015 0.048 0.027 0.157 0.018 0.018 0.053 0.120 0.012 0.051 0.163 0.131 0.181 0.006 
 49 TMA-ZAIN-G-    (9)   :  0.006 0.026 0.006 0.019 0.039 0.028 0.013 0.011 0.813 0.004 0.008 0.009 0.007 0.012 
 50 TMA-ZAIN-G-    (0)   :  0.026 0.006 0.006 0.006 0.004 0.010 0.023 0.006 0.806 0.007 0.072 0.014 0.003 0.012 
 51 TMA-ZAIN-G-    (0)   :  0.008 0.010 0.007 0.016 0.007 0.004 0.025 0.013 0.799 0.056 0.022 0.011 0.015 0.007 
 52 TMA-ZAIN-G-    (0)   :  0.006 0.007 0.009 0.122 0.003 0.012 0.023 0.008 0.743 0.016 0.007 0.008 0.031 0.006 
 53 TMA-ZAIN-G-    (0)   :  0.012 0.007 0.007 0.066 0.005 0.004 0.009 0.016 0.618 0.035 0.010 0.009 0.059 0.144 
 54 TMA-ZAIN-G-    (0)   :  0.004 0.006 0.005 0.004 0.003 0.006 0.010 0.006 0.008 0.011 0.011 0.010 0.910 0.005 
 55 TMA-ZAIN-G-    (0)   :  0.004 0.007 0.007 0.003 0.003 0.010 0.023 0.007 0.020 0.020 0.039 0.015 0.839 0.004 
 56 TMA-ZAIN-G-    (0)   :  0.022 0.030 0.007 0.399 0.022 0.013 0.056 0.049 0.030 0.028 0.210 0.075 0.052 0.006 
 57 TMA-ZAIN-G-    (0)   :  0.011 0.011 0.004 0.009 0.008 0.036 0.006 0.009 0.030 0.005 0.005 0.007 0.851 0.009 
 58 TMA-ZAIN-G-    (0)   :  0.004 0.010 0.141 0.014 0.006 0.016 0.256 0.008 0.393 0.009 0.017 0.039 0.037 0.050 
 59 TMA-ZAIN-G-    (0)   :  0.020 0.046 0.028 0.041 0.018 0.017 0.027 0.129 0.012 0.008 0.026 0.051 0.016 0.561 
 60 TMA-ZAIN-G-    (0)   :  0.007 0.010 0.009 0.044 0.007 0.006 0.068 0.022 0.126 0.143 0.017 0.022 0.020 0.499 
 61 TMA-ZAIN-G-    (0)   :  0.003 0.004 0.020 0.031 0.003 0.003 0.007 0.005 0.010 0.003 0.003 0.004 0.013 0.891 
 62 TMA-ZAIN-G-    (9)   :  0.022 0.064 0.018 0.003 0.008 0.035 0.072 0.020 0.019 0.006 0.040 0.011 0.010 0.671 
 63 TMA-ZAIN-G-    (0)   :  0.003 0.006 0.008 0.012 0.003 0.006 0.009 0.005 0.011 0.007 0.005 0.006 0.011 0.907 
 64 TMA-ZAIN-G-    (0)   :  0.010 0.006 0.002 0.003 0.941 0.005 0.003 0.008 0.002 0.005 0.006 0.004 0.003 0.002 
 65 TMA-ZAIN-G-    (9)   :  0.006 0.037 0.002 0.005 0.877 0.021 0.006 0.008 0.003 0.006 0.006 0.011 0.007 0.003 
 66 TMA-ZAIN-G-    (0)   :  0.015 0.020 0.003 0.005 0.880 0.012 0.004 0.031 0.003 0.005 0.010 0.007 0.004 0.002 
 67 TMA-ZAIN-G-    (0)   :  0.112 0.060 0.014 0.004 0.701 0.019 0.014 0.035 0.010 0.003 0.012 0.007 0.006 0.004 
 68 TMA-ZAIN-G-    (0)   :  0.004 0.004 0.002 0.004 0.942 0.005 0.003 0.005 0.003 0.006 0.005 0.009 0.005 0.002 
 69 TMA-ZAIN-G-    (0)   :  0.034 0.061 0.024 0.025 0.712 0.033 0.007 0.028 0.023 0.015 0.005 0.007 0.008 0.018 
 70 TMA-ZAIN-G-    (0)   :  0.908 0.013 0.004 0.004 0.011 0.007 0.004 0.023 0.004 0.005 0.007 0.004 0.003 0.003 
 71 TMA-ZAIN-G-    (0)   :  0.915 0.024 0.003 0.004 0.004 0.011 0.003 0.012 0.003 0.003 0.007 0.004 0.003 0.003 
 72 TMA-ZAIN-G-    (0)   :  0.904 0.018 0.004 0.004 0.013 0.007 0.007 0.010 0.004 0.006 0.008 0.006 0.006 0.003 
 73 TMA-ZAIN-G-    (0)   :  0.851 0.013 0.025 0.004 0.005 0.007 0.021 0.007 0.017 0.003 0.005 0.005 0.016 0.020 
 74 TMA-ZAIN-G-    (0)   :  0.925 0.013 0.005 0.003 0.005 0.008 0.004 0.008 0.006 0.003 0.005 0.006 0.005 0.004 
 75 TMA-ZAIN-G-    (0)   :  0.923 0.014 0.003 0.005 0.004 0.007 0.006 0.007 0.005 0.004 0.005 0.005 0.007 0.004 
 76 TMA-ZAIN-G-    (0)   :  0.899 0.029 0.013 0.003 0.004 0.007 0.004 0.012 0.009 0.003 0.005 0.004 0.003 0.004 
 77 TMA-ZAIN-G-    (0)   :  0.928 0.007 0.005 0.008 0.006 0.005 0.005 0.007 0.005 0.006 0.008 0.005 0.004 0.003 
 78 TMA-ZAIN-G-    (0)   :  0.908 0.012 0.009 0.009 0.005 0.006 0.006 0.009 0.009 0.005 0.005 0.006 0.006 0.005 
 79 TMA-ZAIN-G-    (0)   :  0.903 0.008 0.007 0.024 0.004 0.005 0.005 0.011 0.007 0.006 0.007 0.005 0.004 0.003 
 80 TMA-ZAIN-G-    (0)   :  0.752 0.039 0.004 0.006 0.019 0.098 0.006 0.025 0.004 0.004 0.019 0.011 0.011 0.003 
 81 TMA-ZAIN-G-    (0)   :  0.814 0.054 0.006 0.024 0.005 0.013 0.007 0.031 0.007 0.008 0.012 0.011 0.005 0.004 
 82 TMA-ZAIN-G-    (0)   :  0.067 0.593 0.003 0.008 0.128 0.034 0.006 0.108 0.004 0.006 0.006 0.016 0.015 0.005 
 83 TMA-ZAIN-G-    (9)   :  0.014 0.519 0.025 0.005 0.028 0.208 0.029 0.065 0.012 0.005 0.008 0.023 0.015 0.044 
 84 TMA-ZAIN-G-    (0)   :  0.860 0.025 0.012 0.011 0.005 0.014 0.005 0.030 0.007 0.006 0.011 0.007 0.004 0.003 
 85 TMA-ZAIN-G-    (0)   :  0.004 0.004 0.004 0.953 0.003 0.003 0.004 0.004 0.004 0.004 0.003 0.004 0.004 0.004 
 86 TMA-ZAIN-G-    (0)   :  0.006 0.009 0.005 0.919 0.006 0.009 0.005 0.010 0.004 0.003 0.008 0.008 0.005 0.004 
 87 TMA-ZAIN-G-    (0)   :  0.003 0.003 0.005 0.954 0.003 0.003 0.004 0.003 0.004 0.003 0.003 0.003 0.004 0.004 
 88 TMA-ZAIN-G-    (0)   :  0.030 0.093 0.011 0.425 0.036 0.087 0.009 0.033 0.008 0.017 0.012 0.013 0.051 0.176 
 89 TMA-ZAIN-G-    (0)   :  0.044 0.031 0.031 0.298 0.027 0.032 0.004 0.039 0.008 0.039 0.012 0.009 0.399 0.026 
 90 TMA-ZAIN-G-    (0)   :  0.004 0.026 0.004 0.839 0.013 0.023 0.006 0.007 0.007 0.004 0.004 0.005 0.042 0.015 
 91 TMA-ZAIN-G-    (0)   :  0.008 0.012 0.006 0.794 0.011 0.007 0.017 0.014 0.007 0.012 0.007 0.013 0.041 0.049 
 92 TMA-ZAIN-G-    (0)   :  0.011 0.010 0.036 0.505 0.006 0.005 0.026 0.012 0.038 0.012 0.009 0.007 0.315 0.009 
 93 TMA-ZAIN-G-    (0)   :  0.007 0.007 0.013 0.226 0.008 0.004 0.098 0.009 0.028 0.021 0.007 0.007 0.523 0.043 
 94 TMA-ZAIN-G-    (0)   :  0.005 0.005 0.010 0.769 0.005 0.003 0.014 0.006 0.010 0.006 0.003 0.005 0.052 0.109 
 95 TMA-ZAIN-G-    (0)   :  0.010 0.005 0.005 0.005 0.007 0.006 0.879 0.005 0.030 0.016 0.017 0.004 0.004 0.006 
 96 TMA-ZAIN-G-    (0)   :  0.003 0.009 0.007 0.008 0.004 0.008 0.775 0.005 0.056 0.016 0.092 0.007 0.005 0.005 
 97 TMA-ZAIN-G-    (0)   :  0.016 0.005 0.006 0.008 0.007 0.004 0.004 0.009 0.017 0.008 0.004 0.006 0.013 0.892 
 98 TMA-ZAIN-G-    (0)   :  0.014 0.005 0.004 0.007 0.005 0.003 0.003 0.008 0.005 0.006 0.004 0.007 0.011 0.917 
 99 TMA-ZAIN-G-    (0)   :  0.006 0.061 0.012 0.004 0.013 0.018 0.007 0.147 0.006 0.006 0.033 0.010 0.003 0.673 
100 TMA-ZAIN-G-    (0)   :  0.006 0.005 0.015 0.034 0.005 0.003 0.006 0.006 0.027 0.007 0.004 0.005 0.025 0.851 
101 TMA-ZAIN-G-    (0)   :  0.010 0.007 0.005 0.004 0.006 0.005 0.005 0.027 0.009 0.006 0.004 0.006 0.012 0.892 
102 TMA-ZAIN-G-    (0)   :  0.017 0.019 0.216 0.037 0.012 0.056 0.021 0.017 0.137 0.027 0.051 0.009 0.009 0.372 
103 TMA-ZAIN-G-    (0)   :  0.008 0.021 0.016 0.028 0.006 0.021 0.019 0.014 0.066 0.008 0.012 0.014 0.006 0.761 
104 TMA-ZAIN-G-    (0)   :  0.003 0.004 0.006 0.004 0.002 0.004 0.005 0.004 0.008 0.004 0.003 0.005 0.005 0.943 
105 TMA-ZAIN-G-    (0)   :  0.008 0.025 0.007 0.041 0.006 0.028 0.017 0.016 0.028 0.008 0.012 0.017 0.006 0.780 
106 TMA-ZAIN-G-    (0)   :  0.097 0.028 0.003 0.008 0.043 0.062 0.007 0.136 0.004 0.088 0.478 0.037 0.006 0.004 
107 TMA-ZAIN-G-    (0)   :  0.133 0.086 0.003 0.007 0.013 0.378 0.007 0.284 0.006 0.013 0.022 0.037 0.007 0.004 
108 TMA-ZAIN-G-    (9)   :  0.012 0.404 0.040 0.042 0.005 0.010 0.010 0.185 0.063 0.022 0.032 0.011 0.013 0.149 
109 TMA-ZAIN-G-    (0)   :  0.008 0.063 0.006 0.018 0.137 0.172 0.061 0.032 0.010 0.025 0.077 0.066 0.063 0.261 
110 TMA-ZAIN-G-    (0)   :  0.020 0.132 0.138 0.021 0.007 0.089 0.024 0.233 0.109 0.015 0.072 0.071 0.015 0.054 
111 TMA-ZAIN-G-    (9)   :  0.044 0.115 0.087 0.007 0.010 0.135 0.025 0.016 0.100 0.004 0.014 0.009 0.022 0.412 
112 TMA-ZAIN-G-    (0)   :  0.017 0.072 0.050 0.016 0.018 0.069 0.047 0.066 0.089 0.031 0.184 0.063 0.025 0.254 
113 TMA-ZAIN-G-    (0)   :  0.024 0.013 0.008 0.006 0.011 0.015 0.004 0.017 0.005 0.006 0.005 0.008 0.020 0.859 
114 TMA-ZAIN-G-    (0)   :  0.003 0.003 0.011 0.007 0.003 0.004 0.004 0.003 0.005 0.002 0.002 0.003 0.004 0.947 
115 TMA-ZAIN-G-    (0)   :  0.003 0.004 0.005 0.003 0.003 0.005 0.005 0.003 0.004 0.004 0.003 0.003 0.004 0.950 
116 TMA-ZAIN-G-    (0)   :  0.011 0.536 0.002 0.006 0.009 0.362 0.007 0.016 0.004 0.006 0.007 0.018 0.010 0.006 
117 TMA-ZAIN-G-    (0)   :  0.075 0.280 0.003 0.028 0.177 0.031 0.030 0.095 0.007 0.055 0.039 0.145 0.029 0.006 
118 TMA-ZAIN-G-    (0)   :  0.013 0.448 0.003 0.006 0.022 0.403 0.014 0.020 0.006 0.023 0.014 0.013 0.010 0.006 
119 TMA-ZAIN-G-    (0)   :  0.046 0.460 0.015 0.004 0.023 0.342 0.018 0.019 0.018 0.005 0.006 0.013 0.011 0.020 
120 TMA-ZAIN-G-    (0)   :  0.022 0.479 0.004 0.015 0.023 0.278 0.020 0.027 0.009 0.066 0.014 0.024 0.010 0.008 
121 TMA-ZAIN-G-    (0)   :  0.019 0.578 0.003 0.008 0.081 0.094 0.022 0.092 0.005 0.016 0.023 0.041 0.012 0.006 
122 TMA-ZAIN-G-    (0)   :  0.016 0.445 0.005 0.051 0.015 0.030 0.029 0.285 0.005 0.009 0.017 0.080 0.010 0.004 
123 TMA-ZAIN-G-    (0)   :  0.005 0.006 0.008 0.009 0.004 0.005 0.007 0.005 0.014 0.012 0.005 0.004 0.006 0.910 
124 TMA-ZAIN-G-    (0)   :  0.004 0.006 0.003 0.006 0.004 0.007 0.005 0.008 0.004 0.007 0.020 0.920 0.003 0.004 
125 TMA-ZAIN-G-    (0)   :  0.005 0.004 0.002 0.005 0.011 0.005 0.004 0.005 0.003 0.009 0.009 0.912 0.023 0.002 
126 TMA-ZAIN-G-    (0)   :  0.004 0.006 0.003 0.006 0.004 0.012 0.004 0.007 0.004 0.016 0.020 0.906 0.006 0.004 
127 TMA-ZAIN-G-    (0)   :  0.004 0.007 0.003 0.005 0.005 0.009 0.004 0.010 0.003 0.007 0.036 0.902 0.003 0.003 
128 TMA-ZAIN-G-    (0)   :  0.005 0.012 0.003 0.005 0.011 0.007 0.007 0.011 0.003 0.006 0.017 0.906 0.005 0.003 
129 TMA-ZAIN-G-    (0)   :  0.005 0.006 0.003 0.005 0.004 0.006 0.004 0.008 0.004 0.008 0.012 0.924 0.004 0.005 
130 TMA-ZAIN-G-    (0)   :  0.004 0.006 0.002 0.005 0.005 0.007 0.004 0.005 0.004 0.015 0.006 0.918 0.015 0.004 
131 TMA-ZAIN-G-    (0)   :  0.004 0.006 0.003 0.006 0.004 0.007 0.006 0.007 0.005 0.008 0.023 0.914 0.003 0.003 
132 TMA-ZAIN-G-    (0)   :  0.007 0.011 0.003 0.004 0.014 0.008 0.006 0.011 0.003 0.007 0.012 0.898 0.013 0.003 
133 TMA-ZAIN-G-    (0)   :  0.081 0.015 0.011 0.049 0.098 0.051 0.013 0.032 0.015 0.133 0.431 0.040 0.027 0.003 
134 TMA-ZAIN-G-    (0)   :  0.072 0.009 0.008 0.042 0.070 0.106 0.005 0.035 0.007 0.251 0.107 0.264 0.022 0.003 
135 TMA-ZAIN-G-    (0)   :  0.057 0.024 0.006 0.034 0.023 0.523 0.003 0.175 0.004 0.018 0.060 0.057 0.012 0.004 
136 TMA-ZAIN-G-    (0)   :  0.034 0.118 0.005 0.005 0.545 0.072 0.009 0.120 0.004 0.006 0.036 0.027 0.015 0.005 
137 TMA-ZAIN-G-    (0)   :  0.022 0.012 0.007 0.018 0.005 0.863 0.004 0.019 0.006 0.005 0.010 0.019 0.005 0.005 
138 TMA-ZAIN-G-    (0)   :  0.020 0.085 0.003 0.004 0.013 0.263 0.004 0.123 0.003 0.024 0.082 0.353 0.020 0.004 
139 TMA-ZAIN-G-    (0)   :  0.053 0.062 0.005 0.011 0.012 0.432 0.003 0.088 0.004 0.019 0.038 0.193 0.075 0.004 
140 TMA-ZAIN-G-    (0)   :  0.021 0.272 0.004 0.005 0.008 0.219 0.010 0.379 0.005 0.006 0.044 0.020 0.004 0.004 
141 TMA-ZAIN-G-    (0)   :  0.042 0.190 0.003 0.011 0.007 0.063 0.006 0.568 0.005 0.024 0.027 0.042 0.006 0.005 
142 TMA-ZAIN-G-    (9)   :  0.018 0.289 0.003 0.006 0.012 0.160 0.006 0.452 0.003 0.006 0.019 0.018 0.004 0.003 
143 TMA-ZAIN-G-    (0)   :  0.017 0.262 0.003 0.007 0.012 0.117 0.009 0.400 0.004 0.010 0.048 0.104 0.004 0.004 
144 TMA-ZAIN-G-    (0)   :  0.010 0.239 0.008 0.015 0.007 0.313 0.027 0.110 0.013 0.013 0.137 0.076 0.029 0.004 
145 TMA-ZAIN-G-    (0)   :  0.049 0.079 0.002 0.005 0.295 0.380 0.007 0.074 0.003 0.007 0.021 0.055 0.019 0.003 
146 TMA-ZAIN-G-    (0)   :  0.020 0.129 0.003 0.004 0.005 0.009 0.003 0.806 0.003 0.004 0.005 0.005 0.003 0.003 
147 TMA-ZAIN-G-    (9)   :  0.011 0.054 0.003 0.004 0.007 0.009 0.004 0.880 0.003 0.005 0.007 0.006 0.004 0.003 
148 TMA-ZAIN-G-    (0)   :  0.011 0.078 0.003 0.004 0.004 0.007 0.003 0.761 0.003 0.047 0.028 0.030 0.019 0.003 
149 TMA-ZAIN-G-    (0)   :  0.011 0.031 0.012 0.023 0.005 0.012 0.013 0.727 0.009 0.022 0.025 0.043 0.047 0.019 
150 TMA-ZAIN-G-    (0)   :  0.016 0.086 0.010 0.012 0.086 0.037 0.015 0.585 0.007 0.015 0.012 0.016 0.079 0.024 
151 TMA-ZAIN-G-    (0)   :  0.006 0.074 0.002 0.003 0.009 0.726 0.006 0.007 0.003 0.018 0.133 0.006 0.004 0.003 
152 TMA-ZAIN-G-    (0)   :  0.004 0.152 0.002 0.003 0.006 0.769 0.005 0.010 0.003 0.016 0.013 0.007 0.005 0.005 
153 TMA-ZAIN-G-    (0)   :  0.014 0.066 0.003 0.003 0.016 0.670 0.005 0.049 0.003 0.030 0.089 0.035 0.013 0.003 
154 TMA-ZAIN-G-    (0)   :  0.004 0.035 0.002 0.004 0.005 0.913 0.003 0.006 0.003 0.004 0.005 0.009 0.004 0.003 
155 TMA-ZAIN-G-    (0)   :  0.008 0.013 0.003 0.005 0.006 0.912 0.004 0.014 0.003 0.007 0.008 0.010 0.003 0.004 
156 TMA-ZAIN-G-    (9)   :  0.005 0.058 0.003 0.003 0.003 0.732 0.004 0.016 0.004 0.073 0.055 0.028 0.009 0.006 
157 TMA-ZAIN-G-    (0)   :  0.008 0.041 0.003 0.004 0.005 0.614 0.004 0.073 0.004 0.132 0.084 0.018 0.005 0.004 
158 TMA-ZAIN-G-    (0)   :  0.021 0.370 0.004 0.004 0.007 0.510 0.005 0.042 0.006 0.004 0.013 0.008 0.004 0.003 
159 TMA-ZAIN-G-    (0)   :  0.184 0.125 0.002 0.004 0.016 0.504 0.003 0.122 0.003 0.005 0.006 0.016 0.005 0.004 
160 TMA-ZAIN-G-    (0)   :  0.130 0.096 0.002 0.005 0.021 0.667 0.004 0.038 0.003 0.005 0.005 0.009 0.009 0.005 
161 TMA-ZAIN-G-    (0)   :  0.019 0.095 0.003 0.008 0.007 0.442 0.006 0.108 0.005 0.023 0.077 0.175 0.029 0.003 
162 TMA-ZAIN-G-    (0)   :  0.005 0.009 0.012 0.012 0.005 0.890 0.010 0.006 0.006 0.003 0.009 0.006 0.011 0.017 
163 TMA-ZAIN-G-    (0)   :  0.005 0.019 0.002 0.003 0.004 0.935 0.003 0.008 0.002 0.003 0.005 0.006 0.003 0.003 
164 TMA-ZAIN-G-    (0)   :  0.007 0.271 0.005 0.013 0.009 0.608 0.007 0.042 0.004 0.004 0.005 0.011 0.008 0.005 
165 TMA-ZAIN-G-    (0)   :  0.008 0.202 0.003 0.003 0.006 0.705 0.004 0.037 0.003 0.004 0.008 0.009 0.004 0.004 
166 TMA-ZAIN-G-    (0)   :  0.034 0.177 0.002 0.006 0.011 0.471 0.004 0.135 0.003 0.006 0.038 0.100 0.010 0.003 
167 TMA-ZAIN-G-    (0)   :  0.105 0.267 0.005 0.007 0.004 0.026 0.008 0.522 0.006 0.008 0.020 0.013 0.005 0.005 
168 TMA-ZAIN-G-    (0)   :  0.102 0.364 0.003 0.006 0.009 0.006 0.004 0.453 0.004 0.023 0.008 0.007 0.005 0.005 
169 TMA-ZAIN-G-    (0)   :  0.079 0.353 0.003 0.005 0.057 0.017 0.003 0.456 0.003 0.005 0.005 0.006 0.004 0.003 
170 TMA-ZAIN-G-    (0)   :  0.040 0.249 0.013 0.006 0.018 0.050 0.010 0.377 0.041 0.056 0.078 0.037 0.004 0.021 
171 TMA-ZAIN-G-    (0)   :  0.112 0.326 0.003 0.004 0.014 0.007 0.003 0.508 0.003 0.004 0.004 0.006 0.003 0.003 
172 TMA-ZAIN-G-    (0)   :  0.017 0.153 0.004 0.006 0.005 0.021 0.005 0.240 0.006 0.018 0.485 0.033 0.004 0.003 
173 TMA-ZAIN-G-    (0)   :  0.019 0.090 0.004 0.008 0.006 0.014 0.007 0.120 0.006 0.020 0.657 0.042 0.005 0.004 
174 TMA-ZAIN-G-    (0)   :  0.028 0.067 0.002 0.004 0.038 0.050 0.005 0.136 0.003 0.005 0.104 0.547 0.007 0.003 
175 TMA-ZAIN-G-    (0)   :  0.154 0.238 0.003 0.006 0.007 0.009 0.003 0.554 0.003 0.004 0.004 0.005 0.004 0.003 
176 TMA-ZAIN-G-    (0)   :  0.039 0.290 0.003 0.004 0.005 0.013 0.003 0.618 0.003 0.005 0.006 0.006 0.003 0.003 
177 TMA-ZAIN-G-    (0)   :  0.012 0.326 0.003 0.004 0.003 0.008 0.003 0.604 0.004 0.012 0.011 0.005 0.003 0.003 
178 TMA-ZAIN-G-    (0)   :  0.016 0.239 0.004 0.005 0.004 0.021 0.007 0.303 0.006 0.038 0.340 0.008 0.004 0.005 
179 TMA-ZAIN-G-    (0)   :  0.008 0.293 0.003 0.004 0.005 0.015 0.004 0.596 0.004 0.015 0.036 0.010 0.004 0.003 
180 TMA-ZAIN-G-    (0)   :  0.006 0.048 0.007 0.028 0.106 0.022 0.013 0.094 0.006 0.032 0.273 0.350 0.011 0.004 
181 TMA-ZAIN-G-    (0)   :  0.012 0.013 0.003 0.003 0.005 0.048 0.004 0.010 0.004 0.106 0.764 0.018 0.005 0.005 
182 TMA-ZAIN-G-    (0)   :  0.005 0.016 0.003 0.006 0.003 0.038 0.005 0.039 0.005 0.170 0.341 0.358 0.005 0.007 
183 TMA-ZAIN-G-    (0)   :  0.006 0.013 0.003 0.005 0.004 0.009 0.004 0.013 0.004 0.055 0.865 0.011 0.004 0.004 
184 TMA-ZAIN-G-    (0)   :  0.012 0.018 0.012 0.020 0.007 0.044 0.015 0.019 0.010 0.028 0.747 0.020 0.021 0.028 
185 TMA-ZAIN-G-    (0)   :  0.006 0.009 0.015 0.014 0.005 0.011 0.035 0.007 0.009 0.004 0.826 0.025 0.022 0.011 
186 TMA-ZAIN-G-    (9)   :  0.013 0.012 0.004 0.005 0.005 0.014 0.010 0.009 0.007 0.005 0.858 0.050 0.005 0.004 
187 TMA-ZAIN-G-    (0)   :  0.033 0.007 0.003 0.005 0.014 0.043 0.005 0.015 0.005 0.016 0.831 0.016 0.003 0.004 
188 TMA-ZAIN-G-    (0)   :  0.035 0.013 0.002 0.003 0.023 0.018 0.005 0.015 0.003 0.006 0.855 0.013 0.004 0.003 
189 TMA-ZAIN-G-    (0)   :  0.005 0.006 0.003 0.003 0.007 0.006 0.003 0.007 0.003 0.006 0.931 0.015 0.003 0.003 
190 TMA-ZAIN-G-    (0)   :  0.026 0.048 0.003 0.004 0.017 0.006 0.006 0.041 0.005 0.025 0.800 0.010 0.006 0.003 
191 TMA-ZAIN-G-    (0)   :  0.007 0.007 0.015 0.014 0.004 0.007 0.009 0.013 0.007 0.004 0.886 0.008 0.009 0.011 
192 TMA-ZAIN-G-    (0)   :  0.012 0.005 0.010 0.015 0.004 0.010 0.003 0.008 0.008 0.015 0.889 0.016 0.004 0.004 
193 TMA-ZAIN-G-    (0)   :  0.003 0.003 0.002 0.004 0.003 0.003 0.003 0.003 0.003 0.956 0.005 0.004 0.004 0.002 
194 TMA-ZAIN-G-    (0)   :  0.007 0.007 0.007 0.004 0.012 0.004 0.019 0.008 0.011 0.806 0.068 0.030 0.014 0.002 
195 TMA-ZAIN-G-    (0)   :  0.026 0.022 0.002 0.004 0.036 0.005 0.005 0.034 0.009 0.757 0.061 0.030 0.006 0.003 
196 TMA-ZAIN-G-    (0)   :  0.005 0.008 0.003 0.004 0.014 0.007 0.007 0.007 0.004 0.905 0.017 0.010 0.006 0.003 
197 TMA-ZAIN-G-    (0)   :  0.010 0.008 0.003 0.008 0.011 0.008 0.004 0.010 0.003 0.905 0.010 0.012 0.005 0.003 
198 TMA-ZAIN-G-    (0)   :  0.010 0.009 0.003 0.004 0.007 0.010 0.003 0.012 0.003 0.907 0.018 0.007 0.004 0.003 
199 TMA-ZAIN-G-    (0)   :  0.008 0.008 0.004 0.004 0.005 0.012 0.008 0.007 0.005 0.006 0.888 0.035 0.007 0.003 
200 TMA-ZAIN-G-    (0)   :  0.003 0.004 0.755 0.006 0.003 0.002 0.018 0.004 0.123 0.049 0.006 0.003 0.004 0.021 
201 TMA-ZAIN-G-    (0)   :  0.004 0.004 0.906 0.006 0.006 0.003 0.012 0.004 0.032 0.003 0.004 0.003 0.003 0.008 
202 TMA-ZAIN-G-    (0)   :  0.003 0.007 0.834 0.004 0.004 0.005 0.008 0.008 0.048 0.041 0.013 0.005 0.002 0.018 
203 TMA-ZAIN-G-    (0)   :  0.009 0.021 0.003 0.005 0.004 0.028 0.005 0.030 0.004 0.781 0.027 0.060 0.005 0.019 
204 TMA-ZAIN-G-    (9)   :  0.021 0.009 0.765 0.073 0.011 0.004 0.006 0.021 0.034 0.007 0.007 0.009 0.026 0.005 
205 TMA-ZAIN-G-    (0)   :  0.013 0.022 0.689 0.024 0.006 0.083 0.005 0.018 0.093 0.007 0.007 0.013 0.013 0.006 
206 TMA-ZAIN-G-    (9)   :  0.008 0.017 0.590 0.149 0.008 0.006 0.011 0.020 0.079 0.055 0.025 0.007 0.011 0.014 
207 TMA-ZAIN-G-    (9)   :  0.018 0.413 0.009 0.061 0.062 0.197 0.068 0.038 0.024 0.009 0.021 0.017 0.054 0.009 
208 TMA-ZAIN-G-    (0)   :  0.025 0.462 0.003 0.003 0.053 0.068 0.010 0.319 0.004 0.004 0.035 0.007 0.005 0.003 
209 TMA-ZAIN-G-    (0)   :  0.081 0.075 0.003 0.009 0.015 0.065 0.003 0.126 0.004 0.214 0.087 0.257 0.059 0.003 
210 TMA-ZAIN-G-    (0)   :  0.066 0.029 0.003 0.013 0.100 0.064 0.010 0.152 0.005 0.339 0.122 0.080 0.014 0.004 
211 TMA-ZAIN-G-    (0)   :  0.051 0.038 0.021 0.007 0.023 0.032 0.019 0.139 0.026 0.062 0.115 0.448 0.009 0.011 
212 TMA-ZAIN-G-    (0)   :  0.006 0.149 0.004 0.014 0.012 0.037 0.010 0.442 0.005 0.025 0.238 0.050 0.006 0.003 
213 TMA-ZAIN-G-    (0)   :  0.038 0.045 0.004 0.005 0.007 0.213 0.005 0.294 0.005 0.032 0.302 0.040 0.007 0.003 
214 TMA-ZAIN-G-    (0)   :  0.086 0.044 0.004 0.005 0.054 0.227 0.005 0.117 0.006 0.033 0.218 0.190 0.009 0.003 
215 TMA-ZAIN-G-    (0)   :  0.055 0.134 0.009 0.003 0.005 0.032 0.005 0.111 0.238 0.004 0.387 0.012 0.002 0.003 
216 TMA-ZAIN-G-    (0)   :  0.016 0.033 0.005 0.005 0.007 0.041 0.008 0.031 0.006 0.014 0.693 0.124 0.013 0.003 
217 TMA-ZAIN-G-    (0)   :  0.125 0.041 0.003 0.006 0.119 0.078 0.003 0.257 0.004 0.061 0.077 0.215 0.008 0.004 
218 TMA-ZAIN-G-    (0)   :  0.005 0.008 0.003 0.005 0.009 0.006 0.015 0.005 0.911 0.004 0.006 0.011 0.005 0.006 
219 TMA-ZAIN-G-    (0)   :  0.004 0.004 0.007 0.012 0.004 0.005 0.007 0.004 0.925 0.003 0.005 0.008 0.008 0.004 
220 TMA-ZAIN-G-    (0)   :  0.008 0.087 0.005 0.011 0.013 0.016 0.090 0.016 0.698 0.005 0.007 0.007 0.007 0.030 
221 TMA-ZAIN-G-    (0)   :  0.007 0.008 0.011 0.011 0.005 0.009 0.011 0.011 0.880 0.006 0.018 0.014 0.005 0.004 
222 TMA-ZAIN-G-    (0)   :  0.007 0.015 0.006 0.021 0.010 0.012 0.005 0.008 0.871 0.005 0.006 0.013 0.008 0.013 
223 TMA-ZAIN-G-    (0)   :  0.005 0.006 0.010 0.015 0.005 0.004 0.016 0.005 0.912 0.003 0.005 0.005 0.005 0.006 
224 TMA-ZAIN-G-    (0)   :  0.006 0.006 0.012 0.107 0.005 0.006 0.012 0.006 0.768 0.007 0.012 0.032 0.007 0.014 
225 TMA-ZAIN-G-    (0)   :  0.003 0.004 0.007 0.005 0.002 0.003 0.010 0.004 0.931 0.010 0.006 0.004 0.004 0.008 
226 TMA-ZAIN-G-    (0)   :  0.008 0.010 0.007 0.009 0.005 0.007 0.013 0.008 0.882 0.021 0.010 0.006 0.005 0.010 
227 TMA-ZAIN-G-    (0)   :  0.008 0.011 0.010 0.005 0.004 0.008 0.006 0.010 0.894 0.017 0.010 0.005 0.003 0.010 
228 TMA-ZAIN-G-    (0)   :  0.029 0.020 0.010 0.017 0.009 0.012 0.017 0.019 0.824 0.007 0.010 0.008 0.005 0.012 
229 TMA-ZAIN-G-    (0)   :  0.003 0.004 0.018 0.008 0.008 0.003 0.008 0.004 0.916 0.002 0.003 0.003 0.006 0.014 
230 TMA-ZAIN-G-    (0)   :  0.034 0.018 0.007 0.279 0.013 0.005 0.013 0.039 0.457 0.011 0.019 0.056 0.013 0.037 
231 TMA-ZAIN-G-    (0)   :  0.020 0.037 0.392 0.055 0.010 0.034 0.015 0.018 0.275 0.010 0.010 0.013 0.013 0.098 
232 TMA-ZAIN-G-    (9)   :  0.008 0.013 0.411 0.019 0.030 0.010 0.005 0.010 0.212 0.006 0.016 0.036 0.010 0.213 
233 TMA-ZAIN-G-    (0)   :  0.028 0.011 0.014 0.020 0.044 0.012 0.016 0.014 0.781 0.008 0.011 0.025 0.010 0.006 
234 TMA-ZAIN-G-    (0)   :  0.005 0.012 0.033 0.005 0.007 0.008 0.008 0.005 0.702 0.010 0.004 0.004 0.029 0.168 
235 TMA-ZAIN-G-    (0)   :  0.055 0.014 0.016 0.041 0.005 0.010 0.029 0.007 0.587 0.022 0.070 0.004 0.008 0.132 
236 TMA-ZAIN-G-    (0)   :  0.013 0.013 0.019 0.043 0.008 0.012 0.007 0.015 0.798 0.024 0.013 0.009 0.004 0.022 
237 TMA-ZAIN-G-    (0)   :  0.155 0.031 0.008 0.097 0.009 0.018 0.015 0.105 0.390 0.008 0.013 0.028 0.005 0.119 
238 TMA-ZAIN-G-    (0)   :  0.025 0.019 0.017 0.006 0.005 0.032 0.006 0.026 0.786 0.005 0.019 0.020 0.003 0.030 
239 TMA-ZAIN-G-    (0)   :  0.003 0.019 0.728 0.030 0.020 0.003 0.003 0.012 0.010 0.088 0.039 0.008 0.033 0.004 
240 TMA-ZAIN-G-    (0)   :  0.005 0.003 0.943 0.009 0.003 0.003 0.003 0.005 0.007 0.004 0.003 0.003 0.007 0.004 
241 TMA-ZAIN-G-    (0)   :  0.013 0.009 0.923 0.006 0.005 0.006 0.002 0.011 0.005 0.004 0.005 0.004 0.005 0.004 
242 TMA-ZAIN-G-    (0)   :  0.006 0.007 0.939 0.003 0.005 0.007 0.003 0.007 0.004 0.003 0.006 0.003 0.003 0.003 
243 TMA-ZAIN-G-    (0)   :  0.015 0.010 0.909 0.005 0.008 0.007 0.003 0.016 0.005 0.004 0.007 0.005 0.005 0.003 
244 TMA-ZAIN-G-    (0)   :  0.015 0.014 0.901 0.003 0.008 0.016 0.003 0.014 0.005 0.003 0.009 0.004 0.003 0.003 
245 TMA-ZAIN-G-    (9)   :  0.003 0.004 0.958 0.004 0.002 0.003 0.003 0.004 0.005 0.003 0.003 0.002 0.003 0.003 
246 TMA-ZAIN-G-    (0)   :  0.003 0.003 0.957 0.005 0.003 0.003 0.004 0.003 0.005 0.003 0.003 0.003 0.003 0.003 
247 TMA-ZAIN-G-    (0)   :  0.003 0.005 0.948 0.004 0.005 0.004 0.005 0.005 0.004 0.002 0.005 0.004 0.004 0.002 
248 TMA-ZAIN-G-    (0)   :  0.006 0.009 0.921 0.004 0.005 0.005 0.005 0.007 0.007 0.010 0.009 0.004 0.004 0.004 
249 TMA-ZAIN-G-    (0)   :  0.003 0.005 0.946 0.005 0.003 0.003 0.004 0.004 0.006 0.007 0.006 0.003 0.003 0.003 
250 TMA-ZAIN-G-    (0)   :  0.003 0.004 0.948 0.004 0.006 0.003 0.005 0.004 0.006 0.004 0.005 0.003 0.003 0.002 
251 TMA-ZAIN-G-    (0)   :  0.003 0.004 0.003 0.009 0.004 0.004 0.005 0.004 0.004 0.005 0.004 0.007 0.938 0.006 
252 TMA-ZAIN-G-    (0)   :  0.023 0.034 0.003 0.004 0.019 0.008 0.003 0.028 0.006 0.004 0.006 0.005 0.853 0.003 
253 TMA-ZAIN-G-    (0)   :  0.004 0.007 0.004 0.004 0.005 0.009 0.003 0.004 0.003 0.004 0.004 0.005 0.939 0.004 
254 TMA-ZAIN-G-    (9)   :  0.006 0.026 0.003 0.006 0.010 0.021 0.006 0.011 0.004 0.005 0.007 0.011 0.877 0.007 
255 TMA-ZAIN-G-    (0)   :  0.004 0.007 0.016 0.004 0.007 0.007 0.003 0.005 0.003 0.004 0.004 0.004 0.923 0.008 
256 TMA-ZAIN-G-    (0)   :  0.008 0.009 0.011 0.021 0.006 0.008 0.004 0.009 0.007 0.029 0.008 0.009 0.865 0.006 
257 TMA-ZAIN-G-    (0)   :  0.004 0.003 0.005 0.013 0.003 0.003 0.003 0.003 0.005 0.014 0.004 0.005 0.932 0.004 
258 TMA-ZAIN-G-    (0)   :  0.003 0.003 0.003 0.006 0.004 0.003 0.003 0.003 0.003 0.005 0.003 0.004 0.955 0.003 
259 TMA-ZAIN-G-    (0)   :  0.003 0.003 0.006 0.021 0.005 0.003 0.005 0.004 0.005 0.006 0.004 0.005 0.927 0.004 
260 TMA-ZAIN-G-    (0)   :  0.004 0.004 0.005 0.013 0.008 0.003 0.006 0.005 0.004 0.006 0.004 0.004 0.931 0.004 
261 TMA-ZAIN-G-   (18)   :  0.004 0.006 0.004 0.021 0.010 0.005 0.015 0.006 0.005 0.009 0.006 0.011 0.892 0.005 
262 TMA-ZAIN-G-    (0)   :  0.003 0.003 0.003 0.010 0.003 0.003 0.003 0.003 0.004 0.006 0.003 0.005 0.946 0.004 
263 TMA-ZAIN-G-    (0)   :  0.003 0.004 0.004 0.008 0.003 0.004 0.004 0.003 0.004 0.004 0.003 0.004 0.947 0.005 
264 TMA-ZAIN-G-    (0)   :  0.004 0.005 0.004 0.008 0.004 0.005 0.004 0.004 0.004 0.006 0.003 0.004 0.940 0.006 
265 TMA-ZAIN-G-    (0)   :  0.010 0.023 0.012 0.394 0.023 0.020 0.020 0.064 0.258 0.010 0.018 0.029 0.109 0.010 
266 TMA-ZAIN-G-    (0)   :  0.010 0.032 0.009 0.019 0.019 0.020 0.053 0.030 0.012 0.043 0.038 0.122 0.586 0.008 
267 TMA-ZAIN-G-    (0)   :  0.015 0.022 0.327 0.234 0.015 0.006 0.127 0.032 0.020 0.007 0.007 0.017 0.142 0.028 
268 TMA-ZAIN-G-    (0)   :  0.004 0.005 0.882 0.008 0.004 0.004 0.010 0.005 0.006 0.003 0.003 0.004 0.005 0.058 
269 TMA-ZAIN-G-    (0)   :  0.007 0.008 0.564 0.090 0.005 0.005 0.024 0.007 0.023 0.004 0.005 0.009 0.005 0.243 
270 TMA-ZAIN-G-    (0)   :  0.006 0.006 0.694 0.162 0.004 0.004 0.012 0.006 0.015 0.004 0.004 0.006 0.005 0.071 
271 TMA-ZAIN-G-    (0)   :  0.004 0.006 0.889 0.024 0.003 0.005 0.010 0.006 0.007 0.003 0.004 0.005 0.005 0.029 
272 TMA-ZAIN-G-    (0)   :  0.006 0.005 0.810 0.034 0.003 0.005 0.027 0.005 0.058 0.003 0.004 0.005 0.004 0.031 
273 TMA-ZAIN-G-    (0)   :  0.004 0.003 0.904 0.009 0.002 0.002 0.007 0.003 0.036 0.003 0.003 0.003 0.003 0.018 
274 TMA-ZAIN-G-    (0)   :  0.014 0.005 0.780 0.009 0.009 0.010 0.019 0.007 0.019 0.052 0.035 0.005 0.010 0.026 
275 TMA-ZAIN-G-    (0)   :  0.003 0.003 0.945 0.003 0.002 0.004 0.006 0.004 0.009 0.003 0.004 0.004 0.003 0.007 
276 TMA-ZAIN-G-    (0)   :  0.004 0.004 0.947 0.006 0.003 0.004 0.003 0.004 0.005 0.003 0.003 0.003 0.003 0.009 
277 TMA-ZAIN-G-    (0)   :  0.006 0.005 0.934 0.004 0.005 0.004 0.005 0.005 0.006 0.005 0.003 0.003 0.007 0.009 
278 TMA-ZAIN-G-    (0)   :  0.004 0.003 0.945 0.010 0.003 0.002 0.005 0.003 0.007 0.003 0.003 0.003 0.004 0.005 
279 TMA-ZAIN-G-    (0)   :  0.004 0.004 0.914 0.004 0.003 0.004 0.015 0.005 0.015 0.006 0.006 0.006 0.004 0.010 
280 TMA-ZAIN-G-    (0)   :  0.004 0.005 0.707 0.006 0.003 0.007 0.015 0.006 0.130 0.009 0.008 0.012 0.004 0.086 
281 TMA-ZAIN-G-    (0)   :  0.004 0.005 0.888 0.009 0.003 0.004 0.009 0.005 0.014 0.007 0.004 0.007 0.004 0.037 
282 TMA-ZAIN-G-    (9)   :  0.003 0.004 0.937 0.006 0.003 0.003 0.007 0.004 0.007 0.003 0.003 0.003 0.005 0.014 
283 TMA-ZAIN-G-    (0)   :  0.009 0.017 0.616 0.029 0.005 0.015 0.071 0.007 0.045 0.004 0.008 0.013 0.103 0.059 
284 TMA-ZAIN-G-    (0)   :  0.006 0.015 0.440 0.061 0.004 0.018 0.069 0.008 0.099 0.006 0.010 0.020 0.108 0.135 
285 TMA-ZAIN-G-    (0)   :  0.043 0.007 0.775 0.006 0.019 0.016 0.024 0.004 0.019 0.011 0.023 0.006 0.028 0.019 
286 TMA-ZAIN-G-    (0)   :  0.004 0.004 0.895 0.010 0.002 0.003 0.015 0.004 0.008 0.003 0.003 0.004 0.008 0.034 
287 TMA-ZAIN-G-    (0)   :  0.017 0.004 0.870 0.006 0.010 0.006 0.012 0.005 0.007 0.014 0.014 0.003 0.006 0.024 
288 TMA-ZAIN-G-    (0)   :  0.023 0.009 0.517 0.009 0.010 0.011 0.151 0.014 0.065 0.047 0.052 0.009 0.014 0.070 
289 TMA-ZAIN-G-    (0)   :  0.025 0.006 0.796 0.011 0.013 0.008 0.034 0.008 0.015 0.025 0.023 0.005 0.010 0.021 
290 TMA-ZAIN-G-    (0)   :  0.004 0.009 0.427 0.008 0.003 0.009 0.075 0.010 0.033 0.010 0.009 0.016 0.009 0.378 
291 TMA-ZAIN-G-    (0)   :  0.004 0.005 0.011 0.009 0.004 0.005 0.033 0.004 0.889 0.005 0.005 0.005 0.009 0.012 
292 TMA-ZAIN-G-    (0)   :  0.093 0.148 0.016 0.008 0.007 0.075 0.011 0.475 0.028 0.021 0.057 0.044 0.004 0.012 
293 TMA-ZAIN-G-    (0)   :  0.017 0.136 0.012 0.059 0.030 0.034 0.013 0.505 0.017 0.018 0.089 0.043 0.024 0.005 
294 TMA-ZAIN-G-    (0)   :  0.020 0.281 0.004 0.008 0.008 0.009 0.004 0.640 0.003 0.004 0.007 0.006 0.004 0.003 
295 TMA-ZAIN-G-    (9)   :  0.035 0.329 0.007 0.011 0.010 0.009 0.010 0.552 0.006 0.005 0.011 0.007 0.005 0.003 
296 TMA-ZAIN-G-    (0)   :  0.010 0.087 0.005 0.025 0.005 0.018 0.010 0.713 0.008 0.033 0.014 0.055 0.007 0.009 
297 TMA-ZAIN-G-    (0)   :  0.048 0.225 0.007 0.019 0.025 0.310 0.017 0.092 0.010 0.111 0.027 0.082 0.022 0.005 
298 TMA-ZAIN-G-    (0)   :  0.396 0.137 0.013 0.152 0.008 0.021 0.009 0.210 0.010 0.004 0.007 0.010 0.015 0.009 
299 TMA-ZAIN-G-    (0)   :  0.869 0.015 0.004 0.003 0.006 0.033 0.004 0.023 0.007 0.007 0.013 0.008 0.003 0.004 
300 TMA-ZAIN-G-    (0)   :  0.327 0.101 0.007 0.011 0.064 0.012 0.016 0.311 0.007 0.009 0.117 0.008 0.006 0.003 
301 TMA-ZAIN-G-    (0)   :  0.661 0.048 0.007 0.014 0.023 0.015 0.008 0.090 0.008 0.028 0.078 0.010 0.004 0.005 
302 TMA-ZAIN-G-    (9)   :  0.024 0.230 0.003 0.009 0.006 0.031 0.004 0.632 0.004 0.011 0.019 0.019 0.004 0.003 
303 TMA-ZAIN-G-    (0)   :  0.003 0.006 0.006 0.008 0.002 0.004 0.011 0.006 0.832 0.055 0.021 0.014 0.022 0.010 
304 TMA-ZAIN-G-    (0)   :  0.008 0.127 0.009 0.013 0.094 0.043 0.014 0.075 0.006 0.027 0.048 0.035 0.486 0.014 
305 TMA-ZAIN-G-    (0)   :  0.006 0.038 0.003 0.010 0.011 0.016 0.006 0.849 0.004 0.009 0.015 0.024 0.005 0.003 
306 TMA-ZAIN-G-    (0)   :  0.010 0.050 0.022 0.007 0.012 0.019 0.012 0.341 0.009 0.013 0.012 0.052 0.367 0.074 
307 TMA-ZAIN-G-    (0)   :  0.007 0.129 0.012 0.012 0.208 0.033 0.012 0.128 0.005 0.013 0.058 0.031 0.345 0.009 
308 TMA-ZAIN-G-    (0)   :  0.005 0.006 0.017 0.014 0.012 0.003 0.074 0.005 0.101 0.013 0.007 0.006 0.711 0.026 
309 TMA-ZAIN-G-    (0)   :  0.030 0.014 0.003 0.005 0.010 0.021 0.005 0.024 0.005 0.032 0.765 0.079 0.003 0.004 
310 TMA-ZAIN-G-    (0)   :  0.278 0.119 0.025 0.059 0.013 0.122 0.014 0.200 0.013 0.004 0.129 0.009 0.009 0.006 
311 TMA-ZAIN-G-    (0)   :  0.056 0.266 0.007 0.094 0.006 0.230 0.024 0.096 0.016 0.018 0.022 0.111 0.025 0.027 
312 TMA-ZAIN-G-    (0)   :  0.030 0.156 0.005 0.007 0.011 0.019 0.040 0.036 0.013 0.023 0.575 0.069 0.012 0.005 
313 TMA-ZAIN-G-    (0)   :  0.106 0.057 0.006 0.024 0.024 0.028 0.011 0.087 0.005 0.023 0.022 0.210 0.384 0.013 
314 TMA-ZAIN-G-    (0)   :  0.007 0.011 0.277 0.016 0.006 0.007 0.343 0.015 0.033 0.010 0.022 0.012 0.012 0.228 
315 TMA-ZAIN-G-    (0)   :  0.119 0.105 0.368 0.027 0.024 0.025 0.033 0.195 0.016 0.007 0.043 0.018 0.013 0.007 
