

----------------------------------------------------
STRUCTURE by Pritchard, Stephens and Donnelly (2000)
     and Falush, Stephens and Pritchard (2003)
       Code by Pritchard, Falush and Hubisz
             Version 2.3.4 (Jul 2012)
----------------------------------------------------



Command line arguments:   bin\structure -m C:\Users\eschumacher\Documents\GitHub\GCC_QUAC_ZAIN\Data_Files\Structure_Files\ZAIN\ZAIN_rebinned_garden_wild_nopopinfo\50-50\mainparams -e C:\Users\eschumacher\Documents\GitHub\GCC_QUAC_ZAIN\Data_Files\Structure_Files\ZAIN\ZAIN_rebinned_garden_wild_nopopinfo\50-50\extraparams 
Input File:    C:\Users\eschumacher\Documents\GitHub\GCC_QUAC_ZAIN\Data_Files\Structure_Files\ZAIN\ZAIN_rebinned_garden_wild_nopopinfo\project_data

Run parameters:
   1133 individuals
   11 loci
   15 populations assumed
   50000 Burn-in period
   50000 Reps


--------------------------------------------
Overall proportion of membership of the
sample in each of the 15 clusters

Inferred Clusters
  1      2      3      4      5      6      7      8      9     10     11     12     13     14     15    
0.061  0.060  0.035  0.057  0.042  0.076  0.058  0.048  0.140  0.060  0.057  0.043  0.050  0.091  0.121  

--------------------------------------------

Allele-freq. divergence among pops (Net nucleotide distance),
computed using point estimates of P.

      1       2       3       4       5       6       7       8       9      10      11      12      13      14      15      
 1      -    0.1348  0.2146  0.1092  0.0991  0.2314  0.0794  0.1301  0.2806  0.1473  0.0632  0.0674  0.1513  0.1730  0.3030  
 2   0.1348     -    0.1733  0.2159  0.1241  0.1853  0.1593  0.2008  0.1657  0.2397  0.1523  0.1340  0.1798  0.0970  0.2188  
 3   0.2146  0.1733     -    0.2875  0.1950  0.2069  0.1863  0.2196  0.2282  0.2473  0.1843  0.1864  0.2877  0.1487  0.2378  
 4   0.1092  0.2159  0.2875     -    0.0585  0.2963  0.0639  0.1223  0.2787  0.3168  0.0528  0.1204  0.1746  0.2673  0.3909  
 5   0.0991  0.1241  0.1950  0.0585     -    0.2080  0.0465  0.0931  0.2270  0.2510  0.0493  0.0847  0.1016  0.2097  0.3208  
 6   0.2314  0.1853  0.2069  0.2963  0.2080     -    0.2527  0.2481  0.1853  0.2103  0.2495  0.1904  0.2302  0.1730  0.2816  
 7   0.0794  0.1593  0.1863  0.0639  0.0465  0.2527     -    0.0664  0.2587  0.2481  0.0066  0.1047  0.1362  0.2041  0.2982  
 8   0.1301  0.2008  0.2196  0.1223  0.0931  0.2481  0.0664     -    0.2767  0.2562  0.0626  0.1645  0.1240  0.2086  0.3107  
 9   0.2806  0.1657  0.2282  0.2787  0.2270  0.1853  0.2587  0.2767     -    0.2957  0.2455  0.2529  0.3636  0.1002  0.1597  
10   0.1473  0.2397  0.2473  0.3168  0.2510  0.2103  0.2481  0.2562  0.2957     -    0.2225  0.1802  0.2954  0.2024  0.3764  
11   0.0632  0.1523  0.1843  0.0528  0.0493  0.2495  0.0066  0.0626  0.2455  0.2225     -    0.0872  0.1445  0.1848  0.2915  
12   0.0674  0.1340  0.1864  0.1204  0.0847  0.1904  0.1047  0.1645  0.2529  0.1802  0.0872     -    0.1662  0.1935  0.3555  
13   0.1513  0.1798  0.2877  0.1746  0.1016  0.2302  0.1362  0.1240  0.3636  0.2954  0.1445  0.1662     -    0.2934  0.3829  
14   0.1730  0.0970  0.1487  0.2673  0.2097  0.1730  0.2041  0.2086  0.1002  0.2024  0.1848  0.1935  0.2934     -    0.1127  
15   0.3030  0.2188  0.2378  0.3909  0.3208  0.2816  0.2982  0.3107  0.1597  0.3764  0.2915  0.3555  0.3829  0.1127     -    

Average distances (expected heterozygosity) between individuals in same cluster:
cluster  1  : 0.4297 
cluster  2  : 0.4669 
cluster  3  : 0.2565 
cluster  4  : 0.3135 
cluster  5  : 0.4012 
cluster  6  : 0.3694 
cluster  7  : 0.3687 
cluster  8  : 0.3900 
cluster  9  : 0.4667 
cluster 10  : 0.2276 
cluster 11  : 0.3858 
cluster 12  : 0.3517 
cluster 13  : 0.3514 
cluster 14  : 0.5227 
cluster 15  : 0.4048 

--------------------------------------------
Estimated Ln Prob of Data   = -20796.0
Mean value of ln likelihood = -19853.2
Variance of ln likelihood   = 1885.6
Mean value of alpha         = 0.0347

Mean value of Fst_1         = 0.3171
Mean value of Fst_2         = 0.3001
Mean value of Fst_3         = 0.6062
Mean value of Fst_4         = 0.4615
Mean value of Fst_5         = 0.3329
Mean value of Fst_6         = 0.4592
Mean value of Fst_7         = 0.3590
Mean value of Fst_8         = 0.3907
Mean value of Fst_9         = 0.3984
Mean value of Fst_10         = 0.6118
Mean value of Fst_11         = 0.3372
Mean value of Fst_12         = 0.5086
Mean value of Fst_13         = 0.4243
Mean value of Fst_14         = 0.1835
Mean value of Fst_15         = 0.4493


Inferred ancestry of individuals:
        Label (%Miss) :  Inferred clusters
  1 TMA-ZAIN-G-    (9)   :  0.039 0.015 0.007 0.007 0.158 0.009 0.005 0.004 0.646 0.038 0.005 0.009 0.006 0.044 0.007 
  2 TMA-ZAIN-G-    (0)   :  0.010 0.007 0.016 0.010 0.091 0.027 0.013 0.136 0.624 0.008 0.028 0.005 0.004 0.013 0.008 
  3 TMA-ZAIN-G-    (0)   :  0.021 0.010 0.007 0.060 0.715 0.006 0.030 0.010 0.004 0.017 0.035 0.045 0.033 0.004 0.003 
  4 TMA-ZAIN-G-    (0)   :  0.009 0.006 0.577 0.097 0.112 0.015 0.054 0.012 0.009 0.016 0.034 0.012 0.039 0.004 0.005 
  5 TMA-ZAIN-G-    (0)   :  0.002 0.006 0.005 0.003 0.003 0.006 0.003 0.002 0.951 0.002 0.003 0.003 0.002 0.003 0.005 
  6 TMA-ZAIN-G-    (0)   :  0.012 0.138 0.029 0.015 0.562 0.013 0.019 0.013 0.019 0.011 0.021 0.058 0.035 0.027 0.029 
  7 TMA-ZAIN-G-    (0)   :  0.030 0.013 0.088 0.030 0.165 0.012 0.193 0.020 0.011 0.033 0.195 0.186 0.008 0.011 0.005 
  8 TMA-ZAIN-G-    (0)   :  0.007 0.005 0.004 0.015 0.018 0.011 0.009 0.008 0.004 0.004 0.009 0.891 0.009 0.003 0.002 
  9 TMA-ZAIN-G-    (9)   :  0.060 0.022 0.007 0.042 0.223 0.005 0.202 0.061 0.006 0.007 0.318 0.016 0.020 0.005 0.005 
 10 TMA-ZAIN-G-    (0)   :  0.166 0.030 0.010 0.030 0.082 0.009 0.255 0.030 0.003 0.010 0.278 0.055 0.032 0.006 0.004 
 11 TMA-ZAIN-G-    (0)   :  0.097 0.005 0.015 0.006 0.031 0.005 0.515 0.014 0.006 0.009 0.269 0.012 0.005 0.007 0.004 
 12 TMA-ZAIN-G-    (0)   :  0.047 0.009 0.005 0.587 0.164 0.006 0.043 0.009 0.006 0.026 0.067 0.016 0.005 0.006 0.003 
 13 TMA-ZAIN-G-    (9)   :  0.071 0.015 0.015 0.023 0.013 0.015 0.172 0.131 0.039 0.085 0.295 0.028 0.013 0.024 0.063 
 14 TMA-ZAIN-G-    (9)   :  0.066 0.010 0.005 0.008 0.008 0.007 0.023 0.017 0.003 0.789 0.025 0.008 0.006 0.009 0.012 
 15 TMA-ZAIN-G-    (0)   :  0.090 0.005 0.003 0.005 0.232 0.006 0.005 0.004 0.003 0.619 0.007 0.008 0.007 0.004 0.002 
 16 TMA-ZAIN-G-    (0)   :  0.018 0.007 0.005 0.268 0.018 0.003 0.326 0.009 0.003 0.006 0.317 0.006 0.005 0.005 0.004 
 17 TMA-ZAIN-G-    (9)   :  0.639 0.014 0.118 0.008 0.025 0.020 0.009 0.005 0.008 0.014 0.020 0.092 0.006 0.015 0.009 
 18 TMA-ZAIN-G-    (0)   :  0.009 0.020 0.011 0.019 0.009 0.043 0.005 0.004 0.665 0.011 0.006 0.014 0.006 0.172 0.006 
 19 TMA-ZAIN-G-    (0)   :  0.022 0.133 0.042 0.023 0.018 0.004 0.022 0.008 0.016 0.012 0.032 0.075 0.005 0.561 0.027 
 20 TMA-ZAIN-G-    (0)   :  0.003 0.008 0.006 0.003 0.004 0.033 0.004 0.005 0.035 0.004 0.003 0.004 0.005 0.827 0.056 
 21 TMA-ZAIN-G-    (0)   :  0.005 0.005 0.004 0.004 0.005 0.006 0.005 0.003 0.003 0.002 0.005 0.003 0.005 0.004 0.942 
 22 TMA-ZAIN-G-    (0)   :  0.003 0.008 0.009 0.002 0.003 0.007 0.003 0.003 0.058 0.003 0.003 0.003 0.002 0.013 0.878 
 23 TMA-ZAIN-G-    (0)   :  0.007 0.024 0.011 0.007 0.005 0.004 0.007 0.005 0.017 0.007 0.009 0.010 0.004 0.035 0.848 
 24 TMA-ZAIN-G-    (9)   :  0.018 0.004 0.003 0.008 0.006 0.006 0.011 0.184 0.007 0.016 0.009 0.003 0.081 0.003 0.642 
 25 TMA-ZAIN-G-    (9)   :  0.007 0.010 0.003 0.004 0.240 0.004 0.004 0.049 0.085 0.003 0.005 0.003 0.004 0.564 0.015 
 26 TMA-ZAIN-G-    (9)   :  0.050 0.005 0.010 0.007 0.291 0.471 0.021 0.047 0.005 0.011 0.024 0.015 0.008 0.009 0.026 
 27 TMA-ZAIN-G-    (0)   :  0.019 0.644 0.023 0.004 0.014 0.017 0.012 0.005 0.075 0.070 0.009 0.010 0.008 0.073 0.018 
 28 TMA-ZAIN-G-    (0)   :  0.005 0.910 0.005 0.005 0.007 0.005 0.005 0.004 0.009 0.009 0.006 0.011 0.004 0.012 0.004 
 29 TMA-ZAIN-G-    (0)   :  0.006 0.005 0.003 0.004 0.004 0.014 0.004 0.005 0.003 0.006 0.004 0.004 0.709 0.224 0.004 
 30 TMA-ZAIN-G-    (0)   :  0.170 0.431 0.008 0.039 0.026 0.005 0.036 0.089 0.004 0.053 0.066 0.014 0.026 0.027 0.004 
 31 TMA-ZAIN-G-    (0)   :  0.003 0.006 0.022 0.004 0.005 0.061 0.007 0.009 0.835 0.006 0.005 0.007 0.006 0.012 0.012 
 32 TMA-ZAIN-G-    (9)   :  0.032 0.008 0.006 0.032 0.384 0.006 0.011 0.005 0.356 0.009 0.011 0.006 0.003 0.060 0.069 
 33 TMA-ZAIN-G-   (18)   :  0.018 0.007 0.004 0.028 0.860 0.003 0.018 0.005 0.004 0.005 0.016 0.018 0.007 0.004 0.003 
 34 TMA-ZAIN-G-    (0)   :  0.007 0.007 0.005 0.055 0.782 0.005 0.024 0.008 0.052 0.005 0.012 0.006 0.004 0.010 0.019 
 35 TMA-ZAIN-G-    (9)   :  0.011 0.007 0.006 0.019 0.881 0.006 0.013 0.009 0.005 0.009 0.007 0.008 0.014 0.004 0.003 
 36 TMA-ZAIN-G-    (0)   :  0.146 0.005 0.006 0.011 0.314 0.015 0.038 0.238 0.004 0.111 0.052 0.042 0.010 0.005 0.003 
 37 TMA-ZAIN-G-    (9)   :  0.008 0.006 0.011 0.006 0.915 0.005 0.009 0.006 0.004 0.003 0.007 0.008 0.006 0.004 0.004 
 38 TMA-ZAIN-G-   (18)   :  0.023 0.006 0.015 0.010 0.401 0.008 0.007 0.007 0.376 0.016 0.010 0.004 0.005 0.077 0.034 
 39 TMA-ZAIN-G-    (0)   :  0.057 0.009 0.008 0.061 0.064 0.008 0.050 0.623 0.003 0.004 0.073 0.017 0.014 0.004 0.005 
 40 TMA-ZAIN-G-    (0)   :  0.524 0.004 0.018 0.064 0.171 0.005 0.027 0.102 0.003 0.004 0.050 0.012 0.007 0.004 0.006 
 41 TMA-ZAIN-G-    (0)   :  0.651 0.005 0.003 0.014 0.055 0.005 0.007 0.178 0.003 0.024 0.014 0.029 0.006 0.003 0.003 
 42 TMA-ZAIN-G-    (9)   :  0.768 0.003 0.005 0.008 0.013 0.018 0.005 0.009 0.003 0.092 0.008 0.055 0.008 0.004 0.002 
 43 TMA-ZAIN-G-    (0)   :  0.011 0.003 0.004 0.003 0.005 0.005 0.005 0.005 0.003 0.916 0.005 0.018 0.011 0.004 0.003 
 44 TMA-ZAIN-G-    (0)   :  0.008 0.003 0.008 0.008 0.015 0.004 0.076 0.040 0.005 0.005 0.037 0.008 0.007 0.012 0.764 
 45 TMA-ZAIN-G-    (0)   :  0.116 0.009 0.012 0.055 0.041 0.008 0.409 0.008 0.005 0.012 0.291 0.017 0.005 0.006 0.005 
 46 TMA-ZAIN-G-    (0)   :  0.003 0.003 0.009 0.002 0.003 0.005 0.005 0.005 0.003 0.004 0.004 0.003 0.003 0.006 0.941 
 47 TMA-ZAIN-G-    (0)   :  0.004 0.004 0.012 0.005 0.006 0.935 0.003 0.003 0.004 0.004 0.004 0.005 0.004 0.004 0.004 
 48 TMA-ZAIN-G-    (0)   :  0.106 0.048 0.130 0.013 0.022 0.179 0.128 0.012 0.005 0.046 0.139 0.119 0.015 0.013 0.026 
 49 TMA-ZAIN-G-    (9)   :  0.008 0.013 0.019 0.030 0.025 0.007 0.016 0.005 0.012 0.004 0.014 0.009 0.042 0.791 0.005 
 50 TMA-ZAIN-G-    (0)   :  0.080 0.022 0.006 0.010 0.006 0.003 0.006 0.025 0.012 0.009 0.007 0.012 0.003 0.793 0.006 
 51 TMA-ZAIN-G-    (0)   :  0.023 0.024 0.012 0.004 0.009 0.016 0.014 0.008 0.007 0.055 0.010 0.011 0.007 0.793 0.007 
 52 TMA-ZAIN-G-    (0)   :  0.007 0.032 0.128 0.011 0.006 0.031 0.008 0.006 0.006 0.018 0.014 0.009 0.003 0.711 0.009 
 53 TMA-ZAIN-G-    (0)   :  0.010 0.009 0.068 0.003 0.005 0.053 0.014 0.012 0.138 0.034 0.010 0.011 0.004 0.622 0.007 
 54 TMA-ZAIN-G-    (0)   :  0.011 0.009 0.004 0.007 0.004 0.904 0.007 0.004 0.005 0.010 0.008 0.011 0.003 0.008 0.004 
 55 TMA-ZAIN-G-    (0)   :  0.038 0.021 0.003 0.009 0.004 0.827 0.008 0.003 0.004 0.021 0.013 0.014 0.003 0.023 0.008 
 56 TMA-ZAIN-G-    (0)   :  0.185 0.047 0.394 0.011 0.023 0.047 0.047 0.023 0.006 0.025 0.064 0.069 0.021 0.031 0.006 
 57 TMA-ZAIN-G-    (0)   :  0.005 0.006 0.010 0.039 0.015 0.836 0.010 0.009 0.008 0.005 0.012 0.006 0.008 0.027 0.004 
 58 TMA-ZAIN-G-    (0)   :  0.019 0.216 0.015 0.018 0.013 0.039 0.007 0.003 0.062 0.008 0.010 0.047 0.007 0.382 0.153 
 59 TMA-ZAIN-G-    (0)   :  0.022 0.023 0.039 0.015 0.049 0.016 0.084 0.016 0.563 0.008 0.065 0.049 0.016 0.012 0.024 
 60 TMA-ZAIN-G-    (0)   :  0.016 0.060 0.038 0.005 0.012 0.021 0.019 0.006 0.507 0.145 0.014 0.020 0.007 0.120 0.010 
 61 TMA-ZAIN-G-    (0)   :  0.003 0.006 0.030 0.003 0.005 0.012 0.004 0.003 0.889 0.003 0.004 0.004 0.003 0.010 0.021 
 62 TMA-ZAIN-G-    (9)   :  0.037 0.053 0.003 0.031 0.030 0.011 0.039 0.022 0.675 0.006 0.044 0.010 0.006 0.015 0.017 
 63 TMA-ZAIN-G-    (0)   :  0.006 0.008 0.015 0.007 0.006 0.013 0.004 0.003 0.898 0.007 0.005 0.006 0.003 0.013 0.006 
 64 TMA-ZAIN-G-    (0)   :  0.005 0.003 0.003 0.004 0.005 0.003 0.008 0.009 0.002 0.005 0.007 0.004 0.935 0.002 0.002 
 65 TMA-ZAIN-G-    (9)   :  0.007 0.006 0.006 0.020 0.053 0.008 0.009 0.007 0.003 0.006 0.008 0.009 0.853 0.003 0.002 
 66 TMA-ZAIN-G-    (0)   :  0.009 0.004 0.005 0.011 0.015 0.004 0.030 0.015 0.003 0.004 0.026 0.008 0.860 0.003 0.003 
 67 TMA-ZAIN-G-    (0)   :  0.012 0.013 0.004 0.015 0.023 0.005 0.053 0.099 0.004 0.003 0.059 0.006 0.680 0.011 0.012 
 68 TMA-ZAIN-G-    (0)   :  0.005 0.003 0.004 0.005 0.005 0.005 0.005 0.004 0.002 0.006 0.005 0.009 0.936 0.003 0.002 
 69 TMA-ZAIN-G-    (0)   :  0.006 0.006 0.023 0.029 0.031 0.008 0.044 0.032 0.018 0.016 0.030 0.007 0.704 0.025 0.021 
 70 TMA-ZAIN-G-    (0)   :  0.007 0.004 0.004 0.007 0.007 0.003 0.046 0.863 0.003 0.005 0.028 0.004 0.010 0.004 0.004 
 71 TMA-ZAIN-G-    (0)   :  0.007 0.003 0.004 0.010 0.009 0.003 0.018 0.899 0.003 0.003 0.025 0.004 0.004 0.004 0.003 
 72 TMA-ZAIN-G-    (0)   :  0.008 0.007 0.004 0.006 0.009 0.006 0.014 0.883 0.003 0.007 0.027 0.006 0.012 0.004 0.003 
 73 TMA-ZAIN-G-    (0)   :  0.005 0.019 0.004 0.007 0.015 0.017 0.007 0.843 0.020 0.003 0.008 0.005 0.006 0.016 0.024 
 74 TMA-ZAIN-G-    (0)   :  0.005 0.005 0.003 0.009 0.009 0.004 0.008 0.921 0.005 0.003 0.009 0.004 0.004 0.005 0.005 
 75 TMA-ZAIN-G-    (0)   :  0.004 0.005 0.004 0.007 0.008 0.006 0.009 0.921 0.004 0.005 0.009 0.006 0.005 0.004 0.003 
 76 TMA-ZAIN-G-    (0)   :  0.005 0.004 0.003 0.008 0.007 0.003 0.016 0.892 0.004 0.003 0.027 0.004 0.004 0.007 0.012 
 77 TMA-ZAIN-G-    (0)   :  0.008 0.005 0.007 0.004 0.005 0.004 0.007 0.921 0.003 0.005 0.011 0.004 0.005 0.005 0.004 
 78 TMA-ZAIN-G-    (0)   :  0.005 0.007 0.011 0.007 0.008 0.006 0.011 0.855 0.006 0.005 0.048 0.005 0.004 0.012 0.009 
 79 TMA-ZAIN-G-    (0)   :  0.007 0.005 0.024 0.005 0.006 0.004 0.016 0.837 0.004 0.006 0.064 0.005 0.004 0.008 0.007 
 80 TMA-ZAIN-G-    (0)   :  0.015 0.007 0.006 0.079 0.021 0.010 0.048 0.682 0.003 0.004 0.088 0.010 0.021 0.004 0.004 
 81 TMA-ZAIN-G-    (0)   :  0.011 0.007 0.027 0.011 0.016 0.006 0.043 0.748 0.004 0.007 0.092 0.009 0.005 0.008 0.006 
 82 TMA-ZAIN-G-    (0)   :  0.007 0.007 0.007 0.032 0.181 0.014 0.365 0.035 0.005 0.007 0.210 0.018 0.105 0.005 0.003 
 83 TMA-ZAIN-G-    (9)   :  0.006 0.026 0.004 0.142 0.658 0.010 0.029 0.008 0.029 0.005 0.016 0.017 0.020 0.009 0.021 
 84 TMA-ZAIN-G-    (0)   :  0.011 0.005 0.010 0.012 0.012 0.004 0.032 0.771 0.003 0.006 0.096 0.008 0.005 0.009 0.013 
 85 TMA-ZAIN-G-    (0)   :  0.003 0.004 0.950 0.003 0.004 0.004 0.004 0.003 0.004 0.003 0.004 0.004 0.003 0.004 0.004 
 86 TMA-ZAIN-G-    (0)   :  0.008 0.005 0.909 0.008 0.010 0.005 0.012 0.005 0.003 0.003 0.009 0.008 0.005 0.003 0.006 
 87 TMA-ZAIN-G-    (0)   :  0.003 0.004 0.951 0.003 0.003 0.004 0.004 0.003 0.004 0.003 0.003 0.004 0.002 0.004 0.005 
 88 TMA-ZAIN-G-    (0)   :  0.009 0.010 0.389 0.083 0.067 0.058 0.045 0.023 0.175 0.016 0.061 0.010 0.032 0.008 0.012 
 89 TMA-ZAIN-G-    (0)   :  0.012 0.004 0.305 0.029 0.025 0.371 0.034 0.038 0.027 0.036 0.047 0.008 0.024 0.008 0.031 
 90 TMA-ZAIN-G-    (0)   :  0.004 0.006 0.834 0.021 0.030 0.034 0.011 0.004 0.014 0.004 0.008 0.005 0.013 0.008 0.004 
 91 TMA-ZAIN-G-    (0)   :  0.008 0.017 0.787 0.007 0.012 0.040 0.015 0.008 0.049 0.012 0.012 0.012 0.011 0.007 0.006 
 92 TMA-ZAIN-G-    (0)   :  0.009 0.027 0.531 0.005 0.008 0.280 0.012 0.011 0.009 0.012 0.012 0.008 0.006 0.033 0.038 
 93 TMA-ZAIN-G-    (0)   :  0.006 0.097 0.245 0.003 0.006 0.500 0.008 0.007 0.040 0.023 0.007 0.007 0.007 0.028 0.015 
 94 TMA-ZAIN-G-    (0)   :  0.004 0.015 0.757 0.003 0.005 0.052 0.005 0.005 0.113 0.007 0.005 0.005 0.005 0.009 0.011 
 95 TMA-ZAIN-G-    (0)   :  0.016 0.879 0.005 0.005 0.004 0.004 0.006 0.011 0.006 0.015 0.007 0.005 0.007 0.025 0.005 
 96 TMA-ZAIN-G-    (0)   :  0.104 0.755 0.008 0.008 0.011 0.005 0.004 0.003 0.006 0.014 0.005 0.006 0.004 0.061 0.006 
 97 TMA-ZAIN-G-    (0)   :  0.004 0.004 0.009 0.004 0.005 0.012 0.008 0.015 0.886 0.008 0.007 0.007 0.008 0.017 0.006 
 98 TMA-ZAIN-G-    (0)   :  0.004 0.003 0.007 0.003 0.005 0.011 0.008 0.014 0.912 0.006 0.007 0.006 0.005 0.005 0.004 
 99 TMA-ZAIN-G-    (0)   :  0.029 0.007 0.004 0.017 0.073 0.003 0.092 0.006 0.667 0.005 0.056 0.008 0.014 0.006 0.013 
100 TMA-ZAIN-G-    (0)   :  0.003 0.006 0.033 0.003 0.004 0.025 0.006 0.006 0.851 0.008 0.005 0.004 0.005 0.025 0.016 
101 TMA-ZAIN-G-    (0)   :  0.005 0.005 0.004 0.006 0.005 0.013 0.021 0.009 0.886 0.006 0.014 0.006 0.006 0.009 0.005 
102 TMA-ZAIN-G-    (0)   :  0.057 0.019 0.034 0.056 0.011 0.009 0.017 0.014 0.387 0.028 0.023 0.009 0.012 0.112 0.212 
103 TMA-ZAIN-G-    (0)   :  0.011 0.019 0.029 0.023 0.016 0.006 0.016 0.008 0.753 0.008 0.016 0.012 0.006 0.062 0.015 
104 TMA-ZAIN-G-    (0)   :  0.003 0.005 0.004 0.004 0.004 0.005 0.003 0.004 0.940 0.004 0.003 0.005 0.002 0.007 0.006 
105 TMA-ZAIN-G-    (0)   :  0.012 0.018 0.041 0.030 0.017 0.006 0.019 0.008 0.762 0.007 0.018 0.017 0.006 0.029 0.009 
106 TMA-ZAIN-G-    (0)   :  0.445 0.006 0.007 0.051 0.042 0.006 0.075 0.083 0.004 0.078 0.112 0.043 0.041 0.004 0.003 
107 TMA-ZAIN-G-    (0)   :  0.017 0.006 0.006 0.235 0.044 0.007 0.245 0.075 0.004 0.011 0.312 0.017 0.012 0.005 0.003 
108 TMA-ZAIN-G-    (9)   :  0.020 0.010 0.056 0.009 0.602 0.015 0.022 0.010 0.115 0.021 0.018 0.009 0.005 0.048 0.039 
109 TMA-ZAIN-G-    (0)   :  0.075 0.055 0.015 0.163 0.072 0.062 0.021 0.008 0.266 0.027 0.054 0.042 0.127 0.008 0.006 
110 TMA-ZAIN-G-    (0)   :  0.062 0.025 0.022 0.063 0.119 0.015 0.125 0.017 0.058 0.015 0.169 0.061 0.007 0.104 0.138 
111 TMA-ZAIN-G-    (9)   :  0.011 0.020 0.006 0.167 0.062 0.020 0.031 0.040 0.350 0.004 0.033 0.009 0.010 0.112 0.125 
112 TMA-ZAIN-G-    (0)   :  0.153 0.043 0.014 0.064 0.046 0.025 0.068 0.013 0.237 0.030 0.093 0.043 0.018 0.096 0.057 
113 TMA-ZAIN-G-    (0)   :  0.005 0.004 0.006 0.013 0.011 0.020 0.014 0.024 0.854 0.005 0.015 0.007 0.010 0.005 0.008 
114 TMA-ZAIN-G-    (0)   :  0.002 0.005 0.007 0.003 0.004 0.004 0.003 0.003 0.944 0.002 0.003 0.003 0.003 0.004 0.010 
115 TMA-ZAIN-G-    (0)   :  0.003 0.005 0.003 0.005 0.005 0.004 0.003 0.004 0.946 0.004 0.003 0.003 0.003 0.004 0.005 
116 TMA-ZAIN-G-    (0)   :  0.006 0.007 0.006 0.338 0.551 0.010 0.015 0.012 0.006 0.005 0.014 0.015 0.009 0.004 0.003 
117 TMA-ZAIN-G-    (0)   :  0.031 0.021 0.025 0.026 0.457 0.027 0.046 0.058 0.005 0.042 0.048 0.075 0.128 0.007 0.003 
118 TMA-ZAIN-G-    (0)   :  0.011 0.010 0.006 0.360 0.502 0.009 0.014 0.008 0.005 0.021 0.018 0.009 0.017 0.006 0.003 
119 TMA-ZAIN-G-    (0)   :  0.006 0.014 0.004 0.290 0.530 0.008 0.019 0.035 0.019 0.005 0.012 0.011 0.016 0.015 0.014 
120 TMA-ZAIN-G-    (0)   :  0.011 0.015 0.012 0.221 0.567 0.010 0.023 0.017 0.007 0.049 0.024 0.016 0.017 0.007 0.003 
121 TMA-ZAIN-G-    (0)   :  0.013 0.012 0.006 0.036 0.801 0.009 0.024 0.010 0.005 0.008 0.011 0.022 0.035 0.004 0.003 
122 TMA-ZAIN-G-    (0)   :  0.014 0.016 0.036 0.011 0.781 0.007 0.032 0.010 0.004 0.007 0.015 0.049 0.011 0.004 0.005 
123 TMA-ZAIN-G-    (0)   :  0.005 0.006 0.008 0.005 0.006 0.005 0.005 0.005 0.911 0.012 0.005 0.004 0.003 0.012 0.008 
124 TMA-ZAIN-G-    (0)   :  0.016 0.006 0.006 0.007 0.007 0.003 0.007 0.004 0.004 0.006 0.007 0.917 0.003 0.004 0.003 
125 TMA-ZAIN-G-    (0)   :  0.010 0.004 0.005 0.006 0.005 0.022 0.005 0.005 0.002 0.009 0.006 0.902 0.015 0.003 0.002 
126 TMA-ZAIN-G-    (0)   :  0.012 0.003 0.005 0.011 0.005 0.006 0.006 0.004 0.004 0.014 0.009 0.911 0.003 0.003 0.003 
127 TMA-ZAIN-G-    (0)   :  0.043 0.004 0.004 0.010 0.006 0.003 0.009 0.003 0.003 0.007 0.012 0.884 0.005 0.003 0.003 
128 TMA-ZAIN-G-    (0)   :  0.009 0.007 0.005 0.007 0.016 0.004 0.009 0.005 0.003 0.005 0.009 0.905 0.010 0.003 0.003 
129 TMA-ZAIN-G-    (0)   :  0.011 0.004 0.006 0.005 0.008 0.004 0.007 0.004 0.005 0.007 0.010 0.918 0.005 0.004 0.003 
130 TMA-ZAIN-G-    (0)   :  0.006 0.004 0.005 0.009 0.006 0.013 0.005 0.005 0.004 0.014 0.005 0.914 0.004 0.004 0.002 
131 TMA-ZAIN-G-    (0)   :  0.013 0.006 0.007 0.006 0.006 0.003 0.006 0.004 0.004 0.009 0.008 0.919 0.003 0.004 0.003 
132 TMA-ZAIN-G-    (0)   :  0.014 0.006 0.005 0.007 0.014 0.014 0.012 0.006 0.003 0.007 0.010 0.880 0.018 0.003 0.002 
133 TMA-ZAIN-G-    (0)   :  0.234 0.013 0.037 0.026 0.012 0.022 0.068 0.058 0.003 0.122 0.270 0.035 0.078 0.012 0.010 
134 TMA-ZAIN-G-    (0)   :  0.043 0.004 0.032 0.059 0.009 0.022 0.071 0.043 0.003 0.199 0.293 0.164 0.045 0.006 0.006 
135 TMA-ZAIN-G-    (0)   :  0.013 0.003 0.011 0.097 0.010 0.005 0.236 0.018 0.003 0.008 0.559 0.018 0.011 0.004 0.004 
136 TMA-ZAIN-G-    (0)   :  0.022 0.008 0.006 0.041 0.052 0.014 0.144 0.028 0.005 0.006 0.242 0.024 0.399 0.004 0.006 
137 TMA-ZAIN-G-    (0)   :  0.011 0.003 0.021 0.699 0.010 0.006 0.042 0.018 0.005 0.005 0.144 0.017 0.005 0.007 0.008 
138 TMA-ZAIN-G-    (0)   :  0.030 0.004 0.004 0.126 0.034 0.014 0.176 0.011 0.004 0.017 0.406 0.158 0.009 0.003 0.002 
139 TMA-ZAIN-G-    (0)   :  0.015 0.004 0.007 0.164 0.046 0.049 0.140 0.028 0.004 0.009 0.413 0.104 0.010 0.003 0.004 
140 TMA-ZAIN-G-    (0)   :  0.042 0.009 0.004 0.102 0.044 0.004 0.291 0.014 0.004 0.007 0.446 0.017 0.009 0.004 0.004 
141 TMA-ZAIN-G-    (0)   :  0.017 0.007 0.011 0.053 0.047 0.006 0.270 0.033 0.006 0.024 0.468 0.044 0.008 0.005 0.003 
142 TMA-ZAIN-G-    (9)   :  0.017 0.007 0.006 0.117 0.046 0.004 0.453 0.012 0.003 0.007 0.299 0.013 0.011 0.003 0.003 
143 TMA-ZAIN-G-    (0)   :  0.024 0.009 0.006 0.090 0.211 0.004 0.212 0.009 0.004 0.008 0.341 0.065 0.011 0.003 0.003 
144 TMA-ZAIN-G-    (0)   :  0.079 0.022 0.012 0.158 0.067 0.022 0.184 0.007 0.003 0.008 0.373 0.041 0.006 0.010 0.006 
145 TMA-ZAIN-G-    (0)   :  0.020 0.007 0.006 0.345 0.048 0.016 0.093 0.047 0.003 0.006 0.065 0.048 0.292 0.003 0.002 
146 TMA-ZAIN-G-    (0)   :  0.005 0.003 0.004 0.007 0.007 0.003 0.641 0.019 0.003 0.005 0.288 0.005 0.004 0.003 0.003 
147 TMA-ZAIN-G-    (9)   :  0.007 0.004 0.004 0.009 0.008 0.004 0.641 0.011 0.003 0.005 0.285 0.006 0.008 0.003 0.003 
148 TMA-ZAIN-G-    (0)   :  0.018 0.003 0.004 0.005 0.008 0.016 0.551 0.011 0.003 0.044 0.304 0.023 0.004 0.003 0.003 
149 TMA-ZAIN-G-    (0)   :  0.021 0.014 0.023 0.010 0.040 0.033 0.399 0.009 0.016 0.017 0.363 0.027 0.005 0.009 0.012 
150 TMA-ZAIN-G-    (0)   :  0.011 0.014 0.011 0.025 0.151 0.052 0.327 0.014 0.022 0.012 0.276 0.012 0.058 0.006 0.010 
151 TMA-ZAIN-G-    (0)   :  0.153 0.004 0.003 0.731 0.046 0.004 0.009 0.005 0.003 0.015 0.008 0.005 0.007 0.003 0.002 
152 TMA-ZAIN-G-    (0)   :  0.013 0.005 0.003 0.794 0.112 0.004 0.015 0.004 0.004 0.017 0.011 0.006 0.005 0.003 0.002 
153 TMA-ZAIN-G-    (0)   :  0.089 0.005 0.004 0.542 0.049 0.013 0.082 0.012 0.003 0.027 0.118 0.035 0.016 0.003 0.002 
154 TMA-ZAIN-G-    (0)   :  0.006 0.003 0.004 0.922 0.009 0.004 0.010 0.004 0.003 0.004 0.015 0.007 0.004 0.003 0.002 
155 TMA-ZAIN-G-    (0)   :  0.009 0.004 0.006 0.874 0.010 0.003 0.019 0.006 0.004 0.006 0.035 0.011 0.006 0.004 0.003 
156 TMA-ZAIN-G-    (9)   :  0.052 0.004 0.003 0.725 0.021 0.011 0.023 0.004 0.006 0.082 0.033 0.026 0.003 0.004 0.003 
157 TMA-ZAIN-G-    (0)   :  0.074 0.004 0.005 0.515 0.016 0.005 0.068 0.008 0.005 0.136 0.131 0.021 0.007 0.004 0.003 
158 TMA-ZAIN-G-    (0)   :  0.013 0.006 0.003 0.502 0.024 0.004 0.211 0.024 0.003 0.004 0.182 0.007 0.006 0.007 0.003 
159 TMA-ZAIN-G-    (0)   :  0.006 0.003 0.004 0.478 0.018 0.005 0.151 0.149 0.004 0.004 0.144 0.012 0.015 0.004 0.002 
160 TMA-ZAIN-G-    (0)   :  0.005 0.003 0.005 0.609 0.056 0.009 0.085 0.128 0.005 0.005 0.056 0.008 0.020 0.003 0.002 
161 TMA-ZAIN-G-    (0)   :  0.048 0.006 0.006 0.245 0.026 0.016 0.138 0.012 0.003 0.014 0.379 0.093 0.006 0.004 0.003 
162 TMA-ZAIN-G-    (0)   :  0.009 0.010 0.012 0.881 0.008 0.012 0.007 0.005 0.016 0.003 0.009 0.005 0.005 0.006 0.012 
163 TMA-ZAIN-G-    (0)   :  0.005 0.003 0.003 0.928 0.010 0.003 0.010 0.005 0.003 0.002 0.015 0.006 0.004 0.002 0.002 
164 TMA-ZAIN-G-    (0)   :  0.006 0.006 0.013 0.677 0.140 0.009 0.063 0.007 0.005 0.004 0.040 0.011 0.009 0.005 0.005 
165 TMA-ZAIN-G-    (0)   :  0.007 0.004 0.004 0.735 0.100 0.003 0.061 0.008 0.004 0.004 0.049 0.010 0.006 0.003 0.003 
166 TMA-ZAIN-G-    (0)   :  0.029 0.004 0.006 0.370 0.045 0.009 0.233 0.025 0.003 0.005 0.195 0.059 0.011 0.003 0.002 
167 TMA-ZAIN-G-    (0)   :  0.014 0.007 0.007 0.020 0.019 0.004 0.328 0.050 0.005 0.008 0.511 0.012 0.004 0.005 0.004 
168 TMA-ZAIN-G-    (0)   :  0.007 0.005 0.006 0.005 0.014 0.006 0.539 0.031 0.005 0.019 0.339 0.006 0.009 0.005 0.003 
169 TMA-ZAIN-G-    (0)   :  0.005 0.003 0.004 0.007 0.010 0.005 0.572 0.017 0.003 0.005 0.330 0.006 0.029 0.003 0.002 
170 TMA-ZAIN-G-    (0)   :  0.085 0.009 0.006 0.047 0.045 0.004 0.308 0.026 0.027 0.067 0.258 0.041 0.019 0.044 0.014 
171 TMA-ZAIN-G-    (0)   :  0.003 0.003 0.004 0.007 0.008 0.003 0.576 0.020 0.003 0.004 0.349 0.004 0.010 0.003 0.002 
172 TMA-ZAIN-G-    (0)   :  0.291 0.004 0.005 0.013 0.007 0.003 0.224 0.012 0.003 0.018 0.374 0.031 0.005 0.006 0.003 
173 TMA-ZAIN-G-    (0)   :  0.478 0.008 0.008 0.011 0.012 0.005 0.105 0.016 0.003 0.022 0.275 0.040 0.007 0.006 0.004 
174 TMA-ZAIN-G-    (0)   :  0.086 0.005 0.005 0.041 0.062 0.007 0.160 0.023 0.003 0.005 0.127 0.432 0.039 0.003 0.003 
175 TMA-ZAIN-G-    (0)   :  0.005 0.003 0.005 0.009 0.010 0.003 0.564 0.091 0.003 0.005 0.286 0.005 0.006 0.003 0.003 
176 TMA-ZAIN-G-    (0)   :  0.005 0.003 0.005 0.009 0.008 0.003 0.575 0.021 0.003 0.005 0.348 0.005 0.005 0.003 0.003 
177 TMA-ZAIN-G-    (0)   :  0.009 0.003 0.004 0.008 0.007 0.003 0.577 0.008 0.003 0.009 0.355 0.005 0.003 0.004 0.002 
178 TMA-ZAIN-G-    (0)   :  0.208 0.008 0.005 0.013 0.023 0.004 0.279 0.017 0.005 0.043 0.373 0.009 0.003 0.006 0.004 
179 TMA-ZAIN-G-    (0)   :  0.027 0.004 0.005 0.015 0.023 0.004 0.543 0.008 0.003 0.014 0.332 0.010 0.007 0.003 0.002 
180 TMA-ZAIN-G-    (0)   :  0.221 0.014 0.025 0.017 0.073 0.010 0.055 0.005 0.004 0.028 0.063 0.382 0.090 0.006 0.007 
181 TMA-ZAIN-G-    (0)   :  0.759 0.004 0.004 0.040 0.014 0.005 0.010 0.011 0.005 0.102 0.017 0.017 0.005 0.004 0.003 
182 TMA-ZAIN-G-    (0)   :  0.231 0.005 0.007 0.036 0.022 0.004 0.024 0.005 0.007 0.184 0.062 0.402 0.003 0.005 0.003 
183 TMA-ZAIN-G-    (0)   :  0.819 0.004 0.005 0.011 0.038 0.004 0.010 0.006 0.004 0.070 0.011 0.008 0.004 0.004 0.003 
184 TMA-ZAIN-G-    (0)   :  0.673 0.015 0.021 0.047 0.028 0.020 0.030 0.010 0.025 0.034 0.050 0.019 0.008 0.010 0.011 
185 TMA-ZAIN-G-    (0)   :  0.780 0.035 0.012 0.010 0.009 0.022 0.012 0.007 0.012 0.004 0.032 0.035 0.006 0.008 0.014 
186 TMA-ZAIN-G-    (9)   :  0.812 0.012 0.005 0.015 0.008 0.006 0.010 0.011 0.004 0.005 0.045 0.051 0.006 0.006 0.005 
187 TMA-ZAIN-G-    (0)   :  0.790 0.004 0.005 0.042 0.007 0.003 0.014 0.041 0.004 0.015 0.032 0.018 0.017 0.005 0.003 
188 TMA-ZAIN-G-    (0)   :  0.802 0.005 0.003 0.019 0.040 0.004 0.008 0.048 0.003 0.006 0.014 0.016 0.025 0.003 0.003 
189 TMA-ZAIN-G-    (0)   :  0.931 0.003 0.003 0.006 0.005 0.002 0.006 0.005 0.002 0.006 0.006 0.012 0.006 0.003 0.003 
190 TMA-ZAIN-G-    (0)   :  0.768 0.007 0.004 0.006 0.067 0.006 0.033 0.026 0.003 0.022 0.025 0.010 0.018 0.005 0.003 
191 TMA-ZAIN-G-    (0)   :  0.879 0.009 0.014 0.006 0.010 0.009 0.010 0.008 0.011 0.004 0.009 0.008 0.004 0.006 0.014 
192 TMA-ZAIN-G-    (0)   :  0.854 0.003 0.020 0.009 0.006 0.005 0.008 0.015 0.004 0.014 0.019 0.014 0.004 0.009 0.014 
193 TMA-ZAIN-G-    (0)   :  0.005 0.003 0.004 0.002 0.003 0.004 0.003 0.003 0.003 0.954 0.003 0.004 0.004 0.003 0.002 
194 TMA-ZAIN-G-    (0)   :  0.079 0.021 0.005 0.004 0.005 0.015 0.007 0.007 0.002 0.774 0.014 0.035 0.014 0.011 0.006 
195 TMA-ZAIN-G-    (0)   :  0.077 0.005 0.004 0.005 0.015 0.007 0.028 0.026 0.003 0.726 0.020 0.036 0.037 0.009 0.002 
196 TMA-ZAIN-G-    (0)   :  0.018 0.007 0.004 0.008 0.011 0.007 0.008 0.005 0.003 0.889 0.008 0.010 0.016 0.004 0.003 
197 TMA-ZAIN-G-    (0)   :  0.012 0.005 0.007 0.008 0.008 0.005 0.010 0.010 0.003 0.893 0.011 0.012 0.012 0.003 0.003 
198 TMA-ZAIN-G-    (0)   :  0.019 0.003 0.004 0.009 0.009 0.004 0.011 0.009 0.003 0.897 0.012 0.007 0.007 0.003 0.003 
199 TMA-ZAIN-G-    (0)   :  0.854 0.009 0.004 0.012 0.008 0.006 0.011 0.008 0.003 0.006 0.027 0.038 0.004 0.005 0.004 
200 TMA-ZAIN-G-    (0)   :  0.006 0.016 0.006 0.002 0.004 0.004 0.003 0.003 0.018 0.050 0.004 0.003 0.003 0.133 0.744 
201 TMA-ZAIN-G-    (0)   :  0.004 0.011 0.006 0.003 0.004 0.004 0.005 0.004 0.008 0.003 0.005 0.003 0.006 0.035 0.899 
202 TMA-ZAIN-G-    (0)   :  0.014 0.008 0.004 0.005 0.008 0.002 0.006 0.003 0.019 0.039 0.006 0.005 0.004 0.048 0.828 
203 TMA-ZAIN-G-    (0)   :  0.023 0.005 0.005 0.024 0.034 0.005 0.023 0.008 0.019 0.756 0.031 0.059 0.003 0.004 0.003 
204 TMA-ZAIN-G-    (9)   :  0.008 0.006 0.067 0.004 0.010 0.029 0.018 0.019 0.005 0.007 0.014 0.008 0.010 0.042 0.755 
205 TMA-ZAIN-G-    (0)   :  0.008 0.005 0.021 0.062 0.024 0.014 0.018 0.012 0.006 0.007 0.034 0.010 0.006 0.104 0.669 
206 TMA-ZAIN-G-    (9)   :  0.022 0.010 0.157 0.005 0.016 0.012 0.020 0.007 0.012 0.051 0.013 0.007 0.008 0.088 0.571 
207 TMA-ZAIN-G-    (9)   :  0.021 0.067 0.054 0.159 0.390 0.046 0.051 0.016 0.010 0.007 0.087 0.012 0.050 0.022 0.008 
208 TMA-ZAIN-G-    (0)   :  0.029 0.011 0.002 0.057 0.184 0.005 0.337 0.020 0.003 0.004 0.285 0.006 0.052 0.003 0.003 
209 TMA-ZAIN-G-    (0)   :  0.036 0.004 0.008 0.049 0.011 0.054 0.128 0.051 0.003 0.206 0.292 0.138 0.013 0.004 0.002 
210 TMA-ZAIN-G-    (0)   :  0.076 0.010 0.013 0.068 0.023 0.016 0.084 0.062 0.004 0.369 0.115 0.058 0.095 0.005 0.003 
211 TMA-ZAIN-G-    (0)   :  0.102 0.016 0.009 0.023 0.044 0.010 0.091 0.049 0.010 0.055 0.166 0.361 0.024 0.020 0.019 
212 TMA-ZAIN-G-    (0)   :  0.305 0.010 0.018 0.045 0.156 0.006 0.229 0.006 0.004 0.023 0.122 0.054 0.013 0.005 0.004 
213 TMA-ZAIN-G-    (0)   :  0.060 0.005 0.004 0.040 0.006 0.006 0.250 0.013 0.003 0.018 0.563 0.021 0.005 0.005 0.003 
214 TMA-ZAIN-G-    (0)   :  0.077 0.004 0.005 0.081 0.006 0.008 0.141 0.030 0.003 0.018 0.494 0.096 0.031 0.004 0.003 
215 TMA-ZAIN-G-    (0)   :  0.261 0.004 0.003 0.024 0.033 0.002 0.106 0.033 0.003 0.004 0.283 0.009 0.004 0.221 0.008 
216 TMA-ZAIN-G-    (0)   :  0.413 0.007 0.006 0.025 0.007 0.012 0.060 0.011 0.003 0.017 0.315 0.107 0.007 0.006 0.004 
217 TMA-ZAIN-G-    (0)   :  0.020 0.003 0.006 0.026 0.006 0.007 0.186 0.046 0.003 0.030 0.498 0.103 0.059 0.004 0.003 
218 TMA-ZAIN-G-    (0)   :  0.007 0.012 0.004 0.007 0.005 0.006 0.007 0.004 0.006 0.003 0.009 0.012 0.008 0.905 0.003 
219 TMA-ZAIN-G-    (0)   :  0.005 0.006 0.012 0.005 0.004 0.007 0.004 0.004 0.005 0.003 0.004 0.009 0.003 0.923 0.007 
220 TMA-ZAIN-G-    (0)   :  0.006 0.124 0.011 0.012 0.188 0.005 0.012 0.006 0.023 0.005 0.007 0.006 0.011 0.581 0.005 
221 TMA-ZAIN-G-    (0)   :  0.019 0.010 0.010 0.008 0.007 0.005 0.011 0.006 0.004 0.006 0.010 0.014 0.005 0.876 0.011 
222 TMA-ZAIN-G-    (0)   :  0.007 0.006 0.019 0.012 0.013 0.008 0.012 0.008 0.016 0.004 0.010 0.013 0.010 0.855 0.006 
223 TMA-ZAIN-G-    (0)   :  0.004 0.017 0.013 0.004 0.006 0.005 0.005 0.004 0.006 0.003 0.005 0.005 0.005 0.909 0.009 
224 TMA-ZAIN-G-    (0)   :  0.012 0.012 0.098 0.006 0.006 0.007 0.006 0.006 0.009 0.008 0.009 0.031 0.005 0.777 0.009 
225 TMA-ZAIN-G-    (0)   :  0.006 0.008 0.005 0.003 0.004 0.004 0.004 0.003 0.008 0.010 0.005 0.004 0.002 0.926 0.006 
226 TMA-ZAIN-G-    (0)   :  0.012 0.013 0.009 0.007 0.008 0.005 0.008 0.007 0.010 0.022 0.010 0.005 0.005 0.871 0.007 
227 TMA-ZAIN-G-    (0)   :  0.012 0.008 0.006 0.008 0.008 0.004 0.009 0.007 0.009 0.018 0.011 0.004 0.004 0.880 0.012 
228 TMA-ZAIN-G-    (0)   :  0.011 0.013 0.018 0.012 0.014 0.006 0.022 0.026 0.012 0.007 0.020 0.008 0.009 0.811 0.012 
229 TMA-ZAIN-G-    (0)   :  0.003 0.009 0.008 0.003 0.003 0.005 0.004 0.003 0.016 0.002 0.004 0.003 0.008 0.910 0.019 
230 TMA-ZAIN-G-    (0)   :  0.017 0.012 0.280 0.005 0.008 0.012 0.036 0.030 0.037 0.011 0.036 0.064 0.011 0.436 0.007 
231 TMA-ZAIN-G-    (0)   :  0.008 0.018 0.052 0.030 0.016 0.011 0.031 0.019 0.106 0.010 0.028 0.012 0.010 0.285 0.366 
232 TMA-ZAIN-G-    (9)   :  0.016 0.005 0.018 0.010 0.009 0.009 0.012 0.008 0.215 0.006 0.014 0.040 0.028 0.185 0.426 
233 TMA-ZAIN-G-    (0)   :  0.010 0.014 0.021 0.011 0.008 0.010 0.014 0.028 0.005 0.008 0.018 0.025 0.045 0.770 0.015 
234 TMA-ZAIN-G-    (0)   :  0.004 0.008 0.005 0.009 0.010 0.032 0.008 0.005 0.169 0.011 0.006 0.004 0.008 0.685 0.036 
235 TMA-ZAIN-G-    (0)   :  0.072 0.024 0.034 0.010 0.013 0.009 0.010 0.059 0.132 0.021 0.009 0.004 0.005 0.580 0.019 
236 TMA-ZAIN-G-    (0)   :  0.011 0.008 0.044 0.011 0.016 0.004 0.012 0.012 0.027 0.025 0.017 0.007 0.007 0.776 0.021 
237 TMA-ZAIN-G-    (0)   :  0.012 0.017 0.101 0.015 0.028 0.005 0.071 0.135 0.120 0.007 0.063 0.023 0.010 0.383 0.009 
238 TMA-ZAIN-G-    (0)   :  0.015 0.006 0.006 0.028 0.031 0.003 0.020 0.022 0.025 0.006 0.030 0.017 0.004 0.771 0.017 
239 TMA-ZAIN-G-    (0)   :  0.040 0.003 0.031 0.003 0.038 0.038 0.004 0.003 0.004 0.073 0.007 0.008 0.018 0.009 0.721 
240 TMA-ZAIN-G-    (0)   :  0.003 0.003 0.010 0.002 0.003 0.006 0.005 0.005 0.003 0.004 0.004 0.003 0.003 0.008 0.937 
241 TMA-ZAIN-G-    (0)   :  0.005 0.002 0.005 0.006 0.005 0.005 0.012 0.011 0.004 0.004 0.012 0.003 0.005 0.006 0.916 
242 TMA-ZAIN-G-    (0)   :  0.005 0.003 0.003 0.007 0.006 0.003 0.008 0.006 0.003 0.002 0.007 0.003 0.005 0.005 0.932 
243 TMA-ZAIN-G-    (0)   :  0.007 0.003 0.005 0.007 0.007 0.005 0.015 0.012 0.003 0.004 0.013 0.004 0.008 0.005 0.901 
244 TMA-ZAIN-G-    (0)   :  0.007 0.003 0.003 0.014 0.011 0.004 0.015 0.014 0.004 0.003 0.016 0.003 0.007 0.007 0.888 
245 TMA-ZAIN-G-    (9)   :  0.003 0.003 0.003 0.003 0.003 0.003 0.004 0.003 0.004 0.003 0.004 0.002 0.002 0.005 0.955 
246 TMA-ZAIN-G-    (0)   :  0.003 0.004 0.005 0.003 0.004 0.003 0.003 0.003 0.002 0.002 0.003 0.003 0.003 0.004 0.954 
247 TMA-ZAIN-G-    (0)   :  0.005 0.005 0.004 0.004 0.005 0.004 0.005 0.003 0.002 0.002 0.004 0.003 0.005 0.004 0.944 
248 TMA-ZAIN-G-    (0)   :  0.010 0.005 0.004 0.006 0.009 0.004 0.007 0.006 0.004 0.010 0.008 0.003 0.004 0.007 0.914 
249 TMA-ZAIN-G-    (0)   :  0.006 0.005 0.004 0.003 0.004 0.003 0.004 0.003 0.003 0.008 0.004 0.003 0.003 0.006 0.941 
250 TMA-ZAIN-G-    (0)   :  0.006 0.005 0.004 0.003 0.005 0.003 0.003 0.003 0.002 0.004 0.003 0.003 0.006 0.007 0.943 
251 TMA-ZAIN-G-    (0)   :  0.004 0.006 0.008 0.004 0.005 0.936 0.004 0.003 0.005 0.005 0.004 0.006 0.004 0.004 0.003 
252 TMA-ZAIN-G-    (0)   :  0.005 0.003 0.004 0.008 0.018 0.845 0.036 0.022 0.003 0.004 0.017 0.004 0.020 0.006 0.003 
253 TMA-ZAIN-G-    (0)   :  0.004 0.003 0.005 0.011 0.007 0.932 0.005 0.003 0.005 0.005 0.004 0.005 0.005 0.003 0.003 
254 TMA-ZAIN-G-    (9)   :  0.007 0.006 0.006 0.024 0.027 0.861 0.013 0.006 0.007 0.005 0.011 0.012 0.009 0.004 0.003 
255 TMA-ZAIN-G-    (0)   :  0.004 0.003 0.004 0.008 0.006 0.917 0.006 0.004 0.009 0.004 0.005 0.005 0.006 0.003 0.017 
256 TMA-ZAIN-G-    (0)   :  0.008 0.004 0.023 0.008 0.007 0.858 0.011 0.007 0.007 0.026 0.010 0.008 0.005 0.006 0.011 
257 TMA-ZAIN-G-    (0)   :  0.003 0.003 0.012 0.003 0.003 0.929 0.003 0.004 0.004 0.014 0.004 0.005 0.003 0.005 0.005 
258 TMA-ZAIN-G-    (0)   :  0.003 0.003 0.006 0.004 0.004 0.951 0.003 0.003 0.003 0.005 0.003 0.004 0.004 0.003 0.003 
259 TMA-ZAIN-G-    (0)   :  0.004 0.005 0.019 0.003 0.004 0.926 0.003 0.003 0.004 0.006 0.004 0.004 0.005 0.004 0.006 
260 TMA-ZAIN-G-    (0)   :  0.004 0.005 0.012 0.003 0.005 0.928 0.005 0.004 0.003 0.006 0.004 0.005 0.008 0.004 0.005 
261 TMA-ZAIN-G-   (18)   :  0.006 0.014 0.020 0.004 0.009 0.890 0.005 0.004 0.005 0.008 0.005 0.010 0.011 0.005 0.004 
262 TMA-ZAIN-G-    (0)   :  0.003 0.003 0.008 0.003 0.003 0.946 0.003 0.003 0.004 0.007 0.003 0.004 0.003 0.004 0.003 
263 TMA-ZAIN-G-    (0)   :  0.003 0.003 0.008 0.004 0.004 0.942 0.003 0.003 0.006 0.004 0.003 0.004 0.003 0.004 0.004 
264 TMA-ZAIN-G-    (0)   :  0.003 0.004 0.007 0.005 0.005 0.938 0.004 0.004 0.007 0.005 0.003 0.004 0.004 0.004 0.003 
265 TMA-ZAIN-G-    (0)   :  0.020 0.019 0.378 0.017 0.017 0.112 0.062 0.007 0.011 0.011 0.035 0.022 0.023 0.255 0.011 
266 TMA-ZAIN-G-    (0)   :  0.024 0.052 0.017 0.017 0.044 0.585 0.023 0.008 0.008 0.034 0.031 0.117 0.017 0.012 0.009 
267 TMA-ZAIN-G-    (0)   :  0.007 0.108 0.227 0.005 0.025 0.148 0.029 0.014 0.024 0.007 0.019 0.018 0.014 0.019 0.335 
268 TMA-ZAIN-G-    (0)   :  0.003 0.009 0.009 0.004 0.005 0.004 0.005 0.004 0.077 0.003 0.004 0.004 0.004 0.006 0.859 
269 TMA-ZAIN-G-    (0)   :  0.005 0.024 0.085 0.005 0.007 0.005 0.007 0.006 0.222 0.004 0.007 0.008 0.005 0.020 0.589 
270 TMA-ZAIN-G-    (0)   :  0.004 0.014 0.168 0.004 0.007 0.005 0.005 0.005 0.079 0.004 0.006 0.006 0.004 0.019 0.670 
271 TMA-ZAIN-G-    (0)   :  0.003 0.010 0.023 0.005 0.006 0.005 0.007 0.004 0.030 0.003 0.006 0.005 0.003 0.007 0.884 
272 TMA-ZAIN-G-    (0)   :  0.005 0.026 0.036 0.004 0.005 0.003 0.005 0.005 0.028 0.004 0.005 0.006 0.003 0.055 0.810 
273 TMA-ZAIN-G-    (0)   :  0.003 0.007 0.009 0.002 0.003 0.003 0.003 0.003 0.017 0.003 0.003 0.003 0.002 0.033 0.905 
274 TMA-ZAIN-G-    (0)   :  0.036 0.016 0.010 0.010 0.005 0.009 0.008 0.016 0.020 0.044 0.009 0.005 0.010 0.020 0.783 
275 TMA-ZAIN-G-    (0)   :  0.005 0.006 0.003 0.004 0.003 0.002 0.004 0.002 0.006 0.003 0.004 0.004 0.002 0.008 0.943 
276 TMA-ZAIN-G-    (0)   :  0.003 0.003 0.006 0.004 0.003 0.003 0.004 0.005 0.009 0.002 0.004 0.002 0.003 0.005 0.944 
277 TMA-ZAIN-G-    (0)   :  0.003 0.005 0.004 0.004 0.005 0.006 0.005 0.006 0.009 0.005 0.004 0.003 0.004 0.006 0.929 
278 TMA-ZAIN-G-    (0)   :  0.003 0.005 0.009 0.002 0.003 0.004 0.003 0.004 0.005 0.003 0.003 0.003 0.003 0.006 0.943 
279 TMA-ZAIN-G-    (0)   :  0.006 0.015 0.005 0.004 0.004 0.004 0.005 0.004 0.011 0.006 0.005 0.006 0.002 0.018 0.906 
280 TMA-ZAIN-G-    (0)   :  0.008 0.015 0.008 0.006 0.004 0.003 0.005 0.004 0.086 0.008 0.008 0.011 0.002 0.132 0.699 
281 TMA-ZAIN-G-    (0)   :  0.004 0.008 0.008 0.004 0.006 0.004 0.004 0.004 0.041 0.007 0.005 0.007 0.003 0.018 0.876 
282 TMA-ZAIN-G-    (9)   :  0.003 0.006 0.006 0.003 0.003 0.005 0.004 0.003 0.014 0.003 0.004 0.003 0.003 0.007 0.935 
283 TMA-ZAIN-G-    (0)   :  0.007 0.056 0.028 0.014 0.016 0.093 0.010 0.010 0.062 0.004 0.010 0.014 0.005 0.048 0.621 
284 TMA-ZAIN-G-    (0)   :  0.012 0.063 0.058 0.018 0.010 0.104 0.009 0.007 0.128 0.005 0.015 0.020 0.003 0.089 0.459 
285 TMA-ZAIN-G-    (0)   :  0.024 0.017 0.007 0.017 0.007 0.026 0.006 0.040 0.019 0.011 0.007 0.005 0.017 0.016 0.781 
286 TMA-ZAIN-G-    (0)   :  0.003 0.015 0.011 0.003 0.005 0.008 0.004 0.003 0.037 0.003 0.004 0.004 0.003 0.009 0.888 
287 TMA-ZAIN-G-    (0)   :  0.016 0.013 0.007 0.006 0.004 0.006 0.005 0.015 0.019 0.015 0.006 0.003 0.009 0.008 0.869 
288 TMA-ZAIN-G-    (0)   :  0.056 0.133 0.011 0.013 0.007 0.013 0.012 0.019 0.071 0.046 0.016 0.007 0.010 0.058 0.528 
289 TMA-ZAIN-G-    (0)   :  0.023 0.026 0.011 0.007 0.006 0.010 0.008 0.026 0.019 0.025 0.008 0.005 0.014 0.013 0.799 
290 TMA-ZAIN-G-    (0)   :  0.008 0.060 0.008 0.008 0.007 0.008 0.007 0.004 0.399 0.011 0.010 0.016 0.003 0.034 0.417 
291 TMA-ZAIN-G-    (0)   :  0.006 0.030 0.009 0.005 0.005 0.008 0.004 0.004 0.011 0.005 0.005 0.005 0.004 0.890 0.010 
292 TMA-ZAIN-G-    (0)   :  0.037 0.009 0.008 0.053 0.021 0.004 0.210 0.071 0.012 0.022 0.472 0.033 0.007 0.025 0.015 
293 TMA-ZAIN-G-    (0)   :  0.043 0.012 0.043 0.021 0.222 0.017 0.257 0.010 0.004 0.017 0.291 0.023 0.021 0.011 0.009 
294 TMA-ZAIN-G-    (0)   :  0.005 0.004 0.007 0.007 0.022 0.004 0.699 0.012 0.003 0.004 0.215 0.006 0.007 0.003 0.003 
295 TMA-ZAIN-G-    (9)   :  0.007 0.011 0.010 0.008 0.021 0.004 0.623 0.020 0.003 0.004 0.261 0.006 0.009 0.005 0.006 
296 TMA-ZAIN-G-    (0)   :  0.011 0.010 0.029 0.012 0.165 0.007 0.335 0.008 0.008 0.032 0.324 0.041 0.005 0.008 0.005 
297 TMA-ZAIN-G-    (0)   :  0.024 0.013 0.012 0.175 0.095 0.017 0.116 0.028 0.005 0.083 0.360 0.043 0.016 0.008 0.006 
