

----------------------------------------------------
STRUCTURE by Pritchard, Stephens and Donnelly (2000)
     and Falush, Stephens and Pritchard (2003)
       Code by Pritchard, Falush and Hubisz
             Version 2.3.4 (Jul 2012)
----------------------------------------------------



Command line arguments:   bin\structure -m C:\Users\eschumacher\Documents\GitHub\GCC_QUAC_ZAIN\Data_Files\Structure_Files\ZAIN\ZAIN_rebinned_garden_wild_nopopinfo\50-50\mainparams -e C:\Users\eschumacher\Documents\GitHub\GCC_QUAC_ZAIN\Data_Files\Structure_Files\ZAIN\ZAIN_rebinned_garden_wild_nopopinfo\50-50\extraparams 
Input File:    C:\Users\eschumacher\Documents\GitHub\GCC_QUAC_ZAIN\Data_Files\Structure_Files\ZAIN\ZAIN_rebinned_garden_wild_nopopinfo\project_data

Run parameters:
   1133 individuals
   11 loci
   5 populations assumed
   50000 Burn-in period
   50000 Reps


--------------------------------------------
Overall proportion of membership of the
sample in each of the 5 clusters

Inferred Clusters
  1      2      3      4      5    
0.267  0.118  0.292  0.139  0.183  

--------------------------------------------

Allele-freq. divergence among pops (Net nucleotide distance),
computed using point estimates of P.

      1       2       3       4       5      
 1      -    0.1468  0.1624  0.2725  0.0762  
 2   0.1468     -    0.1008  0.2046  0.1121  
 3   0.1624  0.1008     -    0.1059  0.1370  
 4   0.2725  0.2046  0.1059     -    0.2608  
 5   0.0762  0.1121  0.1370  0.2608     -    

Average distances (expected heterozygosity) between individuals in same cluster:
cluster  1  : 0.4338 
cluster  2  : 0.4401 
cluster  3  : 0.5624 
cluster  4  : 0.4315 
cluster  5  : 0.4340 

--------------------------------------------
Estimated Ln Prob of Data   = -22926.9
Mean value of ln likelihood = -22571.5
Variance of ln likelihood   = 710.8
Mean value of alpha         = 0.0362

Mean value of Fst_1         = 0.2554
Mean value of Fst_2         = 0.4175
Mean value of Fst_3         = 0.1440
Mean value of Fst_4         = 0.4201
Mean value of Fst_5         = 0.3626


Inferred ancestry of individuals:
        Label (%Miss) :  Inferred clusters
  1 TMA-ZAIN-G-    (9)   :  0.008 0.008 0.959 0.006 0.019 
  2 TMA-ZAIN-G-    (0)   :  0.047 0.034 0.900 0.007 0.012 
  3 TMA-ZAIN-G-    (0)   :  0.796 0.013 0.007 0.003 0.181 
  4 TMA-ZAIN-G-    (0)   :  0.147 0.791 0.016 0.010 0.037 
  5 TMA-ZAIN-G-    (0)   :  0.003 0.009 0.977 0.008 0.003 
  6 TMA-ZAIN-G-    (0)   :  0.593 0.069 0.132 0.047 0.158 
  7 TMA-ZAIN-G-    (0)   :  0.378 0.034 0.024 0.008 0.555 
  8 TMA-ZAIN-G-    (0)   :  0.330 0.024 0.007 0.003 0.636 
  9 TMA-ZAIN-G-    (9)   :  0.746 0.006 0.016 0.005 0.226 
 10 TMA-ZAIN-G-    (0)   :  0.774 0.013 0.006 0.005 0.202 
 11 TMA-ZAIN-G-    (0)   :  0.745 0.009 0.007 0.006 0.232 
 12 TMA-ZAIN-G-    (0)   :  0.941 0.005 0.007 0.003 0.044 
 13 TMA-ZAIN-G-    (9)   :  0.243 0.024 0.062 0.115 0.556 
 14 TMA-ZAIN-G-    (9)   :  0.009 0.008 0.005 0.005 0.973 
 15 TMA-ZAIN-G-    (0)   :  0.007 0.006 0.006 0.003 0.979 
 16 TMA-ZAIN-G-    (0)   :  0.964 0.005 0.005 0.005 0.021 
 17 TMA-ZAIN-G-    (9)   :  0.025 0.043 0.024 0.023 0.886 
 18 TMA-ZAIN-G-    (0)   :  0.005 0.018 0.966 0.006 0.005 
 19 TMA-ZAIN-G-    (0)   :  0.028 0.010 0.843 0.040 0.079 
 20 TMA-ZAIN-G-    (0)   :  0.004 0.014 0.930 0.048 0.004 
 21 TMA-ZAIN-G-    (0)   :  0.005 0.006 0.004 0.982 0.004 
 22 TMA-ZAIN-G-    (0)   :  0.003 0.007 0.026 0.960 0.003 
 23 TMA-ZAIN-G-    (0)   :  0.006 0.005 0.036 0.945 0.008 
 24 TMA-ZAIN-G-    (9)   :  0.148 0.007 0.006 0.785 0.054 
 25 TMA-ZAIN-G-    (9)   :  0.035 0.003 0.949 0.007 0.005 
 26 TMA-ZAIN-G-    (9)   :  0.296 0.522 0.013 0.039 0.130 
 27 TMA-ZAIN-G-    (0)   :  0.012 0.034 0.868 0.015 0.071 
 28 TMA-ZAIN-G-    (0)   :  0.011 0.013 0.953 0.005 0.017 
 29 TMA-ZAIN-G-    (0)   :  0.663 0.055 0.253 0.004 0.025 
 30 TMA-ZAIN-G-    (0)   :  0.156 0.009 0.175 0.007 0.653 
 31 TMA-ZAIN-G-    (0)   :  0.005 0.040 0.936 0.015 0.004 
 32 TMA-ZAIN-G-    (9)   :  0.048 0.006 0.912 0.016 0.019 
 33 TMA-ZAIN-G-   (18)   :  0.723 0.005 0.007 0.003 0.262 
 34 TMA-ZAIN-G-    (0)   :  0.815 0.012 0.118 0.039 0.016 
 35 TMA-ZAIN-G-    (9)   :  0.881 0.012 0.016 0.004 0.087 
 36 TMA-ZAIN-G-    (0)   :  0.390 0.017 0.006 0.003 0.584 
 37 TMA-ZAIN-G-    (9)   :  0.895 0.014 0.011 0.007 0.074 
 38 TMA-ZAIN-G-   (18)   :  0.032 0.008 0.874 0.019 0.066 
 39 TMA-ZAIN-G-    (0)   :  0.969 0.009 0.004 0.006 0.013 
 40 TMA-ZAIN-G-    (0)   :  0.877 0.006 0.004 0.005 0.108 
 41 TMA-ZAIN-G-    (0)   :  0.257 0.005 0.004 0.003 0.731 
 42 TMA-ZAIN-G-    (9)   :  0.009 0.006 0.004 0.002 0.979 
 43 TMA-ZAIN-G-    (0)   :  0.007 0.010 0.004 0.004 0.975 
 44 TMA-ZAIN-G-    (0)   :  0.108 0.006 0.010 0.855 0.020 
 45 TMA-ZAIN-G-    (0)   :  0.516 0.017 0.011 0.009 0.448 
 46 TMA-ZAIN-G-    (0)   :  0.004 0.006 0.004 0.983 0.004 
 47 TMA-ZAIN-G-    (0)   :  0.005 0.983 0.004 0.003 0.005 
 48 TMA-ZAIN-G-    (0)   :  0.061 0.654 0.013 0.030 0.242 
 49 TMA-ZAIN-G-    (9)   :  0.036 0.009 0.938 0.007 0.010 
 50 TMA-ZAIN-G-    (0)   :  0.022 0.004 0.880 0.018 0.076 
 51 TMA-ZAIN-G-    (0)   :  0.020 0.075 0.683 0.015 0.208 
 52 TMA-ZAIN-G-    (0)   :  0.026 0.291 0.637 0.019 0.027 
 53 TMA-ZAIN-G-    (0)   :  0.011 0.262 0.675 0.013 0.040 
 54 TMA-ZAIN-G-    (0)   :  0.006 0.967 0.007 0.005 0.014 
 55 TMA-ZAIN-G-    (0)   :  0.007 0.927 0.014 0.008 0.044 
 56 TMA-ZAIN-G-    (0)   :  0.065 0.805 0.021 0.012 0.097 
 57 TMA-ZAIN-G-    (0)   :  0.010 0.971 0.011 0.003 0.006 
 58 TMA-ZAIN-G-    (0)   :  0.011 0.041 0.831 0.094 0.024 
 59 TMA-ZAIN-G-    (0)   :  0.038 0.030 0.886 0.022 0.024 
 60 TMA-ZAIN-G-    (0)   :  0.010 0.021 0.928 0.009 0.033 
 61 TMA-ZAIN-G-    (0)   :  0.004 0.020 0.948 0.025 0.004 
 62 TMA-ZAIN-G-    (9)   :  0.029 0.010 0.934 0.010 0.017 
 63 TMA-ZAIN-G-    (0)   :  0.004 0.017 0.964 0.009 0.006 
 64 TMA-ZAIN-G-    (0)   :  0.970 0.007 0.003 0.003 0.018 
 65 TMA-ZAIN-G-    (9)   :  0.951 0.018 0.004 0.003 0.023 
 66 TMA-ZAIN-G-    (0)   :  0.970 0.007 0.003 0.003 0.017 
 67 TMA-ZAIN-G-    (0)   :  0.971 0.006 0.006 0.010 0.007 
 68 TMA-ZAIN-G-    (0)   :  0.909 0.023 0.003 0.003 0.062 
 69 TMA-ZAIN-G-    (0)   :  0.959 0.011 0.009 0.013 0.007 
 70 TMA-ZAIN-G-    (0)   :  0.974 0.005 0.005 0.005 0.012 
 71 TMA-ZAIN-G-    (0)   :  0.982 0.004 0.003 0.004 0.007 
 72 TMA-ZAIN-G-    (0)   :  0.923 0.011 0.007 0.005 0.054 
 73 TMA-ZAIN-G-    (0)   :  0.873 0.023 0.046 0.049 0.009 
 74 TMA-ZAIN-G-    (0)   :  0.955 0.006 0.016 0.013 0.009 
 75 TMA-ZAIN-G-    (0)   :  0.961 0.013 0.009 0.005 0.012 
 76 TMA-ZAIN-G-    (0)   :  0.920 0.004 0.014 0.057 0.005 
 77 TMA-ZAIN-G-    (0)   :  0.943 0.011 0.006 0.013 0.027 
 78 TMA-ZAIN-G-    (0)   :  0.874 0.021 0.025 0.061 0.019 
 79 TMA-ZAIN-G-    (0)   :  0.848 0.025 0.011 0.053 0.063 
 80 TMA-ZAIN-G-    (0)   :  0.973 0.010 0.004 0.006 0.008 
 81 TMA-ZAIN-G-    (0)   :  0.949 0.013 0.007 0.012 0.019 
 82 TMA-ZAIN-G-    (0)   :  0.976 0.009 0.005 0.003 0.007 
 83 TMA-ZAIN-G-    (9)   :  0.861 0.025 0.058 0.045 0.011 
 84 TMA-ZAIN-G-    (0)   :  0.928 0.006 0.008 0.046 0.011 
 85 TMA-ZAIN-G-    (0)   :  0.010 0.879 0.075 0.026 0.009 
 86 TMA-ZAIN-G-    (0)   :  0.019 0.917 0.013 0.041 0.010 
 87 TMA-ZAIN-G-    (0)   :  0.011 0.696 0.069 0.216 0.009 
 88 TMA-ZAIN-G-    (0)   :  0.127 0.747 0.090 0.013 0.022 
 89 TMA-ZAIN-G-    (0)   :  0.036 0.912 0.012 0.020 0.020 
 90 TMA-ZAIN-G-    (0)   :  0.009 0.966 0.009 0.008 0.007 
 91 TMA-ZAIN-G-    (0)   :  0.010 0.952 0.019 0.008 0.010 
 92 TMA-ZAIN-G-    (0)   :  0.007 0.954 0.012 0.018 0.009 
 93 TMA-ZAIN-G-    (0)   :  0.005 0.952 0.023 0.010 0.010 
 94 TMA-ZAIN-G-    (0)   :  0.004 0.949 0.031 0.011 0.005 
 95 TMA-ZAIN-G-    (0)   :  0.016 0.006 0.934 0.010 0.033 
 96 TMA-ZAIN-G-    (0)   :  0.026 0.014 0.628 0.013 0.319 
 97 TMA-ZAIN-G-    (0)   :  0.006 0.009 0.972 0.008 0.005 
 98 TMA-ZAIN-G-    (0)   :  0.006 0.008 0.976 0.005 0.004 
 99 TMA-ZAIN-G-    (0)   :  0.123 0.005 0.841 0.017 0.014 
100 TMA-ZAIN-G-    (0)   :  0.004 0.017 0.961 0.015 0.004 
101 TMA-ZAIN-G-    (0)   :  0.010 0.007 0.973 0.006 0.004 
102 TMA-ZAIN-G-    (0)   :  0.036 0.016 0.752 0.168 0.028 
103 TMA-ZAIN-G-    (0)   :  0.008 0.009 0.962 0.014 0.007 
104 TMA-ZAIN-G-    (0)   :  0.004 0.006 0.978 0.008 0.004 
105 TMA-ZAIN-G-    (0)   :  0.011 0.012 0.960 0.009 0.008 
106 TMA-ZAIN-G-    (0)   :  0.303 0.006 0.004 0.003 0.684 
107 TMA-ZAIN-G-    (0)   :  0.972 0.006 0.005 0.003 0.014 
108 TMA-ZAIN-G-    (9)   :  0.131 0.032 0.414 0.082 0.341 
109 TMA-ZAIN-G-    (0)   :  0.357 0.078 0.392 0.006 0.167 
110 TMA-ZAIN-G-    (0)   :  0.240 0.028 0.294 0.160 0.278 
111 TMA-ZAIN-G-    (9)   :  0.080 0.028 0.842 0.040 0.010 
112 TMA-ZAIN-G-    (0)   :  0.189 0.034 0.496 0.068 0.213 
113 TMA-ZAIN-G-    (0)   :  0.020 0.017 0.941 0.016 0.006 
114 TMA-ZAIN-G-    (0)   :  0.004 0.006 0.973 0.015 0.003 
115 TMA-ZAIN-G-    (0)   :  0.005 0.005 0.976 0.009 0.005 
116 TMA-ZAIN-G-    (0)   :  0.968 0.015 0.006 0.003 0.009 
117 TMA-ZAIN-G-    (0)   :  0.685 0.038 0.008 0.004 0.265 
118 TMA-ZAIN-G-    (0)   :  0.969 0.011 0.007 0.003 0.010 
119 TMA-ZAIN-G-    (0)   :  0.962 0.010 0.014 0.007 0.007 
120 TMA-ZAIN-G-    (0)   :  0.944 0.018 0.011 0.004 0.023 
121 TMA-ZAIN-G-    (0)   :  0.945 0.019 0.008 0.003 0.024 
122 TMA-ZAIN-G-    (0)   :  0.895 0.029 0.008 0.008 0.060 
123 TMA-ZAIN-G-    (0)   :  0.005 0.008 0.961 0.017 0.009 
124 TMA-ZAIN-G-    (0)   :  0.012 0.005 0.006 0.003 0.974 
125 TMA-ZAIN-G-    (0)   :  0.019 0.053 0.003 0.002 0.922 
126 TMA-ZAIN-G-    (0)   :  0.012 0.009 0.005 0.003 0.971 
127 TMA-ZAIN-G-    (0)   :  0.012 0.004 0.004 0.003 0.978 
128 TMA-ZAIN-G-    (0)   :  0.043 0.008 0.005 0.003 0.941 
129 TMA-ZAIN-G-    (0)   :  0.013 0.006 0.006 0.003 0.972 
130 TMA-ZAIN-G-    (0)   :  0.016 0.025 0.007 0.003 0.950 
131 TMA-ZAIN-G-    (0)   :  0.008 0.005 0.005 0.003 0.979 
132 TMA-ZAIN-G-    (0)   :  0.101 0.034 0.005 0.003 0.857 
133 TMA-ZAIN-G-    (0)   :  0.131 0.031 0.005 0.012 0.820 
134 TMA-ZAIN-G-    (0)   :  0.068 0.021 0.004 0.009 0.897 
135 TMA-ZAIN-G-    (0)   :  0.949 0.006 0.004 0.005 0.034 
136 TMA-ZAIN-G-    (0)   :  0.950 0.020 0.004 0.005 0.021 
137 TMA-ZAIN-G-    (0)   :  0.952 0.006 0.006 0.005 0.030 
138 TMA-ZAIN-G-    (0)   :  0.451 0.012 0.005 0.003 0.529 
139 TMA-ZAIN-G-    (0)   :  0.788 0.048 0.005 0.004 0.155 
140 TMA-ZAIN-G-    (0)   :  0.934 0.005 0.005 0.005 0.051 
141 TMA-ZAIN-G-    (0)   :  0.822 0.008 0.007 0.004 0.158 
142 TMA-ZAIN-G-    (9)   :  0.965 0.006 0.004 0.004 0.021 
143 TMA-ZAIN-G-    (0)   :  0.864 0.006 0.006 0.003 0.121 
144 TMA-ZAIN-G-    (0)   :  0.845 0.036 0.007 0.006 0.107 
145 TMA-ZAIN-G-    (0)   :  0.973 0.009 0.003 0.002 0.012 
146 TMA-ZAIN-G-    (0)   :  0.979 0.005 0.004 0.003 0.009 
147 TMA-ZAIN-G-    (9)   :  0.977 0.005 0.004 0.004 0.010 
148 TMA-ZAIN-G-    (0)   :  0.708 0.041 0.004 0.003 0.244 
149 TMA-ZAIN-G-    (0)   :  0.704 0.112 0.030 0.023 0.132 
150 TMA-ZAIN-G-    (0)   :  0.827 0.107 0.023 0.018 0.025 
151 TMA-ZAIN-G-    (0)   :  0.930 0.006 0.004 0.002 0.057 
152 TMA-ZAIN-G-    (0)   :  0.970 0.007 0.005 0.003 0.016 
153 TMA-ZAIN-G-    (0)   :  0.881 0.016 0.005 0.003 0.095 
154 TMA-ZAIN-G-    (0)   :  0.974 0.007 0.005 0.003 0.011 
155 TMA-ZAIN-G-    (0)   :  0.966 0.004 0.006 0.003 0.021 
156 TMA-ZAIN-G-    (9)   :  0.630 0.021 0.012 0.003 0.334 
157 TMA-ZAIN-G-    (0)   :  0.577 0.009 0.007 0.003 0.404 
158 TMA-ZAIN-G-    (0)   :  0.973 0.005 0.005 0.004 0.013 
159 TMA-ZAIN-G-    (0)   :  0.981 0.005 0.004 0.003 0.007 
160 TMA-ZAIN-G-    (0)   :  0.982 0.006 0.004 0.003 0.005 
161 TMA-ZAIN-G-    (0)   :  0.855 0.022 0.004 0.003 0.116 
162 TMA-ZAIN-G-    (0)   :  0.916 0.025 0.030 0.020 0.009 
163 TMA-ZAIN-G-    (0)   :  0.981 0.004 0.004 0.003 0.008 
164 TMA-ZAIN-G-    (0)   :  0.973 0.008 0.006 0.004 0.010 
165 TMA-ZAIN-G-    (0)   :  0.979 0.004 0.005 0.003 0.009 
166 TMA-ZAIN-G-    (0)   :  0.964 0.008 0.004 0.002 0.021 
167 TMA-ZAIN-G-    (0)   :  0.897 0.007 0.008 0.006 0.082 
168 TMA-ZAIN-G-    (0)   :  0.952 0.008 0.007 0.004 0.029 
169 TMA-ZAIN-G-    (0)   :  0.982 0.006 0.004 0.003 0.006 
170 TMA-ZAIN-G-    (0)   :  0.693 0.005 0.029 0.013 0.261 
171 TMA-ZAIN-G-    (0)   :  0.982 0.005 0.004 0.003 0.007 
172 TMA-ZAIN-G-    (0)   :  0.112 0.004 0.004 0.005 0.874 
173 TMA-ZAIN-G-    (0)   :  0.067 0.006 0.005 0.004 0.918 
174 TMA-ZAIN-G-    (0)   :  0.896 0.006 0.003 0.002 0.092 
175 TMA-ZAIN-G-    (0)   :  0.979 0.005 0.004 0.004 0.007 
176 TMA-ZAIN-G-    (0)   :  0.978 0.005 0.004 0.003 0.010 
177 TMA-ZAIN-G-    (0)   :  0.890 0.004 0.005 0.004 0.096 
178 TMA-ZAIN-G-    (0)   :  0.113 0.005 0.006 0.005 0.872 
179 TMA-ZAIN-G-    (0)   :  0.731 0.005 0.004 0.003 0.255 
180 TMA-ZAIN-G-    (0)   :  0.104 0.017 0.006 0.008 0.865 
181 TMA-ZAIN-G-    (0)   :  0.014 0.005 0.004 0.003 0.975 
182 TMA-ZAIN-G-    (0)   :  0.008 0.006 0.006 0.003 0.977 
183 TMA-ZAIN-G-    (0)   :  0.009 0.004 0.005 0.003 0.979 
184 TMA-ZAIN-G-    (0)   :  0.057 0.040 0.043 0.023 0.837 
185 TMA-ZAIN-G-    (0)   :  0.038 0.054 0.039 0.041 0.827 
186 TMA-ZAIN-G-    (9)   :  0.045 0.007 0.007 0.007 0.933 
187 TMA-ZAIN-G-    (0)   :  0.042 0.003 0.004 0.003 0.947 
188 TMA-ZAIN-G-    (0)   :  0.054 0.004 0.004 0.003 0.935 
189 TMA-ZAIN-G-    (0)   :  0.015 0.003 0.003 0.003 0.976 
190 TMA-ZAIN-G-    (0)   :  0.042 0.006 0.004 0.003 0.945 
191 TMA-ZAIN-G-    (0)   :  0.022 0.020 0.024 0.036 0.897 
192 TMA-ZAIN-G-    (0)   :  0.012 0.006 0.005 0.011 0.966 
193 TMA-ZAIN-G-    (0)   :  0.005 0.009 0.004 0.003 0.980 
194 TMA-ZAIN-G-    (0)   :  0.005 0.013 0.004 0.004 0.975 
195 TMA-ZAIN-G-    (0)   :  0.008 0.007 0.004 0.003 0.979 
196 TMA-ZAIN-G-    (0)   :  0.006 0.006 0.004 0.003 0.982 
197 TMA-ZAIN-G-    (0)   :  0.009 0.013 0.004 0.003 0.971 
198 TMA-ZAIN-G-    (0)   :  0.007 0.006 0.003 0.003 0.980 
199 TMA-ZAIN-G-    (0)   :  0.025 0.008 0.006 0.005 0.955 
200 TMA-ZAIN-G-    (0)   :  0.003 0.004 0.029 0.950 0.013 
201 TMA-ZAIN-G-    (0)   :  0.004 0.004 0.008 0.979 0.004 
202 TMA-ZAIN-G-    (0)   :  0.005 0.003 0.015 0.958 0.019 
203 TMA-ZAIN-G-    (0)   :  0.006 0.006 0.006 0.003 0.978 
204 TMA-ZAIN-G-    (9)   :  0.011 0.047 0.008 0.925 0.009 
205 TMA-ZAIN-G-    (0)   :  0.136 0.014 0.020 0.821 0.009 
206 TMA-ZAIN-G-    (9)   :  0.017 0.029 0.030 0.873 0.050 
207 TMA-ZAIN-G-    (9)   :  0.819 0.130 0.023 0.012 0.015 
208 TMA-ZAIN-G-    (0)   :  0.983 0.004 0.004 0.003 0.007 
209 TMA-ZAIN-G-    (0)   :  0.065 0.027 0.004 0.003 0.903 
210 TMA-ZAIN-G-    (0)   :  0.101 0.014 0.005 0.003 0.878 
211 TMA-ZAIN-G-    (0)   :  0.154 0.012 0.021 0.028 0.786 
212 TMA-ZAIN-G-    (0)   :  0.343 0.014 0.005 0.006 0.632 
213 TMA-ZAIN-G-    (0)   :  0.262 0.009 0.005 0.004 0.720 
214 TMA-ZAIN-G-    (0)   :  0.647 0.006 0.005 0.004 0.339 
215 TMA-ZAIN-G-    (0)   :  0.664 0.003 0.116 0.023 0.193 
216 TMA-ZAIN-G-    (0)   :  0.058 0.009 0.005 0.005 0.923 
217 TMA-ZAIN-G-    (0)   :  0.683 0.008 0.003 0.003 0.303 
218 TMA-ZAIN-G-    (0)   :  0.022 0.005 0.952 0.008 0.013 
219 TMA-ZAIN-G-    (0)   :  0.006 0.017 0.929 0.039 0.010 
220 TMA-ZAIN-G-    (0)   :  0.012 0.006 0.969 0.005 0.008 
221 TMA-ZAIN-G-    (0)   :  0.012 0.012 0.909 0.032 0.035 
222 TMA-ZAIN-G-    (0)   :  0.011 0.011 0.941 0.017 0.020 
223 TMA-ZAIN-G-    (0)   :  0.006 0.008 0.953 0.028 0.005 
224 TMA-ZAIN-G-    (0)   :  0.014 0.029 0.831 0.055 0.071 
225 TMA-ZAIN-G-    (0)   :  0.004 0.005 0.961 0.022 0.008 
226 TMA-ZAIN-G-    (0)   :  0.007 0.007 0.959 0.012 0.015 
227 TMA-ZAIN-G-    (0)   :  0.008 0.005 0.880 0.091 0.016 
228 TMA-ZAIN-G-    (0)   :  0.029 0.010 0.923 0.022 0.015 
229 TMA-ZAIN-G-    (0)   :  0.009 0.008 0.846 0.133 0.003 
230 TMA-ZAIN-G-    (0)   :  0.087 0.095 0.590 0.014 0.214 
231 TMA-ZAIN-G-    (0)   :  0.063 0.033 0.424 0.467 0.012 
232 TMA-ZAIN-G-    (9)   :  0.034 0.014 0.580 0.354 0.018 
233 TMA-ZAIN-G-    (0)   :  0.154 0.041 0.682 0.097 0.026 
234 TMA-ZAIN-G-    (0)   :  0.006 0.012 0.941 0.034 0.007 
235 TMA-ZAIN-G-    (0)   :  0.021 0.011 0.900 0.017 0.050 
236 TMA-ZAIN-G-    (0)   :  0.011 0.010 0.842 0.118 0.019 
237 TMA-ZAIN-G-    (0)   :  0.106 0.030 0.798 0.015 0.051 
238 TMA-ZAIN-G-    (0)   :  0.010 0.006 0.918 0.056 0.009 
239 TMA-ZAIN-G-    (0)   :  0.015 0.069 0.006 0.765 0.144 
240 TMA-ZAIN-G-    (0)   :  0.004 0.006 0.004 0.982 0.004 
241 TMA-ZAIN-G-    (0)   :  0.007 0.006 0.004 0.978 0.005 
242 TMA-ZAIN-G-    (0)   :  0.007 0.004 0.004 0.980 0.004 
243 TMA-ZAIN-G-    (0)   :  0.012 0.006 0.004 0.972 0.006 
244 TMA-ZAIN-G-    (0)   :  0.017 0.004 0.005 0.968 0.006 
245 TMA-ZAIN-G-    (9)   :  0.003 0.003 0.004 0.986 0.003 
246 TMA-ZAIN-G-    (0)   :  0.003 0.004 0.003 0.987 0.003 
247 TMA-ZAIN-G-    (0)   :  0.005 0.004 0.003 0.984 0.003 
248 TMA-ZAIN-G-    (0)   :  0.007 0.004 0.005 0.976 0.008 
249 TMA-ZAIN-G-    (0)   :  0.004 0.004 0.004 0.983 0.006 
250 TMA-ZAIN-G-    (0)   :  0.004 0.003 0.004 0.984 0.005 
251 TMA-ZAIN-G-    (0)   :  0.005 0.981 0.005 0.003 0.006 
252 TMA-ZAIN-G-    (0)   :  0.074 0.901 0.008 0.003 0.014 
253 TMA-ZAIN-G-    (0)   :  0.007 0.980 0.005 0.004 0.005 
254 TMA-ZAIN-G-    (9)   :  0.018 0.964 0.007 0.003 0.007 
255 TMA-ZAIN-G-    (0)   :  0.006 0.965 0.006 0.018 0.005 
256 TMA-ZAIN-G-    (0)   :  0.007 0.972 0.005 0.007 0.010 
257 TMA-ZAIN-G-    (0)   :  0.003 0.984 0.004 0.004 0.005 
258 TMA-ZAIN-G-    (0)   :  0.004 0.985 0.004 0.003 0.004 
259 TMA-ZAIN-G-    (0)   :  0.004 0.983 0.004 0.005 0.004 
260 TMA-ZAIN-G-    (0)   :  0.005 0.982 0.004 0.005 0.005 
261 TMA-ZAIN-G-   (18)   :  0.006 0.978 0.005 0.004 0.007 
262 TMA-ZAIN-G-    (0)   :  0.003 0.985 0.004 0.003 0.005 
263 TMA-ZAIN-G-    (0)   :  0.004 0.982 0.005 0.004 0.004 
264 TMA-ZAIN-G-    (0)   :  0.005 0.981 0.006 0.004 0.005 
265 TMA-ZAIN-G-    (0)   :  0.069 0.779 0.110 0.020 0.021 
266 TMA-ZAIN-G-    (0)   :  0.044 0.735 0.034 0.013 0.175 
267 TMA-ZAIN-G-    (0)   :  0.018 0.615 0.064 0.292 0.012 
268 TMA-ZAIN-G-    (0)   :  0.004 0.006 0.014 0.973 0.003 
269 TMA-ZAIN-G-    (0)   :  0.006 0.008 0.153 0.828 0.005 
270 TMA-ZAIN-G-    (0)   :  0.005 0.012 0.052 0.925 0.005 
271 TMA-ZAIN-G-    (0)   :  0.005 0.007 0.016 0.968 0.004 
272 TMA-ZAIN-G-    (0)   :  0.005 0.006 0.069 0.916 0.005 
273 TMA-ZAIN-G-    (0)   :  0.003 0.004 0.024 0.966 0.003 
274 TMA-ZAIN-G-    (0)   :  0.012 0.010 0.032 0.915 0.031 
275 TMA-ZAIN-G-    (0)   :  0.003 0.003 0.008 0.982 0.004 
276 TMA-ZAIN-G-    (0)   :  0.004 0.003 0.007 0.983 0.003 
277 TMA-ZAIN-G-    (0)   :  0.005 0.006 0.008 0.976 0.004 
278 TMA-ZAIN-G-    (0)   :  0.003 0.005 0.006 0.982 0.003 
279 TMA-ZAIN-G-    (0)   :  0.004 0.005 0.013 0.972 0.006 
280 TMA-ZAIN-G-    (0)   :  0.005 0.005 0.192 0.791 0.008 
281 TMA-ZAIN-G-    (0)   :  0.004 0.005 0.030 0.955 0.006 
282 TMA-ZAIN-G-    (9)   :  0.004 0.005 0.010 0.978 0.003 
283 TMA-ZAIN-G-    (0)   :  0.016 0.165 0.167 0.641 0.011 
284 TMA-ZAIN-G-    (0)   :  0.013 0.205 0.340 0.431 0.012 
285 TMA-ZAIN-G-    (0)   :  0.031 0.046 0.052 0.843 0.028 
286 TMA-ZAIN-G-    (0)   :  0.004 0.009 0.018 0.966 0.004 
287 TMA-ZAIN-G-    (0)   :  0.007 0.006 0.014 0.965 0.009 
288 TMA-ZAIN-G-    (0)   :  0.022 0.014 0.296 0.605 0.063 
289 TMA-ZAIN-G-    (0)   :  0.012 0.010 0.023 0.936 0.019 
290 TMA-ZAIN-G-    (0)   :  0.007 0.010 0.555 0.414 0.015 
291 TMA-ZAIN-G-    (0)   :  0.005 0.007 0.964 0.016 0.007 
292 TMA-ZAIN-G-    (0)   :  0.778 0.006 0.016 0.015 0.185 
293 TMA-ZAIN-G-    (0)   :  0.939 0.015 0.006 0.008 0.032 
294 TMA-ZAIN-G-    (0)   :  0.976 0.007 0.004 0.005 0.008 
295 TMA-ZAIN-G-    (9)   :  0.963 0.009 0.006 0.009 0.013 
296 TMA-ZAIN-G-    (0)   :  0.831 0.014 0.020 0.008 0.128 
297 TMA-ZAIN-G-    (0)   :  0.890 0.016 0.010 0.006 0.079 
298 TMA-ZAIN-G-    (0)   :  0.877 0.065 0.016 0.029 0.012 
299 TMA-ZAIN-G-    (0)   :  0.976 0.004 0.005 0.007 0.008 
300 TMA-ZAIN-G-    (0)   :  0.945 0.007 0.005 0.007 0.036 
301 TMA-ZAIN-G-    (0)   :  0.890 0.009 0.006 0.008 0.088 
302 TMA-ZAIN-G-    (9)   :  0.867 0.007 0.006 0.004 0.116 
303 TMA-ZAIN-G-    (0)   :  0.004 0.092 0.765 0.008 0.131 
304 TMA-ZAIN-G-    (0)   :  0.189 0.591 0.018 0.010 0.192 
305 TMA-ZAIN-G-    (0)   :  0.950 0.009 0.004 0.004 0.032 
306 TMA-ZAIN-G-    (0)   :  0.387 0.448 0.073 0.038 0.054 
307 TMA-ZAIN-G-    (0)   :  0.335 0.482 0.008 0.011 0.164 
308 TMA-ZAIN-G-    (0)   :  0.008 0.843 0.110 0.028 0.011 
309 TMA-ZAIN-G-    (0)   :  0.028 0.004 0.004 0.003 0.962 
310 TMA-ZAIN-G-    (0)   :  0.917 0.022 0.012 0.037 0.013 
311 TMA-ZAIN-G-    (0)   :  0.683 0.084 0.058 0.011 0.165 
312 TMA-ZAIN-G-    (0)   :  0.089 0.011 0.010 0.006 0.883 
313 TMA-ZAIN-G-    (0)   :  0.111 0.789 0.010 0.005 0.085 
314 TMA-ZAIN-G-    (0)   :  0.006 0.010 0.819 0.154 0.011 
315 TMA-ZAIN-G-    (0)   :  0.482 0.019 0.013 0.429 0.057 
316 TMA-ZAIN-G-    (0)   :  0.448 0.018 0.036 0.451 0.047 
317 TMA-ZAIN-G-    (0)   :  0.009 0.013 0.956 0.014 0.008 
318 TMA-ZAIN-G-    (9)   :  0.007 0.040 0.706 0.242 0.006 
319 TMA-ZAIN-G-    (0)   :  0.007 0.017 0.273 0.225 0.478 
320 TMA-ZAIN-G-    (0)   :  0.628 0.009 0.284 0.025 0.054 
321 TMA-ZAIN-G-    (0)   :  0.390 0.014 0.201 0.132 0.263 
322 TMA-ZAIN-G-    (0)   :  0.385 0.090 0.411 0.017 0.096 
323 TMA-ZAIN-G-    (0)   :  0.027 0.049 0.759 0.050 0.114 
324 TMA-ZAIN-G-    (0)   :  0.880 0.033 0.013 0.005 0.069 
325 TMA-ZAIN-G-    (0)   :  0.012 0.014 0.825 0.130 0.019 
326 TMA-ZAIN-G-    (0)   :  0.028 0.032 0.453 0.005 0.481 
327 TMA-ZAIN-G-    (0)   :  0.007 0.022 0.004 0.003 0.963 
328 TMA-ZAIN-G-    (0)   :  0.086 0.015 0.615 0.084 0.199 
329 TMA-ZAIN-G-    (0)   :  0.525 0.033 0.006 0.008 0.428 
330 TMA-ZAIN-G-    (0)   :  0.270 0.037 0.005 0.003 0.685 
331 TMA-ZAIN-G-    (0)   :  0.163 0.181 0.063 0.087 0.505 
332 TMA-ZAIN-G-    (0)   :  0.012 0.004 0.003 0.002 0.978 
333 TMA-ZAIN-G-    (0)   :  0.004 0.008 0.004 0.003 0.981 
334 TMA-ZAIN-G-    (0)   :  0.004 0.008 0.016 0.969 0.004 
335 TMA-ZAIN-G-    (0)   :  0.005 0.004 0.005 0.981 0.004 
336 TMA-ZAIN-G-    (0)   :  0.009 0.015 0.015 0.954 0.008 
337 TMA-ZAIN-G-    (9)   :  0.006 0.008 0.151 0.829 0.005 
338 TMA-ZAIN-G-    (0)   :  0.004 0.006 0.018 0.968 0.003 
339 TMA-ZAIN-G-    (0)   :  0.002 0.003 0.010 0.982 0.002 
340 TMA-ZAIN-G-    (0)   :  0.003 0.003 0.006 0.984 0.003 
341 TMA-ZAIN-G-    (0)   :  0.005 0.003 0.008 0.980 0.004 
342 TMA-ZAIN-G-    (0)   :  0.004 0.006 0.008 0.978 0.004 
343 TMA-ZAIN-G-    (0)   :  0.003 0.003 0.016 0.974 0.004 
344 TMA-ZAIN-G-    (0)   :  0.004 0.005 0.011 0.975 0.006 
345 TMA-ZAIN-G-    (0)   :  0.003 0.005 0.005 0.984 0.003 
346 TMA-ZAIN-G-    (0)   :  0.008 0.005 0.032 0.945 0.011 
347 TMA-ZAIN-G-    (9)   :  0.003 0.004 0.008 0.982 0.003 
348 TMA-ZAIN-G-    (0)   :  0.005 0.009 0.026 0.954 0.005 
349 TMA-ZAIN-G-    (0)   :  0.004 0.005 0.010 0.977 0.004 
350 TMA-ZAIN-G-    (0)   :  0.007 0.005 0.050 0.929 0.008 
351 TMA-ZAIN-G-    (0)   :  0.003 0.005 0.007 0.980 0.004 
352 TMA-ZAIN-G-    (0)   :  0.008 0.008 0.008 0.971 0.005 
353 TMA-ZAIN-G-    (0)   :  0.006 0.006 0.064 0.912 0.012 
354 TMA-ZAIN-G-    (0)   :  0.004 0.003 0.011 0.975 0.007 
355 TMA-ZAIN-G-    (0)   :  0.008 0.003 0.013 0.966 0.010 
356 TMA-ZAIN-G-    (0)   :  0.967 0.019 0.009 0.002 0.004 
357 TMA-ZAIN-G-    (0)   :  0.695 0.016 0.013 0.004 0.272 
358 TMA-ZAIN-G-    (0)   :  0.583 0.033 0.057 0.033 0.294 
359 TMA-ZAIN-G-    (0)   :  0.949 0.023 0.012 0.010 0.006 
360 TMA-ZAIN-G-    (0)   :  0.980 0.005 0.004 0.004 0.007 
361 TMA-ZAIN-G-    (0)   :  0.244 0.014 0.010 0.004 0.728 
362 TMA-ZAIN-G-    (0)   :  0.971 0.005 0.006 0.013 0.005 
363 TMA-ZAIN-G-    (0)   :  0.270 0.024 0.013 0.013 0.680 
364 TMA-ZAIN-G-    (0)   :  0.016 0.014 0.945 0.011 0.014 
365 TMA-ZAIN-G-    (0)   :  0.802 0.005 0.023 0.148 0.021 
366 TMA-ZAIN-G-    (0)   :  0.968 0.013 0.004 0.006 0.009 
367 TMA-ZAIN-G-    (0)   :  0.052 0.116 0.089 0.008 0.734 
368 TMA-ZAIN-G-    (0)   :  0.960 0.011 0.005 0.004 0.019 
369 TMA-ZAIN-G-    (0)   :  0.053 0.006 0.003 0.003 0.936 
370 TMA-ZAIN-G-    (0)   :  0.057 0.005 0.008 0.003 0.927 
371 TMA-ZAIN-G-    (0)   :  0.979 0.005 0.005 0.003 0.008 
372 TMA-ZAIN-G-    (0)   :  0.971 0.006 0.004 0.004 0.015 
373 TMA-ZAIN-G-    (0)   :  0.004 0.005 0.004 0.003 0.983 
374 TMA-ZAIN-G-    (0)   :  0.026 0.179 0.388 0.013 0.394 
375 TMA-ZAIN-G-    (0)   :  0.030 0.008 0.589 0.019 0.354 
376 TMA-ZAIN-G-    (9)   :  0.973 0.004 0.005 0.003 0.015 
377 TMA-ZAIN-G-    (0)   :  0.982 0.004 0.003 0.002 0.008 
378 TMA-ZAIN-G-    (0)   :  0.977 0.004 0.004 0.002 0.012 
379 TMA-ZAIN-G-    (0)   :  0.960 0.016 0.004 0.002 0.018 
380 TMA-ZAIN-G-    (0)   :  0.975 0.006 0.003 0.004 0.012 
381 TMA-ZAIN-G-    (9)   :  0.239 0.192 0.493 0.013 0.063 
382 TMA-ZAIN-G-    (9)   :  0.005 0.007 0.940 0.039 0.008 
383    ZFB01    (0)   :  0.008 0.007 0.958 0.022 0.005 
384    ZFB02    (0)   :  0.005 0.024 0.844 0.125 0.003 
385    ZFB03    (0)   :  0.005 0.006 0.976 0.006 0.007 
386    ZFB04    (0)   :  0.006 0.012 0.786 0.192 0.004 
387    ZFB05    (0)   :  0.003 0.014 0.904 0.074 0.004 
388    ZFB06    (0)   :  0.003 0.007 0.957 0.028 0.004 
389    ZFB07    (9)   :  0.012 0.006 0.957 0.015 0.009 
390    ZFB08    (0)   :  0.006 0.008 0.974 0.006 0.006 
391    ZFB09    (0)   :  0.004 0.005 0.981 0.007 0.003 
392    ZFB10    (0)   :  0.026 0.012 0.933 0.021 0.007 
393    ZFB11    (0)   :  0.017 0.010 0.944 0.023 0.006 
394    ZFB12    (0)   :  0.006 0.004 0.970 0.014 0.006 
395    ZFB13    (0)   :  0.008 0.006 0.973 0.007 0.006 
396    ZFB14    (0)   :  0.008 0.007 0.974 0.006 0.005 
397    ZFB15    (0)   :  0.004 0.005 0.944 0.044 0.003 
398    ZFB16    (0)   :  0.006 0.004 0.958 0.027 0.004 
399    ZFB17    (0)   :  0.006 0.011 0.957 0.021 0.004 
400    ZFB18    (0)   :  0.006 0.006 0.979 0.006 0.004 
401    ZFB19    (0)   :  0.030 0.005 0.944 0.008 0.013 
402    ZFB20    (0)   :  0.006 0.004 0.919 0.067 0.004 
403    ZFB21    (0)   :  0.003 0.004 0.967 0.021 0.004 
404    ZFB22    (0)   :  0.007 0.005 0.873 0.110 0.005 
405    ZFB23    (0)   :  0.012 0.008 0.941 0.032 0.008 
406    ZFB24    (0)   :  0.012 0.009 0.900 0.073 0.006 
407    ZFB25    (0)   :  0.051 0.008 0.916 0.010 0.015 
408    ZFB26    (0)   :  0.036 0.013 0.835 0.105 0.010 
409    ZFB27    (0)   :  0.015 0.006 0.844 0.128 0.006 
410    ZFB28    (0)   :  0.006 0.008 0.964 0.016 0.006 
411    ZFB29    (0)   :  0.005 0.012 0.954 0.026 0.003 
412    ZFB30    (0)   :  0.009 0.006 0.886 0.092 0.007 
413    ZFB31    (0)   :  0.027 0.006 0.946 0.010 0.011 
414    ZFB32    (0)   :  0.009 0.018 0.950 0.012 0.011 
415    ZFB33    (0)   :  0.005 0.005 0.949 0.037 0.004 
416    ZFB34    (0)   :  0.005 0.008 0.978 0.006 0.004 
417    ZFB35    (0)   :  0.009 0.011 0.945 0.028 0.007 
418  ZFBP101    (0)   :  0.663 0.114 0.012 0.009 0.201 
419  ZFBP102    (0)   :  0.861 0.024 0.016 0.012 0.088 
420  ZFBP103    (0)   :  0.204 0.200 0.010 0.008 0.579 
421  ZFBP104    (0)   :  0.443 0.005 0.070 0.025 0.457 
422  ZFBP105    (0)   :  0.718 0.007 0.009 0.006 0.260 
423  ZFBP106    (0)   :  0.853 0.009 0.004 0.004 0.130 
424  ZFBP107    (0)   :  0.483 0.010 0.009 0.015 0.483 
425  ZFBP108    (0)   :  0.978 0.004 0.004 0.003 0.011 
426  ZFBP109    (0)   :  0.978 0.004 0.004 0.002 0.011 
427  ZFBP110    (0)   :  0.190 0.058 0.065 0.009 0.678 
428  ZFBP111    (0)   :  0.964 0.005 0.003 0.003 0.025 
429  ZFBP112    (0)   :  0.967 0.010 0.005 0.006 0.012 
430  ZFBP113    (0)   :  0.974 0.004 0.006 0.005 0.012 
431  ZFBP114    (0)   :  0.948 0.007 0.005 0.005 0.035 
432  ZFBP115    (0)   :  0.262 0.009 0.004 0.004 0.721 
433  ZFBP116    (0)   :  0.962 0.005 0.005 0.005 0.023 
434  ZFBP117    (0)   :  0.971 0.008 0.004 0.003 0.014 
435  ZFBP118    (0)   :  0.967 0.005 0.004 0.006 0.018 
436  ZFBP119    (0)   :  0.739 0.027 0.006 0.003 0.225 
437  ZFBP120    (0)   :  0.774 0.004 0.009 0.007 0.207 
438  ZFBP121    (0)   :  0.956 0.010 0.007 0.003 0.024 
439  ZFBP122    (9)   :  0.962 0.005 0.005 0.004 0.024 
440  ZFBP123    (0)   :  0.964 0.014 0.005 0.007 0.010 
441  ZFBP124    (0)   :  0.967 0.006 0.007 0.004 0.015 
442  ZFBP125    (0)   :  0.964 0.006 0.003 0.003 0.024 
443  ZFBP126    (0)   :  0.924 0.033 0.016 0.011 0.016 
444  ZFBP127    (0)   :  0.811 0.018 0.004 0.003 0.164 
445  ZFBP128    (0)   :  0.971 0.008 0.004 0.003 0.013 
446  ZFBP129    (0)   :  0.975 0.009 0.005 0.003 0.007 
447  ZFBP130    (0)   :  0.967 0.011 0.003 0.003 0.016 
448  ZFBP131    (0)   :  0.981 0.004 0.005 0.004 0.005 
449  ZFBP132    (0)   :  0.963 0.005 0.005 0.003 0.025 
450  ZFBP133    (0)   :  0.983 0.007 0.003 0.002 0.005 
451  ZFBP134    (0)   :  0.481 0.039 0.004 0.004 0.472 
452  ZFBP135    (0)   :  0.668 0.203 0.018 0.007 0.105 
453  ZFBP136    (0)   :  0.801 0.093 0.005 0.007 0.095 
454  ZFBP201    (0)   :  0.957 0.006 0.009 0.007 0.021 
455  ZFBP202    (0)   :  0.962 0.005 0.006 0.004 0.023 
456  ZFBP203    (0)   :  0.946 0.006 0.010 0.027 0.010 
457  ZFBP204    (0)   :  0.787 0.020 0.006 0.006 0.181 
458  ZFBP205    (0)   :  0.977 0.009 0.004 0.004 0.006 
459  ZFBP206    (0)   :  0.964 0.017 0.005 0.007 0.007 
460  ZFBP207    (0)   :  0.415 0.018 0.007 0.004 0.556 
461  ZFBP208    (0)   :  0.965 0.009 0.006 0.011 0.008 
462  ZFBP209    (0)   :  0.984 0.006 0.003 0.002 0.005 
463  ZFBP210    (0)   :  0.958 0.007 0.006 0.008 0.021 
464  ZFBP211    (0)   :  0.969 0.006 0.006 0.004 0.014 
465  ZFBP212    (0)   :  0.690 0.003 0.005 0.004 0.298 
466  ZFBP213    (0)   :  0.956 0.018 0.009 0.006 0.011 
467  ZFBP214    (0)   :  0.892 0.049 0.015 0.005 0.039 
468  ZFBP215    (0)   :  0.977 0.006 0.004 0.003 0.010 
469  ZFBP216    (0)   :  0.919 0.006 0.010 0.010 0.055 
470  ZFBP217    (0)   :  0.957 0.006 0.006 0.003 0.028 
471  ZFBP218    (0)   :  0.982 0.004 0.004 0.003 0.007 
472  ZFBP219    (0)   :  0.976 0.004 0.005 0.005 0.011 
473  ZFBP220    (0)   :  0.942 0.012 0.004 0.004 0.039 
474  ZFBP221    (0)   :  0.812 0.004 0.006 0.004 0.174 
475  ZFBP222    (0)   :  0.975 0.009 0.005 0.006 0.005 
476  ZFBP223    (0)   :  0.382 0.013 0.010 0.006 0.590 
477  ZFBP224    (0)   :  0.970 0.008 0.006 0.005 0.012 
478  ZFBP225    (0)   :  0.894 0.011 0.004 0.006 0.085 
479  ZFBP226    (0)   :  0.972 0.004 0.005 0.006 0.013 
480  ZFBP227    (0)   :  0.630 0.007 0.098 0.041 0.224 
481  ZFBP228    (0)   :  0.564 0.016 0.005 0.003 0.411 
482  ZFBP229    (0)   :  0.974 0.006 0.004 0.003 0.013 
483  ZFBP230    (0)   :  0.937 0.014 0.005 0.004 0.040 
484  ZFBP231    (0)   :  0.963 0.007 0.006 0.005 0.020 
485  ZFBP232    (0)   :  0.980 0.005 0.004 0.003 0.008 
486  ZFBP233    (0)   :  0.964 0.005 0.006 0.005 0.019 
487   ZFCC01    (0)   :  0.004 0.981 0.006 0.005 0.004 
488   ZFCC03    (0)   :  0.005 0.983 0.004 0.003 0.005 
489   ZFCC04    (0)   :  0.005 0.982 0.005 0.004 0.005 
490   ZFCC05    (0)   :  0.006 0.976 0.007 0.004 0.007 
491   ZFCC08    (0)   :  0.012 0.973 0.004 0.003 0.007 
492   ZFCC09    (0)   :  0.005 0.981 0.006 0.004 0.005 
493   ZFCC10    (0)   :  0.005 0.979 0.008 0.005 0.004 
494   ZFCC11    (0)   :  0.005 0.981 0.005 0.004 0.006 
495   ZFCC12    (0)   :  0.007 0.938 0.015 0.033 0.007 
496   ZFCC13    (0)   :  0.008 0.969 0.005 0.007 0.011 
497   ZFCC14    (0)   :  0.010 0.973 0.007 0.005 0.005 
498   ZFCC15    (0)   :  0.004 0.979 0.006 0.006 0.005 
499   ZFCC16    (0)   :  0.004 0.982 0.006 0.005 0.004 
500   ZFCC17    (0)   :  0.003 0.981 0.005 0.007 0.004 
501   ZFCC18    (0)   :  0.005 0.982 0.005 0.004 0.005 
502   ZFCC19    (0)   :  0.004 0.980 0.006 0.006 0.004 
503   ZFCC20    (0)   :  0.004 0.981 0.004 0.003 0.007 
504   ZFCC21    (0)   :  0.033 0.945 0.009 0.005 0.008 
505   ZFCC22    (0)   :  0.127 0.843 0.006 0.004 0.020 
506   ZFCC26    (0)   :  0.004 0.982 0.005 0.004 0.004 
507   ZFCC27    (0)   :  0.004 0.984 0.004 0.003 0.005 
508   ZFCC29    (0)   :  0.005 0.978 0.009 0.005 0.005 
509   ZFCC30    (0)   :  0.004 0.984 0.003 0.003 0.005 
510   ZFCC32    (0)   :  0.004 0.978 0.006 0.006 0.005 
511   ZFCC33    (0)   :  0.004 0.978 0.007 0.005 0.005 
512   ZFCC34    (0)   :  0.040 0.904 0.011 0.013 0.032 
513   ZFCC35    (0)   :  0.004 0.984 0.004 0.003 0.005 
514   ZFCC36    (0)   :  0.010 0.966 0.006 0.010 0.007 
515   ZFCC37    (0)   :  0.008 0.934 0.018 0.030 0.009 
516   ZFCC40    (0)   :  0.006 0.978 0.006 0.006 0.004 
517   ZFCC42    (0)   :  0.009 0.396 0.018 0.527 0.050 
518   ZFCC44    (0)   :  0.003 0.985 0.003 0.003 0.005 
519   ZFCC45    (9)   :  0.005 0.962 0.012 0.015 0.006 
520   ZFCC46    (0)   :  0.010 0.971 0.004 0.004 0.011 
521   ZFCC47    (0)   :  0.005 0.962 0.008 0.019 0.005 
522   ZFCC48    (0)   :  0.023 0.961 0.006 0.004 0.007 
523   ZFCC50    (0)   :  0.003 0.984 0.004 0.005 0.004 
524   ZFCC51    (0)   :  0.004 0.984 0.004 0.003 0.005 
525   ZFCC52    (0)   :  0.011 0.971 0.004 0.006 0.008 
526   ZFCC53    (0)   :  0.004 0.984 0.004 0.004 0.004 
527  ZFCNS01    (0)   :  0.004 0.007 0.005 0.006 0.979 
528  ZFCNS02    (0)   :  0.006 0.011 0.004 0.003 0.977 
529  ZFCNS05    (0)   :  0.009 0.014 0.006 0.003 0.967 
530  ZFCNS06    (0)   :  0.007 0.015 0.005 0.003 0.970 
531  ZFCNS07    (0)   :  0.015 0.006 0.005 0.003 0.971 
532  ZFCNS10    (0)   :  0.006 0.006 0.003 0.003 0.982 
533  ZFCNS11    (0)   :  0.004 0.008 0.004 0.004 0.980 
534  ZFCNS15    (0)   :  0.009 0.004 0.004 0.003 0.980 
535  ZFCNS17    (0)   :  0.007 0.016 0.004 0.003 0.969 
536  ZFCNS18    (0)   :  0.005 0.007 0.004 0.003 0.981 
537  ZFCNS19    (0)   :  0.005 0.012 0.004 0.003 0.976 
538  ZFCNS20    (0)   :  0.011 0.010 0.004 0.003 0.971 
539  ZFCNS21    (0)   :  0.004 0.009 0.004 0.003 0.981 
540  ZFCNS22    (0)   :  0.010 0.008 0.006 0.003 0.973 
541  ZFCNS23    (0)   :  0.007 0.027 0.007 0.009 0.950 
542  ZFCNS24    (0)   :  0.006 0.032 0.004 0.003 0.955 
543  ZFCNS25    (0)   :  0.010 0.012 0.004 0.003 0.970 
544  ZFCNS26    (0)   :  0.005 0.005 0.004 0.003 0.983 
545  ZFCNS27    (0)   :  0.015 0.004 0.004 0.003 0.974 
546  ZFCNS28    (0)   :  0.006 0.010 0.005 0.003 0.976 
547  ZFCNS29    (0)   :  0.008 0.017 0.005 0.003 0.967 
548  ZFCNS30    (0)   :  0.004 0.012 0.005 0.003 0.976 
549  ZFCNS31    (0)   :  0.006 0.006 0.004 0.003 0.981 
550  ZFCNS32    (0)   :  0.005 0.009 0.005 0.003 0.978 
551  ZFCNS33    (0)   :  0.005 0.006 0.004 0.003 0.981 
552  ZFCNS34    (0)   :  0.006 0.046 0.005 0.003 0.940 
553  ZFCNS35    (0)   :  0.005 0.008 0.005 0.003 0.979 
554  ZFCNS36    (0)   :  0.007 0.092 0.005 0.003 0.894 
555  ZFCNS37    (0)   :  0.005 0.007 0.004 0.003 0.982 
556  ZFCNS39    (0)   :  0.005 0.009 0.003 0.003 0.980 
557  ZFCNS40    (0)   :  0.007 0.047 0.004 0.003 0.940 
558  ZFCNS41    (0)   :  0.008 0.011 0.006 0.005 0.971 
559  ZFCNS42    (0)   :  0.005 0.006 0.004 0.003 0.982 
560  ZFCNS43    (0)   :  0.004 0.013 0.004 0.003 0.976 
561  ZFCNS44    (0)   :  0.004 0.008 0.004 0.003 0.982 
562  ZFCNS46    (0)   :  0.006 0.007 0.004 0.003 0.980 
563  ZFCNS47    (0)   :  0.005 0.008 0.004 0.003 0.981 
564  ZFCNS48    (0)   :  0.007 0.007 0.004 0.003 0.979 
565  ZFCNS49    (0)   :  0.006 0.004 0.004 0.003 0.984 
566   ZFCR01    (0)   :  0.016 0.009 0.955 0.016 0.004 
567   ZFCR02    (0)   :  0.085 0.029 0.854 0.011 0.020 
568   ZFCR03    (0)   :  0.044 0.033 0.866 0.050 0.007 
569   ZFCR04    (0)   :  0.017 0.012 0.928 0.024 0.018 
570   ZFCR05    (0)   :  0.006 0.015 0.965 0.009 0.005 
571   ZFCR06    (0)   :  0.115 0.019 0.703 0.008 0.155 
572   ZFCR07    (0)   :  0.014 0.030 0.832 0.016 0.109 
573   ZFCR08    (0)   :  0.073 0.093 0.772 0.052 0.011 
574   ZFCR09    (0)   :  0.185 0.035 0.291 0.399 0.089 
575   ZFCR11    (0)   :  0.014 0.009 0.927 0.008 0.042 
576   ZFCR12    (0)   :  0.040 0.022 0.694 0.005 0.239 
577   ZFCR13    (0)   :  0.037 0.010 0.933 0.004 0.016 
578   ZFCR14    (0)   :  0.019 0.021 0.944 0.006 0.011 
579   ZFCR15    (0)   :  0.034 0.018 0.927 0.009 0.012 
580   ZFCR16    (0)   :  0.037 0.010 0.941 0.005 0.007 
581   ZFCR18    (0)   :  0.008 0.011 0.969 0.006 0.007 
582   ZFCR19    (0)   :  0.083 0.021 0.805 0.077 0.015 
583   ZFCR20    (0)   :  0.046 0.014 0.909 0.020 0.011 
584   ZFCR21    (0)   :  0.017 0.027 0.941 0.005 0.010 
585   ZFCR22    (0)   :  0.036 0.012 0.933 0.008 0.011 
586   ZFCR23    (0)   :  0.064 0.004 0.877 0.029 0.027 
587   ZFCR24    (9)   :  0.396 0.012 0.562 0.012 0.019 
588   ZFCR25    (0)   :  0.008 0.008 0.971 0.006 0.007 
589   ZFCR26    (0)   :  0.062 0.027 0.811 0.084 0.016 
590   ZFCR27    (9)   :  0.004 0.004 0.973 0.016 0.003 
591   ZFCR28    (0)   :  0.328 0.012 0.590 0.009 0.061 
592   ZFCR29    (0)   :  0.015 0.009 0.962 0.009 0.006 
593   ZFCR30    (0)   :  0.016 0.011 0.941 0.009 0.022 
594   ZFCR31    (0)   :  0.074 0.017 0.803 0.047 0.060 
595   ZFCR33    (0)   :  0.027 0.038 0.861 0.049 0.026 
596   ZFCR34    (0)   :  0.042 0.025 0.878 0.014 0.041 
597   ZFCR35    (0)   :  0.006 0.014 0.961 0.014 0.006 
598   ZFCR36    (0)   :  0.007 0.008 0.964 0.010 0.011 
599   ZFCR37    (0)   :  0.008 0.055 0.908 0.021 0.008 
600   ZFCR38    (0)   :  0.012 0.054 0.890 0.028 0.014 
601   ZFCR39    (0)   :  0.206 0.099 0.027 0.640 0.028 
602   ZFCR40    (0)   :  0.013 0.023 0.921 0.028 0.015 
603   ZFCR41    (0)   :  0.023 0.052 0.795 0.003 0.127 
604   ZFCR42    (0)   :  0.062 0.102 0.756 0.022 0.058 
605   ZFCR43    (0)   :  0.038 0.006 0.942 0.005 0.009 
606  ZFENP25    (0)   :  0.006 0.009 0.969 0.007 0.009 
607  ZFENP26    (0)   :  0.004 0.005 0.957 0.025 0.009 
608  ZFENP27    (0)   :  0.013 0.361 0.482 0.085 0.059 
609  ZFENP28    (0)   :  0.006 0.014 0.939 0.031 0.010 
610  ZFENP29    (0)   :  0.005 0.012 0.965 0.011 0.006 
611  ZFENP30    (0)   :  0.008 0.096 0.850 0.038 0.008 
612  ZFENP31    (0)   :  0.013 0.076 0.038 0.860 0.013 
613  ZFENP32    (0)   :  0.019 0.024 0.659 0.253 0.045 
614  ZFENP33    (0)   :  0.007 0.008 0.947 0.030 0.008 
615  ZFENP34    (0)   :  0.006 0.019 0.950 0.019 0.007 
616  ZFENP35    (0)   :  0.010 0.007 0.892 0.069 0.022 
617  ZFENP36    (0)   :  0.003 0.005 0.943 0.042 0.006 
618  ZFENP37    (0)   :  0.007 0.011 0.941 0.030 0.010 
619  ZFENP38    (0)   :  0.010 0.036 0.900 0.019 0.035 
620  ZFENP39    (0)   :  0.004 0.011 0.950 0.028 0.006 
621  ZFENP40    (0)   :  0.007 0.010 0.908 0.070 0.006 
622  ZFENP41    (0)   :  0.009 0.102 0.732 0.146 0.010 
623  ZFENP42    (0)   :  0.009 0.016 0.481 0.482 0.011 
624  ZFENP43    (0)   :  0.011 0.092 0.588 0.145 0.163 
625  ZFENP44    (0)   :  0.021 0.086 0.368 0.419 0.107 
626  ZFENP45    (0)   :  0.436 0.039 0.304 0.202 0.019 
627  ZFENP46    (0)   :  0.015 0.004 0.863 0.094 0.024 
628  ZFENP47    (0)   :  0.222 0.065 0.227 0.481 0.005 
629  ZFENP48    (0)   :  0.016 0.055 0.888 0.032 0.009 
630  ZFENP49    (0)   :  0.021 0.034 0.913 0.021 0.011 
631  ZFENP50    (0)   :  0.100 0.005 0.755 0.098 0.042 
632  ZFENP51    (0)   :  0.049 0.022 0.270 0.646 0.013 
633  ZFENP52    (0)   :  0.009 0.057 0.811 0.045 0.077 
634  ZFENP53    (0)   :  0.039 0.010 0.867 0.060 0.024 
635  ZFENP54    (0)   :  0.164 0.034 0.744 0.018 0.040 
636  ZFENP55    (0)   :  0.008 0.005 0.955 0.026 0.007 
637  ZFENP56    (0)   :  0.005 0.011 0.941 0.016 0.027 
638  ZFENP57    (0)   :  0.005 0.005 0.750 0.227 0.013 
639  ZFENP58    (0)   :  0.028 0.141 0.796 0.016 0.019 
640  ZFENP59    (0)   :  0.008 0.216 0.543 0.223 0.009 
641  ZFENP60    (0)   :  0.007 0.009 0.960 0.018 0.006 
642  ZFENP61    (0)   :  0.004 0.012 0.963 0.016 0.004 
643 ZFFDSP01    (0)   :  0.933 0.005 0.006 0.003 0.053 
644 ZFFDSP02    (0)   :  0.979 0.005 0.004 0.002 0.010 
645 ZFFDSP04    (0)   :  0.981 0.005 0.004 0.003 0.007 
646 ZFFDSP05    (0)   :  0.902 0.005 0.005 0.004 0.084 
647 ZFFDSP06    (0)   :  0.980 0.006 0.004 0.002 0.008 
648 ZFFDSP07    (0)   :  0.968 0.016 0.005 0.005 0.007 
649 ZFFDSP08    (0)   :  0.951 0.014 0.004 0.004 0.027 
650 ZFFDSP10    (0)   :  0.956 0.005 0.006 0.004 0.029 
651 ZFFDSP11    (0)   :  0.974 0.005 0.005 0.004 0.012 
652 ZFFDSP12    (0)   :  0.978 0.004 0.004 0.003 0.011 
653 ZFFDSP13    (0)   :  0.083 0.011 0.006 0.005 0.896 
654 ZFFDSP14    (0)   :  0.978 0.008 0.005 0.003 0.006 
655 ZFFDSP16    (0)   :  0.949 0.007 0.012 0.004 0.027 
