

----------------------------------------------------
STRUCTURE by Pritchard, Stephens and Donnelly (2000)
     and Falush, Stephens and Pritchard (2003)
       Code by Pritchard, Falush and Hubisz
             Version 2.3.4 (Jul 2012)
----------------------------------------------------



Command line arguments:   bin\structure -m C:\Users\eschumacher\Documents\GitHub\GCC_QUAC_ZAIN\Data_Files\Structure_Files\ZAIN\ZAIN_rebinned_garden_wild_nopopinfo\50-50\mainparams -e C:\Users\eschumacher\Documents\GitHub\GCC_QUAC_ZAIN\Data_Files\Structure_Files\ZAIN\ZAIN_rebinned_garden_wild_nopopinfo\50-50\extraparams 
Input File:    C:\Users\eschumacher\Documents\GitHub\GCC_QUAC_ZAIN\Data_Files\Structure_Files\ZAIN\ZAIN_rebinned_garden_wild_nopopinfo\project_data

Run parameters:
   1133 individuals
   11 loci
   13 populations assumed
   50000 Burn-in period
   50000 Reps


--------------------------------------------
Overall proportion of membership of the
sample in each of the 13 clusters

Inferred Clusters
  1      2      3      4      5      6      7      8      9     10     11     12     13    
0.142  0.062  0.089  0.056  0.079  0.063  0.036  0.069  0.053  0.123  0.065  0.071  0.093  

--------------------------------------------

Allele-freq. divergence among pops (Net nucleotide distance),
computed using point estimates of P.

      1       2       3       4       5       6       7       8       9      10      11      12      13      
 1      -    0.2268  0.2496  0.2661  0.1822  0.1586  0.2259  0.2681  0.3557  0.1576  0.2850  0.2553  0.0981  
 2   0.2268     -    0.0833  0.0755  0.2157  0.1298  0.1996  0.0375  0.1112  0.3121  0.2540  0.0471  0.2016  
 3   0.2496  0.0833     -    0.1222  0.1943  0.1162  0.1853  0.0825  0.1411  0.3029  0.1321  0.0704  0.1589  
 4   0.2661  0.0755  0.1222     -    0.2378  0.1884  0.2075  0.0964  0.1177  0.3020  0.2401  0.0584  0.1983  
 5   0.1822  0.2157  0.1943  0.2378     -    0.1773  0.2019  0.2801  0.2232  0.2778  0.2004  0.2542  0.1677  
 6   0.1586  0.1298  0.1162  0.1884  0.1773     -    0.1670  0.1983  0.1764  0.2123  0.2226  0.1617  0.0907  
 7   0.2259  0.1996  0.1853  0.2075  0.2019  0.1670     -    0.2631  0.2783  0.2335  0.2370  0.1787  0.1450  
 8   0.2681  0.0375  0.0825  0.0964  0.2801  0.1983  0.2631     -    0.1603  0.3657  0.2795  0.0585  0.2437  
 9   0.3557  0.1112  0.1411  0.1177  0.2232  0.1764  0.2783  0.1603     -    0.3755  0.2779  0.1445  0.2849  
10   0.1576  0.3121  0.3029  0.3020  0.2778  0.2123  0.2335  0.3657  0.3755     -    0.3643  0.2953  0.1123  
11   0.2850  0.2540  0.1321  0.2401  0.2004  0.2226  0.2370  0.2795  0.2779  0.3643     -    0.2129  0.1901  
12   0.2553  0.0471  0.0704  0.0584  0.2542  0.1617  0.1787  0.0585  0.1445  0.2953  0.2129     -    0.1932  
13   0.0981  0.2016  0.1589  0.1983  0.1677  0.0907  0.1450  0.2437  0.2849  0.1123  0.1901  0.1932     -    

Average distances (expected heterozygosity) between individuals in same cluster:
cluster  1  : 0.4697 
cluster  2  : 0.3926 
cluster  3  : 0.4303 
cluster  4  : 0.3961 
cluster  5  : 0.3757 
cluster  6  : 0.4737 
cluster  7  : 0.2623 
cluster  8  : 0.3382 
cluster  9  : 0.3544 
cluster 10  : 0.4087 
cluster 11  : 0.2502 
cluster 12  : 0.3528 
cluster 13  : 0.5273 

--------------------------------------------
Estimated Ln Prob of Data   = -20885.9
Mean value of ln likelihood = -20056.1
Variance of ln likelihood   = 1659.6
Mean value of alpha         = 0.0346

Mean value of Fst_1         = 0.3803
Mean value of Fst_2         = 0.3502
Mean value of Fst_3         = 0.3468
Mean value of Fst_4         = 0.3799
Mean value of Fst_5         = 0.4482
Mean value of Fst_6         = 0.2874
Mean value of Fst_7         = 0.6057
Mean value of Fst_8         = 0.4091
Mean value of Fst_9         = 0.4288
Mean value of Fst_10         = 0.4447
Mean value of Fst_11         = 0.5746
Mean value of Fst_12         = 0.3422
Mean value of Fst_13         = 0.1703


Inferred ancestry of individuals:
        Label (%Miss) :  Inferred clusters
  1 TMA-ZAIN-G-    (9)   :  0.672 0.076 0.042 0.006 0.011 0.021 0.008 0.008 0.008 0.007 0.077 0.008 0.056 
  2 TMA-ZAIN-G-    (0)   :  0.656 0.034 0.008 0.191 0.021 0.009 0.017 0.012 0.004 0.008 0.008 0.017 0.015 
  3 TMA-ZAIN-G-    (0)   :  0.005 0.702 0.074 0.016 0.007 0.015 0.007 0.062 0.053 0.003 0.023 0.028 0.004 
  4 TMA-ZAIN-G-    (0)   :  0.010 0.153 0.010 0.014 0.018 0.006 0.602 0.088 0.047 0.004 0.017 0.026 0.004 
  5 TMA-ZAIN-G-    (0)   :  0.955 0.003 0.002 0.002 0.006 0.006 0.005 0.003 0.002 0.005 0.002 0.003 0.003 
  6 TMA-ZAIN-G-    (0)   :  0.029 0.483 0.058 0.019 0.015 0.212 0.032 0.014 0.044 0.028 0.014 0.022 0.029 
  7 TMA-ZAIN-G-    (0)   :  0.011 0.143 0.065 0.023 0.010 0.012 0.082 0.035 0.006 0.005 0.038 0.560 0.009 
  8 TMA-ZAIN-G-    (0)   :  0.006 0.049 0.801 0.019 0.023 0.008 0.006 0.028 0.022 0.003 0.007 0.025 0.004 
  9 TMA-ZAIN-G-    (9)   :  0.007 0.293 0.086 0.097 0.005 0.026 0.008 0.066 0.021 0.005 0.007 0.375 0.006 
 10 TMA-ZAIN-G-    (0)   :  0.003 0.155 0.127 0.041 0.008 0.029 0.012 0.046 0.029 0.004 0.012 0.526 0.006 
 11 TMA-ZAIN-G-    (0)   :  0.005 0.040 0.096 0.012 0.004 0.005 0.013 0.006 0.004 0.004 0.007 0.797 0.006 
 12 TMA-ZAIN-G-    (0)   :  0.005 0.425 0.026 0.008 0.005 0.007 0.005 0.460 0.005 0.003 0.020 0.024 0.006 
 13 TMA-ZAIN-G-    (9)   :  0.036 0.019 0.107 0.173 0.019 0.017 0.014 0.076 0.014 0.069 0.106 0.318 0.032 
 14 TMA-ZAIN-G-    (9)   :  0.003 0.012 0.040 0.018 0.008 0.011 0.005 0.010 0.006 0.012 0.838 0.027 0.010 
 15 TMA-ZAIN-G-    (0)   :  0.003 0.079 0.061 0.004 0.007 0.006 0.004 0.005 0.010 0.002 0.808 0.005 0.006 
 16 TMA-ZAIN-G-    (0)   :  0.004 0.208 0.017 0.014 0.003 0.008 0.005 0.564 0.005 0.005 0.006 0.156 0.006 
 17 TMA-ZAIN-G-    (9)   :  0.009 0.015 0.767 0.005 0.016 0.022 0.082 0.021 0.006 0.011 0.016 0.008 0.022 
 18 TMA-ZAIN-G-    (0)   :  0.682 0.010 0.011 0.004 0.047 0.023 0.012 0.017 0.007 0.006 0.011 0.005 0.164 
 19 TMA-ZAIN-G-    (0)   :  0.017 0.019 0.043 0.009 0.004 0.158 0.043 0.029 0.005 0.026 0.014 0.031 0.601 
 20 TMA-ZAIN-G-    (0)   :  0.039 0.004 0.003 0.004 0.031 0.008 0.006 0.003 0.005 0.053 0.004 0.004 0.837 
 21 TMA-ZAIN-G-    (0)   :  0.003 0.005 0.004 0.003 0.005 0.005 0.005 0.004 0.005 0.950 0.002 0.005 0.004 
 22 TMA-ZAIN-G-    (0)   :  0.056 0.003 0.003 0.003 0.007 0.009 0.010 0.003 0.003 0.884 0.003 0.003 0.013 
 23 TMA-ZAIN-G-    (0)   :  0.017 0.006 0.009 0.006 0.004 0.032 0.010 0.006 0.004 0.853 0.007 0.008 0.039 
 24 TMA-ZAIN-G-    (9)   :  0.007 0.005 0.008 0.168 0.006 0.004 0.003 0.010 0.095 0.654 0.022 0.014 0.003 
 25 TMA-ZAIN-G-    (9)   :  0.070 0.082 0.005 0.113 0.004 0.008 0.004 0.007 0.004 0.010 0.004 0.004 0.685 
 26 TMA-ZAIN-G-    (9)   :  0.006 0.195 0.059 0.144 0.490 0.005 0.010 0.013 0.008 0.023 0.014 0.022 0.011 
 27 TMA-ZAIN-G-    (0)   :  0.076 0.007 0.014 0.005 0.015 0.680 0.021 0.004 0.009 0.016 0.077 0.016 0.060 
 28 TMA-ZAIN-G-    (0)   :  0.008 0.006 0.007 0.004 0.005 0.922 0.005 0.005 0.004 0.004 0.009 0.006 0.014 
 29 TMA-ZAIN-G-    (0)   :  0.003 0.004 0.005 0.005 0.014 0.006 0.004 0.004 0.720 0.004 0.005 0.004 0.222 
 30 TMA-ZAIN-G-    (0)   :  0.004 0.040 0.090 0.110 0.006 0.477 0.008 0.054 0.033 0.005 0.071 0.069 0.035 
 31 TMA-ZAIN-G-    (0)   :  0.852 0.005 0.004 0.009 0.057 0.006 0.019 0.004 0.006 0.011 0.006 0.007 0.013 
 32 TMA-ZAIN-G-    (9)   :  0.307 0.418 0.012 0.008 0.006 0.007 0.007 0.027 0.003 0.099 0.016 0.008 0.082 
 33 TMA-ZAIN-G-   (18)   :  0.004 0.866 0.038 0.007 0.003 0.006 0.003 0.030 0.010 0.003 0.006 0.020 0.004 
 34 TMA-ZAIN-G-    (0)   :  0.052 0.845 0.006 0.009 0.006 0.008 0.004 0.017 0.004 0.022 0.004 0.010 0.011 
 35 TMA-ZAIN-G-    (9)   :  0.005 0.924 0.007 0.009 0.006 0.007 0.006 0.006 0.009 0.003 0.008 0.006 0.005 
 36 TMA-ZAIN-G-    (0)   :  0.004 0.189 0.190 0.341 0.017 0.007 0.008 0.017 0.011 0.003 0.181 0.029 0.005 
 37 TMA-ZAIN-G-    (9)   :  0.004 0.908 0.012 0.013 0.005 0.007 0.011 0.011 0.006 0.004 0.004 0.011 0.004 
 38 TMA-ZAIN-G-   (18)   :  0.431 0.311 0.021 0.017 0.007 0.005 0.011 0.013 0.006 0.024 0.043 0.010 0.099 
 39 TMA-ZAIN-G-    (0)   :  0.003 0.059 0.032 0.709 0.007 0.007 0.008 0.115 0.012 0.005 0.004 0.036 0.004 
 40 TMA-ZAIN-G-    (0)   :  0.003 0.115 0.290 0.172 0.005 0.004 0.014 0.347 0.006 0.005 0.007 0.025 0.005 
 41 TMA-ZAIN-G-    (0)   :  0.003 0.022 0.626 0.258 0.005 0.005 0.003 0.021 0.006 0.003 0.039 0.006 0.003 
 42 TMA-ZAIN-G-    (9)   :  0.003 0.006 0.867 0.009 0.008 0.003 0.004 0.008 0.006 0.002 0.075 0.005 0.003 
 43 TMA-ZAIN-G-    (0)   :  0.003 0.004 0.009 0.004 0.005 0.003 0.004 0.003 0.009 0.002 0.945 0.005 0.003 
 44 TMA-ZAIN-G-    (0)   :  0.005 0.021 0.006 0.048 0.004 0.003 0.009 0.012 0.008 0.771 0.004 0.097 0.012 
 45 TMA-ZAIN-G-    (0)   :  0.006 0.165 0.085 0.013 0.010 0.010 0.012 0.141 0.006 0.006 0.015 0.523 0.007 
 46 TMA-ZAIN-G-    (0)   :  0.003 0.003 0.003 0.005 0.005 0.003 0.010 0.003 0.003 0.947 0.004 0.005 0.006 
 47 TMA-ZAIN-G-    (0)   :  0.004 0.006 0.004 0.004 0.942 0.004 0.014 0.005 0.004 0.004 0.004 0.003 0.004 
 48 TMA-ZAIN-G-    (0)   :  0.006 0.038 0.259 0.019 0.195 0.039 0.161 0.021 0.016 0.020 0.054 0.161 0.012 
 49 TMA-ZAIN-G-    (9)   :  0.013 0.033 0.008 0.006 0.007 0.013 0.019 0.023 0.039 0.005 0.004 0.009 0.821 
 50 TMA-ZAIN-G-    (0)   :  0.011 0.005 0.060 0.025 0.003 0.023 0.006 0.016 0.004 0.005 0.008 0.006 0.829 
 51 TMA-ZAIN-G-    (0)   :  0.006 0.008 0.018 0.009 0.014 0.023 0.015 0.004 0.006 0.006 0.057 0.014 0.818 
 52 TMA-ZAIN-G-    (0)   :  0.006 0.006 0.008 0.006 0.030 0.026 0.113 0.014 0.003 0.009 0.015 0.010 0.755 
 53 TMA-ZAIN-G-    (0)   :  0.127 0.006 0.009 0.011 0.060 0.011 0.070 0.004 0.005 0.007 0.032 0.016 0.645 
 54 TMA-ZAIN-G-    (0)   :  0.005 0.006 0.012 0.004 0.921 0.011 0.005 0.006 0.003 0.004 0.010 0.006 0.007 
 55 TMA-ZAIN-G-    (0)   :  0.004 0.006 0.032 0.004 0.857 0.024 0.004 0.010 0.003 0.007 0.021 0.008 0.019 
 56 TMA-ZAIN-G-    (0)   :  0.006 0.031 0.199 0.030 0.069 0.066 0.406 0.026 0.024 0.007 0.036 0.070 0.030 
 57 TMA-ZAIN-G-    (0)   :  0.009 0.011 0.005 0.010 0.863 0.005 0.013 0.032 0.008 0.004 0.006 0.009 0.025 
 58 TMA-ZAIN-G-    (0)   :  0.055 0.012 0.025 0.004 0.038 0.308 0.013 0.016 0.007 0.129 0.010 0.007 0.376 
 59 TMA-ZAIN-G-    (0)   :  0.571 0.050 0.032 0.022 0.016 0.026 0.047 0.022 0.021 0.026 0.009 0.143 0.015 
 60 TMA-ZAIN-G-    (0)   :  0.510 0.008 0.020 0.006 0.022 0.089 0.045 0.007 0.008 0.008 0.132 0.029 0.115 
 61 TMA-ZAIN-G-    (0)   :  0.893 0.005 0.003 0.003 0.012 0.007 0.035 0.003 0.003 0.020 0.004 0.004 0.009 
 62 TMA-ZAIN-G-    (9)   :  0.683 0.069 0.029 0.022 0.013 0.069 0.003 0.035 0.007 0.018 0.006 0.022 0.024 
 63 TMA-ZAIN-G-    (0)   :  0.913 0.006 0.005 0.003 0.012 0.009 0.013 0.006 0.003 0.007 0.007 0.004 0.010 
 64 TMA-ZAIN-G-    (0)   :  0.002 0.005 0.004 0.009 0.003 0.003 0.003 0.005 0.946 0.003 0.006 0.007 0.002 
 65 TMA-ZAIN-G-    (9)   :  0.004 0.035 0.007 0.007 0.007 0.006 0.005 0.016 0.894 0.003 0.007 0.007 0.003 
 66 TMA-ZAIN-G-    (0)   :  0.003 0.022 0.008 0.016 0.004 0.004 0.006 0.011 0.885 0.003 0.005 0.031 0.003 
 67 TMA-ZAIN-G-    (0)   :  0.004 0.046 0.010 0.093 0.005 0.014 0.004 0.019 0.740 0.013 0.004 0.041 0.009 
 68 TMA-ZAIN-G-    (0)   :  0.002 0.005 0.007 0.004 0.004 0.003 0.004 0.005 0.950 0.002 0.007 0.005 0.003 
 69 TMA-ZAIN-G-    (0)   :  0.019 0.060 0.006 0.033 0.008 0.007 0.022 0.026 0.723 0.028 0.017 0.025 0.026 
 70 TMA-ZAIN-G-    (0)   :  0.003 0.011 0.005 0.881 0.003 0.004 0.004 0.011 0.013 0.004 0.005 0.050 0.004 
 71 TMA-ZAIN-G-    (0)   :  0.003 0.012 0.005 0.931 0.003 0.003 0.004 0.012 0.004 0.003 0.004 0.012 0.003 
 72 TMA-ZAIN-G-    (0)   :  0.003 0.016 0.008 0.907 0.006 0.007 0.005 0.006 0.015 0.003 0.007 0.012 0.004 
 73 TMA-ZAIN-G-    (0)   :  0.019 0.016 0.005 0.857 0.016 0.020 0.004 0.007 0.005 0.026 0.003 0.005 0.018 
 74 TMA-ZAIN-G-    (0)   :  0.005 0.011 0.006 0.930 0.005 0.004 0.003 0.010 0.005 0.005 0.003 0.007 0.006 
 75 TMA-ZAIN-G-    (0)   :  0.004 0.012 0.005 0.932 0.007 0.005 0.005 0.008 0.005 0.003 0.005 0.006 0.005 
 76 TMA-ZAIN-G-    (0)   :  0.004 0.011 0.004 0.920 0.004 0.004 0.003 0.008 0.005 0.014 0.003 0.012 0.007 
 77 TMA-ZAIN-G-    (0)   :  0.003 0.006 0.006 0.936 0.004 0.005 0.007 0.005 0.006 0.004 0.005 0.007 0.006 
 78 TMA-ZAIN-G-    (0)   :  0.005 0.012 0.006 0.907 0.006 0.007 0.009 0.007 0.004 0.010 0.005 0.012 0.011 
 79 TMA-ZAIN-G-    (0)   :  0.004 0.006 0.006 0.905 0.004 0.005 0.028 0.006 0.003 0.007 0.007 0.013 0.007 
 80 TMA-ZAIN-G-    (0)   :  0.003 0.031 0.014 0.774 0.011 0.006 0.006 0.110 0.017 0.004 0.004 0.018 0.003 
 81 TMA-ZAIN-G-    (0)   :  0.004 0.021 0.010 0.843 0.005 0.007 0.028 0.014 0.005 0.006 0.008 0.042 0.008 
 82 TMA-ZAIN-G-    (0)   :  0.005 0.477 0.008 0.099 0.017 0.006 0.008 0.044 0.199 0.003 0.007 0.122 0.006 
 83 TMA-ZAIN-G-    (9)   :  0.032 0.764 0.009 0.011 0.013 0.024 0.005 0.071 0.018 0.024 0.004 0.014 0.011 
 84 TMA-ZAIN-G-    (0)   :  0.003 0.011 0.009 0.884 0.004 0.005 0.011 0.014 0.005 0.010 0.006 0.031 0.007 
 85 TMA-ZAIN-G-    (0)   :  0.004 0.004 0.003 0.003 0.004 0.004 0.958 0.003 0.003 0.004 0.003 0.004 0.005 
 86 TMA-ZAIN-G-    (0)   :  0.003 0.009 0.008 0.005 0.005 0.005 0.928 0.009 0.005 0.005 0.003 0.011 0.003 
 87 TMA-ZAIN-G-    (0)   :  0.004 0.003 0.003 0.003 0.003 0.004 0.958 0.003 0.003 0.005 0.003 0.003 0.004 
 88 TMA-ZAIN-G-    (0)   :  0.173 0.098 0.012 0.028 0.065 0.010 0.418 0.093 0.037 0.012 0.017 0.028 0.009 
 89 TMA-ZAIN-G-    (0)   :  0.026 0.029 0.010 0.046 0.369 0.004 0.339 0.031 0.028 0.028 0.039 0.043 0.009 
 90 TMA-ZAIN-G-    (0)   :  0.015 0.034 0.005 0.004 0.037 0.006 0.845 0.020 0.014 0.004 0.004 0.005 0.007 
 91 TMA-ZAIN-G-    (0)   :  0.048 0.011 0.009 0.008 0.039 0.019 0.810 0.007 0.011 0.006 0.012 0.014 0.007 
 92 TMA-ZAIN-G-    (0)   :  0.010 0.009 0.009 0.010 0.274 0.035 0.541 0.005 0.006 0.038 0.012 0.014 0.037 
 93 TMA-ZAIN-G-    (0)   :  0.044 0.007 0.008 0.007 0.529 0.090 0.238 0.004 0.008 0.014 0.020 0.008 0.025 
 94 TMA-ZAIN-G-    (0)   :  0.110 0.005 0.004 0.005 0.046 0.014 0.776 0.003 0.005 0.009 0.007 0.005 0.012 
 95 TMA-ZAIN-G-    (0)   :  0.007 0.004 0.010 0.010 0.004 0.901 0.005 0.006 0.007 0.005 0.014 0.006 0.022 
 96 TMA-ZAIN-G-    (0)   :  0.006 0.006 0.041 0.003 0.005 0.823 0.009 0.014 0.004 0.006 0.018 0.005 0.059 
 97 TMA-ZAIN-G-    (0)   :  0.898 0.004 0.004 0.016 0.012 0.005 0.007 0.004 0.007 0.006 0.008 0.009 0.019 
 98 TMA-ZAIN-G-    (0)   :  0.924 0.004 0.004 0.013 0.012 0.003 0.007 0.004 0.005 0.004 0.006 0.009 0.005 
 99 TMA-ZAIN-G-    (0)   :  0.691 0.103 0.027 0.006 0.003 0.009 0.005 0.018 0.017 0.013 0.006 0.096 0.006 
100 TMA-ZAIN-G-    (0)   :  0.865 0.004 0.003 0.006 0.023 0.005 0.035 0.003 0.005 0.015 0.007 0.006 0.023 
101 TMA-ZAIN-G-    (0)   :  0.904 0.006 0.005 0.009 0.012 0.005 0.004 0.006 0.006 0.005 0.007 0.022 0.009 
102 TMA-ZAIN-G-    (0)   :  0.435 0.016 0.038 0.017 0.008 0.021 0.040 0.053 0.012 0.177 0.031 0.020 0.132 
103 TMA-ZAIN-G-    (0)   :  0.786 0.021 0.012 0.008 0.006 0.019 0.029 0.019 0.006 0.015 0.008 0.014 0.057 
104 TMA-ZAIN-G-    (0)   :  0.949 0.004 0.004 0.003 0.005 0.005 0.003 0.004 0.002 0.006 0.004 0.004 0.007 
105 TMA-ZAIN-G-    (0)   :  0.787 0.026 0.014 0.009 0.006 0.021 0.040 0.028 0.006 0.009 0.008 0.017 0.030 
106 TMA-ZAIN-G-    (0)   :  0.004 0.025 0.329 0.119 0.005 0.007 0.008 0.099 0.055 0.003 0.127 0.215 0.004 
107 TMA-ZAIN-G-    (0)   :  0.005 0.084 0.022 0.126 0.008 0.008 0.007 0.427 0.015 0.003 0.015 0.273 0.006 
108 TMA-ZAIN-G-    (9)   :  0.115 0.547 0.028 0.014 0.013 0.013 0.051 0.011 0.006 0.049 0.032 0.043 0.079 
109 TMA-ZAIN-G-    (0)   :  0.269 0.114 0.133 0.009 0.068 0.059 0.017 0.151 0.125 0.006 0.025 0.017 0.008 
110 TMA-ZAIN-G-    (0)   :  0.065 0.141 0.080 0.021 0.016 0.027 0.021 0.088 0.007 0.113 0.015 0.295 0.111 
111 TMA-ZAIN-G-    (9)   :  0.423 0.139 0.013 0.045 0.020 0.023 0.006 0.111 0.012 0.108 0.004 0.017 0.079 
112 TMA-ZAIN-G-    (0)   :  0.239 0.075 0.168 0.018 0.024 0.047 0.015 0.103 0.015 0.052 0.039 0.089 0.115 
113 TMA-ZAIN-G-    (0)   :  0.873 0.009 0.005 0.022 0.022 0.003 0.006 0.015 0.009 0.009 0.006 0.016 0.004 
114 TMA-ZAIN-G-    (0)   :  0.950 0.003 0.003 0.003 0.004 0.004 0.006 0.004 0.003 0.011 0.002 0.003 0.005 
115 TMA-ZAIN-G-    (0)   :  0.953 0.005 0.003 0.004 0.005 0.005 0.003 0.005 0.003 0.006 0.004 0.003 0.004 
116 TMA-ZAIN-G-    (0)   :  0.005 0.787 0.007 0.012 0.010 0.006 0.005 0.139 0.010 0.003 0.005 0.008 0.003 
117 TMA-ZAIN-G-    (0)   :  0.007 0.422 0.080 0.091 0.033 0.029 0.035 0.032 0.161 0.003 0.056 0.043 0.007 
118 TMA-ZAIN-G-    (0)   :  0.005 0.717 0.013 0.010 0.008 0.009 0.005 0.188 0.014 0.003 0.014 0.008 0.005 
119 TMA-ZAIN-G-    (0)   :  0.019 0.689 0.007 0.036 0.009 0.015 0.004 0.152 0.024 0.014 0.005 0.009 0.016 
120 TMA-ZAIN-G-    (0)   :  0.007 0.761 0.015 0.014 0.010 0.012 0.011 0.101 0.014 0.003 0.035 0.010 0.007 
121 TMA-ZAIN-G-    (0)   :  0.005 0.864 0.017 0.011 0.009 0.012 0.006 0.019 0.033 0.003 0.010 0.008 0.004 
122 TMA-ZAIN-G-    (0)   :  0.004 0.686 0.046 0.019 0.007 0.040 0.054 0.035 0.020 0.005 0.010 0.070 0.005 
123 TMA-ZAIN-G-    (0)   :  0.915 0.006 0.005 0.005 0.005 0.006 0.008 0.005 0.003 0.009 0.011 0.006 0.015 
124 TMA-ZAIN-G-    (0)   :  0.005 0.009 0.923 0.005 0.003 0.006 0.008 0.009 0.004 0.003 0.009 0.011 0.005 
125 TMA-ZAIN-G-    (0)   :  0.002 0.006 0.818 0.008 0.075 0.004 0.007 0.007 0.038 0.002 0.022 0.007 0.004 
126 TMA-ZAIN-G-    (0)   :  0.005 0.008 0.889 0.005 0.008 0.004 0.007 0.022 0.005 0.003 0.033 0.008 0.004 
127 TMA-ZAIN-G-    (0)   :  0.003 0.006 0.928 0.004 0.004 0.004 0.005 0.012 0.006 0.003 0.009 0.012 0.003 
128 TMA-ZAIN-G-    (0)   :  0.004 0.024 0.883 0.006 0.006 0.012 0.007 0.009 0.020 0.003 0.008 0.015 0.003 
129 TMA-ZAIN-G-    (0)   :  0.006 0.010 0.916 0.005 0.006 0.006 0.007 0.007 0.006 0.003 0.013 0.011 0.004 
130 TMA-ZAIN-G-    (0)   :  0.007 0.016 0.812 0.006 0.042 0.007 0.007 0.025 0.008 0.003 0.057 0.006 0.004 
131 TMA-ZAIN-G-    (0)   :  0.004 0.007 0.924 0.004 0.004 0.007 0.010 0.009 0.004 0.003 0.010 0.009 0.005 
132 TMA-ZAIN-G-    (0)   :  0.004 0.032 0.794 0.011 0.033 0.011 0.007 0.016 0.047 0.003 0.015 0.025 0.004 
133 TMA-ZAIN-G-    (0)   :  0.003 0.017 0.419 0.098 0.023 0.015 0.045 0.078 0.087 0.013 0.160 0.027 0.015 
134 TMA-ZAIN-G-    (0)   :  0.003 0.009 0.273 0.060 0.023 0.005 0.046 0.160 0.061 0.007 0.327 0.017 0.008 
135 TMA-ZAIN-G-    (0)   :  0.004 0.030 0.061 0.039 0.014 0.003 0.029 0.668 0.028 0.006 0.022 0.092 0.005 
136 TMA-ZAIN-G-    (0)   :  0.005 0.182 0.041 0.028 0.014 0.008 0.005 0.069 0.570 0.005 0.006 0.063 0.004 
137 TMA-ZAIN-G-    (0)   :  0.004 0.010 0.010 0.014 0.004 0.003 0.014 0.910 0.004 0.006 0.005 0.012 0.005 
138 TMA-ZAIN-G-    (0)   :  0.004 0.111 0.367 0.010 0.023 0.004 0.004 0.349 0.015 0.003 0.033 0.073 0.003 
139 TMA-ZAIN-G-    (0)   :  0.004 0.083 0.117 0.029 0.091 0.003 0.010 0.580 0.015 0.005 0.023 0.035 0.004 
140 TMA-ZAIN-G-    (0)   :  0.003 0.233 0.035 0.017 0.003 0.009 0.004 0.186 0.008 0.004 0.007 0.486 0.004 
141 TMA-ZAIN-G-    (0)   :  0.005 0.070 0.023 0.029 0.005 0.007 0.011 0.052 0.006 0.003 0.016 0.769 0.005 
142 TMA-ZAIN-G-    (9)   :  0.004 0.181 0.019 0.020 0.004 0.006 0.007 0.181 0.010 0.003 0.006 0.555 0.004 
143 TMA-ZAIN-G-    (0)   :  0.004 0.412 0.090 0.015 0.005 0.010 0.006 0.112 0.012 0.003 0.010 0.316 0.004 
144 TMA-ZAIN-G-    (0)   :  0.004 0.282 0.158 0.009 0.032 0.031 0.016 0.350 0.007 0.008 0.016 0.074 0.013 
145 TMA-ZAIN-G-    (0)   :  0.003 0.068 0.026 0.045 0.015 0.007 0.006 0.498 0.267 0.002 0.006 0.053 0.003 
146 TMA-ZAIN-G-    (0)   :  0.003 0.010 0.005 0.015 0.003 0.003 0.004 0.008 0.005 0.003 0.004 0.935 0.003 
147 TMA-ZAIN-G-    (9)   :  0.003 0.011 0.006 0.009 0.004 0.004 0.004 0.008 0.008 0.003 0.004 0.934 0.003 
148 TMA-ZAIN-G-    (0)   :  0.003 0.006 0.021 0.007 0.015 0.003 0.004 0.007 0.004 0.003 0.036 0.887 0.003 
149 TMA-ZAIN-G-    (0)   :  0.021 0.020 0.029 0.009 0.042 0.016 0.026 0.012 0.006 0.014 0.020 0.775 0.009 
150 TMA-ZAIN-G-    (0)   :  0.027 0.216 0.019 0.019 0.082 0.014 0.014 0.046 0.113 0.010 0.016 0.416 0.008 
151 TMA-ZAIN-G-    (0)   :  0.003 0.044 0.032 0.006 0.004 0.004 0.003 0.859 0.007 0.002 0.022 0.008 0.003 
152 TMA-ZAIN-G-    (0)   :  0.005 0.248 0.010 0.004 0.005 0.005 0.003 0.687 0.006 0.002 0.013 0.009 0.003 
153 TMA-ZAIN-G-    (0)   :  0.003 0.065 0.059 0.011 0.011 0.004 0.004 0.771 0.013 0.003 0.026 0.027 0.003 
154 TMA-ZAIN-G-    (0)   :  0.003 0.050 0.006 0.004 0.004 0.004 0.004 0.905 0.004 0.002 0.004 0.006 0.003 
155 TMA-ZAIN-G-    (0)   :  0.004 0.014 0.008 0.008 0.003 0.004 0.005 0.919 0.006 0.003 0.006 0.016 0.003 
156 TMA-ZAIN-G-    (9)   :  0.006 0.044 0.038 0.005 0.009 0.004 0.003 0.805 0.003 0.003 0.057 0.017 0.005 
157 TMA-ZAIN-G-    (0)   :  0.004 0.030 0.044 0.008 0.005 0.004 0.005 0.716 0.006 0.003 0.118 0.054 0.004 
158 TMA-ZAIN-G-    (0)   :  0.003 0.341 0.011 0.022 0.004 0.006 0.004 0.562 0.005 0.003 0.004 0.030 0.005 
159 TMA-ZAIN-G-    (0)   :  0.004 0.089 0.009 0.175 0.005 0.004 0.004 0.589 0.013 0.002 0.004 0.096 0.003 
160 TMA-ZAIN-G-    (0)   :  0.005 0.139 0.006 0.139 0.008 0.004 0.004 0.639 0.020 0.002 0.004 0.027 0.003 
161 TMA-ZAIN-G-    (0)   :  0.004 0.087 0.123 0.019 0.027 0.008 0.008 0.601 0.007 0.003 0.027 0.080 0.006 
162 TMA-ZAIN-G-    (0)   :  0.017 0.012 0.007 0.005 0.012 0.010 0.012 0.892 0.005 0.011 0.003 0.006 0.006 
163 TMA-ZAIN-G-    (0)   :  0.003 0.031 0.005 0.005 0.003 0.003 0.003 0.929 0.004 0.002 0.003 0.007 0.002 
164 TMA-ZAIN-G-    (0)   :  0.005 0.494 0.008 0.008 0.009 0.006 0.010 0.414 0.007 0.004 0.005 0.025 0.004 
165 TMA-ZAIN-G-    (0)   :  0.004 0.338 0.009 0.009 0.003 0.004 0.003 0.592 0.007 0.003 0.003 0.022 0.003 
166 TMA-ZAIN-G-    (0)   :  0.003 0.062 0.020 0.029 0.011 0.004 0.006 0.721 0.011 0.002 0.005 0.124 0.003 
167 TMA-ZAIN-G-    (0)   :  0.005 0.078 0.016 0.108 0.004 0.008 0.007 0.026 0.004 0.005 0.007 0.726 0.006 
168 TMA-ZAIN-G-    (0)   :  0.005 0.083 0.007 0.083 0.005 0.004 0.006 0.007 0.011 0.003 0.019 0.763 0.004 
169 TMA-ZAIN-G-    (0)   :  0.003 0.085 0.005 0.096 0.004 0.003 0.005 0.018 0.072 0.003 0.005 0.699 0.003 
170 TMA-ZAIN-G-    (0)   :  0.018 0.058 0.045 0.037 0.004 0.009 0.006 0.037 0.014 0.014 0.048 0.676 0.035 
171 TMA-ZAIN-G-    (0)   :  0.003 0.049 0.004 0.108 0.003 0.003 0.004 0.012 0.018 0.003 0.004 0.785 0.003 
172 TMA-ZAIN-G-    (0)   :  0.003 0.017 0.231 0.013 0.004 0.005 0.005 0.025 0.005 0.004 0.018 0.664 0.006 
173 TMA-ZAIN-G-    (0)   :  0.003 0.022 0.495 0.019 0.004 0.009 0.006 0.017 0.007 0.004 0.022 0.385 0.007 
174 TMA-ZAIN-G-    (0)   :  0.003 0.063 0.411 0.036 0.010 0.006 0.005 0.084 0.059 0.002 0.007 0.311 0.003 
175 TMA-ZAIN-G-    (0)   :  0.003 0.028 0.005 0.159 0.004 0.003 0.005 0.011 0.008 0.003 0.004 0.762 0.003 
176 TMA-ZAIN-G-    (0)   :  0.003 0.013 0.006 0.037 0.003 0.003 0.005 0.016 0.005 0.003 0.004 0.900 0.003 
177 TMA-ZAIN-G-    (0)   :  0.003 0.010 0.006 0.010 0.003 0.003 0.004 0.009 0.003 0.003 0.010 0.932 0.004 
178 TMA-ZAIN-G-    (0)   :  0.005 0.082 0.082 0.011 0.004 0.008 0.005 0.021 0.004 0.004 0.046 0.723 0.007 
179 TMA-ZAIN-G-    (0)   :  0.003 0.016 0.018 0.012 0.003 0.004 0.005 0.021 0.005 0.003 0.014 0.893 0.003 
180 TMA-ZAIN-G-    (0)   :  0.004 0.050 0.703 0.005 0.013 0.012 0.033 0.015 0.066 0.007 0.024 0.062 0.006 
181 TMA-ZAIN-G-    (0)   :  0.005 0.017 0.656 0.013 0.005 0.004 0.003 0.085 0.006 0.003 0.187 0.012 0.004 
182 TMA-ZAIN-G-    (0)   :  0.007 0.017 0.728 0.005 0.005 0.005 0.007 0.037 0.003 0.003 0.130 0.049 0.004 
183 TMA-ZAIN-G-    (0)   :  0.004 0.050 0.681 0.008 0.003 0.004 0.004 0.021 0.006 0.003 0.190 0.022 0.005 
184 TMA-ZAIN-G-    (0)   :  0.028 0.037 0.707 0.014 0.017 0.016 0.022 0.059 0.009 0.014 0.047 0.019 0.012 
185 TMA-ZAIN-G-    (0)   :  0.012 0.009 0.833 0.007 0.021 0.042 0.013 0.013 0.005 0.020 0.004 0.010 0.010 
186 TMA-ZAIN-G-    (9)   :  0.004 0.010 0.913 0.010 0.005 0.011 0.005 0.012 0.005 0.005 0.005 0.010 0.006 
187 TMA-ZAIN-G-    (0)   :  0.004 0.009 0.788 0.059 0.003 0.005 0.004 0.059 0.017 0.003 0.025 0.019 0.005 
188 TMA-ZAIN-G-    (0)   :  0.003 0.016 0.845 0.063 0.004 0.005 0.003 0.021 0.022 0.002 0.008 0.005 0.004 
189 TMA-ZAIN-G-    (0)   :  0.002 0.006 0.940 0.006 0.002 0.003 0.003 0.008 0.008 0.002 0.008 0.008 0.003 
190 TMA-ZAIN-G-    (0)   :  0.003 0.098 0.592 0.055 0.005 0.007 0.004 0.008 0.025 0.003 0.093 0.099 0.008 
191 TMA-ZAIN-G-    (0)   :  0.012 0.008 0.869 0.010 0.009 0.011 0.017 0.010 0.005 0.019 0.005 0.016 0.008 
192 TMA-ZAIN-G-    (0)   :  0.004 0.006 0.869 0.020 0.006 0.003 0.021 0.014 0.004 0.013 0.023 0.010 0.009 
193 TMA-ZAIN-G-    (0)   :  0.002 0.003 0.005 0.003 0.004 0.003 0.004 0.003 0.003 0.002 0.960 0.004 0.003 
194 TMA-ZAIN-G-    (0)   :  0.002 0.007 0.070 0.006 0.013 0.020 0.005 0.004 0.010 0.006 0.836 0.009 0.011 
195 TMA-ZAIN-G-    (0)   :  0.003 0.019 0.062 0.028 0.006 0.005 0.004 0.006 0.032 0.003 0.784 0.039 0.010 
196 TMA-ZAIN-G-    (0)   :  0.003 0.007 0.013 0.005 0.006 0.006 0.004 0.006 0.011 0.003 0.927 0.006 0.004 
197 TMA-ZAIN-G-    (0)   :  0.003 0.007 0.010 0.008 0.005 0.005 0.007 0.007 0.009 0.003 0.922 0.010 0.003 
198 TMA-ZAIN-G-    (0)   :  0.003 0.008 0.011 0.008 0.005 0.003 0.004 0.009 0.007 0.003 0.922 0.014 0.003 
199 TMA-ZAIN-G-    (0)   :  0.003 0.009 0.920 0.008 0.006 0.009 0.004 0.012 0.005 0.004 0.006 0.009 0.006 
200 TMA-ZAIN-G-    (0)   :  0.019 0.004 0.004 0.003 0.004 0.016 0.006 0.002 0.003 0.760 0.045 0.003 0.131 
201 TMA-ZAIN-G-    (0)   :  0.008 0.004 0.003 0.004 0.004 0.011 0.007 0.003 0.006 0.904 0.003 0.005 0.038 
202 TMA-ZAIN-G-    (0)   :  0.022 0.007 0.009 0.003 0.002 0.008 0.004 0.005 0.003 0.836 0.039 0.009 0.052 
203 TMA-ZAIN-G-    (0)   :  0.021 0.028 0.052 0.009 0.005 0.005 0.005 0.030 0.004 0.003 0.802 0.032 0.004 
204 TMA-ZAIN-G-    (9)   :  0.005 0.006 0.007 0.016 0.027 0.006 0.082 0.004 0.012 0.759 0.007 0.021 0.048 
205 TMA-ZAIN-G-    (0)   :  0.007 0.026 0.008 0.012 0.013 0.005 0.021 0.091 0.006 0.698 0.007 0.013 0.093 
206 TMA-ZAIN-G-    (9)   :  0.013 0.015 0.017 0.008 0.011 0.011 0.142 0.007 0.009 0.596 0.057 0.023 0.090 
207 TMA-ZAIN-G-    (9)   :  0.009 0.654 0.016 0.014 0.046 0.045 0.051 0.089 0.033 0.007 0.007 0.009 0.021 
208 TMA-ZAIN-G-    (0)   :  0.003 0.722 0.016 0.014 0.005 0.008 0.002 0.034 0.036 0.003 0.003 0.151 0.003 
209 TMA-ZAIN-G-    (0)   :  0.003 0.034 0.229 0.080 0.082 0.004 0.010 0.110 0.019 0.003 0.262 0.159 0.004 
210 TMA-ZAIN-G-    (0)   :  0.004 0.020 0.097 0.060 0.015 0.008 0.013 0.096 0.094 0.003 0.367 0.219 0.004 
211 TMA-ZAIN-G-    (0)   :  0.011 0.039 0.300 0.053 0.014 0.023 0.010 0.056 0.025 0.019 0.101 0.325 0.024 
212 TMA-ZAIN-G-    (0)   :  0.003 0.086 0.146 0.006 0.006 0.010 0.014 0.066 0.012 0.004 0.021 0.622 0.005 
213 TMA-ZAIN-G-    (0)   :  0.003 0.018 0.233 0.028 0.008 0.006 0.005 0.316 0.007 0.004 0.027 0.341 0.005 
214 TMA-ZAIN-G-    (0)   :  0.003 0.028 0.441 0.062 0.009 0.004 0.005 0.255 0.062 0.003 0.031 0.091 0.005 
215 TMA-ZAIN-G-    (0)   :  0.003 0.164 0.143 0.073 0.002 0.005 0.003 0.048 0.005 0.009 0.005 0.249 0.289 
216 TMA-ZAIN-G-    (0)   :  0.003 0.019 0.864 0.012 0.006 0.006 0.005 0.026 0.005 0.004 0.010 0.035 0.005 
217 TMA-ZAIN-G-    (0)   :  0.003 0.025 0.177 0.099 0.008 0.003 0.007 0.079 0.172 0.003 0.085 0.334 0.004 
218 TMA-ZAIN-G-    (0)   :  0.007 0.007 0.009 0.005 0.006 0.012 0.004 0.006 0.009 0.004 0.003 0.007 0.923 
219 TMA-ZAIN-G-    (0)   :  0.005 0.005 0.006 0.004 0.007 0.007 0.013 0.005 0.003 0.006 0.003 0.003 0.931 
220 TMA-ZAIN-G-    (0)   :  0.030 0.108 0.006 0.007 0.007 0.078 0.011 0.015 0.012 0.005 0.005 0.007 0.710 
221 TMA-ZAIN-G-    (0)   :  0.004 0.008 0.018 0.007 0.005 0.009 0.011 0.008 0.006 0.012 0.006 0.013 0.894 
222 TMA-ZAIN-G-    (0)   :  0.017 0.015 0.008 0.007 0.008 0.005 0.019 0.012 0.011 0.006 0.005 0.008 0.880 
223 TMA-ZAIN-G-    (0)   :  0.006 0.006 0.005 0.005 0.005 0.017 0.014 0.004 0.004 0.008 0.003 0.005 0.918 
224 TMA-ZAIN-G-    (0)   :  0.009 0.005 0.016 0.006 0.006 0.012 0.096 0.006 0.005 0.008 0.008 0.008 0.814 
225 TMA-ZAIN-G-    (0)   :  0.008 0.004 0.005 0.003 0.004 0.010 0.005 0.003 0.002 0.006 0.009 0.005 0.935 
226 TMA-ZAIN-G-    (0)   :  0.012 0.009 0.007 0.008 0.005 0.013 0.008 0.007 0.005 0.007 0.020 0.010 0.889 
227 TMA-ZAIN-G-    (0)   :  0.009 0.009 0.007 0.007 0.004 0.007 0.005 0.008 0.004 0.012 0.019 0.012 0.897 
228 TMA-ZAIN-G-    (0)   :  0.012 0.019 0.008 0.026 0.005 0.016 0.017 0.014 0.008 0.011 0.007 0.020 0.836 
229 TMA-ZAIN-G-    (0)   :  0.014 0.004 0.003 0.003 0.006 0.008 0.008 0.003 0.008 0.018 0.002 0.004 0.920 
230 TMA-ZAIN-G-    (0)   :  0.027 0.009 0.026 0.029 0.013 0.011 0.268 0.006 0.013 0.006 0.014 0.068 0.510 
231 TMA-ZAIN-G-    (0)   :  0.102 0.029 0.009 0.022 0.013 0.016 0.050 0.037 0.009 0.371 0.010 0.019 0.312 
232 TMA-ZAIN-G-    (9)   :  0.206 0.010 0.029 0.009 0.009 0.005 0.019 0.010 0.036 0.402 0.007 0.013 0.244 
233 TMA-ZAIN-G-    (0)   :  0.006 0.009 0.013 0.027 0.010 0.018 0.021 0.013 0.047 0.014 0.008 0.018 0.797 
234 TMA-ZAIN-G-    (0)   :  0.177 0.012 0.004 0.005 0.028 0.008 0.006 0.009 0.006 0.036 0.010 0.005 0.696 
235 TMA-ZAIN-G-    (0)   :  0.124 0.015 0.033 0.061 0.009 0.033 0.033 0.016 0.005 0.016 0.022 0.008 0.627 
236 TMA-ZAIN-G-    (0)   :  0.019 0.012 0.009 0.012 0.004 0.007 0.039 0.012 0.007 0.019 0.024 0.017 0.820 
237 TMA-ZAIN-G-    (0)   :  0.130 0.019 0.015 0.129 0.005 0.018 0.093 0.020 0.011 0.008 0.008 0.161 0.381 
238 TMA-ZAIN-G-    (0)   :  0.035 0.023 0.019 0.027 0.003 0.007 0.007 0.034 0.005 0.020 0.006 0.028 0.787 
239 TMA-ZAIN-G-    (0)   :  0.004 0.021 0.035 0.003 0.030 0.003 0.026 0.003 0.018 0.738 0.105 0.004 0.008 
240 TMA-ZAIN-G-    (0)   :  0.003 0.003 0.003 0.005 0.006 0.003 0.010 0.003 0.003 0.946 0.004 0.005 0.007 
241 TMA-ZAIN-G-    (0)   :  0.004 0.005 0.004 0.012 0.005 0.002 0.005 0.007 0.005 0.929 0.004 0.013 0.005 
242 TMA-ZAIN-G-    (0)   :  0.003 0.007 0.004 0.006 0.004 0.003 0.004 0.007 0.005 0.944 0.003 0.007 0.004 
243 TMA-ZAIN-G-    (0)   :  0.003 0.007 0.005 0.014 0.005 0.003 0.005 0.008 0.008 0.918 0.004 0.015 0.005 
244 TMA-ZAIN-G-    (0)   :  0.004 0.013 0.005 0.014 0.003 0.003 0.003 0.016 0.007 0.909 0.003 0.015 0.005 
245 TMA-ZAIN-G-    (9)   :  0.003 0.003 0.003 0.003 0.003 0.002 0.003 0.003 0.002 0.961 0.003 0.004 0.005 
246 TMA-ZAIN-G-    (0)   :  0.002 0.003 0.003 0.003 0.003 0.004 0.005 0.003 0.003 0.961 0.003 0.003 0.005 
247 TMA-ZAIN-G-    (0)   :  0.002 0.005 0.004 0.003 0.004 0.005 0.004 0.004 0.005 0.953 0.002 0.004 0.004 
248 TMA-ZAIN-G-    (0)   :  0.004 0.007 0.006 0.006 0.004 0.005 0.004 0.005 0.005 0.928 0.010 0.008 0.007 
249 TMA-ZAIN-G-    (0)   :  0.003 0.004 0.005 0.003 0.003 0.004 0.005 0.003 0.003 0.948 0.007 0.004 0.007 
250 TMA-ZAIN-G-    (0)   :  0.003 0.005 0.005 0.003 0.003 0.004 0.005 0.003 0.006 0.952 0.004 0.003 0.006 
251 TMA-ZAIN-G-    (0)   :  0.005 0.005 0.005 0.003 0.944 0.005 0.009 0.004 0.004 0.003 0.006 0.004 0.004 
252 TMA-ZAIN-G-    (0)   :  0.003 0.037 0.004 0.026 0.857 0.003 0.004 0.009 0.019 0.003 0.004 0.023 0.006 
253 TMA-ZAIN-G-    (0)   :  0.005 0.009 0.004 0.004 0.944 0.003 0.005 0.008 0.005 0.004 0.004 0.004 0.003 
254 TMA-ZAIN-G-    (9)   :  0.006 0.029 0.007 0.006 0.891 0.006 0.006 0.019 0.009 0.003 0.005 0.009 0.004 
255 TMA-ZAIN-G-    (0)   :  0.009 0.007 0.004 0.004 0.928 0.003 0.004 0.006 0.006 0.017 0.004 0.005 0.003 
256 TMA-ZAIN-G-    (0)   :  0.007 0.008 0.009 0.007 0.877 0.004 0.021 0.008 0.006 0.011 0.027 0.010 0.006 
257 TMA-ZAIN-G-    (0)   :  0.003 0.003 0.004 0.004 0.935 0.003 0.014 0.003 0.003 0.005 0.014 0.004 0.005 
258 TMA-ZAIN-G-    (0)   :  0.003 0.003 0.003 0.003 0.958 0.003 0.006 0.003 0.004 0.003 0.004 0.003 0.003 
259 TMA-ZAIN-G-    (0)   :  0.004 0.004 0.004 0.003 0.933 0.004 0.021 0.003 0.005 0.005 0.006 0.004 0.004 
260 TMA-ZAIN-G-    (0)   :  0.004 0.004 0.004 0.004 0.935 0.006 0.013 0.003 0.010 0.004 0.006 0.004 0.004 
261 TMA-ZAIN-G-   (18)   :  0.005 0.007 0.007 0.005 0.900 0.014 0.023 0.005 0.010 0.004 0.009 0.005 0.005 
262 TMA-ZAIN-G-    (0)   :  0.004 0.003 0.004 0.004 0.952 0.003 0.008 0.003 0.003 0.003 0.007 0.003 0.004 
263 TMA-ZAIN-G-    (0)   :  0.006 0.004 0.003 0.003 0.950 0.004 0.008 0.004 0.004 0.004 0.004 0.003 0.004 
264 TMA-ZAIN-G-    (0)   :  0.006 0.006 0.003 0.004 0.944 0.004 0.007 0.004 0.004 0.003 0.006 0.004 0.004 
265 TMA-ZAIN-G-    (0)   :  0.010 0.016 0.022 0.009 0.128 0.022 0.420 0.022 0.025 0.010 0.010 0.054 0.253 
266 TMA-ZAIN-G-    (0)   :  0.010 0.046 0.092 0.010 0.610 0.070 0.020 0.028 0.021 0.009 0.043 0.031 0.011 
267 TMA-ZAIN-G-    (0)   :  0.031 0.024 0.010 0.014 0.154 0.125 0.236 0.006 0.016 0.328 0.007 0.028 0.022 
268 TMA-ZAIN-G-    (0)   :  0.049 0.005 0.003 0.004 0.004 0.009 0.009 0.004 0.004 0.896 0.003 0.005 0.006 
269 TMA-ZAIN-G-    (0)   :  0.222 0.006 0.006 0.008 0.005 0.022 0.087 0.006 0.005 0.603 0.005 0.007 0.021 
270 TMA-ZAIN-G-    (0)   :  0.078 0.007 0.004 0.006 0.005 0.016 0.152 0.004 0.004 0.695 0.004 0.006 0.019 
271 TMA-ZAIN-G-    (0)   :  0.030 0.006 0.004 0.004 0.005 0.011 0.023 0.005 0.004 0.893 0.003 0.007 0.006 
272 TMA-ZAIN-G-    (0)   :  0.030 0.005 0.005 0.006 0.004 0.025 0.033 0.004 0.003 0.821 0.004 0.005 0.056 
273 TMA-ZAIN-G-    (0)   :  0.016 0.003 0.003 0.003 0.003 0.007 0.010 0.002 0.002 0.911 0.003 0.003 0.033 
274 TMA-ZAIN-G-    (0)   :  0.025 0.005 0.024 0.016 0.009 0.021 0.009 0.010 0.010 0.794 0.050 0.009 0.019 
275 TMA-ZAIN-G-    (0)   :  0.007 0.003 0.004 0.003 0.002 0.006 0.003 0.004 0.002 0.950 0.003 0.004 0.008 
276 TMA-ZAIN-G-    (0)   :  0.009 0.004 0.003 0.005 0.003 0.004 0.005 0.004 0.003 0.950 0.002 0.004 0.005 
277 TMA-ZAIN-G-    (0)   :  0.010 0.006 0.003 0.006 0.006 0.005 0.004 0.004 0.005 0.937 0.005 0.005 0.006 
278 TMA-ZAIN-G-    (0)   :  0.006 0.003 0.003 0.003 0.004 0.005 0.009 0.002 0.003 0.948 0.003 0.003 0.006 
279 TMA-ZAIN-G-    (0)   :  0.009 0.005 0.006 0.004 0.004 0.013 0.004 0.004 0.003 0.921 0.005 0.006 0.016 
280 TMA-ZAIN-G-    (0)   :  0.092 0.005 0.009 0.004 0.003 0.016 0.006 0.007 0.003 0.719 0.008 0.006 0.121 
281 TMA-ZAIN-G-    (0)   :  0.042 0.005 0.005 0.004 0.004 0.009 0.009 0.004 0.003 0.884 0.006 0.005 0.020 
282 TMA-ZAIN-G-    (9)   :  0.014 0.004 0.003 0.003 0.005 0.007 0.006 0.003 0.003 0.940 0.003 0.004 0.007 
283 TMA-ZAIN-G-    (0)   :  0.068 0.019 0.009 0.011 0.101 0.077 0.031 0.014 0.005 0.604 0.004 0.006 0.049 
284 TMA-ZAIN-G-    (0)   :  0.148 0.015 0.012 0.007 0.108 0.074 0.052 0.018 0.004 0.447 0.006 0.008 0.100 
285 TMA-ZAIN-G-    (0)   :  0.024 0.007 0.022 0.039 0.029 0.024 0.006 0.017 0.018 0.782 0.011 0.005 0.016 
286 TMA-ZAIN-G-    (0)   :  0.034 0.005 0.003 0.003 0.008 0.014 0.012 0.003 0.002 0.901 0.003 0.004 0.009 
287 TMA-ZAIN-G-    (0)   :  0.025 0.004 0.012 0.016 0.006 0.015 0.007 0.006 0.009 0.875 0.014 0.005 0.007 
288 TMA-ZAIN-G-    (0)   :  0.081 0.008 0.037 0.020 0.015 0.183 0.009 0.014 0.009 0.505 0.050 0.014 0.055 
289 TMA-ZAIN-G-    (0)   :  0.021 0.006 0.017 0.025 0.011 0.031 0.010 0.008 0.013 0.808 0.028 0.010 0.012 
290 TMA-ZAIN-G-    (0)   :  0.397 0.010 0.012 0.004 0.008 0.073 0.008 0.008 0.003 0.419 0.010 0.010 0.039 
291 TMA-ZAIN-G-    (0)   :  0.012 0.005 0.005 0.004 0.009 0.038 0.009 0.005 0.004 0.010 0.005 0.004 0.890 
292 TMA-ZAIN-G-    (0)   :  0.012 0.035 0.036 0.081 0.004 0.010 0.009 0.092 0.006 0.015 0.019 0.650 0.031 
293 TMA-ZAIN-G-    (0)   :  0.005 0.340 0.098 0.020 0.022 0.016 0.063 0.035 0.027 0.012 0.020 0.326 0.018 
294 TMA-ZAIN-G-    (0)   :  0.003 0.022 0.005 0.014 0.004 0.004 0.008 0.008 0.007 0.003 0.004 0.914 0.003 
295 TMA-ZAIN-G-    (9)   :  0.003 0.086 0.008 0.036 0.005 0.012 0.009 0.010 0.012 0.006 0.004 0.802 0.006 
296 TMA-ZAIN-G-    (0)   :  0.009 0.176 0.024 0.010 0.007 0.010 0.027 0.014 0.005 0.005 0.036 0.669 0.009 
297 TMA-ZAIN-G-    (0)   :  0.006 0.307 0.058 0.041 0.023 0.014 0.020 0.290 0.025 0.007 0.125 0.076 0.009 
298 TMA-ZAIN-G-    (0)   :  0.008 0.063 0.007 0.403 0.014 0.008 0.167 0.020 0.011 0.013 0.004 0.272 0.010 
299 TMA-ZAIN-G-    (0)   :  0.004 0.009 0.010 0.884 0.003 0.004 0.003 0.035 0.005 0.004 0.007 0.025 0.007 
300 TMA-ZAIN-G-    (0)   :  0.003 0.058 0.035 0.347 0.007 0.017 0.010 0.012 0.061 0.007 0.008 0.428 0.007 
301 TMA-ZAIN-G-    (0)   :  0.005 0.058 0.044 0.696 0.004 0.008 0.015 0.016 0.029 0.006 0.031 0.078 0.008 
302 TMA-ZAIN-G-    (9)   :  0.004 0.016 0.011 0.033 0.004 0.005 0.009 0.058 0.006 0.003 0.011 0.837 0.004 
303 TMA-ZAIN-G-    (0)   :  0.010 0.006 0.020 0.003 0.021 0.013 0.008 0.004 0.002 0.005 0.054 0.004 0.848 
304 TMA-ZAIN-G-    (0)   :  0.013 0.207 0.060 0.010 0.488 0.015 0.012 0.030 0.095 0.008 0.029 0.028 0.006 
305 TMA-ZAIN-G-    (0)   :  0.003 0.040 0.015 0.006 0.005 0.006 0.010 0.019 0.010 0.004 0.009 0.868 0.004 
306 TMA-ZAIN-G-    (0)   :  0.077 0.095 0.028 0.011 0.393 0.010 0.007 0.021 0.012 0.021 0.017 0.299 0.008 
307 TMA-ZAIN-G-    (0)   :  0.009 0.196 0.072 0.007 0.351 0.012 0.014 0.031 0.229 0.011 0.013 0.050 0.005 
308 TMA-ZAIN-G-    (0)   :  0.029 0.005 0.007 0.004 0.703 0.080 0.014 0.004 0.012 0.016 0.016 0.006 0.103 
309 TMA-ZAIN-G-    (0)   :  0.004 0.012 0.865 0.023 0.003 0.005 0.005 0.020 0.008 0.003 0.025 0.023 0.005 
310 TMA-ZAIN-G-    (0)   :  0.006 0.077 0.029 0.297 0.010 0.016 0.056 0.173 0.012 0.026 0.004 0.280 0.014 
311 TMA-ZAIN-G-    (0)   :  0.030 0.407 0.042 0.046 0.025 0.020 0.095 0.186 0.006 0.007 0.018 0.100 0.017 
312 TMA-ZAIN-G-    (0)   :  0.005 0.126 0.647 0.035 0.010 0.044 0.006 0.020 0.010 0.005 0.022 0.057 0.013 
313 TMA-ZAIN-G-    (0)   :  0.010 0.083 0.046 0.131 0.490 0.009 0.019 0.040 0.025 0.005 0.020 0.119 0.005 
314 TMA-ZAIN-G-    (0)   :  0.238 0.013 0.020 0.008 0.013 0.361 0.016 0.007 0.006 0.260 0.010 0.013 0.034 
315 TMA-ZAIN-G-    (0)   :  0.006 0.076 0.024 0.110 0.014 0.039 0.029 0.032 0.027 0.368 0.007 0.252 0.016 
316 TMA-ZAIN-G-    (0)   :  0.011 0.068 0.026 0.133 0.015 0.062 0.022 0.041 0.032 0.375 0.006 0.172 0.036 
317 TMA-ZAIN-G-    (0)   :  0.077 0.018 0.005 0.041 0.019 0.129 0.011 0.006 0.005 0.030 0.010 0.006 0.643 
318 TMA-ZAIN-G-    (9)   :  0.337 0.006 0.005 0.014 0.031 0.048 0.031 0.005 0.009 0.413 0.010 0.015 0.076 
319 TMA-ZAIN-G-    (0)   :  0.018 0.004 0.009 0.004 0.006 0.027 0.024 0.004 0.004 0.099 0.423 0.008 0.369 
320 TMA-ZAIN-G-    (0)   :  0.005 0.049 0.017 0.205 0.004 0.007 0.011 0.051 0.017 0.006 0.009 0.186 0.433 
321 TMA-ZAIN-G-    (0)   :  0.027 0.068 0.246 0.020 0.007 0.363 0.015 0.062 0.015 0.036 0.007 0.119 0.015 
322 TMA-ZAIN-G-    (0)   :  0.058 0.077 0.083 0.020 0.056 0.195 0.027 0.158 0.027 0.007 0.006 0.105 0.181 
323 TMA-ZAIN-G-    (0)   :  0.008 0.008 0.031 0.006 0.010 0.009 0.007 0.011 0.027 0.011 0.064 0.012 0.796 
324 TMA-ZAIN-G-    (0)   :  0.005 0.801 0.019 0.006 0.011 0.013 0.013 0.071 0.008 0.004 0.028 0.016 0.005 
325 TMA-ZAIN-G-    (0)   :  0.004 0.010 0.015 0.008 0.006 0.018 0.013 0.011 0.006 0.024 0.005 0.013 0.867 
326 TMA-ZAIN-G-    (0)   :  0.002 0.006 0.028 0.004 0.021 0.010 0.005 0.012 0.007 0.003 0.325 0.007 0.569 
327 TMA-ZAIN-G-    (0)   :  0.003 0.009 0.069 0.007 0.009 0.008 0.008 0.006 0.034 0.003 0.829 0.010 0.004 
328 TMA-ZAIN-G-    (0)   :  0.204 0.043 0.092 0.012 0.017 0.062 0.017 0.018 0.185 0.078 0.063 0.009 0.201 
329 TMA-ZAIN-G-    (0)   :  0.005 0.045 0.150 0.375 0.015 0.018 0.073 0.040 0.124 0.006 0.054 0.086 0.009 
330 TMA-ZAIN-G-    (0)   :  0.004 0.048 0.630 0.040 0.031 0.017 0.015 0.022 0.071 0.003 0.019 0.095 0.005 
331 TMA-ZAIN-G-    (0)   :  0.008 0.020 0.364 0.069 0.016 0.009 0.272 0.019 0.005 0.017 0.011 0.166 0.022 
332 TMA-ZAIN-G-    (0)   :  0.002 0.018 0.614 0.009 0.005 0.006 0.003 0.048 0.009 0.002 0.270 0.010 0.003 
333 TMA-ZAIN-G-    (0)   :  0.003 0.011 0.015 0.004 0.005 0.003 0.003 0.003 0.004 0.002 0.940 0.003 0.005 
334 TMA-ZAIN-G-    (0)   :  0.012 0.005 0.004 0.004 0.006 0.010 0.015 0.003 0.003 0.920 0.003 0.004 0.011 
335 TMA-ZAIN-G-    (0)   :  0.004 0.005 0.004 0.005 0.003 0.007 0.010 0.004 0.006 0.939 0.003 0.005 0.005 
336 TMA-ZAIN-G-    (0)   :  0.011 0.011 0.007 0.010 0.007 0.026 0.075 0.006 0.006 0.815 0.005 0.009 0.012 
