

----------------------------------------------------
STRUCTURE by Pritchard, Stephens and Donnelly (2000)
     and Falush, Stephens and Pritchard (2003)
       Code by Pritchard, Falush and Hubisz
             Version 2.3.4 (Jul 2012)
----------------------------------------------------



Command line arguments:   bin\structure -m C:\Users\eschumacher\Documents\GitHub\GCC_QUAC_ZAIN\Data_Files\Structure_Files\ZAIN\ZAIN_rebinned_garden_wild_nopopinfo\50-50\mainparams -e C:\Users\eschumacher\Documents\GitHub\GCC_QUAC_ZAIN\Data_Files\Structure_Files\ZAIN\ZAIN_rebinned_garden_wild_nopopinfo\50-50\extraparams 
Input File:    C:\Users\eschumacher\Documents\GitHub\GCC_QUAC_ZAIN\Data_Files\Structure_Files\ZAIN\ZAIN_rebinned_garden_wild_nopopinfo\project_data

Run parameters:
   1133 individuals
   11 loci
   13 populations assumed
   50000 Burn-in period
   50000 Reps


--------------------------------------------
Overall proportion of membership of the
sample in each of the 13 clusters

Inferred Clusters
  1      2      3      4      5      6      7      8      9     10     11     12     13    
0.067  0.126  0.037  0.071  0.078  0.047  0.063  0.053  0.136  0.066  0.055  0.058  0.144  

--------------------------------------------

Allele-freq. divergence among pops (Net nucleotide distance),
computed using point estimates of P.

      1       2       3       4       5       6       7       8       9      10      11      12      13      
 1      -    0.3678  0.2685  0.0869  0.2875  0.1034  0.2955  0.1654  0.2153  0.0624  0.1007  0.0423  0.2704  
 2   0.3678     -    0.2324  0.2900  0.2755  0.3441  0.3660  0.3751  0.1296  0.2963  0.3010  0.3139  0.1549  
 3   0.2685  0.2324     -    0.2015  0.2027  0.1802  0.2417  0.2801  0.1421  0.1814  0.2103  0.1990  0.2228  
 4   0.0869  0.2900  0.2015     -    0.2211  0.0579  0.1417  0.1430  0.1329  0.0719  0.1144  0.0912  0.2669  
 5   0.2875  0.2755  0.2027  0.2211     -    0.1836  0.2051  0.2262  0.1552  0.2618  0.2429  0.2127  0.1819  
 6   0.1034  0.3441  0.1802  0.0579  0.1836     -    0.1713  0.1553  0.1500  0.0994  0.1476  0.0869  0.2461  
 7   0.2955  0.3660  0.2417  0.1417  0.2051  0.1713     -    0.2873  0.1926  0.2330  0.2495  0.2610  0.2880  
 8   0.1654  0.3751  0.2801  0.1430  0.2262  0.1553  0.2873     -    0.2312  0.1466  0.1216  0.1074  0.3569  
 9   0.2153  0.1296  0.1421  0.1329  0.1552  0.1500  0.1926  0.2312     -    0.1741  0.1842  0.1615  0.0992  
10   0.0624  0.2963  0.1814  0.0719  0.2618  0.0994  0.2330  0.1466  0.1741     -    0.0608  0.0521  0.2598  
11   0.1007  0.3010  0.2103  0.1144  0.2429  0.1476  0.2495  0.1216  0.1842  0.0608     -    0.0806  0.2681  
12   0.0423  0.3139  0.1990  0.0912  0.2127  0.0869  0.2610  0.1074  0.1615  0.0521  0.0806     -    0.2270  
13   0.2704  0.1549  0.2228  0.2669  0.1819  0.2461  0.2880  0.3569  0.0992  0.2598  0.2681  0.2270     -    

Average distances (expected heterozygosity) between individuals in same cluster:
cluster  1  : 0.3315 
cluster  2  : 0.4098 
cluster  3  : 0.2610 
cluster  4  : 0.4368 
cluster  5  : 0.3744 
cluster  6  : 0.3609 
cluster  7  : 0.2384 
cluster  8  : 0.3540 
cluster  9  : 0.5475 
cluster 10  : 0.3450 
cluster 11  : 0.3924 
cluster 12  : 0.3934 
cluster 13  : 0.4690 

--------------------------------------------
Estimated Ln Prob of Data   = -21042.0
Mean value of ln likelihood = -20204.1
Variance of ln likelihood   = 1675.8
Mean value of alpha         = 0.0354

Mean value of Fst_1         = 0.3938
Mean value of Fst_2         = 0.4469
Mean value of Fst_3         = 0.5955
Mean value of Fst_4         = 0.2944
Mean value of Fst_5         = 0.4461
Mean value of Fst_6         = 0.4902
Mean value of Fst_7         = 0.5842
Mean value of Fst_8         = 0.4119
Mean value of Fst_9         = 0.1656
Mean value of Fst_10         = 0.3301
Mean value of Fst_11         = 0.3645
Mean value of Fst_12         = 0.3286
Mean value of Fst_13         = 0.3867


Inferred ancestry of individuals:
        Label (%Miss) :  Inferred clusters
  1 TMA-ZAIN-G-    (9)   :  0.007 0.007 0.007 0.042 0.009 0.012 0.070 0.007 0.049 0.007 0.006 0.090 0.688 
  2 TMA-ZAIN-G-    (0)   :  0.011 0.010 0.020 0.012 0.024 0.005 0.009 0.004 0.017 0.011 0.180 0.057 0.640 
  3 TMA-ZAIN-G-    (0)   :  0.042 0.003 0.007 0.031 0.008 0.062 0.018 0.044 0.005 0.022 0.012 0.740 0.005 
  4 TMA-ZAIN-G-    (0)   :  0.091 0.005 0.591 0.008 0.018 0.012 0.018 0.045 0.005 0.029 0.014 0.155 0.009 
  5 TMA-ZAIN-G-    (0)   :  0.004 0.005 0.005 0.002 0.006 0.003 0.002 0.003 0.004 0.003 0.002 0.004 0.957 
  6 TMA-ZAIN-G-    (0)   :  0.010 0.037 0.032 0.019 0.015 0.074 0.015 0.062 0.055 0.019 0.019 0.615 0.028 
  7 TMA-ZAIN-G-    (0)   :  0.026 0.005 0.082 0.028 0.010 0.192 0.035 0.007 0.010 0.475 0.018 0.100 0.010 
  8 TMA-ZAIN-G-    (0)   :  0.012 0.003 0.004 0.007 0.010 0.911 0.004 0.009 0.004 0.008 0.009 0.015 0.004 
  9 TMA-ZAIN-G-    (9)   :  0.064 0.005 0.007 0.142 0.005 0.022 0.008 0.022 0.009 0.297 0.076 0.336 0.007 
 10 TMA-ZAIN-G-    (0)   :  0.036 0.005 0.011 0.215 0.011 0.067 0.014 0.034 0.008 0.433 0.044 0.120 0.003 
 11 TMA-ZAIN-G-    (0)   :  0.007 0.004 0.011 0.085 0.005 0.010 0.008 0.004 0.006 0.821 0.010 0.023 0.005 
 12 TMA-ZAIN-G-    (0)   :  0.501 0.003 0.005 0.037 0.005 0.016 0.024 0.006 0.007 0.023 0.008 0.359 0.006 
 13 TMA-ZAIN-G-    (9)   :  0.057 0.074 0.015 0.142 0.020 0.038 0.115 0.015 0.027 0.249 0.194 0.015 0.040 
 14 TMA-ZAIN-G-    (9)   :  0.011 0.012 0.005 0.085 0.008 0.009 0.800 0.007 0.009 0.023 0.018 0.009 0.003 
 15 TMA-ZAIN-G-    (0)   :  0.006 0.002 0.003 0.108 0.007 0.010 0.733 0.010 0.006 0.006 0.005 0.102 0.003 
 16 TMA-ZAIN-G-    (0)   :  0.636 0.005 0.005 0.026 0.004 0.007 0.006 0.006 0.006 0.185 0.012 0.100 0.003 
 17 TMA-ZAIN-G-    (9)   :  0.009 0.009 0.102 0.682 0.018 0.099 0.019 0.006 0.016 0.008 0.005 0.017 0.009 
 18 TMA-ZAIN-G-    (0)   :  0.015 0.006 0.012 0.011 0.045 0.016 0.014 0.007 0.094 0.005 0.004 0.010 0.762 
 19 TMA-ZAIN-G-    (0)   :  0.020 0.018 0.035 0.019 0.004 0.049 0.012 0.005 0.780 0.019 0.008 0.016 0.014 
 20 TMA-ZAIN-G-    (0)   :  0.003 0.085 0.008 0.003 0.028 0.003 0.004 0.004 0.815 0.004 0.004 0.003 0.036 
 21 TMA-ZAIN-G-    (0)   :  0.004 0.949 0.005 0.005 0.005 0.004 0.002 0.005 0.005 0.005 0.003 0.005 0.003 
 22 TMA-ZAIN-G-    (0)   :  0.003 0.894 0.009 0.003 0.008 0.003 0.003 0.002 0.012 0.003 0.003 0.003 0.054 
 23 TMA-ZAIN-G-    (0)   :  0.007 0.864 0.010 0.008 0.004 0.010 0.007 0.003 0.046 0.009 0.005 0.006 0.019 
 24 TMA-ZAIN-G-    (9)   :  0.011 0.646 0.003 0.020 0.007 0.003 0.021 0.099 0.004 0.009 0.166 0.005 0.007 
 25 TMA-ZAIN-G-    (9)   :  0.006 0.019 0.004 0.013 0.005 0.003 0.005 0.005 0.598 0.004 0.077 0.174 0.087 
 26 TMA-ZAIN-G-    (9)   :  0.010 0.021 0.009 0.079 0.501 0.014 0.010 0.008 0.007 0.017 0.101 0.216 0.006 
 27 TMA-ZAIN-G-    (0)   :  0.005 0.015 0.024 0.024 0.018 0.012 0.059 0.012 0.705 0.016 0.004 0.011 0.097 
 28 TMA-ZAIN-G-    (0)   :  0.007 0.004 0.006 0.007 0.007 0.016 0.012 0.008 0.895 0.008 0.005 0.015 0.011 
 29 TMA-ZAIN-G-    (0)   :  0.004 0.004 0.004 0.005 0.017 0.004 0.006 0.699 0.240 0.004 0.006 0.004 0.003 
 30 TMA-ZAIN-G-    (0)   :  0.041 0.004 0.008 0.317 0.007 0.016 0.056 0.042 0.326 0.046 0.095 0.036 0.004 
 31 TMA-ZAIN-G-    (0)   :  0.004 0.012 0.020 0.004 0.062 0.007 0.006 0.006 0.011 0.007 0.009 0.004 0.846 
 32 TMA-ZAIN-G-    (9)   :  0.023 0.074 0.006 0.030 0.006 0.007 0.014 0.003 0.026 0.008 0.006 0.395 0.401 
 33 TMA-ZAIN-G-   (18)   :  0.035 0.003 0.004 0.049 0.004 0.019 0.006 0.010 0.004 0.014 0.007 0.841 0.004 
 34 TMA-ZAIN-G-    (0)   :  0.026 0.024 0.005 0.006 0.006 0.007 0.005 0.004 0.009 0.011 0.010 0.828 0.059 
 35 TMA-ZAIN-G-    (9)   :  0.006 0.003 0.006 0.007 0.005 0.007 0.007 0.007 0.005 0.006 0.009 0.928 0.005 
 36 TMA-ZAIN-G-    (0)   :  0.014 0.003 0.008 0.172 0.016 0.049 0.160 0.011 0.005 0.025 0.304 0.228 0.004 
 37 TMA-ZAIN-G-    (9)   :  0.009 0.004 0.010 0.007 0.005 0.011 0.004 0.006 0.005 0.008 0.009 0.919 0.004 
 38 TMA-ZAIN-G-   (18)   :  0.010 0.028 0.012 0.031 0.008 0.005 0.039 0.006 0.030 0.009 0.012 0.333 0.478 
 39 TMA-ZAIN-G-    (0)   :  0.102 0.004 0.008 0.069 0.008 0.018 0.004 0.014 0.005 0.042 0.674 0.051 0.003 
 40 TMA-ZAIN-G-    (0)   :  0.114 0.005 0.014 0.620 0.005 0.013 0.004 0.007 0.004 0.024 0.105 0.081 0.003 
 41 TMA-ZAIN-G-    (0)   :  0.020 0.003 0.003 0.643 0.005 0.032 0.032 0.007 0.004 0.006 0.205 0.038 0.003 
 42 TMA-ZAIN-G-    (9)   :  0.010 0.002 0.005 0.759 0.014 0.051 0.120 0.008 0.004 0.005 0.012 0.007 0.003 
 43 TMA-ZAIN-G-    (0)   :  0.004 0.003 0.004 0.009 0.005 0.016 0.928 0.012 0.004 0.005 0.005 0.004 0.003 
 44 TMA-ZAIN-G-    (0)   :  0.012 0.770 0.009 0.008 0.004 0.008 0.005 0.008 0.006 0.096 0.052 0.017 0.005 
 45 TMA-ZAIN-G-    (0)   :  0.140 0.007 0.014 0.213 0.010 0.022 0.016 0.007 0.009 0.448 0.013 0.096 0.006 
 46 TMA-ZAIN-G-    (0)   :  0.003 0.949 0.010 0.003 0.005 0.003 0.004 0.003 0.004 0.005 0.005 0.003 0.003 
 47 TMA-ZAIN-G-    (0)   :  0.005 0.004 0.013 0.004 0.942 0.005 0.004 0.004 0.004 0.003 0.004 0.005 0.004 
 48 TMA-ZAIN-G-    (0)   :  0.019 0.029 0.162 0.182 0.200 0.128 0.039 0.015 0.021 0.150 0.016 0.033 0.006 
 49 TMA-ZAIN-G-    (9)   :  0.028 0.006 0.019 0.007 0.007 0.007 0.005 0.047 0.807 0.010 0.006 0.029 0.022 
 50 TMA-ZAIN-G-    (0)   :  0.010 0.006 0.005 0.050 0.003 0.010 0.008 0.003 0.863 0.006 0.024 0.005 0.007 
 51 TMA-ZAIN-G-    (0)   :  0.004 0.009 0.018 0.026 0.020 0.011 0.090 0.006 0.775 0.015 0.010 0.008 0.008 
 52 TMA-ZAIN-G-    (0)   :  0.020 0.011 0.194 0.010 0.049 0.012 0.027 0.003 0.642 0.009 0.008 0.008 0.006 
 53 TMA-ZAIN-G-    (0)   :  0.004 0.010 0.104 0.016 0.094 0.013 0.057 0.006 0.352 0.031 0.021 0.008 0.284 
 54 TMA-ZAIN-G-    (0)   :  0.007 0.005 0.005 0.010 0.919 0.010 0.011 0.003 0.009 0.006 0.004 0.006 0.005 
 55 TMA-ZAIN-G-    (0)   :  0.012 0.007 0.004 0.040 0.849 0.016 0.022 0.003 0.027 0.007 0.004 0.006 0.004 
 56 TMA-ZAIN-G-    (0)   :  0.019 0.007 0.430 0.218 0.054 0.076 0.024 0.022 0.046 0.044 0.024 0.030 0.006 
 57 TMA-ZAIN-G-    (0)   :  0.035 0.004 0.011 0.006 0.863 0.007 0.006 0.008 0.020 0.010 0.010 0.013 0.008 
 58 TMA-ZAIN-G-    (0)   :  0.012 0.116 0.012 0.013 0.034 0.037 0.008 0.005 0.709 0.007 0.003 0.010 0.034 
 59 TMA-ZAIN-G-    (0)   :  0.018 0.023 0.040 0.026 0.017 0.055 0.008 0.020 0.024 0.132 0.022 0.042 0.574 
 60 TMA-ZAIN-G-    (0)   :  0.006 0.008 0.044 0.017 0.019 0.018 0.135 0.007 0.227 0.027 0.006 0.008 0.477 
 61 TMA-ZAIN-G-    (0)   :  0.003 0.021 0.032 0.003 0.011 0.004 0.004 0.003 0.009 0.004 0.003 0.005 0.897 
 62 TMA-ZAIN-G-    (9)   :  0.045 0.017 0.003 0.043 0.013 0.009 0.006 0.008 0.040 0.030 0.026 0.063 0.697 
 63 TMA-ZAIN-G-    (0)   :  0.007 0.007 0.014 0.005 0.012 0.006 0.007 0.003 0.012 0.005 0.003 0.007 0.913 
 64 TMA-ZAIN-G-    (0)   :  0.005 0.002 0.004 0.006 0.003 0.004 0.005 0.942 0.003 0.008 0.010 0.005 0.002 
 65 TMA-ZAIN-G-    (9)   :  0.017 0.003 0.006 0.007 0.008 0.011 0.006 0.843 0.003 0.007 0.006 0.080 0.003 
 66 TMA-ZAIN-G-    (0)   :  0.013 0.003 0.005 0.009 0.004 0.008 0.006 0.879 0.003 0.033 0.016 0.019 0.003 
 67 TMA-ZAIN-G-    (0)   :  0.025 0.012 0.004 0.016 0.006 0.007 0.003 0.720 0.011 0.039 0.109 0.044 0.004 
 68 TMA-ZAIN-G-    (0)   :  0.005 0.002 0.004 0.005 0.005 0.009 0.007 0.943 0.003 0.005 0.004 0.005 0.002 
 69 TMA-ZAIN-G-    (0)   :  0.032 0.025 0.022 0.006 0.010 0.006 0.017 0.714 0.015 0.038 0.034 0.061 0.020 
 70 TMA-ZAIN-G-    (0)   :  0.011 0.004 0.004 0.009 0.003 0.004 0.005 0.011 0.004 0.067 0.865 0.009 0.003 
 71 TMA-ZAIN-G-    (0)   :  0.010 0.003 0.004 0.007 0.003 0.004 0.003 0.004 0.003 0.015 0.930 0.009 0.003 
 72 TMA-ZAIN-G-    (0)   :  0.007 0.003 0.005 0.009 0.006 0.005 0.005 0.015 0.005 0.009 0.913 0.013 0.003 
 73 TMA-ZAIN-G-    (0)   :  0.007 0.029 0.004 0.006 0.016 0.006 0.003 0.005 0.021 0.005 0.855 0.019 0.023 
 74 TMA-ZAIN-G-    (0)   :  0.010 0.005 0.003 0.006 0.005 0.006 0.003 0.005 0.006 0.007 0.927 0.012 0.004 
 75 TMA-ZAIN-G-    (0)   :  0.008 0.003 0.005 0.005 0.007 0.006 0.005 0.005 0.005 0.007 0.927 0.012 0.004 
 76 TMA-ZAIN-G-    (0)   :  0.008 0.011 0.003 0.004 0.003 0.004 0.004 0.005 0.006 0.015 0.922 0.009 0.004 
 77 TMA-ZAIN-G-    (0)   :  0.005 0.005 0.007 0.008 0.004 0.005 0.005 0.006 0.005 0.008 0.933 0.007 0.003 
 78 TMA-ZAIN-G-    (0)   :  0.007 0.010 0.008 0.006 0.006 0.006 0.005 0.005 0.009 0.012 0.912 0.010 0.005 
 79 TMA-ZAIN-G-    (0)   :  0.006 0.007 0.024 0.007 0.004 0.005 0.006 0.004 0.006 0.013 0.909 0.006 0.003 
 80 TMA-ZAIN-G-    (0)   :  0.117 0.004 0.006 0.018 0.010 0.011 0.004 0.023 0.005 0.020 0.744 0.036 0.003 
 81 TMA-ZAIN-G-    (0)   :  0.015 0.006 0.026 0.012 0.005 0.012 0.008 0.005 0.007 0.039 0.842 0.020 0.004 
 82 TMA-ZAIN-G-    (0)   :  0.046 0.003 0.009 0.008 0.016 0.014 0.007 0.179 0.006 0.171 0.114 0.424 0.005 
 83 TMA-ZAIN-G-    (9)   :  0.068 0.025 0.004 0.007 0.014 0.014 0.004 0.018 0.016 0.012 0.010 0.776 0.032 
 84 TMA-ZAIN-G-    (0)   :  0.016 0.012 0.010 0.012 0.004 0.007 0.006 0.005 0.007 0.033 0.870 0.016 0.003 
 85 TMA-ZAIN-G-    (0)   :  0.003 0.004 0.956 0.003 0.004 0.004 0.004 0.003 0.004 0.004 0.003 0.004 0.004 
 86 TMA-ZAIN-G-    (0)   :  0.009 0.005 0.921 0.009 0.005 0.008 0.003 0.005 0.005 0.010 0.005 0.010 0.004 
 87 TMA-ZAIN-G-    (0)   :  0.003 0.005 0.957 0.003 0.004 0.004 0.003 0.003 0.004 0.004 0.003 0.004 0.005 
 88 TMA-ZAIN-G-    (0)   :  0.089 0.010 0.437 0.011 0.057 0.011 0.017 0.032 0.010 0.032 0.035 0.104 0.154 
 89 TMA-ZAIN-G-    (0)   :  0.032 0.031 0.303 0.014 0.395 0.011 0.038 0.026 0.006 0.041 0.047 0.030 0.024 
 90 TMA-ZAIN-G-    (0)   :  0.022 0.004 0.840 0.005 0.037 0.006 0.004 0.014 0.008 0.007 0.004 0.033 0.016 
 91 TMA-ZAIN-G-    (0)   :  0.008 0.006 0.814 0.007 0.041 0.012 0.013 0.012 0.012 0.014 0.008 0.011 0.042 
 92 TMA-ZAIN-G-    (0)   :  0.005 0.039 0.544 0.010 0.295 0.007 0.013 0.007 0.037 0.014 0.011 0.010 0.009 
 93 TMA-ZAIN-G-    (0)   :  0.004 0.016 0.287 0.007 0.512 0.006 0.023 0.009 0.066 0.009 0.007 0.007 0.048 
 94 TMA-ZAIN-G-    (0)   :  0.003 0.009 0.798 0.003 0.055 0.005 0.006 0.005 0.011 0.006 0.005 0.005 0.089 
 95 TMA-ZAIN-G-    (0)   :  0.010 0.006 0.005 0.032 0.005 0.005 0.024 0.016 0.854 0.009 0.021 0.005 0.008 
 96 TMA-ZAIN-G-    (0)   :  0.011 0.005 0.010 0.154 0.005 0.009 0.017 0.005 0.764 0.006 0.003 0.007 0.005 
 97 TMA-ZAIN-G-    (0)   :  0.004 0.007 0.009 0.004 0.013 0.006 0.008 0.007 0.013 0.010 0.017 0.004 0.898 
 98 TMA-ZAIN-G-    (0)   :  0.004 0.004 0.008 0.004 0.011 0.007 0.006 0.005 0.004 0.009 0.015 0.004 0.919 
 99 TMA-ZAIN-G-    (0)   :  0.017 0.011 0.004 0.032 0.003 0.010 0.006 0.014 0.006 0.111 0.007 0.098 0.681 
100 TMA-ZAIN-G-    (0)   :  0.003 0.017 0.036 0.004 0.026 0.005 0.008 0.005 0.013 0.006 0.006 0.004 0.866 
101 TMA-ZAIN-G-    (0)   :  0.006 0.006 0.004 0.005 0.014 0.006 0.006 0.006 0.009 0.031 0.009 0.006 0.892 
102 TMA-ZAIN-G-    (0)   :  0.062 0.226 0.036 0.057 0.009 0.009 0.034 0.011 0.055 0.020 0.015 0.013 0.451 
103 TMA-ZAIN-G-    (0)   :  0.021 0.017 0.028 0.011 0.006 0.013 0.007 0.007 0.032 0.014 0.009 0.019 0.817 
104 TMA-ZAIN-G-    (0)   :  0.004 0.006 0.003 0.003 0.005 0.005 0.004 0.003 0.006 0.004 0.003 0.004 0.950 
105 TMA-ZAIN-G-    (0)   :  0.027 0.009 0.044 0.014 0.006 0.017 0.008 0.006 0.021 0.017 0.008 0.022 0.802 
106 TMA-ZAIN-G-    (0)   :  0.072 0.003 0.007 0.498 0.007 0.046 0.086 0.050 0.005 0.106 0.093 0.022 0.004 
107 TMA-ZAIN-G-    (0)   :  0.459 0.003 0.007 0.021 0.009 0.030 0.015 0.015 0.006 0.210 0.148 0.073 0.005 
108 TMA-ZAIN-G-    (9)   :  0.010 0.053 0.059 0.048 0.017 0.010 0.031 0.007 0.038 0.033 0.018 0.525 0.152 
109 TMA-ZAIN-G-    (0)   :  0.154 0.005 0.012 0.081 0.053 0.060 0.027 0.144 0.047 0.017 0.008 0.112 0.282 
110 TMA-ZAIN-G-    (0)   :  0.096 0.155 0.023 0.070 0.017 0.074 0.019 0.008 0.096 0.253 0.020 0.108 0.062 
111 TMA-ZAIN-G-    (9)   :  0.118 0.104 0.007 0.014 0.019 0.009 0.004 0.010 0.069 0.019 0.052 0.119 0.454 
112 TMA-ZAIN-G-    (0)   :  0.079 0.056 0.016 0.177 0.022 0.056 0.036 0.020 0.114 0.078 0.017 0.063 0.268 
113 TMA-ZAIN-G-    (0)   :  0.017 0.008 0.006 0.005 0.019 0.008 0.006 0.010 0.004 0.017 0.023 0.010 0.866 
114 TMA-ZAIN-G-    (0)   :  0.004 0.011 0.007 0.003 0.004 0.003 0.003 0.003 0.005 0.003 0.003 0.004 0.949 
115 TMA-ZAIN-G-    (0)   :  0.005 0.005 0.003 0.003 0.004 0.003 0.004 0.003 0.005 0.003 0.003 0.005 0.953 
116 TMA-ZAIN-G-    (0)   :  0.138 0.003 0.005 0.007 0.010 0.014 0.005 0.008 0.004 0.009 0.009 0.785 0.005 
117 TMA-ZAIN-G-    (0)   :  0.026 0.003 0.030 0.039 0.029 0.113 0.049 0.152 0.011 0.036 0.068 0.438 0.006 
118 TMA-ZAIN-G-    (0)   :  0.180 0.003 0.006 0.009 0.008 0.011 0.016 0.019 0.006 0.008 0.012 0.718 0.005 
119 TMA-ZAIN-G-    (0)   :  0.128 0.016 0.004 0.006 0.010 0.011 0.005 0.021 0.015 0.011 0.034 0.720 0.018 
120 TMA-ZAIN-G-    (0)   :  0.097 0.003 0.012 0.009 0.009 0.020 0.031 0.012 0.007 0.008 0.014 0.771 0.007 
121 TMA-ZAIN-G-    (0)   :  0.012 0.003 0.006 0.011 0.008 0.017 0.007 0.023 0.005 0.008 0.008 0.888 0.005 
122 TMA-ZAIN-G-    (0)   :  0.022 0.005 0.046 0.023 0.009 0.065 0.010 0.016 0.007 0.036 0.016 0.741 0.004 
123 TMA-ZAIN-G-    (0)   :  0.005 0.009 0.009 0.005 0.005 0.005 0.012 0.004 0.009 0.006 0.006 0.006 0.919 
124 TMA-ZAIN-G-    (0)   :  0.007 0.003 0.006 0.027 0.003 0.917 0.006 0.003 0.004 0.008 0.004 0.007 0.004 
125 TMA-ZAIN-G-    (0)   :  0.005 0.002 0.005 0.009 0.022 0.913 0.011 0.012 0.004 0.005 0.005 0.005 0.002 
126 TMA-ZAIN-G-    (0)   :  0.012 0.003 0.005 0.015 0.005 0.918 0.015 0.004 0.004 0.007 0.004 0.005 0.003 
127 TMA-ZAIN-G-    (0)   :  0.012 0.003 0.005 0.050 0.003 0.886 0.008 0.005 0.003 0.010 0.004 0.007 0.003 
128 TMA-ZAIN-G-    (0)   :  0.007 0.003 0.005 0.010 0.004 0.919 0.006 0.011 0.004 0.010 0.005 0.013 0.003 
129 TMA-ZAIN-G-    (0)   :  0.006 0.003 0.005 0.015 0.005 0.925 0.008 0.005 0.004 0.007 0.005 0.007 0.005 
130 TMA-ZAIN-G-    (0)   :  0.007 0.002 0.005 0.006 0.014 0.920 0.017 0.004 0.004 0.004 0.004 0.006 0.005 
131 TMA-ZAIN-G-    (0)   :  0.007 0.003 0.008 0.022 0.004 0.918 0.009 0.004 0.005 0.006 0.004 0.007 0.004 
132 TMA-ZAIN-G-    (0)   :  0.007 0.003 0.005 0.016 0.012 0.896 0.007 0.015 0.004 0.011 0.006 0.015 0.003 
133 TMA-ZAIN-G-    (0)   :  0.053 0.012 0.048 0.475 0.025 0.045 0.124 0.092 0.014 0.018 0.074 0.017 0.003 
134 TMA-ZAIN-G-    (0)   :  0.112 0.009 0.039 0.103 0.025 0.285 0.253 0.069 0.007 0.018 0.066 0.012 0.004 
135 TMA-ZAIN-G-    (0)   :  0.580 0.006 0.032 0.046 0.014 0.076 0.018 0.028 0.004 0.086 0.062 0.044 0.004 
136 TMA-ZAIN-G-    (0)   :  0.080 0.005 0.006 0.035 0.015 0.030 0.007 0.562 0.005 0.063 0.028 0.159 0.005 
137 TMA-ZAIN-G-    (0)   :  0.877 0.007 0.017 0.013 0.005 0.016 0.005 0.005 0.005 0.013 0.021 0.013 0.005 
138 TMA-ZAIN-G-    (0)   :  0.276 0.003 0.004 0.076 0.020 0.369 0.027 0.013 0.003 0.084 0.020 0.101 0.004 
139 TMA-ZAIN-G-    (0)   :  0.406 0.005 0.011 0.043 0.071 0.233 0.017 0.012 0.004 0.024 0.063 0.107 0.004 
140 TMA-ZAIN-G-    (0)   :  0.234 0.004 0.005 0.049 0.004 0.015 0.007 0.009 0.005 0.496 0.016 0.153 0.003 
141 TMA-ZAIN-G-    (0)   :  0.072 0.003 0.012 0.022 0.006 0.047 0.019 0.007 0.005 0.707 0.043 0.051 0.005 
142 TMA-ZAIN-G-    (9)   :  0.195 0.003 0.006 0.025 0.004 0.018 0.006 0.011 0.004 0.582 0.019 0.123 0.003 
143 TMA-ZAIN-G-    (0)   :  0.119 0.003 0.007 0.048 0.005 0.093 0.010 0.012 0.006 0.269 0.015 0.408 0.005 
144 TMA-ZAIN-G-    (0)   :  0.302 0.007 0.016 0.153 0.032 0.070 0.015 0.007 0.015 0.061 0.008 0.310 0.004 
145 TMA-ZAIN-G-    (0)   :  0.452 0.002 0.005 0.020 0.013 0.068 0.006 0.270 0.004 0.056 0.047 0.054 0.003 
146 TMA-ZAIN-G-    (0)   :  0.008 0.003 0.004 0.005 0.003 0.004 0.004 0.004 0.003 0.936 0.014 0.008 0.003 
147 TMA-ZAIN-G-    (9)   :  0.008 0.003 0.004 0.006 0.004 0.006 0.004 0.008 0.003 0.931 0.009 0.010 0.003 
148 TMA-ZAIN-G-    (0)   :  0.008 0.003 0.004 0.024 0.020 0.031 0.048 0.004 0.003 0.838 0.009 0.007 0.003 
149 TMA-ZAIN-G-    (0)   :  0.014 0.014 0.024 0.030 0.058 0.038 0.026 0.006 0.011 0.708 0.009 0.043 0.022 
150 TMA-ZAIN-G-    (0)   :  0.039 0.010 0.014 0.015 0.086 0.018 0.016 0.086 0.009 0.452 0.018 0.214 0.025 
151 TMA-ZAIN-G-    (0)   :  0.732 0.002 0.003 0.136 0.005 0.007 0.018 0.008 0.004 0.008 0.005 0.068 0.004 
152 TMA-ZAIN-G-    (0)   :  0.677 0.002 0.003 0.011 0.005 0.007 0.014 0.006 0.003 0.010 0.005 0.251 0.004 
153 TMA-ZAIN-G-    (0)   :  0.701 0.003 0.004 0.078 0.014 0.032 0.028 0.013 0.003 0.031 0.014 0.076 0.003 
154 TMA-ZAIN-G-    (0)   :  0.928 0.002 0.004 0.006 0.004 0.007 0.004 0.004 0.003 0.007 0.004 0.024 0.003 
155 TMA-ZAIN-G-    (0)   :  0.918 0.003 0.005 0.009 0.003 0.010 0.006 0.007 0.004 0.014 0.007 0.011 0.004 
156 TMA-ZAIN-G-    (9)   :  0.742 0.003 0.004 0.053 0.010 0.026 0.066 0.004 0.004 0.020 0.005 0.059 0.006 
157 TMA-ZAIN-G-    (0)   :  0.643 0.003 0.004 0.068 0.005 0.017 0.134 0.005 0.004 0.073 0.007 0.032 0.004 
158 TMA-ZAIN-G-    (0)   :  0.741 0.003 0.004 0.012 0.004 0.006 0.004 0.005 0.006 0.033 0.021 0.158 0.003 
159 TMA-ZAIN-G-    (0)   :  0.637 0.003 0.004 0.007 0.005 0.015 0.005 0.015 0.003 0.103 0.142 0.057 0.005 
160 TMA-ZAIN-G-    (0)   :  0.667 0.003 0.004 0.005 0.007 0.009 0.004 0.019 0.003 0.034 0.141 0.100 0.005 
161 TMA-ZAIN-G-    (0)   :  0.504 0.003 0.008 0.086 0.025 0.158 0.025 0.007 0.006 0.065 0.017 0.093 0.003 
162 TMA-ZAIN-G-    (0)   :  0.896 0.012 0.012 0.008 0.013 0.005 0.004 0.005 0.008 0.006 0.005 0.009 0.017 
163 TMA-ZAIN-G-    (0)   :  0.937 0.002 0.003 0.005 0.003 0.006 0.003 0.004 0.003 0.009 0.005 0.018 0.003 
164 TMA-ZAIN-G-    (0)   :  0.540 0.004 0.011 0.007 0.008 0.010 0.004 0.009 0.005 0.032 0.008 0.356 0.005 
165 TMA-ZAIN-G-    (0)   :  0.653 0.002 0.004 0.009 0.003 0.009 0.004 0.007 0.003 0.032 0.010 0.260 0.004 
166 TMA-ZAIN-G-    (0)   :  0.664 0.002 0.006 0.031 0.010 0.082 0.006 0.012 0.003 0.113 0.030 0.039 0.003 
167 TMA-ZAIN-G-    (0)   :  0.028 0.005 0.008 0.021 0.005 0.012 0.008 0.004 0.007 0.756 0.097 0.043 0.005 
168 TMA-ZAIN-G-    (0)   :  0.007 0.003 0.006 0.009 0.006 0.006 0.023 0.010 0.005 0.755 0.121 0.044 0.005 
169 TMA-ZAIN-G-    (0)   :  0.014 0.003 0.004 0.006 0.005 0.007 0.005 0.054 0.003 0.708 0.132 0.057 0.003 
170 TMA-ZAIN-G-    (0)   :  0.036 0.014 0.006 0.076 0.004 0.033 0.057 0.019 0.025 0.609 0.049 0.051 0.021 
171 TMA-ZAIN-G-    (0)   :  0.009 0.003 0.004 0.004 0.004 0.005 0.004 0.014 0.003 0.756 0.154 0.037 0.003 
172 TMA-ZAIN-G-    (0)   :  0.028 0.004 0.006 0.490 0.004 0.028 0.019 0.006 0.005 0.376 0.015 0.017 0.003 
173 TMA-ZAIN-G-    (0)   :  0.017 0.004 0.008 0.673 0.005 0.039 0.018 0.007 0.007 0.184 0.017 0.019 0.004 
174 TMA-ZAIN-G-    (0)   :  0.064 0.002 0.005 0.092 0.008 0.553 0.005 0.038 0.004 0.152 0.025 0.051 0.003 
175 TMA-ZAIN-G-    (0)   :  0.010 0.003 0.005 0.005 0.004 0.005 0.004 0.007 0.003 0.821 0.116 0.014 0.003 
176 TMA-ZAIN-G-    (0)   :  0.012 0.003 0.004 0.006 0.003 0.006 0.005 0.005 0.003 0.904 0.037 0.010 0.003 
177 TMA-ZAIN-G-    (0)   :  0.011 0.003 0.004 0.010 0.003 0.005 0.010 0.004 0.003 0.924 0.011 0.008 0.003 
178 TMA-ZAIN-G-    (0)   :  0.021 0.004 0.005 0.362 0.004 0.009 0.040 0.004 0.007 0.475 0.016 0.047 0.004 
179 TMA-ZAIN-G-    (0)   :  0.021 0.003 0.004 0.035 0.004 0.010 0.016 0.006 0.004 0.869 0.010 0.016 0.003 
180 TMA-ZAIN-G-    (0)   :  0.018 0.008 0.028 0.297 0.011 0.351 0.029 0.107 0.008 0.058 0.005 0.075 0.004 
181 TMA-ZAIN-G-    (0)   :  0.047 0.003 0.004 0.766 0.005 0.019 0.107 0.005 0.004 0.010 0.011 0.012 0.006 
182 TMA-ZAIN-G-    (0)   :  0.038 0.003 0.006 0.289 0.005 0.402 0.182 0.003 0.005 0.036 0.005 0.019 0.007 
183 TMA-ZAIN-G-    (0)   :  0.017 0.003 0.005 0.807 0.004 0.010 0.099 0.005 0.004 0.011 0.007 0.025 0.004 
184 TMA-ZAIN-G-    (0)   :  0.045 0.013 0.024 0.749 0.022 0.017 0.032 0.008 0.011 0.013 0.012 0.028 0.026 
185 TMA-ZAIN-G-    (0)   :  0.012 0.016 0.014 0.850 0.024 0.024 0.004 0.005 0.016 0.008 0.006 0.010 0.013 
186 TMA-ZAIN-G-    (9)   :  0.015 0.005 0.006 0.874 0.005 0.043 0.005 0.005 0.008 0.009 0.011 0.011 0.004 
187 TMA-ZAIN-G-    (0)   :  0.042 0.003 0.005 0.839 0.003 0.015 0.015 0.014 0.005 0.015 0.034 0.007 0.004 
188 TMA-ZAIN-G-    (0)   :  0.017 0.002 0.003 0.862 0.004 0.013 0.007 0.021 0.004 0.007 0.036 0.019 0.004 
189 TMA-ZAIN-G-    (0)   :  0.007 0.003 0.003 0.936 0.002 0.012 0.006 0.007 0.003 0.007 0.005 0.006 0.003 
190 TMA-ZAIN-G-    (0)   :  0.007 0.003 0.004 0.814 0.006 0.011 0.030 0.016 0.006 0.035 0.028 0.036 0.003 
191 TMA-ZAIN-G-    (0)   :  0.007 0.015 0.015 0.894 0.009 0.007 0.004 0.005 0.008 0.011 0.008 0.006 0.012 
192 TMA-ZAIN-G-    (0)   :  0.012 0.010 0.015 0.885 0.004 0.016 0.018 0.004 0.005 0.008 0.012 0.006 0.004 
193 TMA-ZAIN-G-    (0)   :  0.003 0.002 0.003 0.005 0.005 0.004 0.959 0.004 0.003 0.003 0.003 0.003 0.003 
194 TMA-ZAIN-G-    (0)   :  0.005 0.006 0.005 0.078 0.016 0.034 0.802 0.013 0.016 0.009 0.007 0.007 0.002 
195 TMA-ZAIN-G-    (0)   :  0.007 0.003 0.004 0.065 0.007 0.034 0.754 0.036 0.008 0.032 0.028 0.019 0.003 
196 TMA-ZAIN-G-    (0)   :  0.007 0.003 0.004 0.018 0.007 0.011 0.908 0.013 0.005 0.007 0.005 0.009 0.003 
197 TMA-ZAIN-G-    (0)   :  0.007 0.003 0.007 0.010 0.005 0.011 0.911 0.010 0.004 0.011 0.010 0.008 0.003 
198 TMA-ZAIN-G-    (0)   :  0.010 0.003 0.004 0.019 0.005 0.007 0.910 0.006 0.003 0.012 0.009 0.009 0.003 
199 TMA-ZAIN-G-    (0)   :  0.014 0.003 0.005 0.888 0.006 0.035 0.006 0.004 0.006 0.009 0.008 0.010 0.003 
200 TMA-ZAIN-G-    (0)   :  0.002 0.854 0.005 0.006 0.004 0.003 0.050 0.003 0.044 0.004 0.003 0.004 0.018 
201 TMA-ZAIN-G-    (0)   :  0.003 0.940 0.006 0.003 0.003 0.003 0.003 0.005 0.014 0.005 0.004 0.004 0.006 
202 TMA-ZAIN-G-    (0)   :  0.006 0.884 0.004 0.012 0.002 0.004 0.038 0.003 0.013 0.008 0.003 0.007 0.016 
203 TMA-ZAIN-G-    (0)   :  0.025 0.003 0.005 0.027 0.005 0.056 0.791 0.004 0.004 0.027 0.010 0.024 0.019 
204 TMA-ZAIN-G-    (9)   :  0.004 0.789 0.072 0.008 0.027 0.008 0.007 0.011 0.017 0.024 0.020 0.006 0.005 
205 TMA-ZAIN-G-    (0)   :  0.095 0.757 0.021 0.007 0.015 0.011 0.007 0.006 0.017 0.014 0.013 0.030 0.006 
206 TMA-ZAIN-G-    (9)   :  0.006 0.646 0.150 0.023 0.012 0.007 0.056 0.009 0.027 0.026 0.009 0.015 0.014 
207 TMA-ZAIN-G-    (9)   :  0.071 0.009 0.053 0.016 0.044 0.015 0.007 0.031 0.024 0.010 0.013 0.699 0.010 
208 TMA-ZAIN-G-    (0)   :  0.068 0.003 0.002 0.027 0.005 0.006 0.003 0.042 0.005 0.202 0.017 0.617 0.003 
209 TMA-ZAIN-G-    (0)   :  0.095 0.003 0.009 0.091 0.067 0.242 0.223 0.015 0.004 0.142 0.078 0.028 0.003 
210 TMA-ZAIN-G-    (0)   :  0.072 0.003 0.013 0.121 0.014 0.075 0.339 0.094 0.006 0.169 0.068 0.022 0.004 
211 TMA-ZAIN-G-    (0)   :  0.026 0.024 0.008 0.122 0.010 0.441 0.065 0.025 0.025 0.160 0.053 0.029 0.012 
212 TMA-ZAIN-G-    (0)   :  0.051 0.004 0.015 0.237 0.006 0.047 0.020 0.015 0.006 0.521 0.006 0.070 0.004 
213 TMA-ZAIN-G-    (0)   :  0.288 0.004 0.004 0.262 0.009 0.047 0.031 0.007 0.005 0.293 0.030 0.016 0.004 
214 TMA-ZAIN-G-    (0)   :  0.311 0.004 0.005 0.201 0.009 0.206 0.034 0.051 0.005 0.061 0.088 0.023 0.003 
215 TMA-ZAIN-G-    (0)   :  0.035 0.013 0.003 0.437 0.003 0.014 0.005 0.005 0.185 0.123 0.075 0.098 0.004 
216 TMA-ZAIN-G-    (0)   :  0.042 0.005 0.006 0.707 0.013 0.118 0.016 0.008 0.006 0.039 0.016 0.023 0.003 
217 TMA-ZAIN-G-    (0)   :  0.094 0.003 0.007 0.066 0.007 0.232 0.065 0.129 0.003 0.241 0.131 0.020 0.003 
218 TMA-ZAIN-G-    (0)   :  0.005 0.004 0.005 0.007 0.004 0.012 0.004 0.013 0.923 0.008 0.005 0.006 0.005 
219 TMA-ZAIN-G-    (0)   :  0.004 0.013 0.018 0.005 0.008 0.009 0.003 0.004 0.920 0.003 0.004 0.004 0.005 
220 TMA-ZAIN-G-    (0)   :  0.014 0.005 0.010 0.007 0.007 0.006 0.005 0.011 0.744 0.007 0.006 0.149 0.028 
221 TMA-ZAIN-G-    (0)   :  0.010 0.021 0.013 0.021 0.005 0.019 0.006 0.006 0.865 0.014 0.007 0.009 0.005 
222 TMA-ZAIN-G-    (0)   :  0.017 0.010 0.030 0.008 0.014 0.017 0.006 0.016 0.810 0.010 0.008 0.018 0.037 
223 TMA-ZAIN-G-    (0)   :  0.003 0.011 0.011 0.004 0.005 0.004 0.003 0.004 0.937 0.004 0.003 0.004 0.007 
224 TMA-ZAIN-G-    (0)   :  0.005 0.021 0.138 0.014 0.008 0.032 0.008 0.005 0.735 0.007 0.005 0.005 0.018 
225 TMA-ZAIN-G-    (0)   :  0.004 0.009 0.006 0.006 0.004 0.004 0.013 0.002 0.929 0.005 0.003 0.004 0.011 
226 TMA-ZAIN-G-    (0)   :  0.007 0.010 0.010 0.011 0.005 0.005 0.020 0.005 0.886 0.009 0.008 0.008 0.016 
227 TMA-ZAIN-G-    (0)   :  0.009 0.022 0.006 0.012 0.004 0.005 0.025 0.004 0.872 0.011 0.008 0.009 0.013 
228 TMA-ZAIN-G-    (0)   :  0.011 0.014 0.020 0.011 0.006 0.006 0.007 0.007 0.824 0.023 0.032 0.016 0.022 
229 TMA-ZAIN-G-    (0)   :  0.003 0.072 0.010 0.003 0.006 0.003 0.003 0.013 0.839 0.006 0.003 0.004 0.037 
230 TMA-ZAIN-G-    (0)   :  0.006 0.010 0.364 0.028 0.012 0.061 0.015 0.015 0.325 0.053 0.039 0.010 0.063 
231 TMA-ZAIN-G-    (0)   :  0.047 0.524 0.057 0.011 0.015 0.015 0.012 0.012 0.097 0.027 0.023 0.030 0.132 
232 TMA-ZAIN-G-    (9)   :  0.012 0.495 0.019 0.022 0.011 0.050 0.008 0.036 0.036 0.012 0.009 0.011 0.279 
233 TMA-ZAIN-G-    (0)   :  0.010 0.024 0.027 0.009 0.012 0.018 0.008 0.044 0.785 0.017 0.035 0.006 0.005 
234 TMA-ZAIN-G-    (0)   :  0.008 0.052 0.007 0.005 0.034 0.004 0.014 0.007 0.559 0.006 0.006 0.011 0.287 
235 TMA-ZAIN-G-    (0)   :  0.011 0.032 0.041 0.080 0.009 0.004 0.027 0.005 0.512 0.008 0.054 0.013 0.205 
236 TMA-ZAIN-G-    (0)   :  0.012 0.061 0.100 0.012 0.005 0.008 0.030 0.008 0.608 0.016 0.015 0.014 0.112 
237 TMA-ZAIN-G-    (0)   :  0.015 0.012 0.153 0.015 0.005 0.023 0.009 0.013 0.253 0.116 0.143 0.014 0.228 
238 TMA-ZAIN-G-    (0)   :  0.033 0.032 0.009 0.019 0.004 0.020 0.007 0.004 0.756 0.021 0.031 0.021 0.043 
239 TMA-ZAIN-G-    (0)   :  0.003 0.737 0.024 0.031 0.034 0.008 0.104 0.016 0.005 0.004 0.003 0.027 0.004 
240 TMA-ZAIN-G-    (0)   :  0.003 0.948 0.010 0.003 0.006 0.003 0.004 0.003 0.004 0.005 0.005 0.003 0.004 
241 TMA-ZAIN-G-    (0)   :  0.007 0.927 0.005 0.005 0.005 0.003 0.004 0.005 0.003 0.013 0.013 0.005 0.004 
242 TMA-ZAIN-G-    (0)   :  0.007 0.942 0.004 0.005 0.004 0.003 0.003 0.005 0.004 0.007 0.006 0.006 0.003 
243 TMA-ZAIN-G-    (0)   :  0.008 0.914 0.005 0.007 0.005 0.005 0.004 0.008 0.004 0.016 0.014 0.007 0.003 
244 TMA-ZAIN-G-    (0)   :  0.017 0.902 0.003 0.009 0.004 0.004 0.003 0.008 0.004 0.016 0.016 0.012 0.004 
245 TMA-ZAIN-G-    (9)   :  0.003 0.961 0.003 0.003 0.003 0.003 0.003 0.002 0.004 0.004 0.003 0.003 0.004 
246 TMA-ZAIN-G-    (0)   :  0.003 0.961 0.004 0.004 0.003 0.003 0.003 0.003 0.005 0.003 0.003 0.003 0.002 
247 TMA-ZAIN-G-    (0)   :  0.004 0.951 0.004 0.005 0.004 0.004 0.002 0.006 0.005 0.005 0.003 0.005 0.002 
248 TMA-ZAIN-G-    (0)   :  0.006 0.928 0.004 0.008 0.004 0.004 0.010 0.005 0.006 0.007 0.006 0.008 0.004 
249 TMA-ZAIN-G-    (0)   :  0.003 0.950 0.005 0.006 0.003 0.003 0.007 0.003 0.006 0.004 0.003 0.004 0.003 
250 TMA-ZAIN-G-    (0)   :  0.003 0.951 0.005 0.006 0.003 0.003 0.004 0.006 0.006 0.003 0.003 0.005 0.002 
251 TMA-ZAIN-G-    (0)   :  0.004 0.003 0.009 0.004 0.944 0.007 0.005 0.004 0.004 0.004 0.003 0.005 0.005 
252 TMA-ZAIN-G-    (0)   :  0.011 0.003 0.004 0.006 0.854 0.005 0.004 0.019 0.005 0.026 0.023 0.035 0.004 
253 TMA-ZAIN-G-    (0)   :  0.010 0.004 0.005 0.004 0.940 0.005 0.004 0.005 0.003 0.004 0.004 0.009 0.005 
254 TMA-ZAIN-G-    (9)   :  0.021 0.003 0.006 0.008 0.877 0.011 0.005 0.009 0.005 0.011 0.007 0.030 0.007 
255 TMA-ZAIN-G-    (0)   :  0.007 0.015 0.004 0.004 0.926 0.004 0.004 0.007 0.003 0.005 0.004 0.007 0.008 
256 TMA-ZAIN-G-    (0)   :  0.008 0.012 0.022 0.009 0.871 0.008 0.028 0.005 0.005 0.010 0.007 0.009 0.007 
257 TMA-ZAIN-G-    (0)   :  0.003 0.005 0.013 0.004 0.933 0.005 0.015 0.003 0.004 0.003 0.004 0.003 0.004 
258 TMA-ZAIN-G-    (0)   :  0.004 0.003 0.006 0.003 0.957 0.004 0.004 0.004 0.003 0.003 0.003 0.004 0.003 
259 TMA-ZAIN-G-    (0)   :  0.003 0.006 0.022 0.004 0.931 0.004 0.006 0.005 0.004 0.004 0.004 0.004 0.004 
260 TMA-ZAIN-G-    (0)   :  0.003 0.005 0.012 0.004 0.936 0.005 0.006 0.009 0.004 0.005 0.004 0.004 0.004 
261 TMA-ZAIN-G-   (18)   :  0.005 0.004 0.022 0.006 0.901 0.011 0.009 0.010 0.007 0.006 0.005 0.009 0.005 
262 TMA-ZAIN-G-    (0)   :  0.003 0.003 0.008 0.003 0.951 0.004 0.007 0.003 0.004 0.003 0.004 0.003 0.004 
263 TMA-ZAIN-G-    (0)   :  0.004 0.004 0.009 0.003 0.948 0.005 0.004 0.003 0.003 0.003 0.003 0.004 0.006 
264 TMA-ZAIN-G-    (0)   :  0.005 0.004 0.007 0.003 0.940 0.005 0.006 0.004 0.004 0.004 0.004 0.006 0.008 
265 TMA-ZAIN-G-    (0)   :  0.029 0.016 0.388 0.021 0.150 0.027 0.012 0.028 0.221 0.072 0.009 0.013 0.013 
266 TMA-ZAIN-G-    (0)   :  0.020 0.011 0.023 0.040 0.594 0.138 0.039 0.019 0.021 0.026 0.011 0.048 0.009 
267 TMA-ZAIN-G-    (0)   :  0.007 0.363 0.240 0.010 0.166 0.020 0.008 0.016 0.064 0.035 0.020 0.024 0.027 
268 TMA-ZAIN-G-    (0)   :  0.004 0.876 0.009 0.003 0.005 0.004 0.003 0.004 0.007 0.005 0.004 0.005 0.070 
269 TMA-ZAIN-G-    (0)   :  0.006 0.557 0.085 0.005 0.005 0.009 0.004 0.005 0.034 0.008 0.008 0.008 0.266 
270 TMA-ZAIN-G-    (0)   :  0.004 0.708 0.154 0.004 0.006 0.007 0.004 0.004 0.017 0.006 0.006 0.007 0.072 
271 TMA-ZAIN-G-    (0)   :  0.005 0.889 0.025 0.004 0.006 0.005 0.003 0.004 0.009 0.007 0.004 0.006 0.033 
272 TMA-ZAIN-G-    (0)   :  0.005 0.839 0.030 0.005 0.004 0.005 0.003 0.003 0.062 0.005 0.006 0.005 0.027 
273 TMA-ZAIN-G-    (0)   :  0.003 0.929 0.009 0.003 0.003 0.003 0.003 0.002 0.018 0.003 0.003 0.003 0.018 
274 TMA-ZAIN-G-    (0)   :  0.010 0.798 0.010 0.037 0.009 0.006 0.049 0.009 0.017 0.009 0.016 0.005 0.026 
275 TMA-ZAIN-G-    (0)   :  0.004 0.953 0.003 0.005 0.002 0.004 0.003 0.002 0.008 0.004 0.003 0.003 0.006 
276 TMA-ZAIN-G-    (0)   :  0.004 0.951 0.006 0.003 0.003 0.003 0.002 0.004 0.004 0.004 0.005 0.004 0.008 
277 TMA-ZAIN-G-    (0)   :  0.004 0.936 0.005 0.004 0.007 0.003 0.005 0.005 0.005 0.005 0.007 0.006 0.010 
278 TMA-ZAIN-G-    (0)   :  0.003 0.949 0.009 0.003 0.004 0.003 0.003 0.003 0.007 0.003 0.003 0.003 0.006 
279 TMA-ZAIN-G-    (0)   :  0.005 0.926 0.004 0.006 0.004 0.006 0.006 0.003 0.018 0.005 0.004 0.004 0.011 
280 TMA-ZAIN-G-    (0)   :  0.007 0.793 0.006 0.008 0.003 0.012 0.009 0.003 0.061 0.007 0.004 0.005 0.082 
281 TMA-ZAIN-G-    (0)   :  0.004 0.899 0.009 0.004 0.004 0.008 0.006 0.003 0.015 0.004 0.004 0.005 0.034 
282 TMA-ZAIN-G-    (9)   :  0.003 0.941 0.006 0.003 0.005 0.003 0.003 0.003 0.006 0.004 0.003 0.004 0.015 
283 TMA-ZAIN-G-    (0)   :  0.015 0.629 0.033 0.009 0.117 0.015 0.004 0.006 0.066 0.007 0.010 0.018 0.071 
284 TMA-ZAIN-G-    (0)   :  0.017 0.455 0.055 0.010 0.111 0.020 0.006 0.004 0.137 0.009 0.007 0.016 0.152 
285 TMA-ZAIN-G-    (0)   :  0.018 0.791 0.007 0.025 0.029 0.006 0.011 0.021 0.015 0.004 0.042 0.008 0.024 
286 TMA-ZAIN-G-    (0)   :  0.003 0.906 0.012 0.003 0.008 0.004 0.003 0.002 0.012 0.004 0.004 0.005 0.034 
287 TMA-ZAIN-G-    (0)   :  0.007 0.877 0.007 0.016 0.006 0.003 0.015 0.011 0.009 0.005 0.017 0.004 0.023 
288 TMA-ZAIN-G-    (0)   :  0.015 0.569 0.012 0.064 0.013 0.008 0.060 0.011 0.135 0.014 0.022 0.008 0.070 
289 TMA-ZAIN-G-    (0)   :  0.009 0.823 0.011 0.024 0.011 0.005 0.026 0.015 0.015 0.008 0.027 0.006 0.019 
290 TMA-ZAIN-G-    (0)   :  0.009 0.433 0.008 0.009 0.009 0.017 0.011 0.003 0.066 0.010 0.004 0.009 0.414 
291 TMA-ZAIN-G-    (0)   :  0.004 0.013 0.011 0.005 0.008 0.004 0.005 0.003 0.924 0.003 0.004 0.005 0.009 
292 TMA-ZAIN-G-    (0)   :  0.102 0.016 0.009 0.050 0.004 0.042 0.023 0.007 0.023 0.588 0.096 0.028 0.012 
293 TMA-ZAIN-G-    (0)   :  0.033 0.012 0.062 0.094 0.022 0.037 0.020 0.035 0.017 0.333 0.018 0.314 0.005 
294 TMA-ZAIN-G-    (0)   :  0.009 0.003 0.008 0.006 0.004 0.006 0.004 0.006 0.003 0.915 0.014 0.021 0.003 
295 TMA-ZAIN-G-    (9)   :  0.012 0.006 0.008 0.011 0.005 0.007 0.004 0.009 0.007 0.867 0.021 0.041 0.003 
296 TMA-ZAIN-G-    (0)   :  0.014 0.004 0.028 0.016 0.007 0.058 0.035 0.005 0.008 0.612 0.010 0.194 0.008 
297 TMA-ZAIN-G-    (0)   :  0.299 0.007 0.020 0.032 0.025 0.071 0.111 0.022 0.010 0.071 0.043 0.284 0.006 
298 TMA-ZAIN-G-    (0)   :  0.017 0.013 0.169 0.007 0.014 0.010 0.004 0.008 0.009 0.276 0.405 0.060 0.008 
299 TMA-ZAIN-G-    (0)   :  0.040 0.004 0.003 0.013 0.003 0.009 0.007 0.005 0.005 0.026 0.872 0.009 0.004 
300 TMA-ZAIN-G-    (0)   :  0.013 0.007 0.012 0.145 0.007 0.008 0.010 0.056 0.009 0.356 0.326 0.048 0.003 
301 TMA-ZAIN-G-    (0)   :  0.015 0.006 0.015 0.067 0.004 0.009 0.030 0.026 0.007 0.065 0.687 0.064 0.005 
302 TMA-ZAIN-G-    (9)   :  0.047 0.003 0.010 0.018 0.004 0.016 0.010 0.006 0.004 0.844 0.024 0.011 0.003 
303 TMA-ZAIN-G-    (0)   :  0.004 0.007 0.011 0.037 0.032 0.016 0.113 0.002 0.744 0.005 0.003 0.012 0.015 
304 TMA-ZAIN-G-    (0)   :  0.026 0.008 0.013 0.049 0.477 0.027 0.026 0.077 0.007 0.024 0.009 0.245 0.013 
305 TMA-ZAIN-G-    (0)   :  0.018 0.003 0.010 0.017 0.006 0.026 0.010 0.015 0.005 0.825 0.006 0.057 0.003 
306 TMA-ZAIN-G-    (0)   :  0.020 0.021 0.007 0.012 0.394 0.049 0.013 0.011 0.010 0.302 0.009 0.087 0.065 
307 TMA-ZAIN-G-    (0)   :  0.026 0.012 0.011 0.058 0.349 0.025 0.013 0.185 0.007 0.054 0.007 0.245 0.009 
308 TMA-ZAIN-G-    (0)   :  0.004 0.024 0.015 0.007 0.713 0.006 0.014 0.016 0.145 0.006 0.004 0.006 0.039 
309 TMA-ZAIN-G-    (0)   :  0.019 0.003 0.006 0.796 0.004 0.068 0.029 0.010 0.005 0.018 0.027 0.011 0.004 
310 TMA-ZAIN-G-    (0)   :  0.175 0.025 0.060 0.143 0.010 0.009 0.004 0.012 0.016 0.242 0.241 0.057 0.006 
311 TMA-ZAIN-G-    (0)   :  0.204 0.006 0.093 0.024 0.025 0.114 0.018 0.008 0.019 0.091 0.055 0.309 0.032 
312 TMA-ZAIN-G-    (0)   :  0.026 0.005 0.007 0.637 0.012 0.056 0.022 0.010 0.023 0.040 0.036 0.121 0.005 
313 TMA-ZAIN-G-    (0)   :  0.032 0.006 0.025 0.027 0.410 0.176 0.018 0.024 0.007 0.093 0.101 0.068 0.012 
314 TMA-ZAIN-G-    (0)   :  0.007 0.256 0.017 0.030 0.014 0.017 0.013 0.009 0.273 0.010 0.006 0.023 0.326 
315 TMA-ZAIN-G-    (0)   :  0.032 0.384 0.025 0.050 0.013 0.023 0.007 0.023 0.021 0.242 0.109 0.063 0.007 
316 TMA-ZAIN-G-    (0)   :  0.037 0.403 0.019 0.033 0.013 0.021 0.007 0.030 0.055 0.188 0.114 0.070 0.010 
317 TMA-ZAIN-G-    (0)   :  0.006 0.024 0.011 0.005 0.015 0.006 0.008 0.004 0.824 0.005 0.031 0.016 0.045 
318 TMA-ZAIN-G-    (9)   :  0.004 0.397 0.031 0.007 0.033 0.005 0.010 0.011 0.138 0.015 0.016 0.006 0.328 
319 TMA-ZAIN-G-    (0)   :  0.004 0.145 0.027 0.011 0.006 0.006 0.482 0.004 0.275 0.007 0.004 0.004 0.025 
320 TMA-ZAIN-G-    (0)   :  0.041 0.009 0.013 0.033 0.005 0.021 0.011 0.014 0.407 0.130 0.275 0.036 0.006 
321 TMA-ZAIN-G-    (0)   :  0.052 0.091 0.021 0.358 0.009 0.037 0.008 0.021 0.110 0.125 0.021 0.082 0.065 
322 TMA-ZAIN-G-    (0)   :  0.113 0.008 0.022 0.078 0.040 0.111 0.006 0.028 0.352 0.097 0.021 0.054 0.072 
323 TMA-ZAIN-G-    (0)   :  0.008 0.017 0.008 0.018 0.011 0.054 0.056 0.018 0.785 0.008 0.006 0.006 0.007 
324 TMA-ZAIN-G-    (0)   :  0.069 0.004 0.013 0.020 0.010 0.016 0.028 0.009 0.007 0.021 0.006 0.792 0.006 
325 TMA-ZAIN-G-    (0)   :  0.012 0.044 0.012 0.015 0.005 0.009 0.005 0.004 0.858 0.013 0.008 0.010 0.004 
326 TMA-ZAIN-G-    (0)   :  0.017 0.004 0.005 0.016 0.016 0.012 0.351 0.005 0.553 0.006 0.004 0.008 0.002 
327 TMA-ZAIN-G-    (0)   :  0.005 0.003 0.008 0.022 0.012 0.199 0.686 0.031 0.004 0.009 0.007 0.009 0.003 
328 TMA-ZAIN-G-    (0)   :  0.017 0.116 0.015 0.095 0.017 0.019 0.064 0.215 0.132 0.008 0.010 0.040 0.253 
329 TMA-ZAIN-G-    (0)   :  0.040 0.006 0.076 0.173 0.015 0.115 0.045 0.114 0.010 0.057 0.288 0.054 0.004 
330 TMA-ZAIN-G-    (0)   :  0.014 0.003 0.008 0.054 0.015 0.781 0.010 0.033 0.005 0.026 0.023 0.026 0.003 
331 TMA-ZAIN-G-    (0)   :  0.010 0.019 0.284 0.508 0.014 0.015 0.007 0.005 0.012 0.054 0.047 0.018 0.008 
332 TMA-ZAIN-G-    (0)   :  0.009 0.002 0.004 0.869 0.005 0.007 0.073 0.006 0.003 0.007 0.005 0.008 0.003 
333 TMA-ZAIN-G-    (0)   :  0.003 0.003 0.003 0.021 0.004 0.004 0.929 0.003 0.004 0.003 0.004 0.015 0.002 
334 TMA-ZAIN-G-    (0)   :  0.003 0.922 0.015 0.003 0.005 0.004 0.003 0.003 0.012 0.004 0.004 0.005 0.015 
335 TMA-ZAIN-G-    (0)   :  0.005 0.939 0.010 0.005 0.003 0.005 0.003 0.006 0.004 0.005 0.005 0.006 0.004 
336 TMA-ZAIN-G-    (0)   :  0.007 0.812 0.088 0.006 0.007 0.010 0.005 0.006 0.018 0.010 0.011 0.010 0.012 
