

----------------------------------------------------
STRUCTURE by Pritchard, Stephens and Donnelly (2000)
     and Falush, Stephens and Pritchard (2003)
       Code by Pritchard, Falush and Hubisz
             Version 2.3.4 (Jul 2012)
----------------------------------------------------



Command line arguments:   bin\structure -m C:\Users\eschumacher\Documents\GitHub\GCC_QUAC_ZAIN\Data_Files\Structure_Files\ZAIN\ZAIN_rebinned_garden_wild_nopopinfo\50-50\mainparams -e C:\Users\eschumacher\Documents\GitHub\GCC_QUAC_ZAIN\Data_Files\Structure_Files\ZAIN\ZAIN_rebinned_garden_wild_nopopinfo\50-50\extraparams 
Input File:    C:\Users\eschumacher\Documents\GitHub\GCC_QUAC_ZAIN\Data_Files\Structure_Files\ZAIN\ZAIN_rebinned_garden_wild_nopopinfo\project_data

Run parameters:
   1133 individuals
   11 loci
   9 populations assumed
   50000 Burn-in period
   50000 Reps


--------------------------------------------
Overall proportion of membership of the
sample in each of the 9 clusters

Inferred Clusters
  1      2      3      4      5      6      7      8      9    
0.102  0.150  0.108  0.057  0.147  0.119  0.068  0.131  0.116  

--------------------------------------------

Allele-freq. divergence among pops (Net nucleotide distance),
computed using point estimates of P.

      1       2       3       4       5       6       7       8       9      
 1      -    0.2338  0.1720  0.1096  0.1537  0.0415  0.2166  0.2739  0.0688  
 2   0.2338     -    0.1470  0.3363  0.0934  0.2272  0.2706  0.1467  0.2282  
 3   0.1720  0.1470     -    0.1857  0.1041  0.1867  0.1628  0.2154  0.1436  
 4   0.1096  0.3363  0.1857     -    0.2158  0.1211  0.2668  0.3559  0.1231  
 5   0.1537  0.0934  0.1041  0.2158     -    0.1664  0.1751  0.1236  0.1175  
 6   0.0415  0.2272  0.1867  0.1211  0.1664     -    0.2418  0.3107  0.0526  
 7   0.2166  0.2706  0.1628  0.2668  0.1751  0.2418     -    0.3448  0.1300  
 8   0.2739  0.1467  0.2154  0.3559  0.1236  0.3107  0.3448     -    0.2796  
 9   0.0688  0.2282  0.1436  0.1231  0.1175  0.0526  0.1300  0.2796     -    

Average distances (expected heterozygosity) between individuals in same cluster:
cluster  1  : 0.4039 
cluster  2  : 0.4772 
cluster  3  : 0.4327 
cluster  4  : 0.3608 
cluster  5  : 0.5506 
cluster  6  : 0.3814 
cluster  7  : 0.2632 
cluster  8  : 0.4208 
cluster  9  : 0.4372 

--------------------------------------------
Estimated Ln Prob of Data   = -21443.5
Mean value of ln likelihood = -20846.5
Variance of ln likelihood   = 1193.9
Mean value of alpha         = 0.0346

Mean value of Fst_1         = 0.2904
Mean value of Fst_2         = 0.3557
Mean value of Fst_3         = 0.4157
Mean value of Fst_4         = 0.4178
Mean value of Fst_5         = 0.1459
Mean value of Fst_6         = 0.3346
Mean value of Fst_7         = 0.5630
Mean value of Fst_8         = 0.4295
Mean value of Fst_9         = 0.3155


Inferred ancestry of individuals:
        Label (%Miss) :  Inferred clusters
  1 TMA-ZAIN-G-    (9)   :  0.012 0.751 0.013 0.011 0.059 0.015 0.096 0.007 0.037 
  2 TMA-ZAIN-G-    (0)   :  0.193 0.711 0.022 0.004 0.021 0.020 0.009 0.006 0.014 
  3 TMA-ZAIN-G-    (0)   :  0.047 0.007 0.012 0.099 0.007 0.506 0.032 0.003 0.286 
  4 TMA-ZAIN-G-    (0)   :  0.052 0.023 0.638 0.050 0.012 0.167 0.018 0.009 0.031 
  5 TMA-ZAIN-G-    (0)   :  0.002 0.972 0.006 0.003 0.005 0.003 0.002 0.005 0.003 
  6 TMA-ZAIN-G-    (0)   :  0.074 0.072 0.066 0.162 0.155 0.179 0.026 0.053 0.213 
  7 TMA-ZAIN-G-    (0)   :  0.340 0.016 0.032 0.009 0.015 0.270 0.057 0.007 0.254 
  8 TMA-ZAIN-G-    (0)   :  0.024 0.006 0.018 0.024 0.005 0.044 0.007 0.003 0.869 
  9 TMA-ZAIN-G-    (9)   :  0.333 0.008 0.006 0.036 0.008 0.249 0.008 0.005 0.347 
 10 TMA-ZAIN-G-    (0)   :  0.262 0.003 0.011 0.041 0.010 0.195 0.014 0.004 0.460 
 11 TMA-ZAIN-G-    (0)   :  0.503 0.006 0.008 0.006 0.007 0.259 0.009 0.006 0.196 
 12 TMA-ZAIN-G-    (0)   :  0.014 0.004 0.004 0.005 0.005 0.936 0.012 0.003 0.017 
 13 TMA-ZAIN-G-    (9)   :  0.329 0.044 0.032 0.018 0.027 0.077 0.109 0.087 0.278 
 14 TMA-ZAIN-G-    (9)   :  0.019 0.003 0.008 0.006 0.010 0.012 0.895 0.012 0.036 
 15 TMA-ZAIN-G-    (0)   :  0.007 0.003 0.005 0.010 0.005 0.009 0.902 0.002 0.056 
 16 TMA-ZAIN-G-    (0)   :  0.069 0.004 0.004 0.005 0.006 0.882 0.006 0.004 0.019 
 17 TMA-ZAIN-G-    (9)   :  0.011 0.013 0.032 0.007 0.029 0.021 0.020 0.013 0.855 
 18 TMA-ZAIN-G-    (0)   :  0.005 0.747 0.048 0.008 0.142 0.015 0.016 0.006 0.013 
 19 TMA-ZAIN-G-    (0)   :  0.011 0.014 0.006 0.005 0.886 0.021 0.012 0.012 0.033 
 20 TMA-ZAIN-G-    (0)   :  0.004 0.045 0.022 0.004 0.832 0.003 0.003 0.084 0.003 
 21 TMA-ZAIN-G-    (0)   :  0.004 0.003 0.005 0.006 0.005 0.005 0.002 0.966 0.005 
 22 TMA-ZAIN-G-    (0)   :  0.003 0.047 0.007 0.002 0.012 0.003 0.003 0.919 0.003 
 23 TMA-ZAIN-G-    (0)   :  0.007 0.022 0.005 0.004 0.044 0.006 0.007 0.897 0.008 
 24 TMA-ZAIN-G-    (9)   :  0.106 0.007 0.006 0.149 0.004 0.010 0.030 0.674 0.014 
 25 TMA-ZAIN-G-    (9)   :  0.119 0.114 0.004 0.005 0.715 0.012 0.005 0.014 0.011 
 26 TMA-ZAIN-G-    (9)   :  0.248 0.008 0.487 0.008 0.011 0.044 0.019 0.033 0.142 
 27 TMA-ZAIN-G-    (0)   :  0.007 0.070 0.021 0.010 0.798 0.008 0.060 0.011 0.015 
 28 TMA-ZAIN-G-    (0)   :  0.006 0.012 0.008 0.009 0.931 0.008 0.011 0.005 0.010 
 29 TMA-ZAIN-G-    (0)   :  0.005 0.003 0.011 0.723 0.239 0.004 0.006 0.004 0.005 
 30 TMA-ZAIN-G-    (0)   :  0.140 0.004 0.008 0.052 0.368 0.074 0.080 0.005 0.269 
 31 TMA-ZAIN-G-    (0)   :  0.008 0.897 0.050 0.006 0.011 0.005 0.006 0.013 0.004 
 32 TMA-ZAIN-G-    (9)   :  0.033 0.726 0.005 0.004 0.021 0.105 0.031 0.034 0.041 
 33 TMA-ZAIN-G-   (18)   :  0.102 0.005 0.004 0.017 0.005 0.310 0.008 0.003 0.545 
 34 TMA-ZAIN-G-    (0)   :  0.141 0.211 0.008 0.007 0.015 0.558 0.009 0.023 0.028 
 35 TMA-ZAIN-G-    (9)   :  0.211 0.023 0.013 0.086 0.016 0.381 0.063 0.004 0.203 
 36 TMA-ZAIN-G-    (0)   :  0.443 0.004 0.016 0.010 0.006 0.046 0.153 0.003 0.320 
 37 TMA-ZAIN-G-    (9)   :  0.337 0.008 0.019 0.016 0.014 0.312 0.009 0.008 0.277 
 38 TMA-ZAIN-G-   (18)   :  0.042 0.735 0.007 0.007 0.025 0.036 0.091 0.018 0.038 
 39 TMA-ZAIN-G-    (0)   :  0.813 0.003 0.008 0.012 0.005 0.091 0.004 0.005 0.058 
 40 TMA-ZAIN-G-    (0)   :  0.244 0.003 0.006 0.006 0.004 0.211 0.005 0.005 0.516 
 41 TMA-ZAIN-G-    (0)   :  0.225 0.002 0.005 0.007 0.005 0.020 0.049 0.003 0.685 
 42 TMA-ZAIN-G-    (9)   :  0.012 0.003 0.007 0.006 0.004 0.007 0.111 0.002 0.848 
 43 TMA-ZAIN-G-    (0)   :  0.005 0.003 0.004 0.007 0.003 0.004 0.964 0.002 0.008 
 44 TMA-ZAIN-G-    (0)   :  0.105 0.005 0.005 0.012 0.008 0.036 0.005 0.813 0.012 
 45 TMA-ZAIN-G-    (0)   :  0.089 0.005 0.009 0.006 0.009 0.663 0.019 0.007 0.193 
 46 TMA-ZAIN-G-    (0)   :  0.005 0.003 0.006 0.003 0.004 0.003 0.004 0.970 0.003 
 47 TMA-ZAIN-G-    (0)   :  0.004 0.004 0.967 0.004 0.004 0.005 0.004 0.003 0.004 
 48 TMA-ZAIN-G-    (0)   :  0.056 0.007 0.543 0.018 0.021 0.045 0.033 0.029 0.249 
 49 TMA-ZAIN-G-    (9)   :  0.007 0.021 0.011 0.047 0.869 0.028 0.004 0.006 0.006 
 50 TMA-ZAIN-G-    (0)   :  0.016 0.006 0.003 0.003 0.917 0.008 0.007 0.007 0.033 
 51 TMA-ZAIN-G-    (0)   :  0.012 0.007 0.024 0.006 0.835 0.006 0.082 0.010 0.018 
 52 TMA-ZAIN-G-    (0)   :  0.010 0.007 0.113 0.003 0.807 0.015 0.023 0.013 0.009 
 53 TMA-ZAIN-G-    (0)   :  0.018 0.166 0.187 0.006 0.556 0.007 0.038 0.010 0.012 
 54 TMA-ZAIN-G-    (0)   :  0.006 0.005 0.940 0.004 0.010 0.007 0.012 0.005 0.012 
 55 TMA-ZAIN-G-    (0)   :  0.005 0.005 0.869 0.003 0.030 0.011 0.027 0.010 0.039 
 56 TMA-ZAIN-G-    (0)   :  0.053 0.011 0.577 0.039 0.099 0.036 0.024 0.010 0.150 
 57 TMA-ZAIN-G-    (0)   :  0.010 0.008 0.926 0.008 0.017 0.018 0.006 0.004 0.005 
 58 TMA-ZAIN-G-    (0)   :  0.005 0.028 0.024 0.005 0.812 0.010 0.008 0.090 0.017 
 59 TMA-ZAIN-G-    (0)   :  0.086 0.639 0.048 0.036 0.034 0.051 0.011 0.032 0.064 
 60 TMA-ZAIN-G-    (0)   :  0.011 0.467 0.030 0.008 0.278 0.010 0.166 0.010 0.019 
 61 TMA-ZAIN-G-    (0)   :  0.004 0.934 0.017 0.003 0.009 0.004 0.004 0.022 0.003 
 62 TMA-ZAIN-G-    (9)   :  0.034 0.773 0.011 0.010 0.046 0.055 0.007 0.024 0.040 
 63 TMA-ZAIN-G-    (0)   :  0.004 0.942 0.013 0.003 0.012 0.006 0.007 0.007 0.006 
 64 TMA-ZAIN-G-    (0)   :  0.008 0.002 0.004 0.965 0.003 0.006 0.005 0.003 0.005 
 65 TMA-ZAIN-G-    (9)   :  0.007 0.003 0.007 0.940 0.004 0.022 0.007 0.003 0.009 
 66 TMA-ZAIN-G-    (0)   :  0.019 0.003 0.005 0.940 0.003 0.015 0.005 0.003 0.008 
 67 TMA-ZAIN-G-    (0)   :  0.087 0.004 0.005 0.833 0.011 0.029 0.003 0.013 0.015 
 68 TMA-ZAIN-G-    (0)   :  0.005 0.002 0.004 0.967 0.003 0.005 0.006 0.002 0.007 
 69 TMA-ZAIN-G-    (0)   :  0.045 0.021 0.014 0.780 0.020 0.062 0.019 0.030 0.008 
 70 TMA-ZAIN-G-    (0)   :  0.934 0.003 0.004 0.017 0.004 0.022 0.005 0.004 0.007 
 71 TMA-ZAIN-G-    (0)   :  0.961 0.003 0.003 0.005 0.004 0.012 0.004 0.003 0.006 
 72 TMA-ZAIN-G-    (0)   :  0.919 0.004 0.008 0.018 0.006 0.016 0.008 0.004 0.017 
 73 TMA-ZAIN-G-    (0)   :  0.869 0.023 0.018 0.007 0.029 0.011 0.004 0.032 0.007 
 74 TMA-ZAIN-G-    (0)   :  0.939 0.006 0.005 0.007 0.008 0.017 0.004 0.007 0.008 
 75 TMA-ZAIN-G-    (0)   :  0.944 0.005 0.009 0.006 0.006 0.014 0.006 0.003 0.007 
 76 TMA-ZAIN-G-    (0)   :  0.939 0.005 0.004 0.005 0.009 0.011 0.003 0.020 0.005 
 77 TMA-ZAIN-G-    (0)   :  0.952 0.003 0.005 0.006 0.006 0.006 0.007 0.006 0.010 
 78 TMA-ZAIN-G-    (0)   :  0.923 0.007 0.010 0.005 0.016 0.011 0.006 0.016 0.007 
 79 TMA-ZAIN-G-    (0)   :  0.941 0.004 0.007 0.004 0.008 0.009 0.007 0.011 0.008 
 80 TMA-ZAIN-G-    (0)   :  0.799 0.003 0.011 0.020 0.005 0.130 0.004 0.005 0.022 
 81 TMA-ZAIN-G-    (0)   :  0.942 0.004 0.007 0.005 0.007 0.014 0.007 0.006 0.009 
 82 TMA-ZAIN-G-    (0)   :  0.514 0.007 0.019 0.218 0.006 0.213 0.007 0.003 0.012 
 83 TMA-ZAIN-G-    (9)   :  0.039 0.063 0.019 0.053 0.022 0.745 0.005 0.035 0.018 
 84 TMA-ZAIN-G-    (0)   :  0.942 0.003 0.005 0.005 0.008 0.010 0.005 0.014 0.008 
 85 TMA-ZAIN-G-    (0)   :  0.011 0.021 0.769 0.006 0.142 0.010 0.007 0.026 0.008 
 86 TMA-ZAIN-G-    (0)   :  0.019 0.008 0.845 0.010 0.024 0.024 0.005 0.045 0.020 
 87 TMA-ZAIN-G-    (0)   :  0.014 0.035 0.673 0.006 0.062 0.011 0.005 0.185 0.010 
 88 TMA-ZAIN-G-    (0)   :  0.067 0.154 0.558 0.031 0.012 0.119 0.022 0.013 0.024 
 89 TMA-ZAIN-G-    (0)   :  0.044 0.019 0.821 0.017 0.006 0.031 0.030 0.018 0.014 
 90 TMA-ZAIN-G-    (0)   :  0.008 0.007 0.931 0.007 0.015 0.012 0.005 0.008 0.007 
 91 TMA-ZAIN-G-    (0)   :  0.011 0.025 0.909 0.008 0.013 0.010 0.008 0.008 0.010 
 92 TMA-ZAIN-G-    (0)   :  0.010 0.006 0.905 0.004 0.028 0.006 0.012 0.020 0.008 
 93 TMA-ZAIN-G-    (0)   :  0.007 0.017 0.910 0.005 0.027 0.004 0.015 0.009 0.006 
 94 TMA-ZAIN-G-    (0)   :  0.005 0.046 0.901 0.004 0.020 0.004 0.006 0.010 0.004 
 95 TMA-ZAIN-G-    (0)   :  0.019 0.009 0.005 0.016 0.887 0.008 0.025 0.007 0.024 
 96 TMA-ZAIN-G-    (0)   :  0.005 0.005 0.006 0.006 0.876 0.015 0.025 0.005 0.058 
 97 TMA-ZAIN-G-    (0)   :  0.012 0.937 0.011 0.006 0.010 0.005 0.007 0.007 0.005 
 98 TMA-ZAIN-G-    (0)   :  0.011 0.953 0.009 0.004 0.004 0.004 0.006 0.004 0.004 
 99 TMA-ZAIN-G-    (0)   :  0.027 0.765 0.004 0.023 0.008 0.119 0.008 0.013 0.034 
100 TMA-ZAIN-G-    (0)   :  0.006 0.912 0.028 0.005 0.018 0.004 0.007 0.017 0.004 
101 TMA-ZAIN-G-    (0)   :  0.014 0.936 0.009 0.005 0.008 0.011 0.006 0.006 0.005 
102 TMA-ZAIN-G-    (0)   :  0.026 0.589 0.014 0.012 0.055 0.043 0.037 0.185 0.039 
103 TMA-ZAIN-G-    (0)   :  0.010 0.887 0.009 0.006 0.031 0.020 0.008 0.016 0.012 
104 TMA-ZAIN-G-    (0)   :  0.003 0.967 0.004 0.002 0.006 0.004 0.004 0.005 0.004 
105 TMA-ZAIN-G-    (0)   :  0.011 0.895 0.011 0.006 0.024 0.023 0.008 0.008 0.014 
106 TMA-ZAIN-G-    (0)   :  0.210 0.004 0.007 0.044 0.005 0.065 0.094 0.003 0.569 
107 TMA-ZAIN-G-    (0)   :  0.468 0.005 0.006 0.010 0.005 0.473 0.010 0.003 0.021 
108 TMA-ZAIN-G-    (9)   :  0.174 0.334 0.024 0.010 0.051 0.110 0.072 0.054 0.171 
109 TMA-ZAIN-G-    (0)   :  0.013 0.320 0.051 0.170 0.042 0.179 0.023 0.005 0.197 
110 TMA-ZAIN-G-    (0)   :  0.126 0.073 0.026 0.008 0.114 0.267 0.022 0.154 0.209 
111 TMA-ZAIN-G-    (9)   :  0.051 0.543 0.030 0.015 0.078 0.161 0.004 0.096 0.022 
112 TMA-ZAIN-G-    (0)   :  0.048 0.294 0.024 0.021 0.117 0.156 0.039 0.053 0.247 
113 TMA-ZAIN-G-    (0)   :  0.019 0.915 0.017 0.010 0.005 0.014 0.006 0.008 0.006 
114 TMA-ZAIN-G-    (0)   :  0.003 0.965 0.004 0.003 0.005 0.003 0.002 0.011 0.003 
115 TMA-ZAIN-G-    (0)   :  0.004 0.967 0.004 0.003 0.005 0.005 0.004 0.006 0.003 
116 TMA-ZAIN-G-    (0)   :  0.014 0.006 0.010 0.011 0.005 0.937 0.005 0.003 0.009 
117 TMA-ZAIN-G-    (0)   :  0.153 0.010 0.065 0.257 0.019 0.171 0.087 0.004 0.234 
118 TMA-ZAIN-G-    (0)   :  0.012 0.007 0.008 0.022 0.006 0.912 0.014 0.003 0.016 
119 TMA-ZAIN-G-    (0)   :  0.062 0.028 0.009 0.037 0.025 0.802 0.006 0.020 0.010 
120 TMA-ZAIN-G-    (0)   :  0.023 0.009 0.015 0.021 0.012 0.838 0.052 0.004 0.026 
121 TMA-ZAIN-G-    (0)   :  0.046 0.015 0.021 0.144 0.011 0.651 0.021 0.004 0.088 
122 TMA-ZAIN-G-    (0)   :  0.203 0.006 0.030 0.041 0.016 0.486 0.012 0.008 0.198 
123 TMA-ZAIN-G-    (0)   :  0.005 0.946 0.006 0.004 0.010 0.005 0.012 0.008 0.004 
124 TMA-ZAIN-G-    (0)   :  0.007 0.005 0.005 0.004 0.006 0.009 0.009 0.003 0.952 
125 TMA-ZAIN-G-    (0)   :  0.007 0.003 0.063 0.035 0.004 0.008 0.031 0.002 0.847 
126 TMA-ZAIN-G-    (0)   :  0.006 0.004 0.011 0.005 0.005 0.015 0.038 0.003 0.914 
127 TMA-ZAIN-G-    (0)   :  0.005 0.003 0.005 0.006 0.004 0.008 0.010 0.003 0.957 
128 TMA-ZAIN-G-    (0)   :  0.008 0.004 0.007 0.024 0.005 0.012 0.009 0.003 0.928 
129 TMA-ZAIN-G-    (0)   :  0.007 0.006 0.006 0.006 0.005 0.009 0.014 0.003 0.945 
130 TMA-ZAIN-G-    (0)   :  0.008 0.007 0.045 0.008 0.006 0.026 0.064 0.003 0.832 
131 TMA-ZAIN-G-    (0)   :  0.006 0.004 0.006 0.005 0.006 0.009 0.015 0.003 0.946 
132 TMA-ZAIN-G-    (0)   :  0.015 0.004 0.026 0.045 0.004 0.023 0.019 0.003 0.860 
133 TMA-ZAIN-G-    (0)   :  0.063 0.003 0.043 0.082 0.015 0.060 0.109 0.013 0.611 
134 TMA-ZAIN-G-    (0)   :  0.058 0.003 0.034 0.061 0.006 0.074 0.237 0.008 0.518 
135 TMA-ZAIN-G-    (0)   :  0.150 0.004 0.016 0.026 0.004 0.495 0.019 0.007 0.280 
136 TMA-ZAIN-G-    (0)   :  0.069 0.007 0.020 0.595 0.005 0.194 0.009 0.005 0.097 
137 TMA-ZAIN-G-    (0)   :  0.098 0.006 0.009 0.006 0.006 0.785 0.005 0.007 0.077 
138 TMA-ZAIN-G-    (0)   :  0.020 0.004 0.012 0.013 0.003 0.310 0.024 0.003 0.611 
139 TMA-ZAIN-G-    (0)   :  0.039 0.005 0.064 0.014 0.004 0.485 0.018 0.005 0.367 
140 TMA-ZAIN-G-    (0)   :  0.136 0.003 0.004 0.008 0.006 0.715 0.006 0.004 0.116 
141 TMA-ZAIN-G-    (0)   :  0.478 0.006 0.007 0.007 0.006 0.355 0.024 0.004 0.114 
142 TMA-ZAIN-G-    (9)   :  0.182 0.003 0.005 0.013 0.005 0.735 0.008 0.003 0.046 
143 TMA-ZAIN-G-    (0)   :  0.060 0.004 0.005 0.014 0.005 0.645 0.011 0.003 0.253 
144 TMA-ZAIN-G-    (0)   :  0.017 0.004 0.023 0.006 0.012 0.813 0.013 0.006 0.107 
145 TMA-ZAIN-G-    (0)   :  0.108 0.003 0.012 0.262 0.004 0.561 0.007 0.002 0.041 
146 TMA-ZAIN-G-    (0)   :  0.711 0.004 0.004 0.006 0.003 0.256 0.005 0.003 0.009 
147 TMA-ZAIN-G-    (9)   :  0.564 0.003 0.005 0.010 0.004 0.392 0.006 0.003 0.012 
148 TMA-ZAIN-G-    (0)   :  0.452 0.003 0.034 0.006 0.004 0.290 0.126 0.003 0.084 
149 TMA-ZAIN-G-    (0)   :  0.218 0.026 0.082 0.008 0.014 0.462 0.037 0.018 0.135 
150 TMA-ZAIN-G-    (0)   :  0.108 0.022 0.086 0.049 0.012 0.666 0.019 0.015 0.024 
151 TMA-ZAIN-G-    (0)   :  0.011 0.003 0.004 0.012 0.004 0.907 0.014 0.002 0.043 
152 TMA-ZAIN-G-    (0)   :  0.007 0.004 0.004 0.006 0.003 0.959 0.008 0.002 0.007 
153 TMA-ZAIN-G-    (0)   :  0.020 0.003 0.009 0.011 0.003 0.834 0.025 0.002 0.091 
154 TMA-ZAIN-G-    (0)   :  0.007 0.003 0.005 0.005 0.003 0.961 0.005 0.002 0.008 
155 TMA-ZAIN-G-    (0)   :  0.015 0.004 0.003 0.008 0.004 0.941 0.007 0.003 0.015 
156 TMA-ZAIN-G-    (9)   :  0.007 0.006 0.011 0.004 0.004 0.874 0.042 0.003 0.050 
157 TMA-ZAIN-G-    (0)   :  0.014 0.005 0.006 0.007 0.004 0.796 0.094 0.003 0.072 
158 TMA-ZAIN-G-    (0)   :  0.023 0.003 0.004 0.005 0.005 0.944 0.004 0.003 0.010 
159 TMA-ZAIN-G-    (0)   :  0.250 0.004 0.005 0.010 0.003 0.712 0.004 0.002 0.009 
160 TMA-ZAIN-G-    (0)   :  0.122 0.005 0.006 0.019 0.003 0.833 0.004 0.002 0.006 
161 TMA-ZAIN-G-    (0)   :  0.032 0.003 0.018 0.007 0.005 0.786 0.019 0.003 0.128 
162 TMA-ZAIN-G-    (0)   :  0.010 0.024 0.014 0.006 0.008 0.909 0.004 0.014 0.013 
163 TMA-ZAIN-G-    (0)   :  0.007 0.003 0.003 0.004 0.003 0.969 0.003 0.002 0.006 
164 TMA-ZAIN-G-    (0)   :  0.011 0.005 0.006 0.006 0.004 0.954 0.004 0.003 0.007 
165 TMA-ZAIN-G-    (0)   :  0.014 0.004 0.004 0.006 0.003 0.953 0.003 0.002 0.011 
166 TMA-ZAIN-G-    (0)   :  0.142 0.003 0.009 0.010 0.004 0.761 0.006 0.002 0.063 
167 TMA-ZAIN-G-    (0)   :  0.785 0.005 0.005 0.005 0.006 0.130 0.008 0.005 0.051 
168 TMA-ZAIN-G-    (0)   :  0.898 0.007 0.005 0.012 0.005 0.022 0.036 0.003 0.012 
169 TMA-ZAIN-G-    (0)   :  0.873 0.003 0.005 0.074 0.003 0.026 0.005 0.003 0.008 
170 TMA-ZAIN-G-    (0)   :  0.625 0.015 0.004 0.019 0.017 0.072 0.110 0.009 0.130 
171 TMA-ZAIN-G-    (0)   :  0.948 0.004 0.004 0.012 0.003 0.017 0.004 0.003 0.005 
172 TMA-ZAIN-G-    (0)   :  0.102 0.004 0.004 0.005 0.006 0.054 0.021 0.004 0.801 
173 TMA-ZAIN-G-    (0)   :  0.052 0.003 0.005 0.007 0.006 0.028 0.022 0.004 0.873 
174 TMA-ZAIN-G-    (0)   :  0.147 0.003 0.008 0.052 0.005 0.101 0.006 0.002 0.676 
175 TMA-ZAIN-G-    (0)   :  0.925 0.003 0.004 0.008 0.003 0.043 0.004 0.003 0.006 
176 TMA-ZAIN-G-    (0)   :  0.867 0.004 0.004 0.005 0.003 0.099 0.005 0.003 0.010 
177 TMA-ZAIN-G-    (0)   :  0.679 0.004 0.004 0.004 0.005 0.238 0.034 0.003 0.029 
178 TMA-ZAIN-G-    (0)   :  0.202 0.005 0.005 0.005 0.008 0.210 0.082 0.004 0.479 
179 TMA-ZAIN-G-    (0)   :  0.445 0.003 0.005 0.009 0.005 0.347 0.039 0.003 0.144 
180 TMA-ZAIN-G-    (0)   :  0.014 0.004 0.019 0.075 0.007 0.036 0.021 0.007 0.816 
181 TMA-ZAIN-G-    (0)   :  0.012 0.005 0.005 0.007 0.004 0.050 0.153 0.003 0.762 
182 TMA-ZAIN-G-    (0)   :  0.010 0.008 0.005 0.003 0.005 0.037 0.151 0.003 0.778 
183 TMA-ZAIN-G-    (0)   :  0.018 0.004 0.004 0.006 0.004 0.028 0.207 0.003 0.725 
184 TMA-ZAIN-G-    (0)   :  0.014 0.032 0.023 0.008 0.013 0.055 0.035 0.018 0.801 
185 TMA-ZAIN-G-    (0)   :  0.008 0.015 0.025 0.005 0.021 0.010 0.005 0.023 0.889 
186 TMA-ZAIN-G-    (9)   :  0.013 0.004 0.005 0.006 0.009 0.011 0.005 0.005 0.943 
187 TMA-ZAIN-G-    (0)   :  0.042 0.004 0.003 0.013 0.005 0.025 0.017 0.003 0.886 
188 TMA-ZAIN-G-    (0)   :  0.044 0.003 0.004 0.015 0.004 0.015 0.010 0.002 0.903 
189 TMA-ZAIN-G-    (0)   :  0.007 0.002 0.003 0.011 0.003 0.007 0.009 0.003 0.956 
190 TMA-ZAIN-G-    (0)   :  0.069 0.003 0.005 0.022 0.007 0.023 0.085 0.003 0.784 
191 TMA-ZAIN-G-    (0)   :  0.012 0.014 0.013 0.006 0.010 0.008 0.006 0.021 0.910 
192 TMA-ZAIN-G-    (0)   :  0.015 0.004 0.005 0.005 0.005 0.008 0.027 0.010 0.921 
193 TMA-ZAIN-G-    (0)   :  0.003 0.003 0.004 0.004 0.003 0.003 0.973 0.003 0.005 
194 TMA-ZAIN-G-    (0)   :  0.007 0.002 0.012 0.010 0.013 0.005 0.895 0.006 0.049 
195 TMA-ZAIN-G-    (0)   :  0.041 0.003 0.005 0.034 0.011 0.016 0.820 0.003 0.067 
196 TMA-ZAIN-G-    (0)   :  0.006 0.003 0.005 0.011 0.004 0.006 0.951 0.003 0.012 
197 TMA-ZAIN-G-    (0)   :  0.010 0.003 0.006 0.010 0.004 0.007 0.947 0.003 0.010 
198 TMA-ZAIN-G-    (0)   :  0.010 0.003 0.004 0.006 0.003 0.009 0.950 0.003 0.011 
199 TMA-ZAIN-G-    (0)   :  0.009 0.003 0.007 0.005 0.006 0.011 0.008 0.004 0.948 
200 TMA-ZAIN-G-    (0)   :  0.003 0.016 0.004 0.004 0.040 0.003 0.051 0.874 0.005 
201 TMA-ZAIN-G-    (0)   :  0.005 0.007 0.004 0.005 0.013 0.004 0.003 0.956 0.004 
202 TMA-ZAIN-G-    (0)   :  0.004 0.015 0.003 0.003 0.014 0.006 0.038 0.909 0.010 
203 TMA-ZAIN-G-    (0)   :  0.015 0.024 0.006 0.004 0.004 0.030 0.848 0.003 0.066 
204 TMA-ZAIN-G-    (9)   :  0.023 0.005 0.038 0.011 0.015 0.006 0.007 0.888 0.007 
205 TMA-ZAIN-G-    (0)   :  0.031 0.007 0.016 0.007 0.023 0.106 0.008 0.793 0.009 
206 TMA-ZAIN-G-    (9)   :  0.016 0.015 0.022 0.012 0.028 0.011 0.063 0.811 0.021 
207 TMA-ZAIN-G-    (9)   :  0.037 0.014 0.125 0.060 0.060 0.647 0.011 0.013 0.034 
208 TMA-ZAIN-G-    (0)   :  0.093 0.002 0.004 0.043 0.004 0.825 0.004 0.003 0.022 
209 TMA-ZAIN-G-    (0)   :  0.139 0.003 0.054 0.015 0.004 0.133 0.261 0.003 0.389 
210 TMA-ZAIN-G-    (0)   :  0.141 0.004 0.018 0.106 0.006 0.100 0.373 0.003 0.249 
211 TMA-ZAIN-G-    (0)   :  0.136 0.013 0.015 0.029 0.032 0.084 0.117 0.024 0.551 
212 TMA-ZAIN-G-    (0)   :  0.025 0.004 0.010 0.019 0.006 0.390 0.023 0.005 0.517 
213 TMA-ZAIN-G-    (0)   :  0.078 0.003 0.007 0.006 0.005 0.360 0.034 0.004 0.501 
214 TMA-ZAIN-G-    (0)   :  0.065 0.003 0.007 0.048 0.004 0.154 0.025 0.003 0.691 
215 TMA-ZAIN-G-    (0)   :  0.339 0.004 0.003 0.005 0.205 0.062 0.006 0.011 0.365 
216 TMA-ZAIN-G-    (0)   :  0.014 0.003 0.007 0.005 0.006 0.025 0.011 0.004 0.924 
217 TMA-ZAIN-G-    (0)   :  0.233 0.004 0.008 0.134 0.004 0.110 0.101 0.003 0.404 
218 TMA-ZAIN-G-    (0)   :  0.008 0.006 0.005 0.012 0.949 0.005 0.004 0.004 0.008 
219 TMA-ZAIN-G-    (0)   :  0.004 0.005 0.010 0.003 0.953 0.004 0.004 0.011 0.006 
220 TMA-ZAIN-G-    (0)   :  0.012 0.062 0.011 0.014 0.853 0.028 0.007 0.004 0.009 
221 TMA-ZAIN-G-    (0)   :  0.011 0.005 0.007 0.007 0.908 0.010 0.008 0.021 0.023 
222 TMA-ZAIN-G-    (0)   :  0.010 0.036 0.017 0.014 0.884 0.016 0.006 0.010 0.009 
223 TMA-ZAIN-G-    (0)   :  0.004 0.007 0.006 0.004 0.960 0.004 0.003 0.009 0.004 
224 TMA-ZAIN-G-    (0)   :  0.007 0.014 0.015 0.005 0.910 0.005 0.009 0.017 0.017 
225 TMA-ZAIN-G-    (0)   :  0.004 0.011 0.004 0.002 0.950 0.004 0.011 0.009 0.005 
226 TMA-ZAIN-G-    (0)   :  0.008 0.015 0.006 0.005 0.923 0.007 0.018 0.009 0.007 
227 TMA-ZAIN-G-    (0)   :  0.008 0.011 0.005 0.004 0.901 0.008 0.024 0.028 0.009 
228 TMA-ZAIN-G-    (0)   :  0.026 0.016 0.009 0.007 0.903 0.013 0.006 0.012 0.009 
229 TMA-ZAIN-G-    (0)   :  0.005 0.026 0.008 0.011 0.874 0.003 0.003 0.068 0.003 
230 TMA-ZAIN-G-    (0)   :  0.086 0.055 0.057 0.019 0.689 0.010 0.025 0.007 0.052 
231 TMA-ZAIN-G-    (0)   :  0.038 0.159 0.029 0.012 0.141 0.060 0.012 0.534 0.014 
232 TMA-ZAIN-G-    (9)   :  0.018 0.281 0.014 0.055 0.057 0.013 0.010 0.511 0.040 
233 TMA-ZAIN-G-    (0)   :  0.027 0.005 0.016 0.042 0.857 0.009 0.009 0.025 0.010 
234 TMA-ZAIN-G-    (0)   :  0.006 0.299 0.021 0.007 0.586 0.009 0.011 0.058 0.004 
235 TMA-ZAIN-G-    (0)   :  0.039 0.157 0.014 0.004 0.685 0.014 0.023 0.028 0.036 
236 TMA-ZAIN-G-    (0)   :  0.013 0.070 0.007 0.008 0.777 0.012 0.030 0.071 0.012 
237 TMA-ZAIN-G-    (0)   :  0.284 0.235 0.016 0.019 0.361 0.026 0.014 0.014 0.031 
238 TMA-ZAIN-G-    (0)   :  0.032 0.053 0.006 0.005 0.816 0.028 0.007 0.033 0.022 
239 TMA-ZAIN-G-    (0)   :  0.004 0.005 0.035 0.017 0.005 0.005 0.137 0.758 0.034 
240 TMA-ZAIN-G-    (0)   :  0.005 0.004 0.006 0.003 0.005 0.003 0.004 0.968 0.003 
241 TMA-ZAIN-G-    (0)   :  0.013 0.004 0.005 0.004 0.004 0.007 0.004 0.955 0.005 
242 TMA-ZAIN-G-    (0)   :  0.007 0.003 0.004 0.005 0.004 0.007 0.002 0.962 0.005 
243 TMA-ZAIN-G-    (0)   :  0.016 0.003 0.005 0.008 0.004 0.008 0.004 0.947 0.006 
244 TMA-ZAIN-G-    (0)   :  0.017 0.004 0.003 0.009 0.005 0.016 0.003 0.936 0.007 
245 TMA-ZAIN-G-    (9)   :  0.004 0.004 0.003 0.002 0.004 0.004 0.003 0.973 0.003 
246 TMA-ZAIN-G-    (0)   :  0.003 0.003 0.004 0.003 0.004 0.003 0.002 0.974 0.003 
247 TMA-ZAIN-G-    (0)   :  0.004 0.002 0.005 0.005 0.004 0.005 0.002 0.969 0.005 
248 TMA-ZAIN-G-    (0)   :  0.007 0.004 0.004 0.005 0.006 0.006 0.010 0.951 0.007 
249 TMA-ZAIN-G-    (0)   :  0.003 0.003 0.003 0.003 0.005 0.004 0.007 0.966 0.005 
250 TMA-ZAIN-G-    (0)   :  0.003 0.003 0.003 0.006 0.005 0.003 0.004 0.968 0.005 
251 TMA-ZAIN-G-    (0)   :  0.004 0.005 0.965 0.004 0.005 0.005 0.006 0.003 0.004 
252 TMA-ZAIN-G-    (0)   :  0.036 0.004 0.867 0.034 0.006 0.037 0.006 0.003 0.008 
253 TMA-ZAIN-G-    (0)   :  0.004 0.006 0.959 0.006 0.003 0.011 0.005 0.003 0.004 
254 TMA-ZAIN-G-    (9)   :  0.009 0.010 0.917 0.013 0.005 0.028 0.006 0.003 0.009 
255 TMA-ZAIN-G-    (0)   :  0.005 0.011 0.940 0.008 0.004 0.006 0.005 0.017 0.005 
256 TMA-ZAIN-G-    (0)   :  0.006 0.006 0.940 0.005 0.004 0.007 0.018 0.007 0.006 
257 TMA-ZAIN-G-    (0)   :  0.003 0.004 0.964 0.003 0.004 0.003 0.012 0.003 0.004 
258 TMA-ZAIN-G-    (0)   :  0.003 0.003 0.971 0.004 0.003 0.004 0.005 0.003 0.003 
259 TMA-ZAIN-G-    (0)   :  0.003 0.003 0.968 0.005 0.004 0.003 0.005 0.004 0.004 
260 TMA-ZAIN-G-    (0)   :  0.004 0.004 0.962 0.009 0.004 0.003 0.006 0.004 0.004 
261 TMA-ZAIN-G-   (18)   :  0.005 0.005 0.948 0.011 0.006 0.006 0.009 0.004 0.006 
262 TMA-ZAIN-G-    (0)   :  0.003 0.004 0.970 0.003 0.003 0.003 0.007 0.003 0.004 
263 TMA-ZAIN-G-    (0)   :  0.003 0.006 0.967 0.004 0.003 0.005 0.005 0.003 0.004 
264 TMA-ZAIN-G-    (0)   :  0.004 0.009 0.961 0.004 0.004 0.005 0.005 0.003 0.004 
265 TMA-ZAIN-G-    (0)   :  0.027 0.016 0.650 0.032 0.201 0.025 0.012 0.015 0.023 
266 TMA-ZAIN-G-    (0)   :  0.016 0.014 0.727 0.021 0.021 0.035 0.067 0.008 0.090 
267 TMA-ZAIN-G-    (0)   :  0.024 0.020 0.543 0.015 0.057 0.012 0.008 0.310 0.011 
268 TMA-ZAIN-G-    (0)   :  0.004 0.068 0.006 0.004 0.006 0.004 0.003 0.901 0.004 
269 TMA-ZAIN-G-    (0)   :  0.007 0.253 0.009 0.005 0.035 0.007 0.004 0.674 0.006 
270 TMA-ZAIN-G-    (0)   :  0.007 0.063 0.012 0.004 0.019 0.006 0.004 0.878 0.005 
271 TMA-ZAIN-G-    (0)   :  0.005 0.032 0.007 0.003 0.010 0.006 0.003 0.930 0.004 
272 TMA-ZAIN-G-    (0)   :  0.006 0.025 0.005 0.003 0.054 0.005 0.003 0.894 0.005 
273 TMA-ZAIN-G-    (0)   :  0.003 0.016 0.004 0.002 0.017 0.003 0.003 0.950 0.003 
274 TMA-ZAIN-G-    (0)   :  0.015 0.029 0.009 0.010 0.018 0.009 0.048 0.839 0.025 
275 TMA-ZAIN-G-    (0)   :  0.003 0.007 0.003 0.002 0.008 0.004 0.003 0.966 0.004 
276 TMA-ZAIN-G-    (0)   :  0.004 0.008 0.003 0.003 0.004 0.004 0.003 0.967 0.003 
277 TMA-ZAIN-G-    (0)   :  0.005 0.010 0.006 0.005 0.006 0.004 0.005 0.956 0.003 
278 TMA-ZAIN-G-    (0)   :  0.004 0.006 0.005 0.003 0.006 0.003 0.003 0.967 0.003 
279 TMA-ZAIN-G-    (0)   :  0.004 0.010 0.004 0.003 0.018 0.005 0.006 0.945 0.006 
280 TMA-ZAIN-G-    (0)   :  0.005 0.115 0.004 0.002 0.054 0.006 0.008 0.797 0.009 
281 TMA-ZAIN-G-    (0)   :  0.004 0.038 0.005 0.003 0.012 0.004 0.006 0.922 0.005 
282 TMA-ZAIN-G-    (9)   :  0.003 0.014 0.005 0.003 0.007 0.003 0.003 0.958 0.003 
283 TMA-ZAIN-G-    (0)   :  0.012 0.086 0.146 0.006 0.071 0.017 0.005 0.645 0.011 
284 TMA-ZAIN-G-    (0)   :  0.008 0.174 0.168 0.004 0.149 0.018 0.006 0.459 0.014 
285 TMA-ZAIN-G-    (0)   :  0.022 0.038 0.031 0.025 0.021 0.016 0.011 0.811 0.025 
286 TMA-ZAIN-G-    (0)   :  0.004 0.030 0.009 0.003 0.011 0.004 0.003 0.933 0.004 
287 TMA-ZAIN-G-    (0)   :  0.012 0.026 0.006 0.010 0.008 0.005 0.015 0.908 0.009 
288 TMA-ZAIN-G-    (0)   :  0.026 0.112 0.013 0.010 0.123 0.015 0.059 0.596 0.046 
289 TMA-ZAIN-G-    (0)   :  0.019 0.022 0.009 0.018 0.014 0.008 0.024 0.869 0.017 
290 TMA-ZAIN-G-    (0)   :  0.006 0.432 0.008 0.003 0.065 0.010 0.011 0.452 0.013 
291 TMA-ZAIN-G-    (0)   :  0.004 0.011 0.007 0.004 0.944 0.005 0.005 0.015 0.006 
292 TMA-ZAIN-G-    (0)   :  0.662 0.009 0.005 0.007 0.017 0.148 0.027 0.012 0.114 
293 TMA-ZAIN-G-    (0)   :  0.130 0.004 0.027 0.025 0.014 0.665 0.023 0.013 0.100 
294 TMA-ZAIN-G-    (0)   :  0.809 0.003 0.006 0.010 0.005 0.146 0.004 0.004 0.013 
295 TMA-ZAIN-G-    (9)   :  0.790 0.004 0.008 0.014 0.010 0.145 0.005 0.007 0.017 
296 TMA-ZAIN-G-    (0)   :  0.223 0.012 0.013 0.007 0.014 0.622 0.046 0.006 0.056 
297 TMA-ZAIN-G-    (0)   :  0.116 0.006 0.029 0.027 0.009 0.614 0.118 0.006 0.076 
298 TMA-ZAIN-G-    (0)   :  0.836 0.014 0.043 0.008 0.014 0.051 0.005 0.017 0.014 
299 TMA-ZAIN-G-    (0)   :  0.955 0.003 0.003 0.007 0.004 0.012 0.004 0.004 0.006 
300 TMA-ZAIN-G-    (0)   :  0.871 0.003 0.007 0.032 0.007 0.032 0.007 0.006 0.036 
301 TMA-ZAIN-G-    (0)   :  0.783 0.005 0.006 0.033 0.008 0.050 0.036 0.007 0.071 
302 TMA-ZAIN-G-    (9)   :  0.686 0.004 0.006 0.007 0.005 0.207 0.018 0.004 0.063 
303 TMA-ZAIN-G-    (0)   :  0.004 0.017 0.031 0.002 0.786 0.004 0.122 0.007 0.027 
304 TMA-ZAIN-G-    (0)   :  0.018 0.019 0.556 0.160 0.010 0.087 0.039 0.009 0.102 
305 TMA-ZAIN-G-    (0)   :  0.189 0.003 0.010 0.020 0.006 0.695 0.013 0.004 0.059 
306 TMA-ZAIN-G-    (0)   :  0.089 0.112 0.380 0.018 0.011 0.278 0.027 0.030 0.055 
307 TMA-ZAIN-G-    (0)   :  0.015 0.012 0.398 0.337 0.006 0.088 0.015 0.013 0.116 
308 TMA-ZAIN-G-    (0)   :  0.005 0.032 0.788 0.016 0.117 0.004 0.013 0.019 0.007 
309 TMA-ZAIN-G-    (0)   :  0.022 0.004 0.004 0.007 0.005 0.012 0.025 0.003 0.919 
310 TMA-ZAIN-G-    (0)   :  0.718 0.007 0.019 0.008 0.014 0.136 0.004 0.029 0.065 
311 TMA-ZAIN-G-    (0)   :  0.215 0.045 0.060 0.008 0.027 0.483 0.018 0.009 0.134 
312 TMA-ZAIN-G-    (0)   :  0.044 0.005 0.009 0.009 0.018 0.040 0.020 0.005 0.852 
313 TMA-ZAIN-G-    (0)   :  0.126 0.014 0.663 0.030 0.005 0.064 0.021 0.004 0.073 
314 TMA-ZAIN-G-    (0)   :  0.012 0.333 0.016 0.011 0.324 0.009 0.018 0.247 0.031 
315 TMA-ZAIN-G-    (0)   :  0.328 0.007 0.018 0.046 0.025 0.097 0.008 0.399 0.072 
316 TMA-ZAIN-G-    (0)   :  0.274 0.010 0.020 0.046 0.069 0.107 0.007 0.411 0.057 
317 TMA-ZAIN-G-    (0)   :  0.017 0.039 0.013 0.004 0.887 0.006 0.007 0.022 0.005 
318 TMA-ZAIN-G-    (9)   :  0.016 0.351 0.048 0.010 0.142 0.006 0.009 0.412 0.006 
319 TMA-ZAIN-G-    (0)   :  0.005 0.024 0.009 0.004 0.293 0.005 0.495 0.158 0.008 
320 TMA-ZAIN-G-    (0)   :  0.433 0.007 0.006 0.014 0.407 0.074 0.010 0.008 0.042 
321 TMA-ZAIN-G-    (0)   :  0.074 0.065 0.013 0.018 0.110 0.107 0.006 0.111 0.496 
322 TMA-ZAIN-G-    (0)   :  0.068 0.072 0.058 0.034 0.409 0.193 0.007 0.009 0.150 
323 TMA-ZAIN-G-    (0)   :  0.006 0.007 0.013 0.018 0.845 0.008 0.061 0.016 0.026 
324 TMA-ZAIN-G-    (0)   :  0.011 0.006 0.017 0.011 0.007 0.890 0.031 0.004 0.021 
325 TMA-ZAIN-G-    (0)   :  0.010 0.005 0.008 0.005 0.893 0.012 0.006 0.048 0.014 
326 TMA-ZAIN-G-    (0)   :  0.006 0.002 0.014 0.005 0.574 0.012 0.370 0.004 0.014 
327 TMA-ZAIN-G-    (0)   :  0.008 0.003 0.012 0.032 0.005 0.008 0.878 0.003 0.051 
328 TMA-ZAIN-G-    (0)   :  0.011 0.302 0.017 0.253 0.161 0.025 0.063 0.090 0.078 
329 TMA-ZAIN-G-    (0)   :  0.381 0.004 0.033 0.076 0.013 0.057 0.037 0.007 0.391 
330 TMA-ZAIN-G-    (0)   :  0.075 0.004 0.032 0.054 0.008 0.030 0.019 0.003 0.776 
331 TMA-ZAIN-G-    (0)   :  0.181 0.022 0.142 0.006 0.044 0.026 0.009 0.062 0.508 
332 TMA-ZAIN-G-    (0)   :  0.014 0.003 0.004 0.011 0.004 0.039 0.299 0.002 0.624 
333 TMA-ZAIN-G-    (0)   :  0.003 0.003 0.004 0.003 0.003 0.003 0.968 0.002 0.009 
334 TMA-ZAIN-G-    (0)   :  0.004 0.013 0.008 0.003 0.011 0.004 0.004 0.951 0.004 
335 TMA-ZAIN-G-    (0)   :  0.005 0.004 0.004 0.006 0.005 0.004 0.003 0.965 0.004 
336 TMA-ZAIN-G-    (0)   :  0.011 0.015 0.012 0.006 0.017 0.007 0.006 0.918 0.008 
337 TMA-ZAIN-G-    (9)   :  0.007 0.073 0.007 0.004 0.036 0.007 0.004 0.856 0.006 
338 TMA-ZAIN-G-    (0)   :  0.004 0.030 0.007 0.003 0.010 0.004 0.003 0.936 0.003 
339 TMA-ZAIN-G-    (0)   :  0.002 0.014 0.004 0.002 0.006 0.002 0.002 0.965 0.002 
340 TMA-ZAIN-G-    (0)   :  0.003 0.006 0.003 0.003 0.005 0.003 0.002 0.971 0.003 
341 TMA-ZAIN-G-    (0)   :  0.004 0.009 0.003 0.004 0.005 0.005 0.003 0.962 0.005 
342 TMA-ZAIN-G-    (0)   :  0.005 0.008 0.005 0.004 0.007 0.004 0.003 0.959 0.004 
343 TMA-ZAIN-G-    (0)   :  0.003 0.025 0.003 0.002 0.007 0.003 0.003 0.950 0.004 
344 TMA-ZAIN-G-    (0)   :  0.005 0.008 0.005 0.003 0.011 0.004 0.006 0.951 0.006 
345 TMA-ZAIN-G-    (0)   :  0.003 0.005 0.005 0.003 0.004 0.003 0.003 0.972 0.003 
346 TMA-ZAIN-G-    (0)   :  0.007 0.026 0.005 0.003 0.014 0.005 0.011 0.917 0.011 
347 TMA-ZAIN-G-    (9)   :  0.003 0.008 0.003 0.003 0.006 0.003 0.003 0.968 0.003 
348 TMA-ZAIN-G-    (0)   :  0.006 0.021 0.009 0.004 0.013 0.005 0.005 0.931 0.005 
349 TMA-ZAIN-G-    (0)   :  0.005 0.016 0.005 0.003 0.007 0.004 0.004 0.954 0.003 
350 TMA-ZAIN-G-    (0)   :  0.008 0.026 0.005 0.005 0.047 0.008 0.007 0.886 0.009 
351 TMA-ZAIN-G-    (0)   :  0.004 0.007 0.005 0.004 0.007 0.003 0.004 0.963 0.003 
352 TMA-ZAIN-G-    (0)   :  0.008 0.008 0.007 0.007 0.007 0.008 0.004 0.944 0.006 
353 TMA-ZAIN-G-    (0)   :  0.006 0.038 0.005 0.003 0.025 0.008 0.012 0.892 0.011 
354 TMA-ZAIN-G-    (0)   :  0.004 0.007 0.003 0.002 0.012 0.006 0.005 0.952 0.009 
355 TMA-ZAIN-G-    (0)   :  0.007 0.015 0.003 0.004 0.009 0.011 0.008 0.931 0.012 
356 TMA-ZAIN-G-    (0)   :  0.007 0.003 0.012 0.032 0.010 0.928 0.002 0.002 0.004 
357 TMA-ZAIN-G-    (0)   :  0.079 0.009 0.011 0.061 0.009 0.390 0.325 0.003 0.113 
358 TMA-ZAIN-G-    (0)   :  0.102 0.050 0.025 0.116 0.031 0.097 0.015 0.022 0.542 
359 TMA-ZAIN-G-    (0)   :  0.087 0.011 0.106 0.333 0.061 0.360 0.005 0.027 0.011 
360 TMA-ZAIN-G-    (0)   :  0.111 0.003 0.007 0.017 0.006 0.824 0.003 0.005 0.023 
361 TMA-ZAIN-G-    (0)   :  0.034 0.009 0.010 0.020 0.007 0.132 0.025 0.003 0.759 
362 TMA-ZAIN-G-    (0)   :  0.033 0.007 0.005 0.010 0.019 0.858 0.003 0.057 0.007 
363 TMA-ZAIN-G-    (0)   :  0.360 0.004 0.018 0.017 0.029 0.100 0.066 0.010 0.396 
364 TMA-ZAIN-G-    (0)   :  0.038 0.236 0.017 0.015 0.633 0.015 0.011 0.016 0.019 
365 TMA-ZAIN-G-    (0)   :  0.084 0.011 0.005 0.035 0.065 0.500 0.004 0.160 0.136 
366 TMA-ZAIN-G-    (0)   :  0.688 0.004 0.019 0.082 0.005 0.173 0.003 0.006 0.018 
367 TMA-ZAIN-G-    (0)   :  0.016 0.099 0.063 0.008 0.023 0.068 0.039 0.006 0.679 
368 TMA-ZAIN-G-    (0)   :  0.851 0.004 0.010 0.060 0.005 0.037 0.006 0.004 0.022 
369 TMA-ZAIN-G-    (0)   :  0.012 0.002 0.005 0.020 0.004 0.012 0.014 0.003 0.929 
370 TMA-ZAIN-G-    (0)   :  0.050 0.005 0.004 0.009 0.005 0.015 0.018 0.003 0.891 
371 TMA-ZAIN-G-    (0)   :  0.205 0.005 0.006 0.032 0.004 0.722 0.009 0.003 0.013 
372 TMA-ZAIN-G-    (0)   :  0.171 0.004 0.008 0.030 0.004 0.605 0.005 0.004 0.169 
373 TMA-ZAIN-G-    (0)   :  0.005 0.003 0.006 0.006 0.008 0.006 0.461 0.003 0.501 
374 TMA-ZAIN-G-    (0)   :  0.023 0.317 0.159 0.007 0.055 0.042 0.124 0.008 0.265 
375 TMA-ZAIN-G-    (0)   :  0.022 0.048 0.007 0.010 0.633 0.030 0.050 0.010 0.190 
376 TMA-ZAIN-G-    (9)   :  0.041 0.004 0.003 0.004 0.004 0.892 0.004 0.003 0.044 
377 TMA-ZAIN-G-    (0)   :  0.186 0.003 0.005 0.024 0.003 0.740 0.005 0.002 0.032 
378 TMA-ZAIN-G-    (0)   :  0.018 0.003 0.003 0.016 0.003 0.931 0.008 0.002 0.015 
379 TMA-ZAIN-G-    (0)   :  0.008 0.003 0.008 0.010 0.003 0.941 0.012 0.002 0.011 
380 TMA-ZAIN-G-    (0)   :  0.804 0.003 0.008 0.056 0.005 0.062 0.008 0.004 0.051 
381 TMA-ZAIN-G-    (9)   :  0.159 0.009 0.072 0.098 0.558 0.045 0.014 0.013 0.032 
382 TMA-ZAIN-G-    (9)   :  0.014 0.619 0.009 0.004 0.246 0.006 0.010 0.074 0.018 
383    ZFB01    (0)   :  0.005 0.964 0.004 0.003 0.004 0.005 0.003 0.008 0.004 
384    ZFB02    (0)   :  0.003 0.935 0.009 0.003 0.006 0.004 0.002 0.034 0.003 
385    ZFB03    (0)   :  0.004 0.955 0.005 0.003 0.008 0.006 0.009 0.004 0.006 
386    ZFB04    (0)   :  0.005 0.931 0.006 0.003 0.005 0.006 0.002 0.039 0.004 
387    ZFB05    (0)   :  0.003 0.797 0.013 0.012 0.042 0.004 0.012 0.111 0.006 
388    ZFB06    (0)   :  0.003 0.870 0.008 0.013 0.037 0.004 0.012 0.048 0.006 
389    ZFB07    (9)   :  0.008 0.937 0.005 0.004 0.012 0.009 0.005 0.011 0.008 
390    ZFB08    (0)   :  0.007 0.945 0.007 0.006 0.008 0.008 0.005 0.006 0.007 
391    ZFB09    (0)   :  0.003 0.971 0.004 0.003 0.005 0.004 0.003 0.005 0.003 
392    ZFB10    (0)   :  0.016 0.914 0.006 0.006 0.004 0.030 0.002 0.010 0.011 
393    ZFB11    (0)   :  0.012 0.936 0.007 0.003 0.004 0.011 0.003 0.018 0.005 
394    ZFB12    (0)   :  0.012 0.893 0.005 0.004 0.021 0.009 0.008 0.038 0.009 
395    ZFB13    (0)   :  0.012 0.935 0.005 0.007 0.012 0.010 0.004 0.007 0.008 
396    ZFB14    (0)   :  0.006 0.964 0.005 0.003 0.004 0.007 0.003 0.004 0.004 
397    ZFB15    (0)   :  0.003 0.961 0.003 0.002 0.005 0.003 0.003 0.016 0.003 
398    ZFB16    (0)   :  0.007 0.944 0.004 0.004 0.008 0.007 0.003 0.016 0.006 
399    ZFB17    (0)   :  0.009 0.872 0.023 0.013 0.024 0.015 0.004 0.027 0.013 
400    ZFB18    (0)   :  0.004 0.971 0.004 0.003 0.004 0.005 0.003 0.004 0.003 
401    ZFB19    (0)   :  0.027 0.871 0.005 0.008 0.019 0.037 0.005 0.007 0.022 
402    ZFB20    (0)   :  0.006 0.914 0.004 0.004 0.007 0.007 0.003 0.048 0.006 
403    ZFB21    (0)   :  0.003 0.962 0.003 0.003 0.007 0.003 0.004 0.012 0.003 
404    ZFB22    (0)   :  0.010 0.844 0.008 0.012 0.011 0.015 0.004 0.083 0.013 
405    ZFB23    (0)   :  0.011 0.927 0.007 0.004 0.006 0.010 0.005 0.024 0.005 
406    ZFB24    (0)   :  0.012 0.918 0.007 0.004 0.005 0.009 0.003 0.038 0.005 
407    ZFB25    (0)   :  0.017 0.911 0.005 0.005 0.004 0.038 0.004 0.006 0.011 
408    ZFB26    (0)   :  0.033 0.847 0.010 0.005 0.006 0.024 0.004 0.060 0.011 
409    ZFB27    (0)   :  0.011 0.878 0.005 0.003 0.005 0.010 0.003 0.079 0.006 
410    ZFB28    (0)   :  0.013 0.805 0.011 0.003 0.037 0.008 0.006 0.107 0.009 
411    ZFB29    (0)   :  0.006 0.948 0.008 0.003 0.006 0.004 0.002 0.020 0.003 
412    ZFB30    (0)   :  0.007 0.748 0.005 0.013 0.033 0.008 0.013 0.162 0.011 
413    ZFB31    (0)   :  0.012 0.937 0.004 0.005 0.005 0.020 0.004 0.006 0.008 
414    ZFB32    (0)   :  0.024 0.787 0.036 0.005 0.047 0.016 0.011 0.061 0.013 
415    ZFB33    (0)   :  0.004 0.965 0.004 0.003 0.004 0.004 0.003 0.011 0.003 
416    ZFB34    (0)   :  0.003 0.969 0.005 0.003 0.005 0.004 0.003 0.004 0.003 
417    ZFB35    (0)   :  0.007 0.950 0.006 0.004 0.005 0.008 0.005 0.010 0.006 
418  ZFBP101    (0)   :  0.147 0.010 0.116 0.051 0.012 0.164 0.017 0.007 0.476 
419  ZFBP102    (0)   :  0.394 0.013 0.018 0.015 0.012 0.091 0.006 0.009 0.441 
420  ZFBP103    (0)   :  0.026 0.007 0.141 0.013 0.008 0.136 0.021 0.005 0.642 
421  ZFBP104    (0)   :  0.084 0.038 0.004 0.009 0.035 0.208 0.009 0.015 0.599 
422  ZFBP105    (0)   :  0.762 0.006 0.004 0.005 0.006 0.083 0.011 0.005 0.119 
423  ZFBP106    (0)   :  0.574 0.003 0.008 0.014 0.005 0.285 0.022 0.003 0.085 
424  ZFBP107    (0)   :  0.399 0.006 0.008 0.005 0.009 0.124 0.016 0.012 0.422 
425  ZFBP108    (0)   :  0.139 0.003 0.003 0.007 0.003 0.819 0.008 0.003 0.014 
426  ZFBP109    (0)   :  0.625 0.006 0.004 0.006 0.003 0.316 0.006 0.002 0.031 
427  ZFBP110    (0)   :  0.207 0.043 0.042 0.006 0.037 0.268 0.120 0.008 0.270 
428  ZFBP111    (0)   :  0.155 0.003 0.005 0.137 0.005 0.471 0.011 0.003 0.209 
429  ZFBP112    (0)   :  0.082 0.004 0.022 0.087 0.006 0.739 0.016 0.006 0.039 
430  ZFBP113    (0)   :  0.019 0.003 0.003 0.004 0.005 0.945 0.004 0.004 0.012 
431  ZFBP114    (0)   :  0.912 0.003 0.004 0.006 0.005 0.011 0.006 0.004 0.049 
432  ZFBP115    (0)   :  0.084 0.003 0.009 0.016 0.005 0.031 0.025 0.003 0.824 
433  ZFBP116    (0)   :  0.107 0.003 0.005 0.008 0.007 0.819 0.007 0.004 0.041 
434  ZFBP117    (0)   :  0.316 0.004 0.008 0.010 0.005 0.620 0.009 0.002 0.026 
435  ZFBP118    (0)   :  0.742 0.004 0.004 0.011 0.006 0.155 0.006 0.005 0.068 
436  ZFBP119    (0)   :  0.573 0.004 0.026 0.023 0.007 0.068 0.020 0.003 0.275 
437  ZFBP120    (0)   :  0.554 0.007 0.004 0.006 0.006 0.230 0.014 0.005 0.173 
438  ZFBP121    (0)   :  0.829 0.006 0.007 0.006 0.004 0.120 0.007 0.003 0.018 
439  ZFBP122    (9)   :  0.229 0.003 0.005 0.013 0.004 0.704 0.007 0.003 0.030 
440  ZFBP123    (0)   :  0.131 0.004 0.021 0.025 0.006 0.784 0.007 0.007 0.016 
441  ZFBP124    (0)   :  0.818 0.009 0.005 0.005 0.004 0.124 0.005 0.004 0.025 
442  ZFBP125    (0)   :  0.793 0.003 0.008 0.020 0.004 0.099 0.010 0.002 0.062 
443  ZFBP126    (0)   :  0.078 0.011 0.027 0.006 0.021 0.805 0.004 0.013 0.035 
444  ZFBP127    (0)   :  0.383 0.003 0.015 0.005 0.004 0.416 0.071 0.003 0.100 
445  ZFBP128    (0)   :  0.103 0.004 0.018 0.048 0.003 0.747 0.019 0.002 0.055 
446  ZFBP129    (0)   :  0.812 0.007 0.011 0.027 0.005 0.122 0.006 0.003 0.008 
447  ZFBP130    (0)   :  0.582 0.002 0.035 0.166 0.005 0.086 0.016 0.003 0.105 
448  ZFBP131    (0)   :  0.561 0.005 0.004 0.007 0.004 0.406 0.003 0.003 0.006 
