

----------------------------------------------------
STRUCTURE by Pritchard, Stephens and Donnelly (2000)
     and Falush, Stephens and Pritchard (2003)
       Code by Pritchard, Falush and Hubisz
             Version 2.3.4 (Jul 2012)
----------------------------------------------------



Command line arguments:   bin\structure -m C:\Users\eschumacher\Documents\GitHub\GCC_QUAC_ZAIN\Data_Files\Structure_Files\ZAIN\ZAIN_rebinned_garden_wild_nopopinfo\50-50\mainparams -e C:\Users\eschumacher\Documents\GitHub\GCC_QUAC_ZAIN\Data_Files\Structure_Files\ZAIN\ZAIN_rebinned_garden_wild_nopopinfo\50-50\extraparams 
Input File:    C:\Users\eschumacher\Documents\GitHub\GCC_QUAC_ZAIN\Data_Files\Structure_Files\ZAIN\ZAIN_rebinned_garden_wild_nopopinfo\project_data

Run parameters:
   1133 individuals
   11 loci
   7 populations assumed
   50000 Burn-in period
   50000 Reps


--------------------------------------------
Overall proportion of membership of the
sample in each of the 7 clusters

Inferred Clusters
  1      2      3      4      5      6      7    
0.063  0.133  0.153  0.160  0.112  0.154  0.225  

--------------------------------------------

Allele-freq. divergence among pops (Net nucleotide distance),
computed using point estimates of P.

      1       2       3       4       5       6       7      
 1      -    0.3437  0.3197  0.1469  0.1759  0.2061  0.0957  
 2   0.3437     -    0.1434  0.2718  0.2102  0.1208  0.2780  
 3   0.3197  0.1434     -    0.2099  0.1425  0.0900  0.2128  
 4   0.1469  0.2718  0.2099     -    0.1166  0.1060  0.0869  
 5   0.1759  0.2102  0.1425  0.1166     -    0.0989  0.1614  
 6   0.2061  0.1208  0.0900  0.1060  0.0989     -    0.1442  
 7   0.0957  0.2780  0.2128  0.0869  0.1614  0.1442     -    

Average distances (expected heterozygosity) between individuals in same cluster:
cluster  1  : 0.3691 
cluster  2  : 0.4256 
cluster  3  : 0.4821 
cluster  4  : 0.4253 
cluster  5  : 0.4379 
cluster  6  : 0.5530 
cluster  7  : 0.4153 

--------------------------------------------
Estimated Ln Prob of Data   = -21837.3
Mean value of ln likelihood = -21368.3
Variance of ln likelihood   = 938.1
Mean value of alpha         = 0.0339

Mean value of Fst_1         = 0.4189
Mean value of Fst_2         = 0.4182
Mean value of Fst_3         = 0.3363
Mean value of Fst_4         = 0.3906
Mean value of Fst_5         = 0.4193
Mean value of Fst_6         = 0.1312
Mean value of Fst_7         = 0.2934


Inferred ancestry of individuals:
        Label (%Miss) :  Inferred clusters
  1 TMA-ZAIN-G-    (9)   :  0.017 0.006 0.794 0.072 0.020 0.075 0.017 
  2 TMA-ZAIN-G-    (0)   :  0.006 0.006 0.716 0.011 0.031 0.028 0.202 
  3 TMA-ZAIN-G-    (0)   :  0.223 0.004 0.010 0.242 0.018 0.009 0.494 
  4 TMA-ZAIN-G-    (0)   :  0.052 0.009 0.017 0.030 0.742 0.014 0.134 
  5 TMA-ZAIN-G-    (0)   :  0.003 0.005 0.977 0.002 0.006 0.005 0.003 
  6 TMA-ZAIN-G-    (0)   :  0.235 0.041 0.096 0.191 0.073 0.163 0.201 
  7 TMA-ZAIN-G-    (0)   :  0.010 0.007 0.017 0.257 0.030 0.014 0.665 
  8 TMA-ZAIN-G-    (0)   :  0.074 0.003 0.010 0.683 0.025 0.006 0.198 
  9 TMA-ZAIN-G-    (9)   :  0.054 0.005 0.011 0.109 0.006 0.011 0.804 
 10 TMA-ZAIN-G-    (0)   :  0.049 0.004 0.003 0.155 0.012 0.011 0.766 
 11 TMA-ZAIN-G-    (0)   :  0.007 0.006 0.006 0.151 0.008 0.009 0.814 
 12 TMA-ZAIN-G-    (0)   :  0.006 0.003 0.005 0.019 0.005 0.005 0.957 
 13 TMA-ZAIN-G-    (9)   :  0.019 0.091 0.051 0.355 0.023 0.032 0.429 
 14 TMA-ZAIN-G-    (9)   :  0.005 0.004 0.003 0.966 0.008 0.006 0.007 
 15 TMA-ZAIN-G-    (0)   :  0.007 0.003 0.003 0.970 0.005 0.006 0.006 
 16 TMA-ZAIN-G-    (0)   :  0.005 0.004 0.004 0.012 0.004 0.006 0.966 
 17 TMA-ZAIN-G-    (9)   :  0.006 0.020 0.016 0.845 0.038 0.055 0.019 
 18 TMA-ZAIN-G-    (0)   :  0.010 0.006 0.742 0.017 0.048 0.167 0.010 
 19 TMA-ZAIN-G-    (0)   :  0.005 0.013 0.015 0.027 0.006 0.917 0.017 
 20 TMA-ZAIN-G-    (0)   :  0.004 0.094 0.039 0.003 0.023 0.834 0.003 
 21 TMA-ZAIN-G-    (0)   :  0.005 0.975 0.003 0.003 0.006 0.004 0.004 
 22 TMA-ZAIN-G-    (0)   :  0.002 0.933 0.041 0.003 0.007 0.011 0.003 
 23 TMA-ZAIN-G-    (0)   :  0.004 0.921 0.019 0.008 0.006 0.035 0.007 
 24 TMA-ZAIN-G-    (9)   :  0.216 0.701 0.008 0.026 0.005 0.004 0.040 
 25 TMA-ZAIN-G-    (9)   :  0.005 0.010 0.108 0.007 0.004 0.815 0.051 
 26 TMA-ZAIN-G-    (9)   :  0.008 0.026 0.009 0.059 0.545 0.013 0.341 
 27 TMA-ZAIN-G-    (0)   :  0.010 0.014 0.056 0.038 0.018 0.856 0.007 
 28 TMA-ZAIN-G-    (0)   :  0.008 0.004 0.011 0.011 0.007 0.951 0.007 
 29 TMA-ZAIN-G-    (0)   :  0.723 0.005 0.003 0.005 0.013 0.247 0.004 
 30 TMA-ZAIN-G-    (0)   :  0.078 0.005 0.004 0.358 0.008 0.388 0.159 
 31 TMA-ZAIN-G-    (0)   :  0.006 0.013 0.913 0.005 0.047 0.011 0.006 
 32 TMA-ZAIN-G-    (9)   :  0.004 0.011 0.879 0.025 0.005 0.017 0.058 
 33 TMA-ZAIN-G-   (18)   :  0.017 0.003 0.006 0.129 0.004 0.005 0.835 
 34 TMA-ZAIN-G-    (0)   :  0.010 0.021 0.212 0.010 0.008 0.012 0.726 
 35 TMA-ZAIN-G-    (9)   :  0.077 0.004 0.022 0.126 0.012 0.018 0.741 
 36 TMA-ZAIN-G-    (0)   :  0.010 0.003 0.004 0.329 0.015 0.007 0.632 
 37 TMA-ZAIN-G-    (9)   :  0.014 0.006 0.008 0.029 0.013 0.013 0.917 
 38 TMA-ZAIN-G-   (18)   :  0.008 0.009 0.866 0.041 0.006 0.033 0.037 
 39 TMA-ZAIN-G-    (0)   :  0.010 0.005 0.003 0.010 0.007 0.005 0.959 
 40 TMA-ZAIN-G-    (0)   :  0.006 0.004 0.003 0.032 0.005 0.004 0.947 
 41 TMA-ZAIN-G-    (0)   :  0.009 0.003 0.002 0.618 0.005 0.006 0.356 
 42 TMA-ZAIN-G-    (9)   :  0.006 0.002 0.003 0.972 0.006 0.003 0.008 
 43 TMA-ZAIN-G-    (0)   :  0.010 0.003 0.003 0.964 0.010 0.004 0.005 
 44 TMA-ZAIN-G-    (0)   :  0.019 0.840 0.005 0.011 0.004 0.013 0.107 
 45 TMA-ZAIN-G-    (0)   :  0.006 0.006 0.005 0.092 0.010 0.010 0.871 
 46 TMA-ZAIN-G-    (0)   :  0.003 0.978 0.003 0.003 0.006 0.004 0.003 
 47 TMA-ZAIN-G-    (0)   :  0.005 0.003 0.004 0.004 0.975 0.004 0.004 
 48 TMA-ZAIN-G-    (0)   :  0.019 0.027 0.007 0.203 0.651 0.024 0.069 
 49 TMA-ZAIN-G-    (9)   :  0.044 0.006 0.020 0.006 0.012 0.895 0.018 
 50 TMA-ZAIN-G-    (0)   :  0.003 0.007 0.006 0.030 0.003 0.938 0.012 
 51 TMA-ZAIN-G-    (0)   :  0.006 0.009 0.007 0.045 0.025 0.899 0.009 
 52 TMA-ZAIN-G-    (0)   :  0.003 0.013 0.007 0.013 0.106 0.844 0.015 
 53 TMA-ZAIN-G-    (0)   :  0.006 0.009 0.118 0.025 0.178 0.653 0.012 
 54 TMA-ZAIN-G-    (0)   :  0.004 0.005 0.005 0.013 0.959 0.009 0.006 
 55 TMA-ZAIN-G-    (0)   :  0.003 0.009 0.006 0.045 0.897 0.031 0.009 
 56 TMA-ZAIN-G-    (0)   :  0.043 0.010 0.008 0.103 0.676 0.101 0.059 
 57 TMA-ZAIN-G-    (0)   :  0.009 0.003 0.007 0.005 0.952 0.013 0.009 
 58 TMA-ZAIN-G-    (0)   :  0.005 0.063 0.024 0.013 0.020 0.869 0.006 
 59 TMA-ZAIN-G-    (0)   :  0.048 0.031 0.671 0.047 0.065 0.042 0.097 
 60 TMA-ZAIN-G-    (0)   :  0.010 0.010 0.391 0.079 0.042 0.454 0.013 
 61 TMA-ZAIN-G-    (0)   :  0.003 0.023 0.938 0.003 0.019 0.009 0.004 
 62 TMA-ZAIN-G-    (9)   :  0.015 0.024 0.834 0.019 0.011 0.053 0.043 
 63 TMA-ZAIN-G-    (0)   :  0.003 0.007 0.955 0.006 0.013 0.011 0.005 
 64 TMA-ZAIN-G-    (0)   :  0.979 0.002 0.002 0.005 0.003 0.003 0.006 
 65 TMA-ZAIN-G-    (9)   :  0.966 0.002 0.003 0.007 0.008 0.003 0.010 
 66 TMA-ZAIN-G-    (0)   :  0.965 0.003 0.003 0.007 0.005 0.003 0.015 
 67 TMA-ZAIN-G-    (0)   :  0.910 0.013 0.004 0.006 0.004 0.012 0.051 
 68 TMA-ZAIN-G-    (0)   :  0.977 0.002 0.002 0.006 0.005 0.003 0.005 
 69 TMA-ZAIN-G-    (0)   :  0.846 0.029 0.022 0.013 0.012 0.020 0.059 
 70 TMA-ZAIN-G-    (0)   :  0.076 0.005 0.004 0.008 0.005 0.007 0.895 
 71 TMA-ZAIN-G-    (0)   :  0.006 0.003 0.003 0.005 0.003 0.004 0.977 
 72 TMA-ZAIN-G-    (0)   :  0.067 0.005 0.005 0.047 0.010 0.010 0.856 
 73 TMA-ZAIN-G-    (0)   :  0.008 0.038 0.024 0.007 0.015 0.035 0.873 
 74 TMA-ZAIN-G-    (0)   :  0.011 0.012 0.008 0.006 0.005 0.017 0.941 
 75 TMA-ZAIN-G-    (0)   :  0.007 0.004 0.005 0.010 0.010 0.009 0.956 
 76 TMA-ZAIN-G-    (0)   :  0.010 0.056 0.008 0.004 0.004 0.022 0.895 
 77 TMA-ZAIN-G-    (0)   :  0.010 0.009 0.004 0.017 0.009 0.008 0.943 
 78 TMA-ZAIN-G-    (0)   :  0.010 0.045 0.010 0.008 0.014 0.038 0.873 
 79 TMA-ZAIN-G-    (0)   :  0.005 0.027 0.004 0.014 0.018 0.014 0.917 
 80 TMA-ZAIN-G-    (0)   :  0.028 0.005 0.003 0.007 0.009 0.005 0.943 
 81 TMA-ZAIN-G-    (0)   :  0.005 0.010 0.004 0.010 0.010 0.010 0.951 
 82 TMA-ZAIN-G-    (0)   :  0.194 0.003 0.006 0.010 0.015 0.007 0.765 
 83 TMA-ZAIN-G-    (9)   :  0.175 0.032 0.084 0.013 0.024 0.026 0.645 
 84 TMA-ZAIN-G-    (0)   :  0.007 0.037 0.005 0.007 0.006 0.014 0.924 
 85 TMA-ZAIN-G-    (0)   :  0.006 0.022 0.022 0.008 0.801 0.130 0.011 
 86 TMA-ZAIN-G-    (0)   :  0.013 0.040 0.008 0.011 0.885 0.021 0.023 
 87 TMA-ZAIN-G-    (0)   :  0.005 0.189 0.038 0.007 0.680 0.068 0.012 
 88 TMA-ZAIN-G-    (0)   :  0.044 0.014 0.183 0.032 0.600 0.012 0.116 
 89 TMA-ZAIN-G-    (0)   :  0.018 0.016 0.019 0.020 0.889 0.006 0.034 
 90 TMA-ZAIN-G-    (0)   :  0.007 0.008 0.008 0.006 0.949 0.013 0.009 
 91 TMA-ZAIN-G-    (0)   :  0.007 0.007 0.021 0.011 0.934 0.012 0.009 
 92 TMA-ZAIN-G-    (0)   :  0.005 0.019 0.006 0.010 0.935 0.018 0.007 
 93 TMA-ZAIN-G-    (0)   :  0.005 0.009 0.016 0.007 0.935 0.022 0.005 
 94 TMA-ZAIN-G-    (0)   :  0.003 0.010 0.038 0.004 0.920 0.020 0.005 
 95 TMA-ZAIN-G-    (0)   :  0.023 0.008 0.011 0.033 0.005 0.903 0.016 
 96 TMA-ZAIN-G-    (0)   :  0.005 0.005 0.004 0.057 0.007 0.912 0.011 
 97 TMA-ZAIN-G-    (0)   :  0.006 0.007 0.954 0.005 0.010 0.012 0.007 
 98 TMA-ZAIN-G-    (0)   :  0.004 0.004 0.968 0.004 0.009 0.004 0.006 
 99 TMA-ZAIN-G-    (0)   :  0.030 0.016 0.837 0.025 0.004 0.008 0.081 
100 TMA-ZAIN-G-    (0)   :  0.004 0.016 0.929 0.005 0.024 0.016 0.005 
101 TMA-ZAIN-G-    (0)   :  0.006 0.005 0.956 0.005 0.009 0.008 0.011 
102 TMA-ZAIN-G-    (0)   :  0.013 0.174 0.639 0.046 0.013 0.067 0.048 
103 TMA-ZAIN-G-    (0)   :  0.005 0.013 0.918 0.010 0.009 0.031 0.014 
104 TMA-ZAIN-G-    (0)   :  0.003 0.006 0.974 0.004 0.004 0.006 0.004 
105 TMA-ZAIN-G-    (0)   :  0.006 0.008 0.927 0.011 0.011 0.021 0.017 
106 TMA-ZAIN-G-    (0)   :  0.046 0.003 0.003 0.669 0.006 0.004 0.269 
107 TMA-ZAIN-G-    (0)   :  0.009 0.003 0.004 0.011 0.005 0.004 0.964 
108 TMA-ZAIN-G-    (9)   :  0.015 0.040 0.420 0.189 0.024 0.059 0.252 
109 TMA-ZAIN-G-    (0)   :  0.310 0.005 0.378 0.132 0.047 0.045 0.083 
110 TMA-ZAIN-G-    (0)   :  0.009 0.157 0.081 0.192 0.031 0.115 0.414 
111 TMA-ZAIN-G-    (9)   :  0.022 0.075 0.673 0.012 0.036 0.063 0.118 
112 TMA-ZAIN-G-    (0)   :  0.025 0.053 0.288 0.269 0.031 0.161 0.173 
113 TMA-ZAIN-G-    (0)   :  0.010 0.008 0.941 0.005 0.015 0.005 0.017 
114 TMA-ZAIN-G-    (0)   :  0.003 0.012 0.970 0.003 0.005 0.006 0.003 
115 TMA-ZAIN-G-    (0)   :  0.003 0.005 0.976 0.004 0.004 0.005 0.004 
116 TMA-ZAIN-G-    (0)   :  0.023 0.002 0.007 0.007 0.013 0.004 0.942 
117 TMA-ZAIN-G-    (0)   :  0.296 0.004 0.011 0.314 0.084 0.021 0.269 
118 TMA-ZAIN-G-    (0)   :  0.044 0.003 0.007 0.017 0.010 0.006 0.913 
119 TMA-ZAIN-G-    (0)   :  0.042 0.007 0.017 0.007 0.010 0.010 0.907 
120 TMA-ZAIN-G-    (0)   :  0.036 0.004 0.009 0.039 0.016 0.013 0.882 
121 TMA-ZAIN-G-    (0)   :  0.286 0.003 0.024 0.065 0.031 0.013 0.577 
122 TMA-ZAIN-G-    (0)   :  0.047 0.007 0.006 0.045 0.033 0.019 0.843 
123 TMA-ZAIN-G-    (0)   :  0.004 0.009 0.960 0.007 0.006 0.010 0.005 
124 TMA-ZAIN-G-    (0)   :  0.005 0.003 0.005 0.962 0.005 0.006 0.014 
125 TMA-ZAIN-G-    (0)   :  0.040 0.002 0.003 0.895 0.045 0.005 0.011 
126 TMA-ZAIN-G-    (0)   :  0.006 0.003 0.005 0.962 0.007 0.005 0.013 
127 TMA-ZAIN-G-    (0)   :  0.007 0.003 0.003 0.964 0.004 0.004 0.015 
128 TMA-ZAIN-G-    (0)   :  0.060 0.003 0.005 0.898 0.007 0.005 0.023 
129 TMA-ZAIN-G-    (0)   :  0.007 0.003 0.006 0.963 0.006 0.004 0.011 
130 TMA-ZAIN-G-    (0)   :  0.009 0.002 0.007 0.935 0.024 0.006 0.017 
131 TMA-ZAIN-G-    (0)   :  0.005 0.003 0.004 0.966 0.005 0.007 0.010 
132 TMA-ZAIN-G-    (0)   :  0.088 0.003 0.004 0.805 0.036 0.006 0.057 
133 TMA-ZAIN-G-    (0)   :  0.098 0.015 0.003 0.718 0.045 0.019 0.102 
134 TMA-ZAIN-G-    (0)   :  0.061 0.009 0.004 0.832 0.027 0.006 0.062 
135 TMA-ZAIN-G-    (0)   :  0.022 0.004 0.004 0.044 0.011 0.004 0.910 
136 TMA-ZAIN-G-    (0)   :  0.725 0.005 0.009 0.041 0.016 0.005 0.199 
137 TMA-ZAIN-G-    (0)   :  0.006 0.004 0.006 0.011 0.005 0.005 0.963 
138 TMA-ZAIN-G-    (0)   :  0.018 0.003 0.004 0.344 0.017 0.003 0.610 
139 TMA-ZAIN-G-    (0)   :  0.015 0.004 0.005 0.078 0.060 0.004 0.835 
140 TMA-ZAIN-G-    (0)   :  0.010 0.004 0.003 0.019 0.004 0.006 0.954 
141 TMA-ZAIN-G-    (0)   :  0.009 0.003 0.006 0.060 0.007 0.006 0.909 
142 TMA-ZAIN-G-    (9)   :  0.013 0.003 0.004 0.019 0.005 0.005 0.951 
143 TMA-ZAIN-G-    (0)   :  0.017 0.003 0.005 0.076 0.006 0.006 0.887 
144 TMA-ZAIN-G-    (0)   :  0.007 0.005 0.004 0.036 0.022 0.011 0.916 
145 TMA-ZAIN-G-    (0)   :  0.272 0.002 0.003 0.018 0.013 0.005 0.687 
146 TMA-ZAIN-G-    (0)   :  0.006 0.003 0.004 0.006 0.004 0.003 0.974 
147 TMA-ZAIN-G-    (9)   :  0.009 0.003 0.003 0.008 0.005 0.004 0.969 
148 TMA-ZAIN-G-    (0)   :  0.005 0.003 0.003 0.081 0.025 0.004 0.879 
149 TMA-ZAIN-G-    (0)   :  0.008 0.020 0.029 0.050 0.077 0.016 0.799 
150 TMA-ZAIN-G-    (0)   :  0.037 0.016 0.030 0.016 0.074 0.012 0.814 
151 TMA-ZAIN-G-    (0)   :  0.016 0.002 0.004 0.034 0.006 0.004 0.934 
152 TMA-ZAIN-G-    (0)   :  0.009 0.002 0.004 0.010 0.005 0.004 0.965 
153 TMA-ZAIN-G-    (0)   :  0.016 0.003 0.003 0.046 0.011 0.004 0.917 
154 TMA-ZAIN-G-    (0)   :  0.007 0.002 0.004 0.009 0.006 0.004 0.968 
155 TMA-ZAIN-G-    (0)   :  0.012 0.003 0.005 0.011 0.003 0.004 0.962 
156 TMA-ZAIN-G-    (9)   :  0.005 0.003 0.009 0.096 0.012 0.005 0.870 
157 TMA-ZAIN-G-    (0)   :  0.011 0.003 0.006 0.162 0.007 0.004 0.808 
158 TMA-ZAIN-G-    (0)   :  0.005 0.003 0.004 0.007 0.005 0.005 0.971 
159 TMA-ZAIN-G-    (0)   :  0.009 0.002 0.004 0.005 0.004 0.003 0.972 
160 TMA-ZAIN-G-    (0)   :  0.015 0.002 0.005 0.004 0.005 0.003 0.966 
161 TMA-ZAIN-G-    (0)   :  0.006 0.002 0.003 0.037 0.014 0.005 0.932 
162 TMA-ZAIN-G-    (0)   :  0.007 0.015 0.032 0.008 0.019 0.011 0.909 
163 TMA-ZAIN-G-    (0)   :  0.005 0.002 0.004 0.005 0.004 0.003 0.978 
164 TMA-ZAIN-G-    (0)   :  0.008 0.003 0.006 0.007 0.010 0.004 0.963 
165 TMA-ZAIN-G-    (0)   :  0.007 0.003 0.005 0.006 0.004 0.003 0.972 
166 TMA-ZAIN-G-    (0)   :  0.008 0.002 0.003 0.012 0.006 0.003 0.966 
167 TMA-ZAIN-G-    (0)   :  0.005 0.005 0.005 0.019 0.006 0.007 0.953 
168 TMA-ZAIN-G-    (0)   :  0.030 0.004 0.006 0.021 0.007 0.006 0.926 
169 TMA-ZAIN-G-    (0)   :  0.286 0.003 0.005 0.010 0.008 0.004 0.685 
170 TMA-ZAIN-G-    (0)   :  0.030 0.011 0.016 0.152 0.005 0.023 0.764 
171 TMA-ZAIN-G-    (0)   :  0.045 0.003 0.003 0.005 0.005 0.003 0.936 
172 TMA-ZAIN-G-    (0)   :  0.007 0.004 0.003 0.683 0.004 0.007 0.291 
173 TMA-ZAIN-G-    (0)   :  0.011 0.004 0.004 0.832 0.005 0.008 0.137 
174 TMA-ZAIN-G-    (0)   :  0.088 0.002 0.003 0.130 0.007 0.005 0.765 
175 TMA-ZAIN-G-    (0)   :  0.012 0.004 0.004 0.007 0.005 0.003 0.965 
176 TMA-ZAIN-G-    (0)   :  0.007 0.003 0.003 0.009 0.004 0.003 0.970 
177 TMA-ZAIN-G-    (0)   :  0.005 0.003 0.004 0.024 0.004 0.005 0.956 
178 TMA-ZAIN-G-    (0)   :  0.006 0.005 0.005 0.507 0.005 0.008 0.465 
179 TMA-ZAIN-G-    (0)   :  0.009 0.003 0.004 0.064 0.004 0.005 0.911 
180 TMA-ZAIN-G-    (0)   :  0.105 0.009 0.005 0.809 0.018 0.008 0.046 
181 TMA-ZAIN-G-    (0)   :  0.006 0.003 0.005 0.962 0.005 0.003 0.016 
182 TMA-ZAIN-G-    (0)   :  0.003 0.003 0.006 0.967 0.005 0.004 0.012 
183 TMA-ZAIN-G-    (0)   :  0.006 0.003 0.004 0.967 0.003 0.003 0.014 
184 TMA-ZAIN-G-    (0)   :  0.011 0.020 0.051 0.815 0.033 0.015 0.055 
185 TMA-ZAIN-G-    (0)   :  0.012 0.037 0.018 0.761 0.047 0.047 0.078 
186 TMA-ZAIN-G-    (9)   :  0.012 0.007 0.004 0.900 0.007 0.015 0.054 
187 TMA-ZAIN-G-    (0)   :  0.019 0.004 0.004 0.865 0.003 0.006 0.099 
188 TMA-ZAIN-G-    (0)   :  0.023 0.003 0.003 0.873 0.003 0.005 0.090 
189 TMA-ZAIN-G-    (0)   :  0.013 0.003 0.002 0.964 0.003 0.003 0.011 
190 TMA-ZAIN-G-    (0)   :  0.029 0.004 0.003 0.893 0.005 0.009 0.059 
191 TMA-ZAIN-G-    (0)   :  0.007 0.035 0.022 0.870 0.015 0.014 0.036 
192 TMA-ZAIN-G-    (0)   :  0.005 0.012 0.004 0.949 0.007 0.006 0.017 
193 TMA-ZAIN-G-    (0)   :  0.004 0.003 0.003 0.976 0.007 0.004 0.004 
194 TMA-ZAIN-G-    (0)   :  0.006 0.003 0.003 0.967 0.011 0.005 0.004 
195 TMA-ZAIN-G-    (0)   :  0.011 0.003 0.003 0.960 0.005 0.007 0.011 
196 TMA-ZAIN-G-    (0)   :  0.008 0.003 0.003 0.972 0.005 0.004 0.005 
197 TMA-ZAIN-G-    (0)   :  0.008 0.003 0.003 0.966 0.010 0.004 0.006 
198 TMA-ZAIN-G-    (0)   :  0.007 0.003 0.003 0.972 0.006 0.004 0.006 
199 TMA-ZAIN-G-    (0)   :  0.007 0.005 0.004 0.926 0.007 0.010 0.042 
200 TMA-ZAIN-G-    (0)   :  0.003 0.928 0.014 0.013 0.004 0.034 0.003 
201 TMA-ZAIN-G-    (0)   :  0.005 0.965 0.006 0.003 0.004 0.013 0.004 
202 TMA-ZAIN-G-    (0)   :  0.003 0.942 0.014 0.022 0.003 0.012 0.005 
203 TMA-ZAIN-G-    (0)   :  0.004 0.003 0.007 0.969 0.006 0.005 0.007 
204 TMA-ZAIN-G-    (9)   :  0.012 0.909 0.005 0.008 0.041 0.016 0.009 
205 TMA-ZAIN-G-    (0)   :  0.008 0.803 0.006 0.008 0.014 0.037 0.123 
206 TMA-ZAIN-G-    (9)   :  0.013 0.859 0.016 0.045 0.023 0.029 0.015 
207 TMA-ZAIN-G-    (9)   :  0.097 0.012 0.014 0.025 0.114 0.056 0.681 
208 TMA-ZAIN-G-    (0)   :  0.050 0.003 0.003 0.009 0.004 0.005 0.927 
209 TMA-ZAIN-G-    (0)   :  0.016 0.003 0.003 0.840 0.036 0.004 0.099 
210 TMA-ZAIN-G-    (0)   :  0.081 0.003 0.004 0.770 0.013 0.006 0.123 
211 TMA-ZAIN-G-    (0)   :  0.032 0.024 0.011 0.662 0.013 0.028 0.230 
212 TMA-ZAIN-G-    (0)   :  0.029 0.005 0.004 0.408 0.013 0.007 0.533 
213 TMA-ZAIN-G-    (0)   :  0.008 0.004 0.004 0.277 0.010 0.005 0.692 
214 TMA-ZAIN-G-    (0)   :  0.061 0.003 0.003 0.444 0.009 0.005 0.474 
215 TMA-ZAIN-G-    (0)   :  0.008 0.011 0.003 0.074 0.003 0.259 0.642 
216 TMA-ZAIN-G-    (0)   :  0.008 0.005 0.003 0.858 0.009 0.007 0.109 
217 TMA-ZAIN-G-    (0)   :  0.157 0.003 0.004 0.474 0.008 0.004 0.350 
218 TMA-ZAIN-G-    (0)   :  0.011 0.005 0.005 0.006 0.005 0.963 0.005 
219 TMA-ZAIN-G-    (0)   :  0.003 0.012 0.005 0.005 0.011 0.959 0.004 
220 TMA-ZAIN-G-    (0)   :  0.013 0.005 0.063 0.006 0.009 0.881 0.023 
221 TMA-ZAIN-G-    (0)   :  0.007 0.022 0.005 0.018 0.007 0.930 0.010 
222 TMA-ZAIN-G-    (0)   :  0.013 0.010 0.031 0.008 0.018 0.906 0.015 
223 TMA-ZAIN-G-    (0)   :  0.004 0.009 0.008 0.003 0.006 0.967 0.003 
224 TMA-ZAIN-G-    (0)   :  0.004 0.017 0.011 0.017 0.017 0.927 0.006 
225 TMA-ZAIN-G-    (0)   :  0.002 0.010 0.010 0.008 0.004 0.961 0.004 
226 TMA-ZAIN-G-    (0)   :  0.005 0.010 0.015 0.011 0.007 0.945 0.007 
227 TMA-ZAIN-G-    (0)   :  0.004 0.026 0.012 0.012 0.005 0.932 0.009 
228 TMA-ZAIN-G-    (0)   :  0.008 0.012 0.017 0.009 0.008 0.931 0.016 
229 TMA-ZAIN-G-    (0)   :  0.010 0.070 0.028 0.003 0.007 0.879 0.003 
230 TMA-ZAIN-G-    (0)   :  0.020 0.008 0.033 0.054 0.054 0.799 0.031 
231 TMA-ZAIN-G-    (0)   :  0.013 0.547 0.149 0.013 0.032 0.164 0.082 
232 TMA-ZAIN-G-    (9)   :  0.062 0.538 0.256 0.035 0.014 0.072 0.022 
233 TMA-ZAIN-G-    (0)   :  0.038 0.023 0.005 0.010 0.016 0.891 0.015 
234 TMA-ZAIN-G-    (0)   :  0.007 0.049 0.306 0.006 0.019 0.605 0.008 
235 TMA-ZAIN-G-    (0)   :  0.005 0.024 0.141 0.056 0.011 0.736 0.027 
236 TMA-ZAIN-G-    (0)   :  0.007 0.064 0.086 0.019 0.007 0.803 0.014 
237 TMA-ZAIN-G-    (0)   :  0.030 0.013 0.218 0.051 0.026 0.493 0.170 
238 TMA-ZAIN-G-    (0)   :  0.005 0.029 0.058 0.018 0.006 0.853 0.030 
239 TMA-ZAIN-G-    (0)   :  0.029 0.765 0.006 0.136 0.054 0.005 0.005 
240 TMA-ZAIN-G-    (0)   :  0.003 0.977 0.003 0.003 0.006 0.004 0.003 
241 TMA-ZAIN-G-    (0)   :  0.005 0.969 0.004 0.004 0.006 0.004 0.008 
242 TMA-ZAIN-G-    (0)   :  0.005 0.973 0.003 0.004 0.004 0.004 0.007 
243 TMA-ZAIN-G-    (0)   :  0.009 0.962 0.003 0.005 0.006 0.004 0.010 
244 TMA-ZAIN-G-    (0)   :  0.010 0.957 0.004 0.005 0.004 0.004 0.016 
245 TMA-ZAIN-G-    (9)   :  0.002 0.980 0.004 0.003 0.003 0.004 0.003 
246 TMA-ZAIN-G-    (0)   :  0.003 0.981 0.002 0.003 0.004 0.004 0.003 
247 TMA-ZAIN-G-    (0)   :  0.005 0.976 0.002 0.003 0.005 0.004 0.004 
248 TMA-ZAIN-G-    (0)   :  0.005 0.967 0.005 0.008 0.004 0.006 0.006 
249 TMA-ZAIN-G-    (0)   :  0.003 0.976 0.003 0.006 0.003 0.006 0.003 
250 TMA-ZAIN-G-    (0)   :  0.006 0.975 0.003 0.005 0.003 0.005 0.003 
251 TMA-ZAIN-G-    (0)   :  0.005 0.003 0.005 0.005 0.974 0.004 0.004 
252 TMA-ZAIN-G-    (0)   :  0.054 0.003 0.004 0.008 0.872 0.008 0.051 
253 TMA-ZAIN-G-    (0)   :  0.006 0.004 0.006 0.005 0.970 0.003 0.006 
254 TMA-ZAIN-G-    (9)   :  0.015 0.003 0.007 0.007 0.947 0.005 0.015 
255 TMA-ZAIN-G-    (0)   :  0.008 0.016 0.010 0.005 0.952 0.003 0.006 
256 TMA-ZAIN-G-    (0)   :  0.005 0.007 0.006 0.010 0.961 0.004 0.007 
257 TMA-ZAIN-G-    (0)   :  0.003 0.004 0.004 0.005 0.977 0.004 0.003 
258 TMA-ZAIN-G-    (0)   :  0.005 0.003 0.003 0.004 0.978 0.003 0.004 
259 TMA-ZAIN-G-    (0)   :  0.005 0.004 0.004 0.004 0.976 0.004 0.003 
260 TMA-ZAIN-G-    (0)   :  0.009 0.004 0.003 0.004 0.972 0.004 0.003 
261 TMA-ZAIN-G-   (18)   :  0.011 0.004 0.005 0.007 0.962 0.006 0.005 
262 TMA-ZAIN-G-    (0)   :  0.003 0.003 0.004 0.005 0.978 0.004 0.003 
263 TMA-ZAIN-G-    (0)   :  0.004 0.004 0.006 0.004 0.975 0.004 0.004 
264 TMA-ZAIN-G-    (0)   :  0.005 0.003 0.008 0.004 0.971 0.004 0.004 
265 TMA-ZAIN-G-    (0)   :  0.044 0.017 0.017 0.019 0.693 0.186 0.023 
266 TMA-ZAIN-G-    (0)   :  0.030 0.010 0.018 0.153 0.721 0.030 0.037 
267 TMA-ZAIN-G-    (0)   :  0.014 0.289 0.022 0.010 0.599 0.052 0.015 
268 TMA-ZAIN-G-    (0)   :  0.004 0.920 0.055 0.003 0.006 0.007 0.004 
269 TMA-ZAIN-G-    (0)   :  0.005 0.676 0.266 0.005 0.009 0.032 0.007 
270 TMA-ZAIN-G-    (0)   :  0.004 0.890 0.066 0.005 0.012 0.017 0.006 
271 TMA-ZAIN-G-    (0)   :  0.004 0.942 0.030 0.003 0.007 0.008 0.005 
272 TMA-ZAIN-G-    (0)   :  0.003 0.892 0.027 0.005 0.005 0.063 0.005 
273 TMA-ZAIN-G-    (0)   :  0.002 0.954 0.017 0.003 0.004 0.016 0.003 
274 TMA-ZAIN-G-    (0)   :  0.011 0.878 0.032 0.037 0.011 0.018 0.013 
275 TMA-ZAIN-G-    (0)   :  0.002 0.973 0.007 0.003 0.003 0.008 0.004 
276 TMA-ZAIN-G-    (0)   :  0.003 0.975 0.008 0.003 0.003 0.004 0.004 
277 TMA-ZAIN-G-    (0)   :  0.005 0.965 0.011 0.004 0.006 0.006 0.005 
278 TMA-ZAIN-G-    (0)   :  0.003 0.975 0.005 0.003 0.005 0.006 0.003 
279 TMA-ZAIN-G-    (0)   :  0.003 0.956 0.012 0.006 0.004 0.015 0.004 
280 TMA-ZAIN-G-    (0)   :  0.003 0.829 0.100 0.010 0.004 0.049 0.006 
281 TMA-ZAIN-G-    (0)   :  0.003 0.932 0.036 0.005 0.005 0.014 0.004 
282 TMA-ZAIN-G-    (9)   :  0.003 0.966 0.013 0.003 0.005 0.007 0.003 
283 TMA-ZAIN-G-    (0)   :  0.007 0.631 0.104 0.008 0.136 0.100 0.013 
284 TMA-ZAIN-G-    (0)   :  0.004 0.448 0.194 0.011 0.186 0.143 0.014 
285 TMA-ZAIN-G-    (0)   :  0.031 0.822 0.042 0.023 0.033 0.025 0.023 
286 TMA-ZAIN-G-    (0)   :  0.003 0.939 0.031 0.003 0.008 0.012 0.003 
287 TMA-ZAIN-G-    (0)   :  0.010 0.933 0.025 0.011 0.006 0.008 0.007 
288 TMA-ZAIN-G-    (0)   :  0.013 0.613 0.101 0.073 0.013 0.164 0.023 
289 TMA-ZAIN-G-    (0)   :  0.018 0.898 0.026 0.022 0.009 0.015 0.014 
290 TMA-ZAIN-G-    (0)   :  0.003 0.454 0.407 0.014 0.009 0.105 0.008 
291 TMA-ZAIN-G-    (0)   :  0.003 0.015 0.011 0.005 0.008 0.955 0.004 
292 TMA-ZAIN-G-    (0)   :  0.006 0.012 0.008 0.051 0.005 0.016 0.902 
293 TMA-ZAIN-G-    (0)   :  0.028 0.008 0.004 0.047 0.016 0.013 0.883 
294 TMA-ZAIN-G-    (0)   :  0.014 0.004 0.003 0.007 0.006 0.004 0.961 
295 TMA-ZAIN-G-    (9)   :  0.018 0.008 0.004 0.009 0.008 0.010 0.943 
296 TMA-ZAIN-G-    (0)   :  0.006 0.006 0.012 0.052 0.013 0.014 0.897 
297 TMA-ZAIN-G-    (0)   :  0.025 0.006 0.006 0.119 0.028 0.009 0.808 
298 TMA-ZAIN-G-    (0)   :  0.011 0.022 0.013 0.009 0.057 0.015 0.874 
299 TMA-ZAIN-G-    (0)   :  0.010 0.007 0.004 0.005 0.003 0.006 0.964 
300 TMA-ZAIN-G-    (0)   :  0.084 0.007 0.003 0.030 0.008 0.010 0.859 
301 TMA-ZAIN-G-    (0)   :  0.023 0.008 0.005 0.072 0.007 0.007 0.877 
302 TMA-ZAIN-G-    (9)   :  0.008 0.003 0.004 0.036 0.006 0.005 0.937 
303 TMA-ZAIN-G-    (0)   :  0.002 0.007 0.018 0.066 0.043 0.858 0.005 
304 TMA-ZAIN-G-    (0)   :  0.215 0.010 0.020 0.122 0.569 0.009 0.055 
305 TMA-ZAIN-G-    (0)   :  0.019 0.004 0.003 0.023 0.010 0.005 0.934 
306 TMA-ZAIN-G-    (0)   :  0.018 0.036 0.137 0.055 0.357 0.013 0.384 
307 TMA-ZAIN-G-    (0)   :  0.471 0.013 0.014 0.060 0.385 0.006 0.051 
308 TMA-ZAIN-G-    (0)   :  0.015 0.021 0.028 0.009 0.815 0.108 0.004 
309 TMA-ZAIN-G-    (0)   :  0.011 0.003 0.003 0.943 0.003 0.004 0.033 
310 TMA-ZAIN-G-    (0)   :  0.011 0.027 0.006 0.008 0.016 0.015 0.917 
311 TMA-ZAIN-G-    (0)   :  0.008 0.008 0.045 0.048 0.059 0.030 0.801 
312 TMA-ZAIN-G-    (0)   :  0.015 0.005 0.005 0.786 0.010 0.029 0.149 
313 TMA-ZAIN-G-    (0)   :  0.038 0.005 0.012 0.070 0.771 0.006 0.098 
314 TMA-ZAIN-G-    (0)   :  0.014 0.206 0.301 0.023 0.019 0.427 0.010 
315 TMA-ZAIN-G-    (0)   :  0.118 0.416 0.007 0.038 0.018 0.038 0.365 
316 TMA-ZAIN-G-    (0)   :  0.096 0.418 0.009 0.030 0.018 0.085 0.343 
317 TMA-ZAIN-G-    (0)   :  0.004 0.020 0.038 0.006 0.013 0.911 0.009 
318 TMA-ZAIN-G-    (9)   :  0.010 0.419 0.334 0.007 0.052 0.170 0.008 
319 TMA-ZAIN-G-    (0)   :  0.004 0.057 0.016 0.182 0.012 0.721 0.006 
320 TMA-ZAIN-G-    (0)   :  0.030 0.009 0.006 0.027 0.006 0.460 0.461 
321 TMA-ZAIN-G-    (0)   :  0.052 0.106 0.083 0.188 0.013 0.133 0.425 
322 TMA-ZAIN-G-    (0)   :  0.058 0.007 0.061 0.058 0.079 0.482 0.256 
323 TMA-ZAIN-G-    (0)   :  0.018 0.015 0.007 0.047 0.012 0.893 0.008 
324 TMA-ZAIN-G-    (0)   :  0.026 0.004 0.008 0.047 0.029 0.009 0.877 
325 TMA-ZAIN-G-    (0)   :  0.006 0.047 0.005 0.011 0.008 0.912 0.012 
326 TMA-ZAIN-G-    (0)   :  0.009 0.004 0.003 0.302 0.038 0.632 0.012 
327 TMA-ZAIN-G-    (0)   :  0.012 0.003 0.003 0.960 0.014 0.004 0.005 
328 TMA-ZAIN-G-    (0)   :  0.276 0.085 0.329 0.115 0.015 0.161 0.017 
329 TMA-ZAIN-G-    (0)   :  0.114 0.010 0.005 0.379 0.040 0.014 0.439 
330 TMA-ZAIN-G-    (0)   :  0.106 0.003 0.004 0.693 0.041 0.010 0.143 
331 TMA-ZAIN-G-    (0)   :  0.011 0.068 0.027 0.274 0.159 0.058 0.403 
332 TMA-ZAIN-G-    (0)   :  0.009 0.002 0.002 0.961 0.004 0.004 0.018 
333 TMA-ZAIN-G-    (0)   :  0.005 0.003 0.003 0.976 0.006 0.004 0.004 
334 TMA-ZAIN-G-    (0)   :  0.003 0.959 0.012 0.003 0.008 0.012 0.004 
335 TMA-ZAIN-G-    (0)   :  0.006 0.973 0.004 0.004 0.004 0.005 0.005 
336 TMA-ZAIN-G-    (0)   :  0.006 0.934 0.014 0.007 0.012 0.018 0.009 
337 TMA-ZAIN-G-    (9)   :  0.004 0.869 0.077 0.004 0.007 0.031 0.007 
338 TMA-ZAIN-G-    (0)   :  0.003 0.944 0.031 0.003 0.006 0.009 0.004 
339 TMA-ZAIN-G-    (0)   :  0.002 0.972 0.013 0.002 0.004 0.006 0.002 
340 TMA-ZAIN-G-    (0)   :  0.002 0.977 0.007 0.003 0.003 0.005 0.003 
341 TMA-ZAIN-G-    (0)   :  0.004 0.971 0.009 0.004 0.003 0.005 0.005 
342 TMA-ZAIN-G-    (0)   :  0.004 0.968 0.008 0.004 0.005 0.007 0.005 
343 TMA-ZAIN-G-    (0)   :  0.002 0.955 0.027 0.003 0.003 0.006 0.003 
344 TMA-ZAIN-G-    (0)   :  0.003 0.963 0.008 0.005 0.005 0.011 0.005 
345 TMA-ZAIN-G-    (0)   :  0.003 0.978 0.005 0.003 0.005 0.004 0.003 
346 TMA-ZAIN-G-    (0)   :  0.003 0.929 0.030 0.010 0.005 0.017 0.007 
347 TMA-ZAIN-G-    (9)   :  0.003 0.973 0.008 0.003 0.003 0.007 0.003 
348 TMA-ZAIN-G-    (0)   :  0.004 0.942 0.019 0.005 0.010 0.015 0.005 
349 TMA-ZAIN-G-    (0)   :  0.004 0.963 0.014 0.003 0.005 0.007 0.004 
350 TMA-ZAIN-G-    (0)   :  0.005 0.882 0.029 0.009 0.005 0.063 0.007 
351 TMA-ZAIN-G-    (0)   :  0.004 0.972 0.007 0.004 0.005 0.006 0.003 
352 TMA-ZAIN-G-    (0)   :  0.007 0.958 0.008 0.004 0.007 0.008 0.008 
353 TMA-ZAIN-G-    (0)   :  0.003 0.904 0.046 0.014 0.006 0.021 0.007 
354 TMA-ZAIN-G-    (0)   :  0.002 0.963 0.007 0.007 0.003 0.012 0.006 
355 TMA-ZAIN-G-    (0)   :  0.004 0.949 0.014 0.011 0.003 0.008 0.010 
356 TMA-ZAIN-G-    (0)   :  0.159 0.002 0.003 0.003 0.016 0.014 0.803 
357 TMA-ZAIN-G-    (0)   :  0.081 0.004 0.015 0.442 0.014 0.012 0.433 
358 TMA-ZAIN-G-    (0)   :  0.271 0.026 0.077 0.268 0.033 0.046 0.279 
359 TMA-ZAIN-G-    (0)   :  0.396 0.024 0.013 0.006 0.111 0.053 0.397 
360 TMA-ZAIN-G-    (0)   :  0.024 0.003 0.003 0.005 0.005 0.005 0.956 
361 TMA-ZAIN-G-    (0)   :  0.040 0.004 0.011 0.714 0.012 0.011 0.208 
362 TMA-ZAIN-G-    (0)   :  0.008 0.012 0.005 0.005 0.004 0.008 0.958 
363 TMA-ZAIN-G-    (0)   :  0.027 0.011 0.005 0.479 0.019 0.055 0.403 
364 TMA-ZAIN-G-    (0)   :  0.015 0.014 0.203 0.020 0.020 0.708 0.022 
365 TMA-ZAIN-G-    (0)   :  0.045 0.156 0.012 0.025 0.004 0.074 0.683 
366 TMA-ZAIN-G-    (0)   :  0.178 0.006 0.005 0.008 0.018 0.005 0.780 
367 TMA-ZAIN-G-    (0)   :  0.009 0.006 0.140 0.635 0.086 0.027 0.097 
368 TMA-ZAIN-G-    (0)   :  0.141 0.005 0.005 0.018 0.014 0.006 0.810 
369 TMA-ZAIN-G-    (0)   :  0.040 0.003 0.003 0.921 0.005 0.005 0.024 
370 TMA-ZAIN-G-    (0)   :  0.018 0.003 0.008 0.796 0.005 0.008 0.161 
371 TMA-ZAIN-G-    (0)   :  0.034 0.003 0.004 0.008 0.005 0.004 0.941 
372 TMA-ZAIN-G-    (0)   :  0.027 0.003 0.004 0.017 0.006 0.004 0.938 
373 TMA-ZAIN-G-    (0)   :  0.004 0.003 0.003 0.976 0.004 0.005 0.004 
374 TMA-ZAIN-G-    (0)   :  0.007 0.007 0.314 0.399 0.165 0.060 0.049 
375 TMA-ZAIN-G-    (0)   :  0.010 0.009 0.048 0.201 0.007 0.698 0.027 
376 TMA-ZAIN-G-    (9)   :  0.005 0.003 0.004 0.007 0.003 0.004 0.974 
377 TMA-ZAIN-G-    (0)   :  0.017 0.002 0.003 0.008 0.005 0.003 0.962 
378 TMA-ZAIN-G-    (0)   :  0.014 0.002 0.004 0.011 0.004 0.003 0.963 
379 TMA-ZAIN-G-    (0)   :  0.018 0.002 0.004 0.011 0.008 0.003 0.955 
380 TMA-ZAIN-G-    (0)   :  0.054 0.003 0.002 0.009 0.007 0.004 0.920 
381 TMA-ZAIN-G-    (9)   :  0.128 0.011 0.009 0.039 0.097 0.604 0.111 
382 TMA-ZAIN-G-    (9)   :  0.004 0.066 0.670 0.011 0.010 0.232 0.008 
383    ZFB01    (0)   :  0.004 0.009 0.971 0.003 0.004 0.004 0.005 
384    ZFB02    (0)   :  0.003 0.033 0.943 0.003 0.008 0.006 0.004 
385    ZFB03    (0)   :  0.003 0.005 0.969 0.007 0.005 0.007 0.005 
386    ZFB04    (0)   :  0.003 0.035 0.943 0.003 0.006 0.005 0.005 
387    ZFB05    (0)   :  0.011 0.120 0.801 0.008 0.012 0.045 0.003 
388    ZFB06    (0)   :  0.012 0.051 0.888 0.008 0.007 0.030 0.003 
389    ZFB07    (9)   :  0.005 0.010 0.954 0.007 0.005 0.011 0.009 
390    ZFB08    (0)   :  0.006 0.006 0.960 0.006 0.006 0.008 0.008 
391    ZFB09    (0)   :  0.003 0.005 0.978 0.003 0.004 0.004 0.003 
392    ZFB10    (0)   :  0.007 0.010 0.947 0.005 0.006 0.005 0.020 
393    ZFB11    (0)   :  0.004 0.016 0.953 0.003 0.008 0.005 0.011 
394    ZFB12    (0)   :  0.004 0.037 0.917 0.009 0.005 0.019 0.009 
395    ZFB13    (0)   :  0.007 0.006 0.958 0.006 0.005 0.009 0.009 
396    ZFB14    (0)   :  0.003 0.004 0.974 0.003 0.005 0.005 0.006 
397    ZFB15    (0)   :  0.002 0.015 0.969 0.003 0.003 0.005 0.003 
398    ZFB16    (0)   :  0.004 0.017 0.957 0.004 0.004 0.007 0.007 
399    ZFB17    (0)   :  0.015 0.029 0.881 0.008 0.031 0.024 0.013 
400    ZFB18    (0)   :  0.003 0.004 0.978 0.003 0.004 0.004 0.004 
401    ZFB19    (0)   :  0.009 0.007 0.909 0.012 0.005 0.023 0.034 
402    ZFB20    (0)   :  0.004 0.040 0.935 0.004 0.005 0.007 0.006 
403    ZFB21    (0)   :  0.002 0.012 0.970 0.003 0.003 0.006 0.003 
404    ZFB22    (0)   :  0.012 0.092 0.853 0.008 0.009 0.012 0.014 
405    ZFB23    (0)   :  0.004 0.026 0.943 0.005 0.007 0.006 0.010 
406    ZFB24    (0)   :  0.004 0.037 0.934 0.004 0.006 0.005 0.010 
407    ZFB25    (0)   :  0.006 0.006 0.948 0.007 0.005 0.004 0.025 
408    ZFB26    (0)   :  0.005 0.058 0.883 0.007 0.011 0.007 0.030 
409    ZFB27    (0)   :  0.004 0.086 0.888 0.004 0.005 0.005 0.009 
410    ZFB28    (0)   :  0.003 0.100 0.831 0.009 0.014 0.033 0.009 
411    ZFB29    (0)   :  0.003 0.018 0.958 0.002 0.009 0.006 0.004 
412    ZFB30    (0)   :  0.014 0.149 0.773 0.013 0.005 0.039 0.008 
413    ZFB31    (0)   :  0.005 0.006 0.958 0.006 0.004 0.005 0.017 
414    ZFB32    (0)   :  0.005 0.056 0.825 0.015 0.040 0.043 0.017 
415    ZFB33    (0)   :  0.003 0.012 0.971 0.003 0.003 0.004 0.004 
416    ZFB34    (0)   :  0.003 0.004 0.977 0.003 0.005 0.005 0.004 
417    ZFB35    (0)   :  0.004 0.011 0.962 0.005 0.006 0.005 0.007 
418  ZFBP101    (0)   :  0.069 0.007 0.012 0.185 0.157 0.012 0.557 
419  ZFBP102    (0)   :  0.017 0.010 0.014 0.064 0.018 0.016 0.861 
420  ZFBP103    (0)   :  0.016 0.008 0.009 0.431 0.227 0.010 0.300 
421  ZFBP104    (0)   :  0.013 0.016 0.042 0.200 0.004 0.040 0.685 
422  ZFBP105    (0)   :  0.007 0.005 0.006 0.091 0.006 0.006 0.880 
423  ZFBP106    (0)   :  0.012 0.003 0.004 0.076 0.007 0.004 0.893 
424  ZFBP107    (0)   :  0.006 0.011 0.005 0.162 0.007 0.009 0.799 
425  ZFBP108    (0)   :  0.005 0.003 0.003 0.008 0.003 0.003 0.975 
426  ZFBP109    (0)   :  0.008 0.002 0.004 0.008 0.003 0.003 0.972 
427  ZFBP110    (0)   :  0.006 0.008 0.050 0.301 0.040 0.041 0.552 
428  ZFBP111    (0)   :  0.169 0.003 0.003 0.046 0.005 0.005 0.767 
429  ZFBP112    (0)   :  0.067 0.005 0.004 0.022 0.017 0.005 0.880 
430  ZFBP113    (0)   :  0.005 0.004 0.003 0.007 0.003 0.005 0.973 
431  ZFBP114    (0)   :  0.007 0.004 0.004 0.027 0.005 0.005 0.947 
432  ZFBP115    (0)   :  0.021 0.004 0.003 0.687 0.012 0.007 0.267 
433  ZFBP116    (0)   :  0.007 0.004 0.003 0.013 0.004 0.006 0.964 
434  ZFBP117    (0)   :  0.008 0.002 0.003 0.009 0.006 0.004 0.968 
435  ZFBP118    (0)   :  0.010 0.004 0.003 0.024 0.004 0.005 0.949 
436  ZFBP119    (0)   :  0.023 0.003 0.004 0.184 0.030 0.007 0.749 
437  ZFBP120    (0)   :  0.006 0.005 0.006 0.051 0.004 0.006 0.923 
438  ZFBP121    (0)   :  0.006 0.003 0.006 0.010 0.008 0.005 0.964 
439  ZFBP122    (9)   :  0.013 0.003 0.004 0.016 0.005 0.005 0.954 
440  ZFBP123    (0)   :  0.031 0.006 0.004 0.008 0.017 0.006 0.926 
441  ZFBP124    (0)   :  0.006 0.004 0.007 0.009 0.005 0.004 0.965 
442  ZFBP125    (0)   :  0.016 0.002 0.003 0.015 0.006 0.004 0.954 
443  ZFBP126    (0)   :  0.006 0.009 0.010 0.007 0.023 0.018 0.926 
444  ZFBP127    (0)   :  0.005 0.003 0.003 0.046 0.011 0.005 0.928 
445  ZFBP128    (0)   :  0.041 0.003 0.004 0.023 0.016 0.004 0.910 
446  ZFBP129    (0)   :  0.024 0.003 0.005 0.007 0.007 0.004 0.951 
447  ZFBP130    (0)   :  0.090 0.003 0.002 0.026 0.020 0.004 0.854 
448  ZFBP131    (0)   :  0.005 0.004 0.003 0.004 0.004 0.004 0.975 
449  ZFBP132    (0)   :  0.004 0.003 0.004 0.012 0.004 0.004 0.970 
450  ZFBP133    (0)   :  0.245 0.002 0.004 0.005 0.007 0.003 0.735 
451  ZFBP134    (0)   :  0.022 0.003 0.004 0.200 0.033 0.005 0.733 
452  ZFBP135    (0)   :  0.018 0.005 0.015 0.061 0.244 0.008 0.650 
453  ZFBP136    (0)   :  0.086 0.008 0.005 0.104 0.171 0.006 0.621 
454  ZFBP201    (0)   :  0.006 0.006 0.005 0.012 0.006 0.007 0.959 
455  ZFBP202    (0)   :  0.009 0.003 0.005 0.014 0.005 0.005 0.960 
456  ZFBP203    (0)   :  0.027 0.029 0.006 0.008 0.007 0.020 0.904 
457  ZFBP204    (0)   :  0.026 0.005 0.004 0.093 0.019 0.007 0.847 
458  ZFBP205    (0)   :  0.013 0.005 0.003 0.005 0.009 0.004 0.960 
459  ZFBP206    (0)   :  0.157 0.007 0.006 0.007 0.021 0.006 0.796 
460  ZFBP207    (0)   :  0.011 0.004 0.006 0.284 0.013 0.005 0.677 
461  ZFBP208    (0)   :  0.013 0.010 0.004 0.005 0.009 0.009 0.951 
462  ZFBP209    (0)   :  0.096 0.002 0.003 0.005 0.007 0.003 0.883 
463  ZFBP210    (0)   :  0.018 0.008 0.004 0.012 0.006 0.008 0.944 
464  ZFBP211    (0)   :  0.005 0.003 0.005 0.009 0.005 0.005 0.967 
465  ZFBP212    (0)   :  0.006 0.003 0.006 0.061 0.003 0.004 0.917 
466  ZFBP213    (0)   :  0.016 0.006 0.007 0.010 0.016 0.007 0.938 
467  ZFBP214    (0)   :  0.135 0.004 0.016 0.044 0.053 0.019 0.729 
468  ZFBP215    (0)   :  0.009 0.003 0.004 0.007 0.006 0.004 0.968 
469  ZFBP216    (0)   :  0.008 0.008 0.005 0.021 0.005 0.012 0.941 
470  ZFBP217    (0)   :  0.157 0.003 0.007 0.042 0.007 0.007 0.777 
471  ZFBP218    (0)   :  0.014 0.003 0.003 0.007 0.003 0.004 0.966 
472  ZFBP219    (0)   :  0.005 0.004 0.003 0.006 0.003 0.004 0.974 
473  ZFBP220    (0)   :  0.056 0.003 0.003 0.052 0.019 0.005 0.861 
474  ZFBP221    (0)   :  0.010 0.003 0.005 0.048 0.003 0.004 0.926 
475  ZFBP222    (0)   :  0.009 0.005 0.005 0.004 0.008 0.005 0.964 
476  ZFBP223    (0)   :  0.012 0.005 0.010 0.204 0.009 0.008 0.752 
477  ZFBP224    (0)   :  0.006 0.004 0.005 0.006 0.007 0.005 0.967 
478  ZFBP225    (0)   :  0.385 0.008 0.004 0.154 0.014 0.011 0.425 
479  ZFBP226    (0)   :  0.006 0.004 0.003 0.007 0.004 0.004 0.971 
480  ZFBP227    (0)   :  0.010 0.022 0.025 0.093 0.006 0.127 0.717 
481  ZFBP228    (0)   :  0.007 0.003 0.005 0.111 0.014 0.004 0.856 
482  ZFBP229    (0)   :  0.028 0.003 0.003 0.011 0.005 0.005 0.945 
483  ZFBP230    (0)   :  0.053 0.004 0.004 0.059 0.024 0.006 0.850 
484  ZFBP231    (0)   :  0.005 0.004 0.005 0.011 0.006 0.005 0.964 
485  ZFBP232    (0)   :  0.008 0.003 0.003 0.007 0.004 0.003 0.972 
486  ZFBP233    (0)   :  0.016 0.004 0.006 0.014 0.006 0.005 0.948 
487   ZFCC01    (0)   :  0.005 0.004 0.007 0.003 0.973 0.004 0.004 
488   ZFCC03    (0)   :  0.006 0.003 0.005 0.005 0.974 0.004 0.004 
489   ZFCC04    (0)   :  0.006 0.004 0.005 0.004 0.973 0.004 0.004 
490   ZFCC05    (0)   :  0.006 0.004 0.006 0.007 0.965 0.006 0.006 
491   ZFCC08    (0)   :  0.015 0.003 0.005 0.007 0.957 0.004 0.010 
492   ZFCC09    (0)   :  0.004 0.003 0.008 0.005 0.972 0.004 0.004 
493   ZFCC10    (0)   :  0.004 0.004 0.013 0.004 0.967 0.004 0.005 
494   ZFCC11    (0)   :  0.005 0.003 0.006 0.005 0.973 0.004 0.004 
495   ZFCC12    (0)   :  0.005 0.030 0.015 0.007 0.928 0.008 0.006 
496   ZFCC13    (0)   :  0.008 0.006 0.004 0.010 0.957 0.006 0.008 
497   ZFCC14    (0)   :  0.007 0.005 0.011 0.005 0.959 0.005 0.009 
498   ZFCC15    (0)   :  0.006 0.005 0.004 0.005 0.969 0.007 0.004 
499   ZFCC16    (0)   :  0.005 0.004 0.006 0.004 0.973 0.004 0.004 
500   ZFCC17    (0)   :  0.004 0.006 0.006 0.004 0.973 0.004 0.003 
501   ZFCC18    (0)   :  0.006 0.004 0.005 0.005 0.972 0.004 0.004 
502   ZFCC19    (0)   :  0.004 0.006 0.005 0.004 0.974 0.006 0.003 
503   ZFCC20    (0)   :  0.006 0.003 0.004 0.007 0.971 0.005 0.004 
504   ZFCC21    (0)   :  0.047 0.005 0.009 0.007 0.900 0.012 0.019 
505   ZFCC22    (0)   :  0.067 0.004 0.007 0.016 0.791 0.005 0.110 
506   ZFCC26    (0)   :  0.004 0.003 0.006 0.004 0.976 0.004 0.003 
507   ZFCC27    (0)   :  0.004 0.003 0.004 0.004 0.978 0.003 0.004 
508   ZFCC29    (0)   :  0.006 0.004 0.007 0.005 0.969 0.006 0.004 
509   ZFCC30    (0)   :  0.006 0.003 0.003 0.005 0.976 0.004 0.003 
510   ZFCC32    (0)   :  0.006 0.007 0.005 0.006 0.966 0.006 0.004 
511   ZFCC33    (0)   :  0.004 0.005 0.007 0.005 0.970 0.006 0.004 
512   ZFCC34    (0)   :  0.019 0.012 0.015 0.029 0.879 0.006 0.039 
513   ZFCC35    (0)   :  0.005 0.003 0.004 0.004 0.977 0.003 0.004 
514   ZFCC36    (0)   :  0.013 0.009 0.004 0.006 0.953 0.007 0.008 
515   ZFCC37    (0)   :  0.005 0.029 0.016 0.009 0.922 0.012 0.009 
516   ZFCC40    (0)   :  0.004 0.006 0.006 0.003 0.971 0.003 0.006 
517   ZFCC42    (0)   :  0.019 0.526 0.017 0.055 0.360 0.017 0.007 
518   ZFCC44    (0)   :  0.003 0.003 0.003 0.005 0.978 0.003 0.004 
519   ZFCC45    (9)   :  0.004 0.013 0.010 0.006 0.953 0.010 0.004 
520   ZFCC46    (0)   :  0.027 0.003 0.004 0.013 0.942 0.004 0.008 
521   ZFCC47    (0)   :  0.007 0.018 0.012 0.006 0.949 0.004 0.005 
522   ZFCC48    (0)   :  0.035 0.003 0.006 0.006 0.926 0.006 0.019 
523   ZFCC50    (0)   :  0.004 0.004 0.004 0.003 0.978 0.004 0.003 
524   ZFCC51    (0)   :  0.004 0.003 0.005 0.005 0.976 0.003 0.004 
525   ZFCC52    (0)   :  0.011 0.005 0.004 0.006 0.960 0.004 0.009 
526   ZFCC53    (0)   :  0.004 0.003 0.004 0.004 0.979 0.003 0.003 
527  ZFCNS01    (0)   :  0.003 0.005 0.003 0.971 0.006 0.008 0.004 
528  ZFCNS02    (0)   :  0.006 0.003 0.003 0.969 0.010 0.004 0.005 
529  ZFCNS05    (0)   :  0.006 0.003 0.005 0.963 0.011 0.005 0.007 
530  ZFCNS06    (0)   :  0.007 0.003 0.004 0.965 0.012 0.004 0.005 
531  ZFCNS07    (0)   :  0.019 0.003 0.005 0.952 0.006 0.004 0.011 
532  ZFCNS10    (0)   :  0.005 0.003 0.003 0.977 0.005 0.003 0.005 
533  ZFCNS11    (0)   :  0.004 0.004 0.003 0.974 0.006 0.006 0.004 
534  ZFCNS15    (0)   :  0.005 0.003 0.004 0.969 0.004 0.004 0.010 
