

----------------------------------------------------
STRUCTURE by Pritchard, Stephens and Donnelly (2000)
     and Falush, Stephens and Pritchard (2003)
       Code by Pritchard, Falush and Hubisz
             Version 2.3.4 (Jul 2012)
----------------------------------------------------



Command line arguments:   bin\structure -m C:\Users\eschumacher\Documents\GitHub\GCC_QUAC_ZAIN\Data_Files\Structure_Files\ZAIN\ZAIN_rebinned_garden_wild_nopopinfo\50-50\mainparams -e C:\Users\eschumacher\Documents\GitHub\GCC_QUAC_ZAIN\Data_Files\Structure_Files\ZAIN\ZAIN_rebinned_garden_wild_nopopinfo\50-50\extraparams 
Input File:    C:\Users\eschumacher\Documents\GitHub\GCC_QUAC_ZAIN\Data_Files\Structure_Files\ZAIN\ZAIN_rebinned_garden_wild_nopopinfo\project_data

Run parameters:
   1133 individuals
   11 loci
   15 populations assumed
   50000 Burn-in period
   50000 Reps


--------------------------------------------
Overall proportion of membership of the
sample in each of the 15 clusters

Inferred Clusters
  1      2      3      4      5      6      7      8      9     10     11     12     13     14     15    
0.062  0.067  0.118  0.062  0.053  0.058  0.060  0.088  0.089  0.052  0.064  0.069  0.048  0.035  0.076  

--------------------------------------------

Allele-freq. divergence among pops (Net nucleotide distance),
computed using point estimates of P.

      1       2       3       4       5       6       7       8       9      10      11      12      13      14      15      
 1      -    0.3033  0.3761  0.2340  0.2505  0.2358  0.2679  0.3118  0.1975  0.2889  0.2998  0.1420  0.1712  0.2458  0.2065  
 2   0.3033     -    0.1999  0.2900  0.3026  0.1797  0.2534  0.0901  0.1137  0.3864  0.3031  0.2904  0.2612  0.2511  0.1905  
 3   0.3761  0.1999     -    0.3089  0.3086  0.2299  0.3180  0.1718  0.1171  0.3831  0.3796  0.2984  0.3518  0.2439  0.2873  
 4   0.2340  0.2900  0.3089     -    0.0636  0.1765  0.0489  0.2746  0.2063  0.1532  0.0673  0.0755  0.0984  0.1882  0.2712  
 5   0.2505  0.3026  0.3086  0.0636     -    0.2004  0.0820  0.2798  0.2030  0.1231  0.1065  0.1178  0.1475  0.2154  0.2482  
 6   0.2358  0.1797  0.2299  0.1765  0.2004     -    0.1337  0.2038  0.0998  0.1793  0.2100  0.1304  0.1309  0.1759  0.1897  
 7   0.2679  0.2534  0.3180  0.0489  0.0820  0.1337     -    0.2514  0.2075  0.1127  0.0391  0.0891  0.0893  0.2070  0.2253  
 8   0.3118  0.0901  0.1718  0.2746  0.2798  0.2038  0.2514     -    0.1292  0.3740  0.2836  0.2843  0.2699  0.2478  0.2183  
 9   0.1975  0.1137  0.1171  0.2063  0.2030  0.0998  0.2075  0.1292     -    0.2883  0.2533  0.1639  0.1860  0.1514  0.1735  
10   0.2889  0.3864  0.3831  0.1532  0.1231  0.1793  0.1127  0.3740  0.2883     -    0.1664  0.1470  0.1546  0.2869  0.2292  
11   0.2998  0.3031  0.3796  0.0673  0.1065  0.2100  0.0391  0.2836  0.2533  0.1664     -    0.0906  0.1024  0.2753  0.2927  
12   0.1420  0.2904  0.2984  0.0755  0.1178  0.1304  0.0891  0.2843  0.1639  0.1470  0.0906     -    0.0570  0.2066  0.2258  
13   0.1712  0.2612  0.3518  0.0984  0.1475  0.1309  0.0893  0.2699  0.1860  0.1546  0.1024  0.0570     -    0.1821  0.1850  
14   0.2458  0.2511  0.2439  0.1882  0.2154  0.1759  0.2070  0.2478  0.1514  0.2869  0.2753  0.2066  0.1821     -    0.2115  
15   0.2065  0.1905  0.2873  0.2712  0.2482  0.1897  0.2253  0.2183  0.1735  0.2292  0.2927  0.2258  0.1850  0.2115     -    

Average distances (expected heterozygosity) between individuals in same cluster:
cluster  1  : 0.2376 
cluster  2  : 0.3379 
cluster  3  : 0.4031 
cluster  4  : 0.3365 
cluster  5  : 0.3900 
cluster  6  : 0.4517 
cluster  7  : 0.3905 
cluster  8  : 0.4928 
cluster  9  : 0.5291 
cluster 10  : 0.3509 
cluster 11  : 0.3276 
cluster 12  : 0.4363 
cluster 13  : 0.3639 
cluster 14  : 0.2498 
cluster 15  : 0.3680 

--------------------------------------------
Estimated Ln Prob of Data   = -20545.1
Mean value of ln likelihood = -19616.2
Variance of ln likelihood   = 1857.7
Mean value of alpha         = 0.0346

Mean value of Fst_1         = 0.5888
Mean value of Fst_2         = 0.5193
Mean value of Fst_3         = 0.4415
Mean value of Fst_4         = 0.3685
Mean value of Fst_5         = 0.3944
Mean value of Fst_6         = 0.3150
Mean value of Fst_7         = 0.3608
Mean value of Fst_8         = 0.3987
Mean value of Fst_9         = 0.1707
Mean value of Fst_10         = 0.4389
Mean value of Fst_11         = 0.4413
Mean value of Fst_12         = 0.3176
Mean value of Fst_13         = 0.5016
Mean value of Fst_14         = 0.6212
Mean value of Fst_15         = 0.4672


Inferred ancestry of individuals:
        Label (%Miss) :  Inferred clusters
  1 TMA-ZAIN-G-    (9)   :  0.054 0.026 0.007 0.010 0.006 0.020 0.072 0.668 0.044 0.009 0.008 0.043 0.014 0.009 0.012 
  2 TMA-ZAIN-G-    (0)   :  0.007 0.026 0.005 0.013 0.148 0.006 0.036 0.678 0.012 0.004 0.011 0.017 0.005 0.016 0.016 
  3 TMA-ZAIN-G-    (0)   :  0.024 0.005 0.003 0.030 0.014 0.017 0.583 0.005 0.005 0.073 0.069 0.042 0.113 0.008 0.008 
  4 TMA-ZAIN-G-    (0)   :  0.016 0.010 0.004 0.024 0.014 0.006 0.163 0.006 0.005 0.048 0.092 0.008 0.014 0.572 0.019 
  5 TMA-ZAIN-G-    (0)   :  0.002 0.009 0.005 0.003 0.002 0.005 0.004 0.947 0.003 0.002 0.003 0.002 0.003 0.004 0.005 
  6 TMA-ZAIN-G-    (0)   :  0.016 0.018 0.027 0.020 0.013 0.208 0.397 0.028 0.033 0.055 0.017 0.026 0.088 0.039 0.015 
  7 TMA-ZAIN-G-    (0)   :  0.033 0.011 0.005 0.414 0.019 0.014 0.114 0.009 0.009 0.009 0.026 0.024 0.224 0.076 0.014 
  8 TMA-ZAIN-G-    (0)   :  0.004 0.004 0.002 0.008 0.009 0.005 0.013 0.004 0.003 0.007 0.012 0.007 0.908 0.004 0.009 
  9 TMA-ZAIN-G-    (9)   :  0.008 0.006 0.004 0.279 0.063 0.025 0.349 0.007 0.005 0.022 0.054 0.143 0.021 0.007 0.005 
 10 TMA-ZAIN-G-    (0)   :  0.013 0.004 0.004 0.418 0.038 0.033 0.161 0.003 0.006 0.034 0.037 0.162 0.067 0.012 0.009 
 11 TMA-ZAIN-G-    (0)   :  0.008 0.006 0.004 0.797 0.011 0.005 0.034 0.005 0.006 0.004 0.007 0.086 0.011 0.012 0.005 
 12 TMA-ZAIN-G-    (0)   :  0.025 0.005 0.003 0.025 0.008 0.009 0.372 0.005 0.006 0.005 0.480 0.033 0.016 0.005 0.005 
 13 TMA-ZAIN-G-    (9)   :  0.116 0.036 0.051 0.207 0.204 0.015 0.018 0.037 0.024 0.019 0.049 0.153 0.042 0.013 0.016 
 14 TMA-ZAIN-G-    (9)   :  0.806 0.003 0.011 0.023 0.018 0.011 0.012 0.003 0.009 0.007 0.010 0.065 0.008 0.005 0.008 
 15 TMA-ZAIN-G-    (0)   :  0.700 0.003 0.002 0.009 0.005 0.006 0.082 0.003 0.006 0.008 0.005 0.151 0.010 0.003 0.006 
 16 TMA-ZAIN-G-    (0)   :  0.006 0.005 0.005 0.189 0.014 0.007 0.196 0.003 0.005 0.006 0.522 0.026 0.007 0.005 0.003 
 17 TMA-ZAIN-G-    (9)   :  0.014 0.006 0.008 0.007 0.005 0.013 0.011 0.009 0.016 0.006 0.008 0.697 0.079 0.099 0.021 
 18 TMA-ZAIN-G-    (0)   :  0.009 0.724 0.006 0.004 0.004 0.018 0.008 0.026 0.100 0.006 0.012 0.007 0.012 0.017 0.047 
 19 TMA-ZAIN-G-    (0)   :  0.011 0.026 0.027 0.026 0.008 0.143 0.017 0.011 0.550 0.005 0.025 0.026 0.074 0.046 0.004 
 20 TMA-ZAIN-G-    (0)   :  0.004 0.040 0.056 0.004 0.005 0.007 0.004 0.030 0.797 0.004 0.003 0.003 0.004 0.007 0.034 
 21 TMA-ZAIN-G-    (0)   :  0.002 0.003 0.945 0.004 0.003 0.005 0.006 0.003 0.004 0.005 0.004 0.005 0.004 0.004 0.005 
 22 TMA-ZAIN-G-    (0)   :  0.003 0.080 0.825 0.003 0.003 0.009 0.003 0.036 0.012 0.002 0.003 0.003 0.003 0.009 0.007 
 23 TMA-ZAIN-G-    (0)   :  0.007 0.040 0.817 0.008 0.006 0.028 0.006 0.011 0.036 0.004 0.006 0.008 0.010 0.010 0.004 
 24 TMA-ZAIN-G-    (9)   :  0.018 0.008 0.639 0.008 0.183 0.004 0.005 0.006 0.004 0.089 0.009 0.017 0.003 0.003 0.005 
 25 TMA-ZAIN-G-    (9)   :  0.004 0.011 0.011 0.011 0.094 0.007 0.094 0.147 0.593 0.004 0.007 0.009 0.003 0.003 0.004 
 26 TMA-ZAIN-G-    (9)   :  0.010 0.006 0.024 0.044 0.087 0.005 0.203 0.007 0.011 0.007 0.011 0.086 0.017 0.009 0.472 
 27 TMA-ZAIN-G-    (0)   :  0.079 0.013 0.018 0.013 0.005 0.629 0.008 0.087 0.069 0.009 0.004 0.017 0.013 0.022 0.016 
 28 TMA-ZAIN-G-    (0)   :  0.009 0.014 0.004 0.005 0.004 0.904 0.006 0.006 0.016 0.005 0.005 0.005 0.007 0.005 0.005 
 29 TMA-ZAIN-G-    (0)   :  0.006 0.004 0.004 0.004 0.005 0.005 0.004 0.003 0.223 0.710 0.004 0.005 0.004 0.003 0.015 
 30 TMA-ZAIN-G-    (0)   :  0.057 0.004 0.004 0.040 0.098 0.449 0.035 0.004 0.028 0.031 0.041 0.180 0.014 0.007 0.005 
 31 TMA-ZAIN-G-    (0)   :  0.006 0.022 0.010 0.006 0.007 0.006 0.005 0.832 0.012 0.005 0.004 0.003 0.006 0.016 0.059 
 32 TMA-ZAIN-G-    (9)   :  0.009 0.403 0.048 0.024 0.009 0.006 0.324 0.046 0.043 0.004 0.027 0.043 0.005 0.005 0.005 
 33 TMA-ZAIN-G-   (18)   :  0.005 0.004 0.003 0.074 0.006 0.005 0.769 0.004 0.004 0.009 0.035 0.054 0.020 0.004 0.004 
 34 TMA-ZAIN-G-    (0)   :  0.005 0.054 0.018 0.029 0.010 0.007 0.784 0.035 0.009 0.004 0.024 0.006 0.007 0.005 0.005 
 35 TMA-ZAIN-G-    (9)   :  0.010 0.007 0.003 0.025 0.008 0.007 0.881 0.004 0.006 0.011 0.008 0.014 0.006 0.006 0.006 
 36 TMA-ZAIN-G-    (0)   :  0.138 0.005 0.002 0.059 0.299 0.006 0.175 0.004 0.006 0.011 0.014 0.214 0.046 0.008 0.014 
 37 TMA-ZAIN-G-    (9)   :  0.004 0.005 0.004 0.076 0.012 0.009 0.825 0.004 0.005 0.006 0.009 0.015 0.010 0.012 0.005 
 38 TMA-ZAIN-G-   (18)   :  0.031 0.015 0.011 0.021 0.011 0.004 0.230 0.554 0.049 0.005 0.009 0.038 0.006 0.009 0.007 
 39 TMA-ZAIN-G-    (0)   :  0.004 0.003 0.005 0.031 0.653 0.009 0.072 0.003 0.004 0.013 0.094 0.072 0.020 0.009 0.009 
 40 TMA-ZAIN-G-    (0)   :  0.004 0.003 0.005 0.032 0.084 0.004 0.054 0.004 0.004 0.006 0.120 0.647 0.012 0.015 0.005 
 41 TMA-ZAIN-G-    (0)   :  0.034 0.003 0.003 0.010 0.199 0.004 0.032 0.003 0.003 0.006 0.024 0.640 0.031 0.003 0.005 
 42 TMA-ZAIN-G-    (9)   :  0.093 0.003 0.002 0.005 0.008 0.003 0.006 0.003 0.004 0.009 0.008 0.796 0.040 0.005 0.014 
 43 TMA-ZAIN-G-    (0)   :  0.926 0.003 0.003 0.005 0.005 0.003 0.004 0.003 0.004 0.009 0.003 0.009 0.015 0.004 0.005 
 44 TMA-ZAIN-G-    (0)   :  0.005 0.004 0.755 0.107 0.040 0.003 0.022 0.006 0.014 0.007 0.010 0.008 0.007 0.008 0.004 
 45 TMA-ZAIN-G-    (0)   :  0.017 0.005 0.007 0.362 0.014 0.012 0.202 0.008 0.008 0.006 0.113 0.196 0.026 0.015 0.009 
 46 TMA-ZAIN-G-    (0)   :  0.004 0.004 0.941 0.005 0.005 0.003 0.003 0.003 0.006 0.003 0.003 0.003 0.003 0.009 0.006 
 47 TMA-ZAIN-G-    (0)   :  0.003 0.005 0.003 0.003 0.003 0.004 0.005 0.003 0.004 0.004 0.005 0.004 0.005 0.012 0.936 
 48 TMA-ZAIN-G-    (0)   :  0.047 0.007 0.031 0.120 0.014 0.052 0.035 0.005 0.012 0.018 0.017 0.166 0.163 0.130 0.183 
 49 TMA-ZAIN-G-    (9)   :  0.004 0.027 0.005 0.008 0.007 0.012 0.035 0.005 0.783 0.042 0.032 0.007 0.008 0.019 0.006 
 50 TMA-ZAIN-G-    (0)   :  0.008 0.004 0.005 0.007 0.025 0.026 0.005 0.015 0.796 0.004 0.011 0.074 0.012 0.005 0.003 
 51 TMA-ZAIN-G-    (0)   :  0.060 0.007 0.006 0.014 0.008 0.017 0.008 0.007 0.803 0.007 0.004 0.022 0.010 0.014 0.014 
 52 TMA-ZAIN-G-    (0)   :  0.019 0.006 0.009 0.008 0.006 0.028 0.007 0.006 0.717 0.003 0.012 0.008 0.009 0.133 0.031 
 53 TMA-ZAIN-G-    (0)   :  0.049 0.011 0.006 0.023 0.017 0.009 0.008 0.236 0.481 0.005 0.004 0.015 0.012 0.060 0.063 
 54 TMA-ZAIN-G-    (0)   :  0.012 0.007 0.004 0.007 0.004 0.011 0.005 0.004 0.009 0.004 0.007 0.012 0.010 0.004 0.901 
 55 TMA-ZAIN-G-    (0)   :  0.022 0.008 0.007 0.007 0.004 0.025 0.006 0.003 0.021 0.003 0.010 0.042 0.013 0.003 0.823 
 56 TMA-ZAIN-G-    (0)   :  0.027 0.004 0.007 0.040 0.021 0.062 0.028 0.008 0.028 0.020 0.015 0.219 0.077 0.391 0.053 
 57 TMA-ZAIN-G-    (0)   :  0.006 0.006 0.004 0.010 0.011 0.005 0.013 0.010 0.029 0.008 0.040 0.005 0.007 0.010 0.837 
 58 TMA-ZAIN-G-    (0)   :  0.010 0.148 0.144 0.007 0.004 0.188 0.013 0.020 0.319 0.008 0.015 0.019 0.043 0.017 0.047 
 59 TMA-ZAIN-G-    (0)   :  0.011 0.033 0.025 0.131 0.015 0.028 0.043 0.513 0.015 0.013 0.020 0.031 0.069 0.038 0.016 
 60 TMA-ZAIN-G-    (0)   :  0.142 0.122 0.010 0.022 0.006 0.099 0.008 0.310 0.172 0.007 0.006 0.017 0.022 0.038 0.019 
 61 TMA-ZAIN-G-    (0)   :  0.004 0.017 0.018 0.004 0.003 0.006 0.004 0.879 0.010 0.003 0.003 0.003 0.004 0.030 0.012 
 62 TMA-ZAIN-G-    (9)   :  0.006 0.007 0.013 0.017 0.015 0.038 0.028 0.791 0.018 0.006 0.022 0.019 0.007 0.003 0.010 
 63 TMA-ZAIN-G-    (0)   :  0.014 0.204 0.009 0.008 0.003 0.016 0.010 0.638 0.027 0.003 0.011 0.010 0.012 0.016 0.017 
 64 TMA-ZAIN-G-    (0)   :  0.006 0.002 0.002 0.008 0.009 0.004 0.006 0.002 0.002 0.939 0.004 0.005 0.004 0.004 0.003 
 65 TMA-ZAIN-G-    (9)   :  0.006 0.004 0.003 0.007 0.007 0.006 0.038 0.003 0.003 0.880 0.016 0.006 0.010 0.005 0.007 
 66 TMA-ZAIN-G-    (0)   :  0.005 0.003 0.003 0.033 0.014 0.004 0.021 0.003 0.003 0.875 0.012 0.009 0.006 0.005 0.004 
 67 TMA-ZAIN-G-    (0)   :  0.003 0.003 0.013 0.038 0.113 0.014 0.045 0.004 0.010 0.707 0.021 0.013 0.007 0.004 0.005 
 68 TMA-ZAIN-G-    (0)   :  0.006 0.002 0.002 0.005 0.004 0.003 0.005 0.002 0.003 0.940 0.005 0.006 0.008 0.004 0.004 
 69 TMA-ZAIN-G-    (0)   :  0.016 0.028 0.023 0.028 0.034 0.006 0.064 0.010 0.022 0.700 0.027 0.005 0.007 0.021 0.008 
 70 TMA-ZAIN-G-    (0)   :  0.005 0.003 0.003 0.022 0.908 0.004 0.010 0.003 0.004 0.010 0.009 0.007 0.004 0.004 0.003 
 71 TMA-ZAIN-G-    (0)   :  0.003 0.003 0.003 0.013 0.925 0.003 0.012 0.003 0.003 0.004 0.011 0.005 0.004 0.004 0.003 
 72 TMA-ZAIN-G-    (0)   :  0.007 0.004 0.003 0.008 0.912 0.008 0.011 0.003 0.004 0.010 0.007 0.007 0.005 0.004 0.007 
 73 TMA-ZAIN-G-    (0)   :  0.003 0.015 0.022 0.005 0.850 0.017 0.014 0.016 0.017 0.005 0.007 0.005 0.005 0.004 0.014 
 74 TMA-ZAIN-G-    (0)   :  0.004 0.003 0.005 0.007 0.917 0.004 0.013 0.005 0.005 0.005 0.010 0.006 0.006 0.003 0.005 
 75 TMA-ZAIN-G-    (0)   :  0.005 0.004 0.003 0.007 0.923 0.005 0.010 0.004 0.005 0.005 0.007 0.004 0.006 0.004 0.007 
 76 TMA-ZAIN-G-    (0)   :  0.003 0.003 0.013 0.014 0.911 0.004 0.011 0.004 0.009 0.005 0.008 0.005 0.004 0.003 0.003 
 77 TMA-ZAIN-G-    (0)   :  0.006 0.003 0.004 0.007 0.926 0.005 0.006 0.002 0.005 0.005 0.005 0.009 0.004 0.007 0.004 
 78 TMA-ZAIN-G-    (0)   :  0.005 0.005 0.009 0.010 0.901 0.006 0.009 0.005 0.011 0.005 0.007 0.006 0.006 0.008 0.006 
 79 TMA-ZAIN-G-    (0)   :  0.007 0.004 0.008 0.017 0.888 0.006 0.007 0.003 0.007 0.004 0.006 0.008 0.004 0.026 0.004 
 80 TMA-ZAIN-G-    (0)   :  0.004 0.003 0.004 0.019 0.727 0.007 0.037 0.003 0.004 0.023 0.126 0.017 0.010 0.006 0.010 
 81 TMA-ZAIN-G-    (0)   :  0.008 0.004 0.006 0.050 0.817 0.008 0.025 0.004 0.007 0.005 0.013 0.012 0.010 0.028 0.005 
 82 TMA-ZAIN-G-    (0)   :  0.007 0.008 0.003 0.163 0.072 0.006 0.402 0.004 0.005 0.220 0.058 0.008 0.018 0.010 0.017 
 83 TMA-ZAIN-G-    (9)   :  0.004 0.031 0.022 0.013 0.011 0.022 0.708 0.025 0.010 0.023 0.091 0.007 0.017 0.004 0.011 
 84 TMA-ZAIN-G-    (0)   :  0.006 0.003 0.011 0.044 0.853 0.006 0.015 0.004 0.008 0.005 0.013 0.012 0.007 0.010 0.004 
 85 TMA-ZAIN-G-    (0)   :  0.004 0.004 0.004 0.004 0.003 0.005 0.004 0.004 0.004 0.003 0.003 0.003 0.004 0.948 0.003 
 86 TMA-ZAIN-G-    (0)   :  0.003 0.003 0.006 0.011 0.005 0.005 0.010 0.004 0.003 0.006 0.009 0.009 0.008 0.912 0.005 
 87 TMA-ZAIN-G-    (0)   :  0.003 0.004 0.005 0.003 0.003 0.004 0.003 0.004 0.004 0.002 0.003 0.003 0.003 0.950 0.003 
 88 TMA-ZAIN-G-    (0)   :  0.019 0.018 0.011 0.030 0.027 0.010 0.111 0.185 0.008 0.039 0.112 0.010 0.012 0.318 0.090 
 89 TMA-ZAIN-G-    (0)   :  0.048 0.011 0.031 0.039 0.046 0.004 0.030 0.043 0.008 0.025 0.033 0.013 0.010 0.267 0.392 
 90 TMA-ZAIN-G-    (0)   :  0.004 0.034 0.004 0.005 0.004 0.006 0.029 0.004 0.006 0.013 0.018 0.004 0.005 0.830 0.033 
 91 TMA-ZAIN-G-    (0)   :  0.012 0.006 0.007 0.016 0.008 0.019 0.009 0.087 0.006 0.011 0.007 0.007 0.015 0.750 0.039 
 92 TMA-ZAIN-G-    (0)   :  0.011 0.014 0.033 0.011 0.011 0.028 0.009 0.007 0.031 0.006 0.005 0.009 0.007 0.489 0.327 
 93 TMA-ZAIN-G-    (0)   :  0.026 0.010 0.014 0.010 0.007 0.111 0.007 0.059 0.024 0.008 0.004 0.007 0.008 0.157 0.550 
 94 TMA-ZAIN-G-    (0)   :  0.007 0.018 0.009 0.006 0.005 0.015 0.005 0.143 0.013 0.005 0.003 0.003 0.005 0.712 0.052 
 95 TMA-ZAIN-G-    (0)   :  0.015 0.017 0.005 0.005 0.011 0.873 0.004 0.004 0.024 0.007 0.006 0.016 0.004 0.005 0.004 
 96 TMA-ZAIN-G-    (0)   :  0.016 0.005 0.007 0.005 0.003 0.775 0.005 0.006 0.053 0.003 0.008 0.094 0.006 0.008 0.005 
 97 TMA-ZAIN-G-    (0)   :  0.007 0.193 0.006 0.009 0.026 0.005 0.004 0.685 0.022 0.006 0.004 0.004 0.009 0.008 0.014 
 98 TMA-ZAIN-G-    (0)   :  0.005 0.210 0.004 0.007 0.031 0.003 0.004 0.694 0.004 0.004 0.003 0.003 0.011 0.006 0.011 
 99 TMA-ZAIN-G-    (0)   :  0.006 0.039 0.009 0.158 0.013 0.007 0.074 0.612 0.005 0.009 0.013 0.020 0.025 0.004 0.004 
100 TMA-ZAIN-G-    (0)   :  0.006 0.010 0.011 0.005 0.005 0.006 0.004 0.872 0.029 0.005 0.003 0.003 0.004 0.024 0.015 
101 TMA-ZAIN-G-    (0)   :  0.006 0.067 0.005 0.065 0.006 0.009 0.008 0.778 0.019 0.004 0.007 0.005 0.008 0.003 0.009 
102 TMA-ZAIN-G-    (0)   :  0.014 0.715 0.082 0.011 0.012 0.011 0.009 0.009 0.035 0.008 0.017 0.022 0.008 0.042 0.005 
103 TMA-ZAIN-G-    (0)   :  0.006 0.853 0.013 0.009 0.007 0.011 0.010 0.009 0.020 0.005 0.009 0.008 0.009 0.028 0.004 
104 TMA-ZAIN-G-    (0)   :  0.003 0.951 0.005 0.003 0.003 0.003 0.003 0.006 0.005 0.002 0.003 0.003 0.003 0.003 0.003 
105 TMA-ZAIN-G-    (0)   :  0.006 0.853 0.006 0.010 0.007 0.010 0.011 0.008 0.010 0.005 0.012 0.008 0.010 0.041 0.004 
106 TMA-ZAIN-G-    (0)   :  0.088 0.004 0.003 0.105 0.101 0.007 0.023 0.004 0.004 0.041 0.071 0.489 0.048 0.007 0.006 
107 TMA-ZAIN-G-    (0)   :  0.014 0.006 0.003 0.211 0.154 0.007 0.096 0.004 0.006 0.013 0.416 0.028 0.030 0.006 0.008 
108 TMA-ZAIN-G-    (9)   :  0.025 0.022 0.028 0.074 0.017 0.008 0.451 0.212 0.040 0.006 0.010 0.039 0.012 0.043 0.012 
109 TMA-ZAIN-G-    (0)   :  0.028 0.027 0.005 0.016 0.008 0.031 0.087 0.280 0.008 0.109 0.151 0.097 0.088 0.014 0.050 
110 TMA-ZAIN-G-    (0)   :  0.015 0.041 0.128 0.223 0.018 0.021 0.149 0.047 0.093 0.007 0.077 0.071 0.075 0.022 0.014 
111 TMA-ZAIN-G-    (9)   :  0.004 0.172 0.120 0.014 0.038 0.018 0.167 0.183 0.080 0.010 0.150 0.010 0.007 0.007 0.021 
112 TMA-ZAIN-G-    (0)   :  0.030 0.208 0.031 0.083 0.015 0.025 0.063 0.108 0.061 0.020 0.085 0.174 0.064 0.013 0.020 
113 TMA-ZAIN-G-    (0)   :  0.005 0.013 0.009 0.012 0.016 0.003 0.008 0.879 0.005 0.008 0.009 0.004 0.007 0.005 0.017 
114 TMA-ZAIN-G-    (0)   :  0.002 0.005 0.009 0.003 0.003 0.004 0.003 0.948 0.004 0.002 0.003 0.002 0.002 0.005 0.003 
115 TMA-ZAIN-G-    (0)   :  0.003 0.007 0.005 0.003 0.003 0.004 0.004 0.946 0.004 0.003 0.004 0.003 0.003 0.003 0.004 
116 TMA-ZAIN-G-    (0)   :  0.005 0.007 0.002 0.008 0.009 0.007 0.727 0.004 0.003 0.010 0.182 0.007 0.013 0.005 0.010 
117 TMA-ZAIN-G-    (0)   :  0.061 0.008 0.003 0.035 0.079 0.027 0.305 0.006 0.008 0.179 0.027 0.046 0.157 0.033 0.027 
118 TMA-ZAIN-G-    (0)   :  0.024 0.007 0.003 0.009 0.012 0.012 0.558 0.006 0.006 0.020 0.304 0.012 0.014 0.006 0.008 
119 TMA-ZAIN-G-    (0)   :  0.005 0.016 0.014 0.008 0.032 0.013 0.643 0.013 0.017 0.018 0.187 0.007 0.011 0.004 0.010 
120 TMA-ZAIN-G-    (0)   :  0.053 0.011 0.004 0.011 0.018 0.020 0.592 0.006 0.008 0.016 0.207 0.012 0.019 0.012 0.011 
121 TMA-ZAIN-G-    (0)   :  0.010 0.006 0.003 0.008 0.010 0.016 0.819 0.004 0.004 0.040 0.023 0.016 0.024 0.008 0.010 
122 TMA-ZAIN-G-    (0)   :  0.010 0.005 0.005 0.093 0.022 0.042 0.587 0.004 0.005 0.016 0.034 0.025 0.088 0.055 0.010 
123 TMA-ZAIN-G-    (0)   :  0.013 0.024 0.007 0.006 0.005 0.007 0.006 0.880 0.015 0.004 0.005 0.005 0.006 0.011 0.006 
124 TMA-ZAIN-G-    (0)   :  0.007 0.005 0.003 0.007 0.004 0.005 0.006 0.004 0.004 0.003 0.007 0.027 0.907 0.007 0.003 
125 TMA-ZAIN-G-    (0)   :  0.008 0.002 0.002 0.004 0.005 0.004 0.004 0.002 0.003 0.012 0.005 0.010 0.909 0.005 0.024 
126 TMA-ZAIN-G-    (0)   :  0.019 0.003 0.003 0.006 0.004 0.004 0.006 0.003 0.003 0.003 0.011 0.015 0.908 0.005 0.006 
127 TMA-ZAIN-G-    (0)   :  0.009 0.003 0.003 0.010 0.004 0.004 0.006 0.003 0.003 0.005 0.014 0.055 0.875 0.005 0.003 
128 TMA-ZAIN-G-    (0)   :  0.006 0.004 0.003 0.009 0.005 0.007 0.010 0.003 0.003 0.012 0.007 0.011 0.910 0.005 0.005 
129 TMA-ZAIN-G-    (0)   :  0.009 0.004 0.003 0.007 0.004 0.005 0.008 0.004 0.004 0.004 0.006 0.009 0.924 0.005 0.004 
130 TMA-ZAIN-G-    (0)   :  0.016 0.005 0.002 0.004 0.004 0.004 0.006 0.004 0.004 0.004 0.008 0.007 0.913 0.005 0.013 
131 TMA-ZAIN-G-    (0)   :  0.009 0.004 0.003 0.007 0.004 0.006 0.005 0.003 0.004 0.004 0.006 0.030 0.904 0.007 0.004 
132 TMA-ZAIN-G-    (0)   :  0.007 0.003 0.003 0.011 0.006 0.008 0.012 0.003 0.003 0.016 0.008 0.016 0.888 0.005 0.012 
133 TMA-ZAIN-G-    (0)   :  0.143 0.003 0.011 0.021 0.085 0.015 0.013 0.003 0.016 0.097 0.051 0.427 0.044 0.048 0.023 
134 TMA-ZAIN-G-    (0)   :  0.268 0.003 0.008 0.017 0.068 0.005 0.010 0.003 0.007 0.067 0.131 0.079 0.267 0.040 0.024 
135 TMA-ZAIN-G-    (0)   :  0.019 0.003 0.006 0.089 0.055 0.003 0.044 0.004 0.005 0.028 0.581 0.042 0.074 0.032 0.013 
136 TMA-ZAIN-G-    (0)   :  0.006 0.004 0.005 0.054 0.030 0.009 0.203 0.006 0.004 0.539 0.059 0.032 0.031 0.005 0.014 
137 TMA-ZAIN-G-    (0)   :  0.005 0.004 0.006 0.012 0.018 0.003 0.008 0.005 0.005 0.004 0.886 0.010 0.014 0.015 0.005 
138 TMA-ZAIN-G-    (0)   :  0.026 0.003 0.002 0.081 0.017 0.004 0.105 0.004 0.003 0.014 0.258 0.086 0.375 0.004 0.017 
139 TMA-ZAIN-G-    (0)   :  0.019 0.003 0.005 0.028 0.059 0.003 0.094 0.005 0.004 0.012 0.420 0.032 0.231 0.010 0.074 
140 TMA-ZAIN-G-    (0)   :  0.006 0.003 0.004 0.462 0.017 0.011 0.235 0.003 0.004 0.008 0.171 0.049 0.018 0.005 0.004 
141 TMA-ZAIN-G-    (0)   :  0.019 0.006 0.003 0.732 0.038 0.006 0.056 0.005 0.005 0.006 0.050 0.018 0.042 0.010 0.005 
142 TMA-ZAIN-G-    (9)   :  0.006 0.003 0.003 0.573 0.015 0.006 0.154 0.003 0.003 0.012 0.177 0.021 0.013 0.005 0.004 
143 TMA-ZAIN-G-    (0)   :  0.011 0.005 0.003 0.267 0.013 0.010 0.358 0.004 0.004 0.015 0.142 0.056 0.100 0.006 0.005 
144 TMA-ZAIN-G-    (0)   :  0.016 0.004 0.007 0.052 0.009 0.031 0.298 0.003 0.015 0.007 0.297 0.142 0.078 0.014 0.026 
145 TMA-ZAIN-G-    (0)   :  0.006 0.003 0.002 0.058 0.038 0.007 0.053 0.003 0.003 0.250 0.470 0.021 0.065 0.005 0.016 
146 TMA-ZAIN-G-    (0)   :  0.004 0.003 0.003 0.932 0.014 0.003 0.008 0.003 0.003 0.004 0.008 0.005 0.005 0.004 0.003 
147 TMA-ZAIN-G-    (9)   :  0.004 0.003 0.003 0.923 0.008 0.004 0.016 0.003 0.003 0.007 0.008 0.006 0.006 0.004 0.004 
148 TMA-ZAIN-G-    (0)   :  0.045 0.003 0.003 0.843 0.009 0.003 0.009 0.002 0.003 0.004 0.006 0.022 0.025 0.004 0.019 
149 TMA-ZAIN-G-    (0)   :  0.024 0.023 0.012 0.714 0.009 0.013 0.033 0.015 0.007 0.005 0.012 0.029 0.037 0.021 0.045 
150 TMA-ZAIN-G-    (0)   :  0.017 0.045 0.009 0.450 0.014 0.013 0.175 0.011 0.007 0.105 0.036 0.014 0.021 0.011 0.070 
151 TMA-ZAIN-G-    (0)   :  0.018 0.003 0.002 0.007 0.005 0.005 0.062 0.003 0.003 0.007 0.732 0.137 0.006 0.003 0.004 
152 TMA-ZAIN-G-    (0)   :  0.014 0.004 0.002 0.010 0.004 0.005 0.231 0.005 0.003 0.006 0.689 0.013 0.007 0.003 0.005 
153 TMA-ZAIN-G-    (0)   :  0.030 0.004 0.002 0.030 0.013 0.004 0.103 0.003 0.003 0.014 0.640 0.098 0.038 0.004 0.013 
154 TMA-ZAIN-G-    (0)   :  0.004 0.004 0.002 0.007 0.004 0.003 0.037 0.003 0.003 0.004 0.909 0.005 0.008 0.004 0.004 
155 TMA-ZAIN-G-    (0)   :  0.006 0.005 0.003 0.018 0.007 0.004 0.010 0.004 0.003 0.006 0.909 0.009 0.009 0.005 0.003 
156 TMA-ZAIN-G-    (9)   :  0.078 0.005 0.003 0.015 0.005 0.004 0.055 0.005 0.004 0.003 0.724 0.056 0.030 0.003 0.010 
157 TMA-ZAIN-G-    (0)   :  0.152 0.005 0.003 0.067 0.008 0.004 0.031 0.004 0.004 0.006 0.622 0.068 0.017 0.004 0.005 
158 TMA-ZAIN-G-    (0)   :  0.004 0.003 0.003 0.034 0.021 0.005 0.285 0.003 0.006 0.005 0.603 0.013 0.007 0.004 0.004 
159 TMA-ZAIN-G-    (0)   :  0.005 0.004 0.002 0.124 0.147 0.004 0.088 0.004 0.004 0.017 0.572 0.007 0.014 0.004 0.005 
160 TMA-ZAIN-G-    (0)   :  0.005 0.005 0.002 0.035 0.104 0.003 0.105 0.004 0.003 0.019 0.689 0.005 0.008 0.004 0.008 
161 TMA-ZAIN-G-    (0)   :  0.025 0.004 0.003 0.071 0.016 0.007 0.083 0.003 0.005 0.008 0.501 0.074 0.168 0.006 0.027 
162 TMA-ZAIN-G-    (0)   :  0.003 0.018 0.010 0.005 0.006 0.009 0.012 0.014 0.005 0.005 0.880 0.008 0.005 0.010 0.010 
163 TMA-ZAIN-G-    (0)   :  0.003 0.003 0.002 0.008 0.005 0.003 0.042 0.003 0.002 0.004 0.908 0.005 0.006 0.003 0.003 
164 TMA-ZAIN-G-    (0)   :  0.005 0.005 0.004 0.023 0.007 0.007 0.405 0.005 0.004 0.008 0.493 0.006 0.010 0.011 0.007 
165 TMA-ZAIN-G-    (0)   :  0.004 0.004 0.003 0.027 0.008 0.004 0.314 0.003 0.003 0.006 0.601 0.007 0.010 0.003 0.003 
166 TMA-ZAIN-G-    (0)   :  0.006 0.003 0.002 0.103 0.026 0.004 0.064 0.003 0.003 0.011 0.645 0.029 0.087 0.006 0.009 
167 TMA-ZAIN-G-    (0)   :  0.007 0.005 0.006 0.724 0.090 0.008 0.072 0.005 0.007 0.004 0.022 0.024 0.014 0.008 0.005 
168 TMA-ZAIN-G-    (0)   :  0.019 0.004 0.003 0.841 0.053 0.004 0.024 0.005 0.005 0.009 0.007 0.008 0.006 0.005 0.005 
169 TMA-ZAIN-G-    (0)   :  0.005 0.003 0.002 0.820 0.055 0.004 0.021 0.003 0.003 0.049 0.015 0.005 0.007 0.005 0.004 
170 TMA-ZAIN-G-    (0)   :  0.047 0.010 0.012 0.656 0.026 0.009 0.038 0.024 0.032 0.011 0.025 0.070 0.031 0.005 0.004 
171 TMA-ZAIN-G-    (0)   :  0.004 0.003 0.003 0.859 0.066 0.003 0.017 0.003 0.003 0.012 0.010 0.004 0.005 0.004 0.003 
172 TMA-ZAIN-G-    (0)   :  0.016 0.003 0.004 0.374 0.014 0.005 0.020 0.003 0.006 0.004 0.025 0.485 0.030 0.006 0.003 
173 TMA-ZAIN-G-    (0)   :  0.015 0.004 0.004 0.183 0.016 0.008 0.026 0.003 0.006 0.006 0.012 0.663 0.042 0.008 0.004 
174 TMA-ZAIN-G-    (0)   :  0.005 0.003 0.003 0.113 0.022 0.005 0.053 0.003 0.003 0.036 0.050 0.092 0.602 0.005 0.007 
175 TMA-ZAIN-G-    (0)   :  0.004 0.004 0.003 0.814 0.112 0.004 0.021 0.003 0.003 0.007 0.009 0.004 0.005 0.004 0.003 
176 TMA-ZAIN-G-    (0)   :  0.004 0.003 0.003 0.899 0.035 0.003 0.012 0.003 0.003 0.004 0.012 0.005 0.006 0.005 0.003 
177 TMA-ZAIN-G-    (0)   :  0.011 0.003 0.003 0.906 0.012 0.003 0.016 0.003 0.004 0.003 0.011 0.012 0.005 0.004 0.003 
178 TMA-ZAIN-G-    (0)   :  0.038 0.004 0.004 0.462 0.018 0.007 0.083 0.005 0.006 0.004 0.015 0.335 0.010 0.005 0.004 
179 TMA-ZAIN-G-    (0)   :  0.015 0.003 0.003 0.852 0.010 0.004 0.029 0.003 0.003 0.006 0.017 0.037 0.010 0.005 0.004 
180 TMA-ZAIN-G-    (0)   :  0.030 0.004 0.007 0.051 0.005 0.015 0.069 0.004 0.007 0.101 0.017 0.261 0.391 0.029 0.011 
181 TMA-ZAIN-G-    (0)   :  0.115 0.005 0.003 0.009 0.011 0.004 0.012 0.005 0.004 0.005 0.053 0.748 0.019 0.004 0.005 
182 TMA-ZAIN-G-    (0)   :  0.183 0.007 0.003 0.041 0.004 0.005 0.021 0.007 0.004 0.003 0.035 0.306 0.371 0.006 0.005 
183 TMA-ZAIN-G-    (0)   :  0.076 0.004 0.003 0.011 0.006 0.004 0.020 0.004 0.004 0.004 0.012 0.836 0.009 0.005 0.004 
184 TMA-ZAIN-G-    (0)   :  0.022 0.026 0.010 0.013 0.011 0.012 0.020 0.025 0.009 0.007 0.036 0.751 0.022 0.018 0.018 
185 TMA-ZAIN-G-    (0)   :  0.004 0.012 0.014 0.006 0.006 0.035 0.011 0.010 0.008 0.006 0.010 0.809 0.035 0.012 0.019 
186 TMA-ZAIN-G-    (9)   :  0.005 0.004 0.004 0.009 0.012 0.012 0.013 0.003 0.008 0.006 0.014 0.854 0.046 0.005 0.005 
187 TMA-ZAIN-G-    (0)   :  0.015 0.004 0.003 0.014 0.033 0.005 0.007 0.004 0.004 0.014 0.045 0.829 0.016 0.004 0.003 
188 TMA-ZAIN-G-    (0)   :  0.006 0.003 0.002 0.007 0.038 0.004 0.012 0.003 0.003 0.023 0.019 0.854 0.016 0.003 0.004 
189 TMA-ZAIN-G-    (0)   :  0.006 0.002 0.002 0.006 0.004 0.003 0.004 0.002 0.003 0.007 0.006 0.936 0.011 0.004 0.002 
190 TMA-ZAIN-G-    (0)   :  0.027 0.003 0.003 0.039 0.024 0.007 0.041 0.003 0.005 0.017 0.006 0.806 0.009 0.004 0.006 
191 TMA-ZAIN-G-    (0)   :  0.004 0.011 0.013 0.009 0.007 0.008 0.006 0.009 0.007 0.004 0.007 0.885 0.007 0.013 0.008 
192 TMA-ZAIN-G-    (0)   :  0.019 0.003 0.009 0.008 0.013 0.003 0.005 0.004 0.006 0.004 0.011 0.876 0.019 0.015 0.004 
193 TMA-ZAIN-G-    (0)   :  0.954 0.003 0.002 0.004 0.003 0.003 0.003 0.002 0.003 0.004 0.003 0.005 0.004 0.003 0.005 
194 TMA-ZAIN-G-    (0)   :  0.807 0.003 0.007 0.007 0.007 0.019 0.007 0.002 0.011 0.013 0.004 0.068 0.026 0.005 0.014 
195 TMA-ZAIN-G-    (0)   :  0.742 0.003 0.002 0.033 0.026 0.005 0.019 0.003 0.011 0.035 0.005 0.075 0.028 0.004 0.008 
196 TMA-ZAIN-G-    (0)   :  0.902 0.003 0.003 0.006 0.005 0.008 0.008 0.003 0.004 0.013 0.007 0.018 0.011 0.004 0.006 
197 TMA-ZAIN-G-    (0)   :  0.905 0.003 0.003 0.009 0.010 0.005 0.008 0.003 0.004 0.010 0.007 0.010 0.011 0.008 0.005 
198 TMA-ZAIN-G-    (0)   :  0.906 0.003 0.003 0.013 0.009 0.003 0.008 0.003 0.003 0.007 0.010 0.017 0.007 0.004 0.004 
199 TMA-ZAIN-G-    (0)   :  0.007 0.003 0.003 0.008 0.008 0.010 0.010 0.003 0.005 0.005 0.013 0.876 0.038 0.005 0.007 
200 TMA-ZAIN-G-    (0)   :  0.053 0.014 0.765 0.003 0.003 0.016 0.004 0.014 0.104 0.004 0.002 0.006 0.003 0.006 0.004 
201 TMA-ZAIN-G-    (0)   :  0.003 0.012 0.902 0.005 0.004 0.011 0.004 0.005 0.030 0.006 0.003 0.003 0.003 0.005 0.003 
202 TMA-ZAIN-G-    (0)   :  0.040 0.010 0.825 0.008 0.003 0.008 0.007 0.022 0.046 0.004 0.006 0.013 0.005 0.004 0.002 
203 TMA-ZAIN-G-    (0)   :  0.786 0.013 0.002 0.023 0.009 0.005 0.023 0.022 0.004 0.004 0.026 0.025 0.050 0.004 0.005 
204 TMA-ZAIN-G-    (9)   :  0.006 0.005 0.770 0.022 0.018 0.005 0.006 0.006 0.040 0.011 0.004 0.007 0.008 0.065 0.028 
205 TMA-ZAIN-G-    (0)   :  0.007 0.006 0.687 0.013 0.011 0.005 0.022 0.007 0.087 0.007 0.094 0.008 0.012 0.020 0.014 
206 TMA-ZAIN-G-    (9)   :  0.056 0.010 0.562 0.022 0.007 0.011 0.013 0.017 0.084 0.009 0.006 0.022 0.007 0.163 0.011 
207 TMA-ZAIN-G-    (9)   :  0.007 0.008 0.007 0.011 0.011 0.061 0.561 0.010 0.023 0.037 0.132 0.016 0.017 0.054 0.043 
208 TMA-ZAIN-G-    (0)   :  0.003 0.003 0.003 0.151 0.013 0.008 0.696 0.003 0.003 0.037 0.047 0.018 0.007 0.002 0.005 
209 TMA-ZAIN-G-    (0)   :  0.211 0.003 0.003 0.152 0.069 0.004 0.030 0.003 0.004 0.014 0.085 0.067 0.292 0.007 0.057 
210 TMA-ZAIN-G-    (0)   :  0.344 0.004 0.003 0.181 0.056 0.010 0.020 0.004 0.004 0.090 0.084 0.108 0.066 0.012 0.015 
211 TMA-ZAIN-G-    (0)   :  0.064 0.008 0.020 0.160 0.047 0.017 0.025 0.012 0.023 0.023 0.027 0.109 0.445 0.009 0.010 
212 TMA-ZAIN-G-    (0)   :  0.019 0.003 0.004 0.477 0.005 0.010 0.087 0.003 0.004 0.014 0.041 0.262 0.050 0.015 0.006 
213 TMA-ZAIN-G-    (0)   :  0.035 0.004 0.004 0.337 0.031 0.005 0.025 0.003 0.005 0.007 0.201 0.290 0.042 0.004 0.008 
214 TMA-ZAIN-G-    (0)   :  0.034 0.003 0.004 0.092 0.087 0.005 0.034 0.003 0.005 0.057 0.263 0.191 0.207 0.005 0.010 
215 TMA-ZAIN-G-    (0)   :  0.004 0.003 0.009 0.175 0.042 0.005 0.120 0.004 0.252 0.005 0.038 0.326 0.012 0.003 0.002 
216 TMA-ZAIN-G-    (0)   :  0.013 0.003 0.005 0.042 0.017 0.007 0.030 0.003 0.006 0.007 0.031 0.695 0.121 0.006 0.014 
217 TMA-ZAIN-G-    (0)   :  0.073 0.003 0.003 0.261 0.130 0.003 0.018 0.003 0.004 0.134 0.082 0.054 0.220 0.006 0.007 
218 TMA-ZAIN-G-    (0)   :  0.003 0.008 0.003 0.006 0.004 0.014 0.006 0.005 0.908 0.008 0.006 0.006 0.012 0.005 0.005 
219 TMA-ZAIN-G-    (0)   :  0.003 0.005 0.006 0.003 0.004 0.007 0.004 0.004 0.922 0.004 0.005 0.005 0.007 0.013 0.007 
220 TMA-ZAIN-G-    (0)   :  0.005 0.106 0.005 0.009 0.008 0.075 0.102 0.009 0.626 0.013 0.013 0.007 0.006 0.010 0.006 
221 TMA-ZAIN-G-    (0)   :  0.006 0.003 0.013 0.011 0.006 0.010 0.008 0.004 0.882 0.005 0.008 0.018 0.012 0.010 0.005 
222 TMA-ZAIN-G-    (0)   :  0.005 0.039 0.005 0.009 0.007 0.006 0.016 0.005 0.835 0.012 0.014 0.006 0.013 0.018 0.010 
223 TMA-ZAIN-G-    (0)   :  0.003 0.005 0.008 0.005 0.004 0.014 0.006 0.006 0.912 0.005 0.004 0.005 0.005 0.015 0.004 
224 TMA-ZAIN-G-    (0)   :  0.008 0.015 0.009 0.007 0.006 0.011 0.005 0.008 0.758 0.005 0.006 0.013 0.026 0.114 0.007 
225 TMA-ZAIN-G-    (0)   :  0.011 0.011 0.006 0.005 0.003 0.010 0.004 0.007 0.920 0.002 0.004 0.006 0.004 0.005 0.003 
226 TMA-ZAIN-G-    (0)   :  0.023 0.006 0.007 0.009 0.007 0.011 0.009 0.015 0.870 0.006 0.007 0.012 0.005 0.009 0.005 
227 TMA-ZAIN-G-    (0)   :  0.019 0.007 0.011 0.012 0.007 0.006 0.008 0.011 0.883 0.004 0.008 0.010 0.005 0.006 0.004 
228 TMA-ZAIN-G-    (0)   :  0.006 0.007 0.010 0.022 0.028 0.015 0.017 0.018 0.818 0.008 0.012 0.010 0.007 0.017 0.005 
229 TMA-ZAIN-G-    (0)   :  0.003 0.015 0.017 0.004 0.003 0.008 0.003 0.012 0.907 0.007 0.003 0.003 0.003 0.007 0.005 
230 TMA-ZAIN-G-    (0)   :  0.013 0.033 0.006 0.056 0.031 0.011 0.009 0.027 0.390 0.012 0.005 0.022 0.057 0.316 0.011 
231 TMA-ZAIN-G-    (0)   :  0.009 0.286 0.327 0.020 0.029 0.012 0.019 0.008 0.148 0.008 0.024 0.011 0.013 0.078 0.008 
232 TMA-ZAIN-G-    (9)   :  0.007 0.150 0.445 0.010 0.006 0.005 0.011 0.049 0.195 0.029 0.011 0.018 0.033 0.021 0.009 
233 TMA-ZAIN-G-    (0)   :  0.007 0.007 0.015 0.016 0.028 0.017 0.008 0.005 0.771 0.045 0.013 0.010 0.027 0.020 0.010 
234 TMA-ZAIN-G-    (0)   :  0.013 0.225 0.034 0.006 0.005 0.007 0.010 0.025 0.617 0.007 0.006 0.004 0.004 0.005 0.032 
235 TMA-ZAIN-G-    (0)   :  0.020 0.012 0.018 0.006 0.063 0.026 0.012 0.226 0.494 0.005 0.011 0.060 0.004 0.035 0.008 
236 TMA-ZAIN-G-    (0)   :  0.024 0.008 0.020 0.014 0.011 0.007 0.015 0.032 0.786 0.007 0.012 0.011 0.009 0.042 0.004 
237 TMA-ZAIN-G-    (0)   :  0.008 0.052 0.009 0.116 0.141 0.016 0.024 0.091 0.358 0.010 0.018 0.014 0.031 0.106 0.005 
238 TMA-ZAIN-G-    (0)   :  0.006 0.013 0.015 0.020 0.027 0.006 0.023 0.037 0.774 0.005 0.029 0.018 0.018 0.006 0.003 
239 TMA-ZAIN-G-    (0)   :  0.089 0.003 0.726 0.004 0.003 0.003 0.025 0.006 0.011 0.019 0.003 0.038 0.009 0.028 0.035 
240 TMA-ZAIN-G-    (0)   :  0.004 0.004 0.940 0.005 0.005 0.002 0.003 0.004 0.007 0.003 0.003 0.003 0.003 0.009 0.006 
241 TMA-ZAIN-G-    (0)   :  0.004 0.003 0.923 0.013 0.011 0.002 0.005 0.005 0.006 0.004 0.006 0.005 0.003 0.005 0.004 
242 TMA-ZAIN-G-    (0)   :  0.003 0.003 0.938 0.007 0.007 0.003 0.006 0.003 0.005 0.005 0.006 0.005 0.003 0.003 0.003 
243 TMA-ZAIN-G-    (0)   :  0.004 0.002 0.911 0.015 0.012 0.003 0.007 0.003 0.005 0.008 0.008 0.007 0.005 0.005 0.005 
244 TMA-ZAIN-G-    (0)   :  0.003 0.003 0.900 0.013 0.015 0.003 0.012 0.005 0.005 0.008 0.015 0.008 0.004 0.003 0.003 
245 TMA-ZAIN-G-    (9)   :  0.003 0.003 0.955 0.004 0.003 0.002 0.003 0.004 0.005 0.002 0.003 0.003 0.003 0.003 0.003 
246 TMA-ZAIN-G-    (0)   :  0.003 0.002 0.955 0.003 0.003 0.004 0.003 0.003 0.005 0.003 0.003 0.003 0.003 0.005 0.003 
247 TMA-ZAIN-G-    (0)   :  0.002 0.002 0.947 0.004 0.003 0.005 0.005 0.002 0.004 0.005 0.004 0.005 0.004 0.004 0.004 
248 TMA-ZAIN-G-    (0)   :  0.011 0.003 0.918 0.007 0.005 0.004 0.007 0.005 0.008 0.004 0.005 0.009 0.004 0.004 0.004 
249 TMA-ZAIN-G-    (0)   :  0.008 0.002 0.942 0.004 0.003 0.004 0.004 0.003 0.006 0.003 0.003 0.006 0.003 0.005 0.003 
250 TMA-ZAIN-G-    (0)   :  0.004 0.002 0.945 0.003 0.003 0.005 0.005 0.003 0.006 0.006 0.003 0.005 0.003 0.004 0.003 
251 TMA-ZAIN-G-    (0)   :  0.005 0.006 0.003 0.003 0.003 0.005 0.005 0.005 0.004 0.004 0.004 0.004 0.006 0.009 0.934 
252 TMA-ZAIN-G-    (0)   :  0.004 0.004 0.003 0.026 0.025 0.003 0.036 0.003 0.006 0.021 0.008 0.006 0.005 0.004 0.847 
253 TMA-ZAIN-G-    (0)   :  0.005 0.007 0.004 0.004 0.004 0.003 0.008 0.003 0.003 0.005 0.009 0.004 0.004 0.004 0.933 
254 TMA-ZAIN-G-    (9)   :  0.005 0.010 0.003 0.010 0.007 0.006 0.026 0.004 0.004 0.010 0.024 0.007 0.014 0.007 0.863 
255 TMA-ZAIN-G-    (0)   :  0.004 0.015 0.019 0.005 0.004 0.003 0.007 0.006 0.003 0.007 0.006 0.004 0.005 0.004 0.907 
256 TMA-ZAIN-G-    (0)   :  0.025 0.011 0.011 0.011 0.006 0.004 0.008 0.005 0.005 0.005 0.009 0.007 0.009 0.020 0.864 
257 TMA-ZAIN-G-    (0)   :  0.014 0.004 0.004 0.003 0.004 0.003 0.003 0.004 0.005 0.003 0.003 0.004 0.005 0.012 0.930 
258 TMA-ZAIN-G-    (0)   :  0.004 0.004 0.003 0.003 0.003 0.003 0.004 0.003 0.003 0.004 0.003 0.003 0.004 0.005 0.953 
259 TMA-ZAIN-G-    (0)   :  0.006 0.004 0.005 0.004 0.004 0.004 0.003 0.003 0.004 0.005 0.003 0.004 0.004 0.022 0.924 
260 TMA-ZAIN-G-    (0)   :  0.006 0.004 0.005 0.005 0.004 0.006 0.004 0.003 0.004 0.009 0.003 0.004 0.005 0.013 0.926 
261 TMA-ZAIN-G-   (18)   :  0.008 0.005 0.004 0.005 0.004 0.011 0.007 0.005 0.005 0.010 0.005 0.006 0.010 0.019 0.894 
262 TMA-ZAIN-G-    (0)   :  0.006 0.004 0.003 0.003 0.003 0.003 0.003 0.004 0.004 0.003 0.003 0.003 0.004 0.008 0.945 
263 TMA-ZAIN-G-    (0)   :  0.004 0.007 0.004 0.003 0.003 0.004 0.005 0.005 0.004 0.003 0.004 0.003 0.004 0.008 0.940 
264 TMA-ZAIN-G-    (0)   :  0.006 0.013 0.003 0.004 0.004 0.004 0.005 0.005 0.003 0.004 0.004 0.003 0.005 0.007 0.929 
265 TMA-ZAIN-G-    (0)   :  0.011 0.019 0.009 0.064 0.010 0.017 0.016 0.006 0.247 0.022 0.021 0.018 0.034 0.390 0.117 
266 TMA-ZAIN-G-    (0)   :  0.039 0.010 0.011 0.021 0.010 0.053 0.041 0.008 0.013 0.017 0.020 0.039 0.125 0.020 0.575 
267 TMA-ZAIN-G-    (0)   :  0.007 0.051 0.301 0.035 0.016 0.120 0.024 0.018 0.019 0.015 0.006 0.007 0.018 0.213 0.149 
268 TMA-ZAIN-G-    (0)   :  0.003 0.081 0.818 0.005 0.004 0.010 0.005 0.039 0.006 0.004 0.004 0.003 0.004 0.010 0.005 
269 TMA-ZAIN-G-    (0)   :  0.004 0.145 0.457 0.008 0.007 0.024 0.007 0.189 0.024 0.005 0.006 0.005 0.008 0.107 0.004 
270 TMA-ZAIN-G-    (0)   :  0.004 0.055 0.597 0.006 0.006 0.014 0.006 0.082 0.020 0.004 0.004 0.004 0.006 0.185 0.005 
271 TMA-ZAIN-G-    (0)   :  0.003 0.037 0.845 0.006 0.004 0.009 0.007 0.032 0.007 0.003 0.005 0.004 0.006 0.027 0.005 
272 TMA-ZAIN-G-    (0)   :  0.004 0.025 0.773 0.006 0.006 0.029 0.005 0.027 0.067 0.003 0.004 0.004 0.006 0.039 0.003 
273 TMA-ZAIN-G-    (0)   :  0.003 0.015 0.893 0.003 0.003 0.007 0.003 0.016 0.032 0.002 0.002 0.003 0.003 0.010 0.003 
274 TMA-ZAIN-G-    (0)   :  0.039 0.132 0.692 0.007 0.014 0.017 0.005 0.010 0.017 0.008 0.008 0.029 0.005 0.009 0.008 
275 TMA-ZAIN-G-    (0)   :  0.004 0.009 0.937 0.004 0.003 0.006 0.003 0.004 0.009 0.002 0.004 0.005 0.004 0.004 0.002 
276 TMA-ZAIN-G-    (0)   :  0.003 0.005 0.940 0.004 0.004 0.003 0.004 0.011 0.005 0.003 0.004 0.003 0.002 0.006 0.002 
277 TMA-ZAIN-G-    (0)   :  0.005 0.009 0.924 0.005 0.007 0.005 0.006 0.009 0.006 0.005 0.004 0.003 0.003 0.004 0.006 
278 TMA-ZAIN-G-    (0)   :  0.003 0.006 0.940 0.003 0.003 0.005 0.003 0.006 0.006 0.003 0.003 0.003 0.003 0.009 0.004 
279 TMA-ZAIN-G-    (0)   :  0.006 0.025 0.889 0.006 0.003 0.017 0.004 0.006 0.017 0.003 0.004 0.006 0.007 0.004 0.004 
280 TMA-ZAIN-G-    (0)   :  0.008 0.143 0.631 0.007 0.004 0.014 0.005 0.038 0.116 0.003 0.006 0.007 0.010 0.007 0.003 
281 TMA-ZAIN-G-    (0)   :  0.007 0.037 0.847 0.005 0.004 0.008 0.005 0.035 0.019 0.003 0.004 0.004 0.007 0.009 0.005 
282 TMA-ZAIN-G-    (9)   :  0.003 0.017 0.922 0.003 0.003 0.007 0.004 0.012 0.006 0.003 0.003 0.003 0.003 0.006 0.004 
283 TMA-ZAIN-G-    (0)   :  0.004 0.130 0.580 0.006 0.009 0.046 0.016 0.031 0.036 0.005 0.013 0.006 0.013 0.028 0.077 
284 TMA-ZAIN-G-    (0)   :  0.005 0.283 0.398 0.007 0.006 0.049 0.012 0.029 0.063 0.004 0.012 0.009 0.015 0.052 0.056 
285 TMA-ZAIN-G-    (0)   :  0.012 0.054 0.752 0.003 0.036 0.016 0.007 0.014 0.014 0.016 0.016 0.023 0.006 0.007 0.025 
286 TMA-ZAIN-G-    (0)   :  0.003 0.081 0.829 0.004 0.003 0.015 0.004 0.021 0.008 0.002 0.003 0.003 0.004 0.011 0.008 
287 TMA-ZAIN-G-    (0)   :  0.012 0.099 0.790 0.004 0.016 0.014 0.003 0.012 0.007 0.009 0.006 0.013 0.003 0.007 0.006 
288 TMA-ZAIN-G-    (0)   :  0.025 0.435 0.342 0.008 0.013 0.076 0.006 0.008 0.027 0.007 0.007 0.029 0.005 0.006 0.007 
289 TMA-ZAIN-G-    (0)   :  0.022 0.118 0.724 0.006 0.021 0.021 0.006 0.009 0.011 0.012 0.007 0.018 0.004 0.010 0.009 
290 TMA-ZAIN-G-    (0)   :  0.005 0.644 0.257 0.005 0.003 0.023 0.005 0.014 0.013 0.003 0.005 0.006 0.007 0.005 0.005 
291 TMA-ZAIN-G-    (0)   :  0.005 0.019 0.011 0.004 0.004 0.036 0.005 0.010 0.869 0.004 0.005 0.005 0.005 0.011 0.008 
292 TMA-ZAIN-G-    (0)   :  0.021 0.009 0.016 0.632 0.075 0.010 0.028 0.012 0.025 0.006 0.078 0.035 0.040 0.008 0.004 
293 TMA-ZAIN-G-    (0)   :  0.021 0.004 0.013 0.336 0.019 0.016 0.266 0.006 0.016 0.036 0.036 0.095 0.048 0.066 0.022 
294 TMA-ZAIN-G-    (0)   :  0.003 0.003 0.003 0.893 0.016 0.004 0.033 0.003 0.003 0.007 0.008 0.006 0.006 0.008 0.004 
295 TMA-ZAIN-G-    (9)   :  0.005 0.003 0.006 0.758 0.035 0.013 0.113 0.003 0.006 0.012 0.010 0.013 0.008 0.010 0.005 
296 TMA-ZAIN-G-    (0)   :  0.041 0.012 0.005 0.658 0.010 0.009 0.119 0.008 0.010 0.005 0.015 0.014 0.062 0.025 0.007 
297 TMA-ZAIN-G-    (0)   :  0.115 0.005 0.008 0.067 0.037 0.015 0.289 0.005 0.009 0.024 0.281 0.036 0.070 0.017 0.023 
