

----------------------------------------------------
STRUCTURE by Pritchard, Stephens and Donnelly (2000)
     and Falush, Stephens and Pritchard (2003)
       Code by Pritchard, Falush and Hubisz
             Version 2.3.4 (Jul 2012)
----------------------------------------------------



Command line arguments:   bin\structure -m C:\Users\eschumacher\Documents\GitHub\GCC_QUAC_ZAIN\Data_Files\Structure_Files\ZAIN\ZAIN_rebinned_garden_wild_nopopinfo\50-50\mainparams -e C:\Users\eschumacher\Documents\GitHub\GCC_QUAC_ZAIN\Data_Files\Structure_Files\ZAIN\ZAIN_rebinned_garden_wild_nopopinfo\50-50\extraparams 
Input File:    C:\Users\eschumacher\Documents\GitHub\GCC_QUAC_ZAIN\Data_Files\Structure_Files\ZAIN\ZAIN_rebinned_garden_wild_nopopinfo\project_data

Run parameters:
   1133 individuals
   11 loci
   7 populations assumed
   50000 Burn-in period
   50000 Reps


--------------------------------------------
Overall proportion of membership of the
sample in each of the 7 clusters

Inferred Clusters
  1      2      3      4      5      6      7    
0.226  0.062  0.160  0.153  0.154  0.133  0.112  

--------------------------------------------

Allele-freq. divergence among pops (Net nucleotide distance),
computed using point estimates of P.

      1       2       3       4       5       6       7      
 1      -    0.0964  0.0869  0.2128  0.1441  0.2779  0.1613  
 2   0.0964     -    0.1477  0.3207  0.2069  0.3442  0.1766  
 3   0.0869  0.1477     -    0.2101  0.1060  0.2717  0.1168  
 4   0.2128  0.3207  0.2101     -    0.0902  0.1431  0.1424  
 5   0.1441  0.2069  0.1060  0.0902     -    0.1209  0.0990  
 6   0.2779  0.3442  0.2717  0.1431  0.1209     -    0.2099  
 7   0.1613  0.1766  0.1168  0.1424  0.0990  0.2099     -    

Average distances (expected heterozygosity) between individuals in same cluster:
cluster  1  : 0.4153 
cluster  2  : 0.3680 
cluster  3  : 0.4253 
cluster  4  : 0.4822 
cluster  5  : 0.5529 
cluster  6  : 0.4258 
cluster  7  : 0.4380 

--------------------------------------------
Estimated Ln Prob of Data   = -21818.0
Mean value of ln likelihood = -21366.2
Variance of ln likelihood   = 903.5
Mean value of alpha         = 0.0339

Mean value of Fst_1         = 0.2907
Mean value of Fst_2         = 0.4286
Mean value of Fst_3         = 0.3897
Mean value of Fst_4         = 0.3371
Mean value of Fst_5         = 0.1298
Mean value of Fst_6         = 0.4150
Mean value of Fst_7         = 0.4190


Inferred ancestry of individuals:
        Label (%Miss) :  Inferred clusters
  1 TMA-ZAIN-G-    (9)   :  0.018 0.016 0.078 0.797 0.064 0.006 0.021 
  2 TMA-ZAIN-G-    (0)   :  0.207 0.005 0.011 0.721 0.028 0.006 0.022 
  3 TMA-ZAIN-G-    (0)   :  0.506 0.209 0.245 0.010 0.010 0.004 0.016 
  4 TMA-ZAIN-G-    (0)   :  0.116 0.061 0.030 0.021 0.011 0.009 0.750 
  5 TMA-ZAIN-G-    (0)   :  0.003 0.002 0.002 0.978 0.005 0.005 0.005 
  6 TMA-ZAIN-G-    (0)   :  0.205 0.225 0.186 0.090 0.171 0.043 0.080 
  7 TMA-ZAIN-G-    (0)   :  0.681 0.011 0.239 0.016 0.018 0.007 0.029 
  8 TMA-ZAIN-G-    (0)   :  0.218 0.075 0.665 0.010 0.006 0.002 0.024 
  9 TMA-ZAIN-G-    (9)   :  0.822 0.051 0.094 0.010 0.012 0.005 0.006 
 10 TMA-ZAIN-G-    (0)   :  0.753 0.057 0.155 0.003 0.015 0.005 0.012 
 11 TMA-ZAIN-G-    (0)   :  0.807 0.006 0.161 0.005 0.008 0.005 0.007 
 12 TMA-ZAIN-G-    (0)   :  0.956 0.006 0.021 0.005 0.005 0.003 0.004 
 13 TMA-ZAIN-G-    (9)   :  0.451 0.016 0.339 0.046 0.029 0.099 0.021 
 14 TMA-ZAIN-G-    (9)   :  0.007 0.006 0.965 0.004 0.006 0.005 0.007 
 15 TMA-ZAIN-G-    (0)   :  0.006 0.007 0.968 0.003 0.006 0.003 0.006 
 16 TMA-ZAIN-G-    (0)   :  0.967 0.005 0.012 0.003 0.006 0.004 0.004 
 17 TMA-ZAIN-G-    (9)   :  0.024 0.006 0.845 0.017 0.052 0.020 0.036 
 18 TMA-ZAIN-G-    (0)   :  0.012 0.009 0.017 0.729 0.178 0.006 0.050 
 19 TMA-ZAIN-G-    (0)   :  0.017 0.005 0.030 0.013 0.919 0.010 0.006 
 20 TMA-ZAIN-G-    (0)   :  0.003 0.004 0.003 0.048 0.834 0.088 0.020 
 21 TMA-ZAIN-G-    (0)   :  0.004 0.005 0.003 0.003 0.004 0.975 0.005 
 22 TMA-ZAIN-G-    (0)   :  0.003 0.002 0.003 0.048 0.011 0.926 0.007 
 23 TMA-ZAIN-G-    (0)   :  0.007 0.003 0.009 0.023 0.050 0.902 0.006 
 24 TMA-ZAIN-G-    (9)   :  0.047 0.207 0.026 0.007 0.004 0.704 0.005 
 25 TMA-ZAIN-G-    (9)   :  0.051 0.005 0.007 0.106 0.818 0.010 0.004 
 26 TMA-ZAIN-G-    (9)   :  0.330 0.009 0.078 0.008 0.015 0.029 0.531 
 27 TMA-ZAIN-G-    (0)   :  0.007 0.009 0.042 0.064 0.842 0.013 0.022 
 28 TMA-ZAIN-G-    (0)   :  0.007 0.008 0.011 0.011 0.952 0.004 0.007 
 29 TMA-ZAIN-G-    (0)   :  0.005 0.726 0.005 0.004 0.244 0.004 0.012 
 30 TMA-ZAIN-G-    (0)   :  0.169 0.080 0.354 0.004 0.380 0.005 0.009 
 31 TMA-ZAIN-G-    (0)   :  0.006 0.005 0.005 0.917 0.009 0.013 0.044 
 32 TMA-ZAIN-G-    (9)   :  0.063 0.004 0.035 0.860 0.020 0.013 0.005 
 33 TMA-ZAIN-G-   (18)   :  0.832 0.017 0.131 0.006 0.006 0.003 0.005 
 34 TMA-ZAIN-G-    (0)   :  0.720 0.012 0.011 0.217 0.011 0.020 0.008 
 35 TMA-ZAIN-G-    (9)   :  0.755 0.070 0.124 0.019 0.016 0.004 0.013 
 36 TMA-ZAIN-G-    (0)   :  0.626 0.010 0.334 0.004 0.006 0.003 0.016 
 37 TMA-ZAIN-G-    (9)   :  0.915 0.013 0.029 0.008 0.016 0.007 0.012 
 38 TMA-ZAIN-G-   (18)   :  0.037 0.008 0.046 0.849 0.043 0.011 0.006 
 39 TMA-ZAIN-G-    (0)   :  0.958 0.010 0.011 0.003 0.005 0.005 0.008 
 40 TMA-ZAIN-G-    (0)   :  0.958 0.006 0.021 0.003 0.004 0.004 0.005 
 41 TMA-ZAIN-G-    (0)   :  0.350 0.009 0.624 0.003 0.005 0.003 0.005 
 42 TMA-ZAIN-G-    (9)   :  0.008 0.005 0.972 0.003 0.003 0.002 0.006 
 43 TMA-ZAIN-G-    (0)   :  0.005 0.009 0.965 0.004 0.004 0.003 0.009 
 44 TMA-ZAIN-G-    (0)   :  0.105 0.019 0.011 0.005 0.013 0.841 0.006 
 45 TMA-ZAIN-G-    (0)   :  0.875 0.005 0.090 0.005 0.009 0.006 0.009 
 46 TMA-ZAIN-G-    (0)   :  0.004 0.003 0.003 0.003 0.004 0.978 0.005 
 47 TMA-ZAIN-G-    (0)   :  0.004 0.004 0.005 0.004 0.005 0.003 0.975 
 48 TMA-ZAIN-G-    (0)   :  0.069 0.020 0.206 0.007 0.023 0.024 0.650 
 49 TMA-ZAIN-G-    (9)   :  0.019 0.042 0.005 0.021 0.895 0.006 0.011 
 50 TMA-ZAIN-G-    (0)   :  0.012 0.003 0.024 0.006 0.944 0.007 0.003 
 51 TMA-ZAIN-G-    (0)   :  0.008 0.006 0.051 0.007 0.894 0.008 0.025 
 52 TMA-ZAIN-G-    (0)   :  0.015 0.003 0.014 0.007 0.847 0.014 0.101 
 53 TMA-ZAIN-G-    (0)   :  0.013 0.005 0.030 0.124 0.647 0.012 0.169 
 54 TMA-ZAIN-G-    (0)   :  0.006 0.004 0.015 0.005 0.009 0.004 0.956 
 55 TMA-ZAIN-G-    (0)   :  0.010 0.004 0.041 0.005 0.029 0.008 0.903 
 56 TMA-ZAIN-G-    (0)   :  0.058 0.042 0.114 0.008 0.104 0.011 0.664 
 57 TMA-ZAIN-G-    (0)   :  0.011 0.008 0.005 0.008 0.015 0.004 0.949 
 58 TMA-ZAIN-G-    (0)   :  0.007 0.005 0.011 0.022 0.861 0.067 0.027 
 59 TMA-ZAIN-G-    (0)   :  0.109 0.043 0.050 0.666 0.044 0.030 0.057 
 60 TMA-ZAIN-G-    (0)   :  0.013 0.010 0.076 0.366 0.490 0.008 0.037 
 61 TMA-ZAIN-G-    (0)   :  0.004 0.003 0.003 0.941 0.008 0.023 0.018 
 62 TMA-ZAIN-G-    (9)   :  0.040 0.012 0.022 0.832 0.055 0.026 0.013 
 63 TMA-ZAIN-G-    (0)   :  0.005 0.003 0.006 0.956 0.010 0.008 0.013 
 64 TMA-ZAIN-G-    (0)   :  0.007 0.978 0.005 0.002 0.003 0.002 0.003 
 65 TMA-ZAIN-G-    (9)   :  0.011 0.966 0.006 0.003 0.004 0.002 0.007 
 66 TMA-ZAIN-G-    (0)   :  0.016 0.964 0.008 0.002 0.003 0.003 0.004 
 67 TMA-ZAIN-G-    (0)   :  0.053 0.909 0.006 0.004 0.011 0.012 0.005 
 68 TMA-ZAIN-G-    (0)   :  0.004 0.975 0.008 0.002 0.003 0.002 0.005 
 69 TMA-ZAIN-G-    (0)   :  0.064 0.838 0.012 0.024 0.019 0.029 0.014 
 70 TMA-ZAIN-G-    (0)   :  0.879 0.089 0.012 0.003 0.007 0.006 0.004 
 71 TMA-ZAIN-G-    (0)   :  0.976 0.005 0.005 0.003 0.004 0.004 0.003 
 72 TMA-ZAIN-G-    (0)   :  0.874 0.055 0.042 0.004 0.008 0.005 0.011 
 73 TMA-ZAIN-G-    (0)   :  0.874 0.007 0.007 0.025 0.036 0.038 0.015 
 74 TMA-ZAIN-G-    (0)   :  0.937 0.010 0.006 0.008 0.020 0.013 0.005 
 75 TMA-ZAIN-G-    (0)   :  0.958 0.007 0.008 0.005 0.009 0.003 0.009 
 76 TMA-ZAIN-G-    (0)   :  0.895 0.010 0.005 0.008 0.022 0.057 0.004 
 77 TMA-ZAIN-G-    (0)   :  0.945 0.008 0.018 0.004 0.009 0.009 0.008 
 78 TMA-ZAIN-G-    (0)   :  0.876 0.009 0.010 0.010 0.034 0.046 0.014 
 79 TMA-ZAIN-G-    (0)   :  0.909 0.007 0.020 0.005 0.014 0.029 0.017 
 80 TMA-ZAIN-G-    (0)   :  0.948 0.024 0.007 0.003 0.004 0.005 0.009 
 81 TMA-ZAIN-G-    (0)   :  0.951 0.005 0.011 0.004 0.010 0.009 0.010 
 82 TMA-ZAIN-G-    (0)   :  0.762 0.195 0.010 0.006 0.007 0.003 0.018 
 83 TMA-ZAIN-G-    (9)   :  0.703 0.132 0.010 0.077 0.024 0.033 0.021 
 84 TMA-ZAIN-G-    (0)   :  0.925 0.007 0.007 0.005 0.014 0.037 0.006 
 85 TMA-ZAIN-G-    (0)   :  0.010 0.006 0.009 0.024 0.141 0.024 0.786 
 86 TMA-ZAIN-G-    (0)   :  0.023 0.012 0.010 0.008 0.017 0.043 0.887 
 87 TMA-ZAIN-G-    (0)   :  0.013 0.005 0.008 0.035 0.059 0.196 0.685 
 88 TMA-ZAIN-G-    (0)   :  0.118 0.038 0.030 0.156 0.012 0.015 0.632 
 89 TMA-ZAIN-G-    (0)   :  0.037 0.019 0.017 0.015 0.006 0.015 0.891 
 90 TMA-ZAIN-G-    (0)   :  0.009 0.007 0.006 0.007 0.015 0.009 0.946 
 91 TMA-ZAIN-G-    (0)   :  0.009 0.007 0.009 0.020 0.013 0.007 0.934 
 92 TMA-ZAIN-G-    (0)   :  0.007 0.004 0.009 0.006 0.021 0.018 0.936 
 93 TMA-ZAIN-G-    (0)   :  0.005 0.005 0.008 0.017 0.018 0.008 0.938 
 94 TMA-ZAIN-G-    (0)   :  0.004 0.003 0.005 0.039 0.013 0.011 0.925 
 95 TMA-ZAIN-G-    (0)   :  0.015 0.021 0.032 0.010 0.910 0.008 0.005 
 96 TMA-ZAIN-G-    (0)   :  0.010 0.005 0.049 0.004 0.920 0.005 0.007 
 97 TMA-ZAIN-G-    (0)   :  0.007 0.006 0.005 0.954 0.011 0.006 0.010 
 98 TMA-ZAIN-G-    (0)   :  0.006 0.004 0.005 0.968 0.004 0.004 0.009 
 99 TMA-ZAIN-G-    (0)   :  0.084 0.027 0.022 0.840 0.007 0.016 0.004 
100 TMA-ZAIN-G-    (0)   :  0.005 0.005 0.004 0.928 0.016 0.017 0.024 
101 TMA-ZAIN-G-    (0)   :  0.012 0.005 0.005 0.956 0.009 0.005 0.008 
102 TMA-ZAIN-G-    (0)   :  0.052 0.012 0.046 0.644 0.052 0.181 0.013 
103 TMA-ZAIN-G-    (0)   :  0.013 0.006 0.010 0.922 0.026 0.014 0.009 
104 TMA-ZAIN-G-    (0)   :  0.004 0.002 0.004 0.973 0.006 0.007 0.004 
105 TMA-ZAIN-G-    (0)   :  0.017 0.006 0.011 0.927 0.021 0.009 0.009 
106 TMA-ZAIN-G-    (0)   :  0.254 0.048 0.682 0.003 0.005 0.003 0.006 
107 TMA-ZAIN-G-    (0)   :  0.967 0.007 0.010 0.004 0.005 0.003 0.005 
108 TMA-ZAIN-G-    (9)   :  0.248 0.014 0.204 0.408 0.050 0.050 0.026 
109 TMA-ZAIN-G-    (0)   :  0.080 0.289 0.167 0.374 0.042 0.005 0.043 
110 TMA-ZAIN-G-    (0)   :  0.407 0.010 0.195 0.090 0.120 0.148 0.030 
111 TMA-ZAIN-G-    (9)   :  0.124 0.022 0.012 0.668 0.062 0.083 0.030 
112 TMA-ZAIN-G-    (0)   :  0.193 0.024 0.260 0.321 0.136 0.040 0.025 
113 TMA-ZAIN-G-    (0)   :  0.016 0.010 0.005 0.941 0.005 0.007 0.016 
114 TMA-ZAIN-G-    (0)   :  0.003 0.003 0.002 0.971 0.005 0.011 0.004 
115 TMA-ZAIN-G-    (0)   :  0.004 0.003 0.003 0.975 0.005 0.005 0.004 
116 TMA-ZAIN-G-    (0)   :  0.943 0.021 0.007 0.007 0.004 0.003 0.016 
117 TMA-ZAIN-G-    (0)   :  0.293 0.272 0.316 0.011 0.018 0.004 0.085 
118 TMA-ZAIN-G-    (0)   :  0.911 0.046 0.016 0.007 0.006 0.003 0.012 
119 TMA-ZAIN-G-    (0)   :  0.901 0.045 0.007 0.018 0.010 0.008 0.012 
120 TMA-ZAIN-G-    (0)   :  0.883 0.035 0.037 0.010 0.015 0.004 0.015 
121 TMA-ZAIN-G-    (0)   :  0.607 0.254 0.066 0.024 0.012 0.003 0.034 
122 TMA-ZAIN-G-    (0)   :  0.843 0.048 0.049 0.005 0.017 0.007 0.030 
123 TMA-ZAIN-G-    (0)   :  0.005 0.004 0.006 0.958 0.013 0.008 0.005 
124 TMA-ZAIN-G-    (0)   :  0.017 0.006 0.958 0.006 0.007 0.003 0.005 
125 TMA-ZAIN-G-    (0)   :  0.012 0.042 0.884 0.003 0.005 0.002 0.051 
126 TMA-ZAIN-G-    (0)   :  0.012 0.005 0.964 0.005 0.004 0.003 0.007 
127 TMA-ZAIN-G-    (0)   :  0.015 0.009 0.963 0.003 0.004 0.003 0.004 
128 TMA-ZAIN-G-    (0)   :  0.022 0.053 0.904 0.005 0.006 0.003 0.008 
129 TMA-ZAIN-G-    (0)   :  0.012 0.006 0.962 0.007 0.005 0.003 0.005 
130 TMA-ZAIN-G-    (0)   :  0.015 0.009 0.933 0.007 0.006 0.002 0.027 
131 TMA-ZAIN-G-    (0)   :  0.010 0.005 0.967 0.004 0.006 0.003 0.005 
132 TMA-ZAIN-G-    (0)   :  0.052 0.098 0.804 0.004 0.006 0.003 0.033 
133 TMA-ZAIN-G-    (0)   :  0.092 0.103 0.719 0.003 0.019 0.014 0.049 
134 TMA-ZAIN-G-    (0)   :  0.067 0.055 0.831 0.003 0.007 0.009 0.028 
135 TMA-ZAIN-G-    (0)   :  0.906 0.022 0.047 0.004 0.004 0.005 0.012 
136 TMA-ZAIN-G-    (0)   :  0.191 0.737 0.036 0.010 0.006 0.005 0.016 
137 TMA-ZAIN-G-    (0)   :  0.961 0.007 0.013 0.005 0.004 0.004 0.005 
138 TMA-ZAIN-G-    (0)   :  0.594 0.018 0.361 0.004 0.003 0.002 0.018 
139 TMA-ZAIN-G-    (0)   :  0.823 0.016 0.088 0.004 0.003 0.004 0.061 
140 TMA-ZAIN-G-    (0)   :  0.953 0.010 0.020 0.004 0.005 0.004 0.004 
141 TMA-ZAIN-G-    (0)   :  0.919 0.007 0.054 0.005 0.006 0.004 0.006 
142 TMA-ZAIN-G-    (9)   :  0.949 0.015 0.019 0.004 0.005 0.003 0.005 
143 TMA-ZAIN-G-    (0)   :  0.892 0.018 0.072 0.004 0.005 0.003 0.006 
144 TMA-ZAIN-G-    (0)   :  0.914 0.007 0.037 0.004 0.012 0.005 0.022 
145 TMA-ZAIN-G-    (0)   :  0.680 0.280 0.017 0.003 0.005 0.002 0.012 
146 TMA-ZAIN-G-    (0)   :  0.974 0.006 0.007 0.003 0.003 0.003 0.004 
147 TMA-ZAIN-G-    (9)   :  0.969 0.008 0.008 0.003 0.003 0.003 0.004 
148 TMA-ZAIN-G-    (0)   :  0.881 0.005 0.077 0.003 0.004 0.003 0.027 
149 TMA-ZAIN-G-    (0)   :  0.798 0.007 0.048 0.031 0.015 0.019 0.082 
150 TMA-ZAIN-G-    (0)   :  0.805 0.043 0.016 0.029 0.013 0.017 0.077 
151 TMA-ZAIN-G-    (0)   :  0.944 0.011 0.029 0.004 0.004 0.002 0.006 
152 TMA-ZAIN-G-    (0)   :  0.963 0.010 0.011 0.005 0.003 0.002 0.006 
153 TMA-ZAIN-G-    (0)   :  0.919 0.016 0.046 0.004 0.003 0.003 0.010 
154 TMA-ZAIN-G-    (0)   :  0.968 0.007 0.008 0.004 0.004 0.002 0.006 
155 TMA-ZAIN-G-    (0)   :  0.962 0.010 0.013 0.005 0.004 0.003 0.004 
156 TMA-ZAIN-G-    (9)   :  0.878 0.005 0.088 0.010 0.005 0.003 0.012 
157 TMA-ZAIN-G-    (0)   :  0.792 0.011 0.177 0.006 0.005 0.003 0.007 
158 TMA-ZAIN-G-    (0)   :  0.971 0.006 0.006 0.003 0.005 0.003 0.005 
159 TMA-ZAIN-G-    (0)   :  0.969 0.012 0.006 0.004 0.003 0.002 0.004 
160 TMA-ZAIN-G-    (0)   :  0.962 0.017 0.005 0.005 0.003 0.003 0.005 
161 TMA-ZAIN-G-    (0)   :  0.931 0.006 0.039 0.003 0.005 0.003 0.013 
162 TMA-ZAIN-G-    (0)   :  0.911 0.007 0.006 0.034 0.010 0.015 0.018 
163 TMA-ZAIN-G-    (0)   :  0.977 0.005 0.005 0.004 0.003 0.002 0.004 
164 TMA-ZAIN-G-    (0)   :  0.959 0.010 0.008 0.006 0.004 0.003 0.009 
165 TMA-ZAIN-G-    (0)   :  0.973 0.007 0.006 0.005 0.003 0.002 0.004 
166 TMA-ZAIN-G-    (0)   :  0.968 0.007 0.009 0.003 0.004 0.002 0.007 
167 TMA-ZAIN-G-    (0)   :  0.951 0.005 0.020 0.006 0.007 0.005 0.006 
168 TMA-ZAIN-G-    (0)   :  0.919 0.033 0.026 0.006 0.006 0.004 0.006 
169 TMA-ZAIN-G-    (0)   :  0.695 0.277 0.009 0.005 0.004 0.003 0.007 
170 TMA-ZAIN-G-    (0)   :  0.775 0.029 0.145 0.016 0.021 0.011 0.004 
171 TMA-ZAIN-G-    (0)   :  0.937 0.043 0.005 0.003 0.003 0.003 0.005 
172 TMA-ZAIN-G-    (0)   :  0.296 0.007 0.677 0.004 0.007 0.004 0.004 
173 TMA-ZAIN-G-    (0)   :  0.130 0.009 0.841 0.004 0.007 0.004 0.005 
174 TMA-ZAIN-G-    (0)   :  0.758 0.094 0.128 0.004 0.005 0.002 0.009 
175 TMA-ZAIN-G-    (0)   :  0.964 0.012 0.008 0.004 0.004 0.003 0.005 
176 TMA-ZAIN-G-    (0)   :  0.969 0.007 0.009 0.004 0.004 0.003 0.004 
177 TMA-ZAIN-G-    (0)   :  0.958 0.004 0.024 0.004 0.004 0.003 0.003 
178 TMA-ZAIN-G-    (0)   :  0.443 0.005 0.530 0.005 0.008 0.005 0.004 
179 TMA-ZAIN-G-    (0)   :  0.895 0.009 0.081 0.003 0.005 0.003 0.004 
180 TMA-ZAIN-G-    (0)   :  0.045 0.107 0.808 0.005 0.008 0.008 0.020 
181 TMA-ZAIN-G-    (0)   :  0.019 0.006 0.960 0.004 0.004 0.002 0.004 
182 TMA-ZAIN-G-    (0)   :  0.012 0.003 0.967 0.006 0.004 0.003 0.005 
183 TMA-ZAIN-G-    (0)   :  0.012 0.005 0.969 0.004 0.004 0.003 0.004 
184 TMA-ZAIN-G-    (0)   :  0.061 0.012 0.809 0.047 0.017 0.020 0.034 
185 TMA-ZAIN-G-    (0)   :  0.074 0.011 0.768 0.019 0.043 0.039 0.046 
186 TMA-ZAIN-G-    (9)   :  0.055 0.011 0.898 0.004 0.019 0.007 0.007 
187 TMA-ZAIN-G-    (0)   :  0.085 0.023 0.877 0.003 0.005 0.004 0.003 
188 TMA-ZAIN-G-    (0)   :  0.084 0.024 0.878 0.003 0.005 0.003 0.003 
189 TMA-ZAIN-G-    (0)   :  0.012 0.013 0.965 0.002 0.003 0.003 0.003 
190 TMA-ZAIN-G-    (0)   :  0.064 0.028 0.888 0.003 0.009 0.003 0.005 
191 TMA-ZAIN-G-    (0)   :  0.031 0.007 0.876 0.019 0.014 0.035 0.017 
192 TMA-ZAIN-G-    (0)   :  0.017 0.005 0.949 0.004 0.005 0.013 0.007 
193 TMA-ZAIN-G-    (0)   :  0.004 0.004 0.974 0.003 0.004 0.003 0.008 
194 TMA-ZAIN-G-    (0)   :  0.004 0.005 0.968 0.003 0.005 0.004 0.011 
195 TMA-ZAIN-G-    (0)   :  0.013 0.012 0.957 0.003 0.007 0.003 0.006 
196 TMA-ZAIN-G-    (0)   :  0.005 0.007 0.973 0.003 0.004 0.003 0.005 
197 TMA-ZAIN-G-    (0)   :  0.006 0.009 0.964 0.004 0.004 0.003 0.010 
198 TMA-ZAIN-G-    (0)   :  0.006 0.007 0.972 0.003 0.004 0.003 0.006 
199 TMA-ZAIN-G-    (0)   :  0.052 0.008 0.912 0.004 0.011 0.005 0.007 
200 TMA-ZAIN-G-    (0)   :  0.003 0.003 0.014 0.015 0.030 0.931 0.004 
201 TMA-ZAIN-G-    (0)   :  0.004 0.005 0.004 0.006 0.013 0.965 0.004 
202 TMA-ZAIN-G-    (0)   :  0.005 0.003 0.020 0.015 0.013 0.942 0.003 
203 TMA-ZAIN-G-    (0)   :  0.007 0.004 0.969 0.007 0.004 0.003 0.006 
204 TMA-ZAIN-G-    (9)   :  0.009 0.011 0.008 0.005 0.019 0.911 0.037 
205 TMA-ZAIN-G-    (0)   :  0.128 0.008 0.009 0.007 0.035 0.800 0.014 
206 TMA-ZAIN-G-    (9)   :  0.017 0.013 0.043 0.017 0.027 0.859 0.023 
207 TMA-ZAIN-G-    (9)   :  0.692 0.088 0.020 0.013 0.067 0.011 0.109 
208 TMA-ZAIN-G-    (0)   :  0.927 0.051 0.008 0.002 0.005 0.003 0.004 
209 TMA-ZAIN-G-    (0)   :  0.099 0.014 0.842 0.003 0.004 0.003 0.036 
210 TMA-ZAIN-G-    (0)   :  0.137 0.073 0.762 0.004 0.006 0.003 0.016 
211 TMA-ZAIN-G-    (0)   :  0.235 0.031 0.654 0.012 0.030 0.024 0.014 
212 TMA-ZAIN-G-    (0)   :  0.574 0.025 0.371 0.004 0.007 0.005 0.013 
213 TMA-ZAIN-G-    (0)   :  0.719 0.008 0.250 0.003 0.006 0.004 0.010 
214 TMA-ZAIN-G-    (0)   :  0.444 0.065 0.471 0.003 0.005 0.004 0.008 
215 TMA-ZAIN-G-    (0)   :  0.652 0.008 0.061 0.004 0.263 0.010 0.003 
216 TMA-ZAIN-G-    (0)   :  0.101 0.008 0.866 0.003 0.007 0.006 0.009 
217 TMA-ZAIN-G-    (0)   :  0.354 0.165 0.462 0.004 0.004 0.003 0.008 
218 TMA-ZAIN-G-    (0)   :  0.006 0.011 0.006 0.006 0.963 0.004 0.005 
219 TMA-ZAIN-G-    (0)   :  0.004 0.003 0.005 0.005 0.961 0.013 0.009 
220 TMA-ZAIN-G-    (0)   :  0.021 0.013 0.007 0.072 0.873 0.004 0.010 
221 TMA-ZAIN-G-    (0)   :  0.012 0.008 0.019 0.005 0.926 0.024 0.007 
222 TMA-ZAIN-G-    (0)   :  0.014 0.014 0.008 0.036 0.900 0.008 0.019 
223 TMA-ZAIN-G-    (0)   :  0.003 0.004 0.004 0.007 0.966 0.010 0.006 
224 TMA-ZAIN-G-    (0)   :  0.006 0.005 0.018 0.014 0.924 0.018 0.016 
225 TMA-ZAIN-G-    (0)   :  0.004 0.003 0.007 0.011 0.962 0.010 0.004 
226 TMA-ZAIN-G-    (0)   :  0.007 0.005 0.010 0.014 0.949 0.009 0.006 
227 TMA-ZAIN-G-    (0)   :  0.009 0.004 0.014 0.010 0.936 0.023 0.005 
228 TMA-ZAIN-G-    (0)   :  0.019 0.007 0.007 0.017 0.926 0.015 0.008 
229 TMA-ZAIN-G-    (0)   :  0.004 0.009 0.003 0.024 0.888 0.064 0.008 
230 TMA-ZAIN-G-    (0)   :  0.031 0.021 0.060 0.037 0.787 0.009 0.055 
231 TMA-ZAIN-G-    (0)   :  0.080 0.015 0.013 0.143 0.166 0.556 0.027 
232 TMA-ZAIN-G-    (9)   :  0.024 0.062 0.036 0.252 0.065 0.546 0.014 
233 TMA-ZAIN-G-    (0)   :  0.015 0.038 0.010 0.005 0.894 0.022 0.016 
234 TMA-ZAIN-G-    (0)   :  0.008 0.006 0.007 0.308 0.598 0.052 0.022 
235 TMA-ZAIN-G-    (0)   :  0.026 0.005 0.044 0.116 0.778 0.019 0.012 
236 TMA-ZAIN-G-    (0)   :  0.015 0.007 0.018 0.093 0.796 0.063 0.008 
237 TMA-ZAIN-G-    (0)   :  0.163 0.037 0.050 0.250 0.455 0.016 0.029 
238 TMA-ZAIN-G-    (0)   :  0.031 0.005 0.016 0.057 0.855 0.030 0.006 
239 TMA-ZAIN-G-    (0)   :  0.005 0.030 0.139 0.006 0.005 0.765 0.050 
240 TMA-ZAIN-G-    (0)   :  0.004 0.003 0.003 0.004 0.005 0.975 0.006 
241 TMA-ZAIN-G-    (0)   :  0.008 0.005 0.004 0.004 0.004 0.971 0.005 
242 TMA-ZAIN-G-    (0)   :  0.007 0.005 0.003 0.003 0.004 0.973 0.004 
243 TMA-ZAIN-G-    (0)   :  0.012 0.008 0.005 0.003 0.004 0.962 0.005 
244 TMA-ZAIN-G-    (0)   :  0.016 0.010 0.005 0.004 0.004 0.957 0.004 
245 TMA-ZAIN-G-    (9)   :  0.003 0.002 0.003 0.003 0.004 0.981 0.004 
246 TMA-ZAIN-G-    (0)   :  0.003 0.003 0.003 0.003 0.004 0.981 0.004 
247 TMA-ZAIN-G-    (0)   :  0.004 0.005 0.003 0.002 0.004 0.976 0.004 
248 TMA-ZAIN-G-    (0)   :  0.007 0.005 0.008 0.004 0.006 0.967 0.004 
249 TMA-ZAIN-G-    (0)   :  0.004 0.003 0.006 0.003 0.005 0.976 0.004 
250 TMA-ZAIN-G-    (0)   :  0.003 0.006 0.004 0.002 0.005 0.976 0.003 
251 TMA-ZAIN-G-    (0)   :  0.004 0.004 0.005 0.005 0.004 0.003 0.975 
252 TMA-ZAIN-G-    (0)   :  0.052 0.054 0.009 0.004 0.008 0.003 0.870 
253 TMA-ZAIN-G-    (0)   :  0.006 0.005 0.004 0.005 0.003 0.003 0.973 
254 TMA-ZAIN-G-    (9)   :  0.016 0.018 0.007 0.011 0.005 0.003 0.940 
255 TMA-ZAIN-G-    (0)   :  0.006 0.008 0.004 0.012 0.003 0.017 0.950 
256 TMA-ZAIN-G-    (0)   :  0.007 0.005 0.009 0.006 0.004 0.007 0.964 
257 TMA-ZAIN-G-    (0)   :  0.003 0.003 0.005 0.004 0.003 0.004 0.978 
258 TMA-ZAIN-G-    (0)   :  0.004 0.004 0.004 0.003 0.003 0.003 0.979 
259 TMA-ZAIN-G-    (0)   :  0.003 0.005 0.004 0.004 0.004 0.005 0.975 
260 TMA-ZAIN-G-    (0)   :  0.004 0.009 0.004 0.003 0.004 0.004 0.972 
261 TMA-ZAIN-G-   (18)   :  0.005 0.011 0.008 0.005 0.006 0.004 0.961 
262 TMA-ZAIN-G-    (0)   :  0.003 0.003 0.004 0.004 0.004 0.003 0.979 
263 TMA-ZAIN-G-    (0)   :  0.004 0.004 0.004 0.005 0.004 0.004 0.975 
264 TMA-ZAIN-G-    (0)   :  0.005 0.004 0.005 0.009 0.004 0.003 0.970 
265 TMA-ZAIN-G-    (0)   :  0.023 0.035 0.022 0.016 0.191 0.016 0.697 
266 TMA-ZAIN-G-    (0)   :  0.038 0.024 0.143 0.019 0.028 0.010 0.737 
267 TMA-ZAIN-G-    (0)   :  0.016 0.014 0.011 0.019 0.056 0.290 0.593 
268 TMA-ZAIN-G-    (0)   :  0.004 0.004 0.003 0.067 0.007 0.909 0.006 
269 TMA-ZAIN-G-    (0)   :  0.007 0.005 0.005 0.274 0.027 0.672 0.010 
270 TMA-ZAIN-G-    (0)   :  0.006 0.004 0.005 0.088 0.024 0.861 0.011 
271 TMA-ZAIN-G-    (0)   :  0.005 0.004 0.004 0.030 0.008 0.943 0.007 
272 TMA-ZAIN-G-    (0)   :  0.005 0.003 0.004 0.026 0.047 0.909 0.006 
273 TMA-ZAIN-G-    (0)   :  0.003 0.002 0.003 0.016 0.013 0.960 0.004 
274 TMA-ZAIN-G-    (0)   :  0.013 0.010 0.036 0.034 0.020 0.877 0.010 
275 TMA-ZAIN-G-    (0)   :  0.003 0.002 0.004 0.007 0.007 0.974 0.003 
276 TMA-ZAIN-G-    (0)   :  0.004 0.003 0.003 0.008 0.005 0.975 0.003 
277 TMA-ZAIN-G-    (0)   :  0.005 0.004 0.004 0.009 0.006 0.966 0.007 
278 TMA-ZAIN-G-    (0)   :  0.003 0.003 0.003 0.006 0.006 0.975 0.005 
279 TMA-ZAIN-G-    (0)   :  0.004 0.003 0.006 0.012 0.017 0.953 0.004 
280 TMA-ZAIN-G-    (0)   :  0.005 0.002 0.009 0.099 0.054 0.827 0.004 
281 TMA-ZAIN-G-    (0)   :  0.004 0.003 0.005 0.035 0.014 0.933 0.005 
282 TMA-ZAIN-G-    (9)   :  0.003 0.003 0.003 0.013 0.006 0.967 0.005 
283 TMA-ZAIN-G-    (0)   :  0.016 0.007 0.008 0.086 0.099 0.638 0.145 
284 TMA-ZAIN-G-    (0)   :  0.016 0.004 0.010 0.152 0.163 0.465 0.190 
285 TMA-ZAIN-G-    (0)   :  0.022 0.028 0.024 0.044 0.023 0.825 0.034 
286 TMA-ZAIN-G-    (0)   :  0.003 0.003 0.003 0.031 0.011 0.940 0.008 
287 TMA-ZAIN-G-    (0)   :  0.007 0.009 0.011 0.023 0.007 0.936 0.006 
288 TMA-ZAIN-G-    (0)   :  0.024 0.012 0.065 0.115 0.166 0.607 0.012 
289 TMA-ZAIN-G-    (0)   :  0.013 0.015 0.021 0.026 0.015 0.900 0.010 
290 TMA-ZAIN-G-    (0)   :  0.009 0.003 0.014 0.413 0.080 0.472 0.009 
291 TMA-ZAIN-G-    (0)   :  0.004 0.004 0.005 0.010 0.954 0.014 0.008 
292 TMA-ZAIN-G-    (0)   :  0.896 0.006 0.054 0.010 0.016 0.013 0.005 
293 TMA-ZAIN-G-    (0)   :  0.885 0.030 0.043 0.004 0.013 0.007 0.018 
294 TMA-ZAIN-G-    (0)   :  0.963 0.013 0.006 0.003 0.004 0.004 0.007 
295 TMA-ZAIN-G-    (9)   :  0.947 0.015 0.010 0.003 0.009 0.007 0.008 
296 TMA-ZAIN-G-    (0)   :  0.904 0.007 0.048 0.012 0.012 0.006 0.011 
297 TMA-ZAIN-G-    (0)   :  0.826 0.026 0.106 0.005 0.008 0.005 0.024 
298 TMA-ZAIN-G-    (0)   :  0.885 0.009 0.008 0.011 0.014 0.024 0.048 
299 TMA-ZAIN-G-    (0)   :  0.963 0.010 0.006 0.004 0.006 0.007 0.003 
300 TMA-ZAIN-G-    (0)   :  0.869 0.076 0.027 0.003 0.010 0.007 0.008 
301 TMA-ZAIN-G-    (0)   :  0.890 0.021 0.062 0.005 0.007 0.008 0.008 
302 TMA-ZAIN-G-    (9)   :  0.926 0.008 0.047 0.004 0.005 0.003 0.006 
303 TMA-ZAIN-G-    (0)   :  0.006 0.002 0.067 0.020 0.860 0.007 0.038 
304 TMA-ZAIN-G-    (0)   :  0.054 0.213 0.127 0.019 0.009 0.009 0.568 
305 TMA-ZAIN-G-    (0)   :  0.935 0.021 0.022 0.004 0.005 0.004 0.009 
306 TMA-ZAIN-G-    (0)   :  0.368 0.022 0.048 0.138 0.013 0.031 0.380 
307 TMA-ZAIN-G-    (0)   :  0.049 0.464 0.068 0.014 0.007 0.013 0.384 
308 TMA-ZAIN-G-    (0)   :  0.004 0.016 0.010 0.031 0.112 0.020 0.807 
309 TMA-ZAIN-G-    (0)   :  0.038 0.010 0.938 0.003 0.004 0.003 0.003 
310 TMA-ZAIN-G-    (0)   :  0.918 0.010 0.007 0.006 0.015 0.025 0.017 
311 TMA-ZAIN-G-    (0)   :  0.799 0.007 0.057 0.040 0.032 0.009 0.056 
312 TMA-ZAIN-G-    (0)   :  0.147 0.017 0.781 0.004 0.035 0.006 0.010 
313 TMA-ZAIN-G-    (0)   :  0.098 0.038 0.068 0.012 0.006 0.005 0.774 
314 TMA-ZAIN-G-    (0)   :  0.012 0.012 0.022 0.299 0.429 0.208 0.018 
315 TMA-ZAIN-G-    (0)   :  0.423 0.068 0.032 0.007 0.035 0.415 0.018 
316 TMA-ZAIN-G-    (0)   :  0.357 0.083 0.029 0.010 0.091 0.413 0.017 
317 TMA-ZAIN-G-    (0)   :  0.009 0.004 0.006 0.035 0.916 0.018 0.012 
318 TMA-ZAIN-G-    (9)   :  0.009 0.011 0.007 0.335 0.144 0.440 0.054 
319 TMA-ZAIN-G-    (0)   :  0.007 0.004 0.207 0.017 0.682 0.072 0.012 
320 TMA-ZAIN-G-    (0)   :  0.456 0.030 0.032 0.006 0.460 0.009 0.006 
321 TMA-ZAIN-G-    (0)   :  0.423 0.047 0.194 0.073 0.140 0.111 0.013 
322 TMA-ZAIN-G-    (0)   :  0.263 0.051 0.063 0.057 0.473 0.008 0.083 
323 TMA-ZAIN-G-    (0)   :  0.008 0.018 0.044 0.007 0.895 0.015 0.013 
324 TMA-ZAIN-G-    (0)   :  0.858 0.028 0.060 0.009 0.009 0.004 0.032 
325 TMA-ZAIN-G-    (0)   :  0.012 0.006 0.012 0.005 0.905 0.053 0.008 
326 TMA-ZAIN-G-    (0)   :  0.012 0.007 0.313 0.003 0.627 0.004 0.034 
327 TMA-ZAIN-G-    (0)   :  0.005 0.011 0.960 0.003 0.004 0.003 0.014 
328 TMA-ZAIN-G-    (0)   :  0.021 0.260 0.122 0.326 0.168 0.088 0.015 
329 TMA-ZAIN-G-    (0)   :  0.480 0.103 0.348 0.005 0.014 0.009 0.040 
330 TMA-ZAIN-G-    (0)   :  0.147 0.100 0.691 0.004 0.012 0.003 0.043 
331 TMA-ZAIN-G-    (0)   :  0.413 0.011 0.267 0.028 0.049 0.065 0.167 
332 TMA-ZAIN-G-    (0)   :  0.020 0.007 0.960 0.003 0.004 0.002 0.004 
333 TMA-ZAIN-G-    (0)   :  0.004 0.004 0.976 0.003 0.004 0.002 0.007 
334 TMA-ZAIN-G-    (0)   :  0.004 0.003 0.003 0.013 0.011 0.959 0.007 
335 TMA-ZAIN-G-    (0)   :  0.005 0.005 0.004 0.004 0.005 0.974 0.004 
336 TMA-ZAIN-G-    (0)   :  0.010 0.006 0.007 0.013 0.021 0.930 0.013 
337 TMA-ZAIN-G-    (9)   :  0.007 0.004 0.005 0.074 0.041 0.862 0.007 
338 TMA-ZAIN-G-    (0)   :  0.003 0.003 0.003 0.029 0.009 0.945 0.007 
339 TMA-ZAIN-G-    (0)   :  0.002 0.002 0.002 0.013 0.005 0.972 0.004 
340 TMA-ZAIN-G-    (0)   :  0.003 0.003 0.003 0.006 0.005 0.977 0.003 
341 TMA-ZAIN-G-    (0)   :  0.005 0.004 0.004 0.009 0.005 0.971 0.003 
342 TMA-ZAIN-G-    (0)   :  0.005 0.004 0.004 0.008 0.007 0.968 0.005 
343 TMA-ZAIN-G-    (0)   :  0.003 0.002 0.003 0.026 0.007 0.956 0.003 
344 TMA-ZAIN-G-    (0)   :  0.005 0.003 0.006 0.008 0.011 0.964 0.004 
345 TMA-ZAIN-G-    (0)   :  0.003 0.003 0.003 0.004 0.004 0.978 0.004 
346 TMA-ZAIN-G-    (0)   :  0.007 0.003 0.010 0.029 0.016 0.931 0.004 
347 TMA-ZAIN-G-    (9)   :  0.003 0.003 0.003 0.008 0.006 0.974 0.003 
348 TMA-ZAIN-G-    (0)   :  0.005 0.004 0.005 0.020 0.017 0.939 0.009 
349 TMA-ZAIN-G-    (0)   :  0.004 0.004 0.003 0.014 0.007 0.963 0.005 
350 TMA-ZAIN-G-    (0)   :  0.007 0.005 0.008 0.025 0.067 0.882 0.005 
351 TMA-ZAIN-G-    (0)   :  0.003 0.003 0.004 0.007 0.007 0.970 0.005 
352 TMA-ZAIN-G-    (0)   :  0.008 0.006 0.005 0.008 0.007 0.958 0.008 
353 TMA-ZAIN-G-    (0)   :  0.008 0.003 0.013 0.047 0.026 0.897 0.005 
354 TMA-ZAIN-G-    (0)   :  0.006 0.002 0.007 0.007 0.012 0.964 0.003 
355 TMA-ZAIN-G-    (0)   :  0.010 0.004 0.010 0.012 0.009 0.951 0.003 
356 TMA-ZAIN-G-    (0)   :  0.832 0.127 0.003 0.003 0.013 0.002 0.020 
357 TMA-ZAIN-G-    (0)   :  0.464 0.074 0.417 0.013 0.013 0.003 0.016 
358 TMA-ZAIN-G-    (0)   :  0.275 0.261 0.285 0.081 0.039 0.029 0.031 
359 TMA-ZAIN-G-    (0)   :  0.372 0.412 0.006 0.011 0.056 0.026 0.117 
360 TMA-ZAIN-G-    (0)   :  0.958 0.020 0.006 0.003 0.004 0.003 0.005 
361 TMA-ZAIN-G-    (0)   :  0.218 0.034 0.710 0.010 0.012 0.005 0.011 
362 TMA-ZAIN-G-    (0)   :  0.957 0.007 0.004 0.005 0.008 0.014 0.004 
363 TMA-ZAIN-G-    (0)   :  0.390 0.029 0.492 0.005 0.051 0.014 0.019 
364 TMA-ZAIN-G-    (0)   :  0.021 0.014 0.016 0.191 0.724 0.016 0.018 
365 TMA-ZAIN-G-    (0)   :  0.688 0.037 0.026 0.010 0.080 0.153 0.005 
366 TMA-ZAIN-G-    (0)   :  0.795 0.162 0.008 0.004 0.005 0.007 0.020 
367 TMA-ZAIN-G-    (0)   :  0.079 0.009 0.652 0.134 0.027 0.006 0.092 
368 TMA-ZAIN-G-    (0)   :  0.790 0.156 0.023 0.006 0.006 0.005 0.014 
369 TMA-ZAIN-G-    (0)   :  0.031 0.037 0.917 0.003 0.005 0.003 0.005 
370 TMA-ZAIN-G-    (0)   :  0.184 0.018 0.772 0.009 0.009 0.003 0.005 
371 TMA-ZAIN-G-    (0)   :  0.946 0.028 0.009 0.005 0.004 0.003 0.005 
372 TMA-ZAIN-G-    (0)   :  0.948 0.022 0.013 0.004 0.003 0.003 0.006 
373 TMA-ZAIN-G-    (0)   :  0.004 0.004 0.976 0.003 0.005 0.003 0.005 
374 TMA-ZAIN-G-    (0)   :  0.048 0.006 0.385 0.319 0.057 0.007 0.177 
375 TMA-ZAIN-G-    (0)   :  0.026 0.011 0.188 0.039 0.718 0.010 0.007 
376 TMA-ZAIN-G-    (9)   :  0.973 0.005 0.007 0.005 0.004 0.003 0.004 
377 TMA-ZAIN-G-    (0)   :  0.963 0.015 0.010 0.003 0.003 0.002 0.005 
378 TMA-ZAIN-G-    (0)   :  0.962 0.015 0.010 0.004 0.003 0.002 0.004 
379 TMA-ZAIN-G-    (0)   :  0.957 0.016 0.010 0.003 0.003 0.002 0.009 
380 TMA-ZAIN-G-    (0)   :  0.925 0.047 0.011 0.002 0.004 0.003 0.007 
381 TMA-ZAIN-G-    (9)   :  0.130 0.132 0.040 0.010 0.593 0.010 0.084 
382 TMA-ZAIN-G-    (9)   :  0.008 0.003 0.008 0.675 0.232 0.063 0.009 
383    ZFB01    (0)   :  0.005 0.003 0.003 0.972 0.003 0.009 0.004 
384    ZFB02    (0)   :  0.003 0.003 0.003 0.942 0.005 0.034 0.010 
385    ZFB03    (0)   :  0.005 0.003 0.007 0.967 0.009 0.005 0.005 
386    ZFB04    (0)   :  0.005 0.003 0.003 0.949 0.005 0.029 0.007 
387    ZFB05    (0)   :  0.004 0.011 0.008 0.828 0.035 0.100 0.013 
388    ZFB06    (0)   :  0.004 0.012 0.008 0.892 0.029 0.049 0.007 
389    ZFB07    (9)   :  0.009 0.005 0.006 0.951 0.013 0.011 0.005 
390    ZFB08    (0)   :  0.007 0.006 0.006 0.961 0.008 0.006 0.006 
391    ZFB09    (0)   :  0.004 0.003 0.003 0.978 0.004 0.005 0.003 
392    ZFB10    (0)   :  0.021 0.006 0.005 0.947 0.004 0.011 0.006 
393    ZFB11    (0)   :  0.011 0.004 0.003 0.954 0.004 0.017 0.008 
394    ZFB12    (0)   :  0.009 0.004 0.008 0.914 0.022 0.039 0.004 
395    ZFB13    (0)   :  0.010 0.007 0.006 0.955 0.011 0.007 0.005 
396    ZFB14    (0)   :  0.006 0.003 0.004 0.974 0.004 0.004 0.005 
397    ZFB15    (0)   :  0.003 0.002 0.003 0.968 0.004 0.016 0.003 
398    ZFB16    (0)   :  0.007 0.004 0.004 0.960 0.007 0.014 0.004 
399    ZFB17    (0)   :  0.012 0.015 0.008 0.887 0.022 0.029 0.026 
400    ZFB18    (0)   :  0.004 0.003 0.003 0.979 0.004 0.004 0.004 
401    ZFB19    (0)   :  0.032 0.009 0.012 0.919 0.017 0.007 0.005 
402    ZFB20    (0)   :  0.006 0.004 0.004 0.934 0.009 0.039 0.004 
403    ZFB21    (0)   :  0.003 0.002 0.003 0.971 0.006 0.012 0.003 
404    ZFB22    (0)   :  0.013 0.012 0.009 0.861 0.012 0.083 0.010 
405    ZFB23    (0)   :  0.010 0.003 0.005 0.943 0.006 0.026 0.007 
406    ZFB24    (0)   :  0.009 0.004 0.004 0.933 0.005 0.037 0.007 
407    ZFB25    (0)   :  0.027 0.006 0.007 0.945 0.004 0.006 0.005 
408    ZFB26    (0)   :  0.028 0.006 0.006 0.884 0.006 0.061 0.009 
409    ZFB27    (0)   :  0.011 0.003 0.004 0.893 0.004 0.078 0.006 
410    ZFB28    (0)   :  0.010 0.003 0.008 0.830 0.034 0.103 0.012 
411    ZFB29    (0)   :  0.004 0.003 0.002 0.958 0.006 0.019 0.009 
412    ZFB30    (0)   :  0.007 0.015 0.013 0.781 0.028 0.151 0.005 
413    ZFB31    (0)   :  0.016 0.005 0.005 0.959 0.004 0.006 0.004 
414    ZFB32    (0)   :  0.020 0.005 0.013 0.822 0.044 0.061 0.036 
415    ZFB33    (0)   :  0.004 0.002 0.003 0.971 0.004 0.012 0.003 
416    ZFB34    (0)   :  0.004 0.003 0.003 0.977 0.005 0.004 0.005 
417    ZFB35    (0)   :  0.006 0.004 0.005 0.964 0.005 0.010 0.006 
418  ZFBP101    (0)   :  0.537 0.068 0.212 0.012 0.014 0.008 0.150 
419  ZFBP102    (0)   :  0.864 0.017 0.064 0.013 0.015 0.010 0.017 
420  ZFBP103    (0)   :  0.291 0.017 0.445 0.008 0.012 0.007 0.220 
421  ZFBP104    (0)   :  0.691 0.010 0.197 0.041 0.043 0.015 0.004 
422  ZFBP105    (0)   :  0.871 0.006 0.101 0.006 0.006 0.005 0.005 
423  ZFBP106    (0)   :  0.915 0.012 0.052 0.004 0.005 0.003 0.008 
424  ZFBP107    (0)   :  0.824 0.005 0.138 0.006 0.009 0.010 0.008 
425  ZFBP108    (0)   :  0.974 0.005 0.008 0.003 0.003 0.003 0.003 
426  ZFBP109    (0)   :  0.971 0.008 0.008 0.004 0.003 0.002 0.004 
427  ZFBP110    (0)   :  0.550 0.007 0.314 0.047 0.037 0.007 0.039 
428  ZFBP111    (0)   :  0.782 0.166 0.036 0.003 0.005 0.003 0.005 
429  ZFBP112    (0)   :  0.872 0.072 0.023 0.004 0.006 0.006 0.017 
430  ZFBP113    (0)   :  0.974 0.005 0.007 0.003 0.004 0.004 0.003 
431  ZFBP114    (0)   :  0.948 0.008 0.026 0.004 0.005 0.003 0.005 
432  ZFBP115    (0)   :  0.241 0.021 0.715 0.003 0.006 0.004 0.010 
433  ZFBP116    (0)   :  0.963 0.007 0.013 0.003 0.006 0.004 0.004 
434  ZFBP117    (0)   :  0.970 0.007 0.008 0.003 0.004 0.002 0.006 
435  ZFBP118    (0)   :  0.947 0.011 0.025 0.003 0.005 0.005 0.004 
436  ZFBP119    (0)   :  0.769 0.023 0.166 0.004 0.007 0.003 0.027 
437  ZFBP120    (0)   :  0.918 0.006 0.055 0.006 0.006 0.004 0.004 
438  ZFBP121    (0)   :  0.961 0.006 0.012 0.005 0.004 0.003 0.008 
439  ZFBP122    (9)   :  0.956 0.014 0.014 0.004 0.005 0.003 0.005 
440  ZFBP123    (0)   :  0.931 0.026 0.009 0.004 0.006 0.007 0.017 
441  ZFBP124    (0)   :  0.967 0.005 0.008 0.007 0.004 0.004 0.005 
442  ZFBP125    (0)   :  0.946 0.019 0.020 0.003 0.004 0.002 0.007 
443  ZFBP126    (0)   :  0.927 0.007 0.008 0.009 0.016 0.009 0.025 
444  ZFBP127    (0)   :  0.928 0.005 0.048 0.003 0.004 0.003 0.009 
445  ZFBP128    (0)   :  0.911 0.041 0.023 0.004 0.003 0.002 0.015 
446  ZFBP129    (0)   :  0.951 0.024 0.006 0.004 0.005 0.003 0.007 
447  ZFBP130    (0)   :  0.857 0.085 0.026 0.002 0.005 0.003 0.021 
448  ZFBP131    (0)   :  0.975 0.006 0.004 0.004 0.004 0.004 0.004 
449  ZFBP132    (0)   :  0.970 0.004 0.012 0.004 0.004 0.003 0.004 
450  ZFBP133    (0)   :  0.718 0.261 0.005 0.004 0.003 0.002 0.007 
451  ZFBP134    (0)   :  0.739 0.020 0.194 0.003 0.005 0.003 0.034 
452  ZFBP135    (0)   :  0.654 0.016 0.064 0.015 0.009 0.005 0.238 
453  ZFBP136    (0)   :  0.625 0.095 0.121 0.004 0.006 0.007 0.141 
454  ZFBP201    (0)   :  0.959 0.005 0.011 0.006 0.006 0.006 0.006 
455  ZFBP202    (0)   :  0.956 0.010 0.017 0.006 0.004 0.003 0.004 
456  ZFBP203    (0)   :  0.906 0.024 0.009 0.005 0.022 0.027 0.007 
457  ZFBP204    (0)   :  0.818 0.030 0.118 0.005 0.007 0.006 0.018 
458  ZFBP205    (0)   :  0.958 0.016 0.005 0.003 0.004 0.005 0.010 
459  ZFBP206    (0)   :  0.780 0.175 0.007 0.006 0.006 0.006 0.020 
460  ZFBP207    (0)   :  0.681 0.011 0.281 0.006 0.006 0.004 0.012 
461  ZFBP208    (0)   :  0.952 0.011 0.006 0.004 0.008 0.011 0.009 
462  ZFBP209    (0)   :  0.883 0.098 0.005 0.003 0.003 0.002 0.007 
463  ZFBP210    (0)   :  0.942 0.020 0.011 0.005 0.007 0.008 0.006 
464  ZFBP211    (0)   :  0.967 0.005 0.010 0.005 0.005 0.003 0.005 
465  ZFBP212    (0)   :  0.914 0.006 0.064 0.006 0.004 0.003 0.003 
466  ZFBP213    (0)   :  0.936 0.018 0.010 0.008 0.006 0.006 0.016 
467  ZFBP214    (0)   :  0.753 0.117 0.044 0.016 0.018 0.004 0.047 
468  ZFBP215    (0)   :  0.970 0.008 0.007 0.004 0.004 0.003 0.005 
469  ZFBP216    (0)   :  0.953 0.007 0.012 0.004 0.012 0.007 0.005 
470  ZFBP217    (0)   :  0.767 0.166 0.041 0.008 0.008 0.003 0.006 
471  ZFBP218    (0)   :  0.968 0.012 0.006 0.003 0.003 0.003 0.003 
472  ZFBP219    (0)   :  0.974 0.005 0.006 0.003 0.005 0.004 0.003 
473  ZFBP220    (0)   :  0.858 0.058 0.050 0.003 0.005 0.003 0.023 
474  ZFBP221    (0)   :  0.926 0.010 0.050 0.004 0.004 0.003 0.003 
475  ZFBP222    (0)   :  0.961 0.013 0.004 0.005 0.004 0.005 0.008 
476  ZFBP223    (0)   :  0.757 0.010 0.202 0.010 0.007 0.005 0.009 
477  ZFBP224    (0)   :  0.965 0.007 0.007 0.004 0.006 0.004 0.007 
478  ZFBP225    (0)   :  0.415 0.382 0.166 0.004 0.011 0.008 0.014 
479  ZFBP226    (0)   :  0.970 0.006 0.008 0.003 0.005 0.004 0.004 
480  ZFBP227    (0)   :  0.746 0.008 0.066 0.024 0.126 0.024 0.007 
481  ZFBP228    (0)   :  0.867 0.008 0.101 0.005 0.004 0.003 0.013 
482  ZFBP229    (0)   :  0.951 0.023 0.010 0.003 0.004 0.003 0.006 
483  ZFBP230    (0)   :  0.858 0.055 0.047 0.003 0.006 0.003 0.027 
484  ZFBP231    (0)   :  0.966 0.006 0.009 0.005 0.005 0.004 0.005 
485  ZFBP232    (0)   :  0.973 0.008 0.006 0.003 0.003 0.003 0.004 
486  ZFBP233    (0)   :  0.950 0.016 0.013 0.005 0.006 0.004 0.006 
487   ZFCC01    (0)   :  0.004 0.004 0.004 0.008 0.004 0.005 0.972 
488   ZFCC03    (0)   :  0.004 0.006 0.005 0.005 0.003 0.003 0.974 
489   ZFCC04    (0)   :  0.004 0.006 0.005 0.005 0.004 0.004 0.972 
490   ZFCC05    (0)   :  0.005 0.006 0.007 0.006 0.006 0.004 0.967 
491   ZFCC08    (0)   :  0.009 0.017 0.008 0.005 0.004 0.003 0.955 
492   ZFCC09    (0)   :  0.004 0.004 0.005 0.007 0.003 0.003 0.973 
493   ZFCC10    (0)   :  0.004 0.004 0.004 0.015 0.004 0.004 0.966 
494   ZFCC11    (0)   :  0.004 0.005 0.006 0.005 0.004 0.003 0.973 
495   ZFCC12    (0)   :  0.006 0.005 0.007 0.016 0.009 0.032 0.924 
496   ZFCC13    (0)   :  0.009 0.010 0.010 0.004 0.008 0.006 0.954 
497   ZFCC14    (0)   :  0.009 0.008 0.005 0.010 0.005 0.005 0.958 
498   ZFCC15    (0)   :  0.004 0.005 0.005 0.005 0.007 0.005 0.968 
499   ZFCC16    (0)   :  0.003 0.005 0.003 0.005 0.004 0.004 0.975 
500   ZFCC17    (0)   :  0.003 0.004 0.004 0.005 0.004 0.007 0.973 
501   ZFCC18    (0)   :  0.004 0.006 0.005 0.005 0.004 0.004 0.972 
502   ZFCC19    (0)   :  0.003 0.004 0.003 0.005 0.007 0.006 0.972 
503   ZFCC20    (0)   :  0.004 0.006 0.007 0.004 0.005 0.003 0.971 
504   ZFCC21    (0)   :  0.023 0.037 0.008 0.007 0.013 0.005 0.908 
505   ZFCC22    (0)   :  0.105 0.062 0.016 0.007 0.005 0.004 0.801 
506   ZFCC26    (0)   :  0.004 0.005 0.004 0.005 0.004 0.004 0.975 
507   ZFCC27    (0)   :  0.004 0.004 0.005 0.004 0.003 0.003 0.977 
508   ZFCC29    (0)   :  0.004 0.006 0.005 0.008 0.006 0.004 0.968 
509   ZFCC30    (0)   :  0.004 0.006 0.006 0.003 0.004 0.003 0.975 
510   ZFCC32    (0)   :  0.004 0.006 0.006 0.006 0.006 0.006 0.965 
511   ZFCC33    (0)   :  0.004 0.004 0.005 0.007 0.007 0.005 0.968 
512   ZFCC34    (0)   :  0.039 0.019 0.030 0.014 0.005 0.012 0.880 
513   ZFCC35    (0)   :  0.004 0.005 0.004 0.004 0.003 0.003 0.978 
514   ZFCC36    (0)   :  0.008 0.013 0.007 0.004 0.008 0.010 0.950 
515   ZFCC37    (0)   :  0.009 0.006 0.009 0.017 0.011 0.032 0.917 
516   ZFCC40    (0)   :  0.005 0.004 0.004 0.006 0.003 0.005 0.972 
517   ZFCC42    (0)   :  0.006 0.015 0.050 0.016 0.013 0.523 0.377 
518   ZFCC44    (0)   :  0.003 0.003 0.005 0.003 0.003 0.003 0.979 
519   ZFCC45    (9)   :  0.005 0.004 0.006 0.012 0.011 0.013 0.950 
520   ZFCC46    (0)   :  0.007 0.031 0.012 0.004 0.004 0.003 0.939 
521   ZFCC47    (0)   :  0.004 0.007 0.005 0.012 0.004 0.019 0.948 
522   ZFCC48    (0)   :  0.018 0.043 0.006 0.008 0.006 0.003 0.916 
523   ZFCC50    (0)   :  0.003 0.004 0.003 0.005 0.004 0.004 0.978 
524   ZFCC51    (0)   :  0.003 0.004 0.006 0.005 0.003 0.003 0.976 
525   ZFCC52    (0)   :  0.009 0.012 0.006 0.004 0.004 0.005 0.960 
526   ZFCC53    (0)   :  0.003 0.004 0.004 0.004 0.003 0.003 0.978 
527  ZFCNS01    (0)   :  0.004 0.003 0.972 0.003 0.008 0.005 0.005 
528  ZFCNS02    (0)   :  0.005 0.007 0.968 0.003 0.004 0.003 0.010 
529  ZFCNS05    (0)   :  0.008 0.007 0.961 0.005 0.004 0.003 0.011 
530  ZFCNS06    (0)   :  0.005 0.007 0.965 0.004 0.004 0.003 0.012 
531  ZFCNS07    (0)   :  0.011 0.019 0.952 0.004 0.004 0.003 0.006 
532  ZFCNS10    (0)   :  0.005 0.006 0.975 0.003 0.003 0.003 0.005 
533  ZFCNS11    (0)   :  0.004 0.004 0.974 0.003 0.005 0.004 0.006 
534  ZFCNS15    (0)   :  0.011 0.005 0.970 0.004 0.004 0.003 0.004 
