

----------------------------------------------------
STRUCTURE by Pritchard, Stephens and Donnelly (2000)
     and Falush, Stephens and Pritchard (2003)
       Code by Pritchard, Falush and Hubisz
             Version 2.3.4 (Jul 2012)
----------------------------------------------------



Command line arguments:   bin\structure -m C:\Users\eschumacher\Documents\GitHub\GCC_QUAC_ZAIN\Data_Files\Structure_Files\QUAC\QUAC_nopopinfo_wild\50-50\mainparams -e C:\Users\eschumacher\Documents\GitHub\GCC_QUAC_ZAIN\Data_Files\Structure_Files\QUAC\QUAC_nopopinfo_wild\50-50\extraparams 
Input File:    C:\Users\eschumacher\Documents\GitHub\GCC_QUAC_ZAIN\Data_Files\Structure_Files\QUAC\QUAC_nopopinfo_wild\project_data

Run parameters:
   172 individuals
   15 loci
   4 populations assumed
   50000 Burn-in period
   50000 Reps


--------------------------------------------
Overall proportion of membership of the
sample in each of the 4 clusters

Inferred Clusters
  1      2      3      4    
0.310  0.227  0.267  0.196  

--------------------------------------------

Allele-freq. divergence among pops (Net nucleotide distance),
computed using point estimates of P.

      1       2       3       4      
 1      -    0.0491  0.0381  0.0772  
 2   0.0491     -    0.0430  0.0724  
 3   0.0381  0.0430     -    0.0629  
 4   0.0772  0.0724  0.0629     -    

Average distances (expected heterozygosity) between individuals in same cluster:
cluster  1  : 0.5587 
cluster  2  : 0.5508 
cluster  3  : 0.6021 
cluster  4  : 0.5265 

--------------------------------------------
Estimated Ln Prob of Data   = -6559.7
Mean value of ln likelihood = -6401.2
Variance of ln likelihood   = 317.0
Mean value of alpha         = 0.0437

Mean value of Fst_1         = 0.1067
Mean value of Fst_2         = 0.1177
Mean value of Fst_3         = 0.0542
Mean value of Fst_4         = 0.1823


Inferred ancestry of individuals:
        Label (%Miss) :  Inferred clusters
  1 QAc-W-0001    (0)   :  0.005 0.984 0.006 0.005 
  2 QAc-W-0002    (0)   :  0.031 0.879 0.084 0.006 
  3 QAc-W-0003    (0)   :  0.006 0.926 0.031 0.038 
  4 QAc-W-0004    (0)   :  0.006 0.981 0.005 0.008 
  5 QAc-W-0005    (0)   :  0.007 0.984 0.005 0.004 
  6 QAc-W-0006    (0)   :  0.006 0.982 0.005 0.006 
  7 QAc-W-0007   (13)   :  0.008 0.982 0.005 0.005 
  8 QAc-W-0008    (6)   :  0.012 0.978 0.006 0.004 
  9 QAc-W-0009    (0)   :  0.234 0.382 0.363 0.020 
 10 QAc-W-0010    (0)   :  0.041 0.923 0.030 0.006 
 11 QAc-W-0011    (0)   :  0.009 0.920 0.057 0.014 
 12 QAc-W-0012    (0)   :  0.009 0.978 0.007 0.005 
 13 QAc-W-0013    (0)   :  0.009 0.360 0.511 0.119 
 14 QAc-W-0014    (0)   :  0.019 0.969 0.007 0.005 
 15 QAc-W-0015    (0)   :  0.045 0.191 0.731 0.033 
 16 QAc-W-0016    (0)   :  0.050 0.890 0.022 0.038 
 17 QAc-W-0017    (0)   :  0.111 0.130 0.706 0.053 
 18 QAc-W-0018    (0)   :  0.019 0.870 0.047 0.064 
 19 QAc-W-0019    (0)   :  0.014 0.971 0.007 0.007 
 20 QAc-W-0020    (0)   :  0.005 0.978 0.014 0.003 
 21 QAc-W-0021    (0)   :  0.029 0.726 0.015 0.230 
 22 QAc-W-0022    (0)   :  0.183 0.418 0.333 0.066 
 23 QAc-W-0023    (6)   :  0.181 0.709 0.059 0.051 
 24 QAc-W-0024    (0)   :  0.014 0.773 0.023 0.190 
 25 QAc-W-0025    (0)   :  0.018 0.959 0.007 0.016 
 26 QAc-W-0026    (0)   :  0.022 0.928 0.019 0.031 
 27 QAc-W-0027    (0)   :  0.010 0.974 0.009 0.007 
 28 QAc-W-0028    (0)   :  0.007 0.974 0.015 0.004 
 29 QAc-W-0029    (0)   :  0.007 0.970 0.016 0.008 
 30 QAc-W-0030    (0)   :  0.008 0.740 0.233 0.018 
 31 QAc-W-0031    (0)   :  0.005 0.950 0.006 0.039 
 32 QAc-W-0032    (0)   :  0.009 0.983 0.004 0.005 
 33 QAc-W-0033    (0)   :  0.092 0.859 0.033 0.016 
 34 QAc-W-0034    (0)   :  0.011 0.970 0.010 0.009 
 35 QAc-W-0035    (0)   :  0.042 0.878 0.060 0.020 
 36 QAc-W-0036    (0)   :  0.009 0.980 0.007 0.004 
 37 QAc-W-0037    (0)   :  0.019 0.945 0.019 0.016 
 38 QAc-W-0038    (0)   :  0.010 0.888 0.095 0.007 
 39 QAc-W-0039    (0)   :  0.008 0.954 0.022 0.016 
 40 QAc-W-0040    (0)   :  0.183 0.788 0.008 0.022 
 41 QAc-W-0041    (0)   :  0.013 0.829 0.025 0.133 
 42 QAc-W-0042    (0)   :  0.008 0.012 0.971 0.009 
 43 QAc-W-0043    (0)   :  0.009 0.008 0.976 0.007 
 44 QAc-W-0044    (0)   :  0.019 0.022 0.954 0.005 
 45 QAc-W-0045    (0)   :  0.010 0.010 0.974 0.006 
 46 QAc-W-0046    (0)   :  0.008 0.007 0.977 0.009 
 47 QAc-W-0047    (0)   :  0.013 0.015 0.969 0.004 
 48 QAc-W-0048    (0)   :  0.009 0.018 0.964 0.009 
 49 QAc-W-0049    (0)   :  0.010 0.012 0.969 0.009 
 50 QAc-W-0050    (0)   :  0.024 0.006 0.960 0.010 
 51 QAc-W-0051    (0)   :  0.009 0.048 0.923 0.020 
 52 QAc-W-0052    (0)   :  0.016 0.417 0.559 0.007 
 53 QAc-W-0053    (0)   :  0.032 0.025 0.934 0.009 
 54 QAc-W-0054    (0)   :  0.019 0.009 0.963 0.009 
 55 QAc-W-0055    (0)   :  0.014 0.006 0.966 0.013 
 56 QAc-W-0056    (0)   :  0.016 0.112 0.843 0.029 
 57 QAc-W-0057    (0)   :  0.009 0.011 0.962 0.019 
 58 QAc-W-0058    (0)   :  0.004 0.008 0.952 0.036 
 59 QAc-W-0059    (0)   :  0.008 0.012 0.976 0.004 
 60 QAc-W-0060    (0)   :  0.009 0.006 0.979 0.006 
 61 QAc-W-0061    (0)   :  0.017 0.020 0.957 0.006 
 62 QAc-W-0062    (0)   :  0.022 0.005 0.950 0.023 
 63 QAc-W-0063    (0)   :  0.039 0.041 0.739 0.181 
 64 QAc-W-0064    (0)   :  0.014 0.008 0.953 0.025 
 65 QAc-W-0065    (0)   :  0.017 0.006 0.966 0.010 
 66 QAc-W-0066    (0)   :  0.004 0.011 0.941 0.044 
 67 QAc-W-0067    (0)   :  0.029 0.008 0.917 0.046 
 68 QAc-W-0068    (0)   :  0.005 0.010 0.971 0.014 
 69 QAc-W-0069    (0)   :  0.006 0.020 0.941 0.033 
 70 QAc-W-0070    (0)   :  0.005 0.005 0.983 0.006 
 71 QAc-W-0071    (6)   :  0.007 0.005 0.977 0.011 
 72 QAc-W-0072    (0)   :  0.112 0.019 0.860 0.008 
 73 QAc-W-0073    (0)   :  0.014 0.015 0.960 0.012 
 74 QAc-W-0074    (0)   :  0.015 0.009 0.966 0.010 
 75 QAc-W-0075    (0)   :  0.005 0.004 0.979 0.011 
 76 QAc-W-0076    (0)   :  0.036 0.006 0.952 0.007 
 77 QAc-W-0077    (0)   :  0.007 0.011 0.977 0.005 
 78 QAc-W-0078    (0)   :  0.051 0.062 0.015 0.872 
 79 QAc-W-0079    (6)   :  0.008 0.007 0.008 0.977 
 80 QAc-W-0080   (13)   :  0.006 0.040 0.006 0.948 
 81 QAc-W-0081    (0)   :  0.005 0.007 0.005 0.982 
 82 QAc-W-0082    (0)   :  0.007 0.014 0.278 0.701 
 83 QAc-W-0083    (0)   :  0.012 0.009 0.010 0.970 
 84 QAc-W-0084    (0)   :  0.004 0.006 0.004 0.986 
 85 QAc-W-0085    (0)   :  0.013 0.005 0.006 0.976 
 86 QAc-W-0086    (0)   :  0.007 0.007 0.006 0.979 
 87 QAc-W-0087    (0)   :  0.008 0.005 0.004 0.983 
 88 QAc-W-0088    (0)   :  0.005 0.006 0.007 0.982 
 89 QAc-W-0089    (0)   :  0.005 0.008 0.007 0.979 
 90 QAc-W-0090    (0)   :  0.004 0.007 0.005 0.983 
 91 QAc-W-0091    (0)   :  0.007 0.006 0.004 0.982 
 92 QAc-W-0092    (0)   :  0.017 0.149 0.025 0.808 
 93 QAc-W-0093    (0)   :  0.051 0.095 0.035 0.819 
 94 QAc-W-0094    (0)   :  0.013 0.087 0.017 0.883 
 95 QAc-W-0095    (0)   :  0.006 0.019 0.008 0.967 
 96 QAc-W-0096    (0)   :  0.016 0.040 0.050 0.894 
 97 QAc-W-0097    (0)   :  0.012 0.185 0.084 0.720 
 98 QAc-W-0098    (0)   :  0.005 0.007 0.007 0.981 
 99 QAc-W-0099    (0)   :  0.081 0.010 0.013 0.896 
100 QAc-W-0100    (0)   :  0.005 0.005 0.004 0.986 
101 QAc-W-0101    (0)   :  0.007 0.007 0.006 0.980 
102 QAc-W-0104    (0)   :  0.016 0.007 0.011 0.966 
103 QAc-W-0105    (0)   :  0.004 0.005 0.005 0.986 
104 QAc-W-0106    (0)   :  0.007 0.009 0.007 0.977 
105 QAc-W-0107    (0)   :  0.009 0.008 0.021 0.962 
106 QAc-W-0108    (0)   :  0.009 0.006 0.017 0.968 
107 QAc-W-0109    (0)   :  0.006 0.012 0.035 0.947 
108 QAc-W-0110   (13)   :  0.012 0.686 0.007 0.296 
109 QAc-W-0111    (6)   :  0.005 0.006 0.008 0.981 
110 QAc-W-0112   (13)   :  0.010 0.009 0.007 0.974 
111 QAc-W-0113   (13)   :  0.973 0.012 0.008 0.007 
112 QAc-W-0114   (13)   :  0.952 0.011 0.012 0.025 
113 QAc-W-0115    (0)   :  0.973 0.011 0.006 0.010 
114 QAc-W-0116    (0)   :  0.968 0.014 0.009 0.008 
115 QAc-W-0117    (0)   :  0.984 0.007 0.006 0.003 
116 QAc-W-0118    (0)   :  0.956 0.007 0.018 0.019 
117 QAc-W-0119    (0)   :  0.970 0.009 0.013 0.007 
118 QAc-W-0120    (0)   :  0.964 0.012 0.014 0.010 
119 QAc-W-0121    (0)   :  0.969 0.007 0.019 0.004 
120 QAc-W-0122    (0)   :  0.963 0.017 0.014 0.006 
121 QAc-W-0123    (6)   :  0.947 0.008 0.030 0.016 
122 QAc-W-0124    (0)   :  0.817 0.055 0.021 0.107 
123 QAc-W-0125    (0)   :  0.962 0.011 0.009 0.018 
124 QAc-W-0126   (13)   :  0.919 0.012 0.032 0.037 
125 QAc-W-0127    (6)   :  0.979 0.009 0.007 0.006 
126 QAc-W-0128   (13)   :  0.909 0.024 0.010 0.057 
127 QAc-W-0129   (13)   :  0.904 0.078 0.011 0.007 
128 QAc-W-0130   (13)   :  0.954 0.032 0.006 0.008 
129 QAc-W-0131    (0)   :  0.971 0.009 0.010 0.010 
130 QAc-W-0132    (6)   :  0.934 0.017 0.034 0.016 
131 QAc-W-0133    (6)   :  0.683 0.011 0.048 0.258 
132 QAc-W-0134    (0)   :  0.984 0.005 0.006 0.005 
133 QAc-W-0135    (0)   :  0.923 0.057 0.013 0.006 
134 QAc-W-0136    (0)   :  0.986 0.006 0.004 0.004 
135 QAc-W-0137    (0)   :  0.987 0.005 0.005 0.004 
136 QAc-W-0138    (0)   :  0.985 0.006 0.005 0.004 
137 QAc-W-0139    (0)   :  0.720 0.081 0.044 0.155 
138 QAc-W-0140    (0)   :  0.932 0.026 0.031 0.011 
139 QAc-W-0141    (6)   :  0.764 0.090 0.132 0.013 
140 QAc-W-0142    (0)   :  0.982 0.006 0.007 0.005 
141 QAc-W-0143    (0)   :  0.969 0.011 0.009 0.011 
142 QAc-W-0144    (0)   :  0.957 0.011 0.025 0.007 
143 QAc-W-0145    (0)   :  0.984 0.005 0.008 0.003 
144 QAc-W-0146    (0)   :  0.974 0.013 0.005 0.008 
145 QAc-W-0147    (0)   :  0.985 0.006 0.005 0.005 
146 QAc-W-0148    (0)   :  0.981 0.008 0.007 0.004 
147 QAc-W-0149    (0)   :  0.946 0.017 0.022 0.014 
148 QAc-W-0150    (0)   :  0.899 0.074 0.011 0.016 
149 QAc-W-0151    (0)   :  0.966 0.016 0.008 0.010 
150 QAc-W-0152    (0)   :  0.979 0.006 0.010 0.004 
151 QAc-W-0153    (0)   :  0.172 0.028 0.703 0.096 
152 QAc-W-0154    (0)   :  0.896 0.086 0.011 0.007 
153 QAc-W-0155    (0)   :  0.981 0.007 0.007 0.004 
154 QAc-W-0156    (0)   :  0.856 0.080 0.006 0.057 
155 QAc-W-0157    (0)   :  0.948 0.011 0.037 0.004 
156 QAc-W-0158    (0)   :  0.883 0.052 0.009 0.056 
157 QAc-W-0159    (0)   :  0.972 0.015 0.007 0.006 
158 QAc-W-0160    (0)   :  0.968 0.019 0.006 0.007 
159 QAc-W-0161    (0)   :  0.932 0.053 0.007 0.008 
160 QAc-W-0162    (0)   :  0.860 0.005 0.128 0.007 
161 QAc-W-0163    (0)   :  0.971 0.006 0.018 0.005 
162 QAc-W-0164    (0)   :  0.966 0.007 0.020 0.007 
163 QAc-W-0165    (0)   :  0.968 0.007 0.021 0.004 
164 QAc-W-0166    (0)   :  0.936 0.047 0.011 0.007 
165 QAc-W-0167    (0)   :  0.010 0.012 0.950 0.028 
166 QAc-W-0168    (0)   :  0.212 0.044 0.732 0.011 
167 QAc-W-0169    (0)   :  0.020 0.184 0.791 0.006 
168 QAc-W-0170    (0)   :  0.024 0.195 0.763 0.018 
169 QAc-W-0171    (0)   :  0.009 0.012 0.957 0.022 
170 QAc-W-0172    (0)   :  0.457 0.346 0.141 0.057 
171 QAc-W-0173    (0)   :  0.051 0.101 0.839 0.009 
172 QAc-W-0174    (0)   :  0.056 0.019 0.919 0.006 


Estimated Allele Frequencies in each cluster
First column gives estimated ancestral frequencies


Locus 1 : 
15 alleles
0.0% missing data
 200   (0.211) 0.211 0.450 0.243 0.119 
 208   (0.059) 0.005 0.135 0.040 0.038 
 210   (0.119) 0.175 0.037 0.112 0.152 
 212   (0.119) 0.080 0.130 0.079 0.300 
 218   (0.076) 0.136 0.074 0.021 0.078 
 224   (0.060) 0.005 0.039 0.156 0.004 
 206   (0.029) 0.020 0.013 0.005 0.002 
 202   (0.053) 0.013 0.078 0.013 0.089 
 216   (0.056) 0.091 0.016 0.014 0.094 
 222   (0.031) 0.199 0.006 0.005 0.002 
 214   (0.063) 0.048 0.007 0.166 0.004 
 232   (0.025) 0.002 0.002 0.050 0.002 
 226   (0.041) 0.005 0.004 0.033 0.113 
 228   (0.026) 0.002 0.002 0.041 0.002 
 220   (0.031) 0.010 0.006 0.022 0.002 

Locus 2 : 
13 alleles
0.0% missing data
 171   (0.166) 0.076 0.316 0.166 0.128 
 187   (0.066) 0.011 0.095 0.081 0.005 
 173   (0.185) 0.200 0.190 0.206 0.072 
 189   (0.054) 0.025 0.215 0.014 0.004 
 175   (0.087) 0.023 0.079 0.055 0.124 
 181   (0.104) 0.009 0.064 0.164 0.463 
 179   (0.092) 0.273 0.013 0.161 0.007 
 185   (0.078) 0.220 0.008 0.043 0.088 
 177   (0.055) 0.063 0.005 0.084 0.004 
 183   (0.050) 0.084 0.005 0.014 0.047 
 191   (0.022) 0.002 0.002 0.004 0.056 
 169   (0.021) 0.010 0.002 0.004 0.001 
 167   (0.020) 0.005 0.006 0.005 0.002 

Locus 3 : 
4 alleles
5.8% missing data
 206   (0.884) 0.987 0.826 0.928 0.954 
 208   (0.059) 0.005 0.168 0.043 0.004 
 204   (0.031) 0.003 0.003 0.010 0.037 
 212   (0.026) 0.004 0.003 0.019 0.004 

Locus 4 : 
10 alleles
7.6% missing data
 161   (0.409) 0.474 0.556 0.549 0.098 
 157   (0.028) 0.003 0.062 0.005 0.002 
 167   (0.154) 0.159 0.189 0.119 0.050 
 163   (0.176) 0.293 0.137 0.169 0.032 
 153   (0.021) 0.002 0.013 0.004 0.002 
 165   (0.093) 0.012 0.026 0.120 0.554 
 177   (0.032) 0.004 0.007 0.008 0.053 
 169   (0.033) 0.003 0.003 0.015 0.018 
 173   (0.025) 0.002 0.002 0.005 0.189 
 159   (0.029) 0.048 0.004 0.006 0.003 

Locus 5 : 
16 alleles
0.0% missing data
 166   (0.049) 0.004 0.054 0.065 0.010 
 140   (0.086) 0.192 0.186 0.038 0.012 
 146   (0.093) 0.013 0.037 0.182 0.154 
 152   (0.056) 0.098 0.285 0.010 0.005 
 148   (0.114) 0.057 0.118 0.080 0.450 
 144   (0.134) 0.148 0.138 0.228 0.015 
 150   (0.052) 0.004 0.089 0.067 0.009 
 138   (0.104) 0.267 0.023 0.079 0.172 
 154   (0.072) 0.150 0.018 0.095 0.005 
 158   (0.068) 0.022 0.020 0.063 0.049 
 160   (0.041) 0.004 0.011 0.026 0.032 
 142   (0.029) 0.019 0.003 0.014 0.002 
 162   (0.034) 0.003 0.003 0.024 0.072 
 156   (0.025) 0.002 0.008 0.013 0.009 
 164   (0.023) 0.016 0.004 0.005 0.002 
 134   (0.020) 0.002 0.004 0.011 0.001 

Locus 6 : 
11 alleles
0.0% missing data
 235   (0.290) 0.440 0.274 0.261 0.404 
 237   (0.152) 0.214 0.193 0.168 0.018 
 233   (0.097) 0.014 0.403 0.056 0.109 
 239   (0.096) 0.035 0.031 0.208 0.018 
 243   (0.031) 0.049 0.005 0.008 0.002 
 229   (0.036) 0.003 0.015 0.009 0.232 
 245   (0.074) 0.099 0.037 0.063 0.005 
 225   (0.072) 0.022 0.019 0.048 0.089 
 241   (0.072) 0.067 0.012 0.040 0.119 
 227   (0.036) 0.003 0.004 0.114 0.002 
 231   (0.043) 0.054 0.005 0.025 0.003 

Locus 7 : 
5 alleles
0.0% missing data
 118   (0.891) 0.992 0.957 0.926 0.980 
 124   (0.028) 0.002 0.033 0.008 0.002 
 116   (0.034) 0.003 0.003 0.033 0.015 
 114   (0.025) 0.002 0.002 0.022 0.002 
 122   (0.022) 0.002 0.004 0.011 0.001 

Locus 8 : 
5 alleles
0.0% missing data
 139   (0.770) 0.669 0.880 0.907 0.856 
 137   (0.151) 0.224 0.110 0.079 0.138 
 143   (0.028) 0.063 0.003 0.005 0.002 
 141   (0.023) 0.019 0.002 0.004 0.002 
 135   (0.027) 0.025 0.005 0.005 0.002 

Locus 9 : 
10 alleles
0.0% missing data
 116   (0.286) 0.370 0.495 0.191 0.391 
 114   (0.174) 0.215 0.329 0.115 0.061 
 118   (0.121) 0.158 0.058 0.054 0.486 
 122   (0.064) 0.009 0.016 0.227 0.004 
 130   (0.031) 0.002 0.006 0.048 0.002 
 112   (0.130) 0.170 0.040 0.140 0.036 
 126   (0.047) 0.004 0.014 0.078 0.009 
 128   (0.038) 0.004 0.016 0.031 0.003 
 120   (0.051) 0.029 0.021 0.024 0.003 
 124   (0.058) 0.038 0.006 0.092 0.004 

Locus 10 : 
3 alleles
0.0% missing data
 232   (0.852) 0.849 0.923 0.881 0.975 
 238   (0.115) 0.148 0.072 0.106 0.009 
 244   (0.033) 0.003 0.005 0.013 0.016 

Locus 11 : 
5 alleles
0.0% missing data
 165   (0.760) 0.898 0.892 0.755 0.843 
 161   (0.066) 0.008 0.070 0.093 0.005 
 167   (0.130) 0.070 0.030 0.143 0.148 
 163   (0.023) 0.019 0.002 0.004 0.002 
 171   (0.021) 0.005 0.006 0.005 0.002 

Locus 12 : 
5 alleles
0.0% missing data
 140   (0.166) 0.085 0.448 0.066 0.334 
 134   (0.234) 0.088 0.095 0.390 0.217 
 137   (0.532) 0.795 0.439 0.499 0.444 
 125   (0.037) 0.029 0.014 0.006 0.002 
 146   (0.031) 0.003 0.003 0.040 0.003 

Locus 13 : 
17 alleles
0.6% missing data
 206   (0.128) 0.182 0.165 0.071 0.339 
 192   (0.099) 0.036 0.176 0.085 0.075 
 210   (0.113) 0.046 0.225 0.081 0.279 
 194   (0.078) 0.010 0.017 0.267 0.067 
 208   (0.038) 0.056 0.111 0.006 0.003 
 204   (0.044) 0.027 0.043 0.016 0.005 
 202   (0.104) 0.034 0.050 0.167 0.089 
 190   (0.048) 0.148 0.047 0.016 0.004 
 214   (0.047) 0.004 0.050 0.080 0.004 
 200   (0.088) 0.051 0.026 0.085 0.097 
 184   (0.047) 0.103 0.015 0.008 0.028 
 216   (0.020) 0.002 0.049 0.003 0.001 
 182   (0.021) 0.002 0.010 0.006 0.002 
 198   (0.032) 0.008 0.005 0.051 0.002 
 212   (0.037) 0.260 0.004 0.013 0.003 
 186   (0.018) 0.001 0.002 0.012 0.001 
 196   (0.038) 0.030 0.005 0.032 0.003 

Locus 14 : 
8 alleles
1.2% missing data
 151   (0.401) 0.419 0.437 0.466 0.523 
 157   (0.248) 0.267 0.381 0.226 0.185 
 154   (0.090) 0.121 0.045 0.093 0.007 
 139   (0.098) 0.008 0.098 0.130 0.164 
 145   (0.056) 0.155 0.012 0.010 0.089 
 163   (0.041) 0.008 0.018 0.020 0.027 
 160   (0.024) 0.002 0.002 0.022 0.002 
 142   (0.041) 0.020 0.006 0.032 0.003 

Locus 15 : 
12 alleles
2.3% missing data
 256   (0.147) 0.115 0.210 0.124 0.149 
 258   (0.147) 0.259 0.204 0.123 0.049 
 248   (0.139) 0.278 0.111 0.176 0.019 
 254   (0.097) 0.056 0.108 0.111 0.017 
 246   (0.112) 0.029 0.123 0.133 0.154 
 252   (0.068) 0.028 0.047 0.027 0.149 
 260   (0.042) 0.009 0.171 0.007 0.014 
 242   (0.100) 0.149 0.010 0.122 0.151 
 262   (0.044) 0.004 0.004 0.040 0.279 
 250   (0.053) 0.031 0.005 0.119 0.004 
 244   (0.030) 0.040 0.004 0.005 0.013 
 264   (0.020) 0.002 0.002 0.012 0.001 

Values of parameters used in structure:
DATAFILE=C:\Users\eschumacher\Documents\GitHub\GCC_QUAC_ZAIN\Data_Files\Structure_Files\QUAC\QUAC_nopopinfo_wild\project_data,	OUTFILE=C:\Users\eschumacher\Documents\GitHub\GCC_QUAC_ZAIN\Data_Files\Structure_Files\QUAC\QUAC_nopopinfo_wild\50-50\Results\50-50_run_19,	NUMINDS=172,	NUMLOCI=15,	MISSING=-9,	LABEL=1,	POPDATA=0,	POPFLAG=0,	PHENOTYPE=0,	EXTRACOLS=0,	MAXPOPS=4,	BURNIN=50000,	NUMREPS=50000,	USEPOPINFO=0,	INFERALPHA=1,	INFERLAMBDA=0,	POPSPECIFICLAMBDA=0,	POPALPHAS=0,	COMPUTEPROB=1,	NOADMIX=0,	ADMBURNIN=2500,	UPDATEFREQ=1,	PRINTLIKES=0,	INTERMEDSAVE=0,	PRINTKLD=0,	PRINTNET=0,	PRINTLAMBDA=0,	ANCESTDIST=0,	NUMBOXES=1000,	ANCESTPINT=0.90000,	GENSBACK=2,	MIGRPRIOR=0.05000,	PRINTQHAT=0,	PRINTQSUM=0,	ALPHA=1.0000,	FREQSCORR=1,	FPRIORMEAN=0.0100,	FPRIORSD=0.0500,	ONEFST=0,	LAMBDA=1.0000,	UNIFPRIORALPHA=1,	ALPHAMAX=10.0000,	ALPHAPRIORA=1.0000,	ALPHAPRIORB=2.0000,	ALPHAPROPSD=0.0250,	STARTATPOPINFO=0,	RANDOMIZE=1,	LINKAGE=0,	METROFREQ=10,	REPORTHITRATE=0,	MARKOVPHASE=-1,	PHASED=0,	PLOIDY=2,	PHASEINFO=0	LOCPRIOR=0, 	LOCPRIORINIT=1.000000, 	LOCDATA=0, 	LOCISPOP=0, 	LOCPRIORSTEP=0.100000, 	MAXLOCPRIOR=20.000000, 	SEED=1660593334,	
[STRAT parameters]:    NUMSIMSTATS=1000,	PHENOTYPECOL=-9,	POOLFREQ=10,	LOCUSxONLY=0,	EMERROR=0.00100,	MISSINGPHENO=-9,	