

----------------------------------------------------
STRUCTURE by Pritchard, Stephens and Donnelly (2000)
     and Falush, Stephens and Pritchard (2003)
       Code by Pritchard, Falush and Hubisz
             Version 2.3.4 (Jul 2012)
----------------------------------------------------



Command line arguments:   bin\structure -m C:\Users\eschumacher\Documents\GitHub\GCC_QUAC_ZAIN\Data_Files\Structure_Files\QUAC\QUAC_nopopinfo_wild\50-50\mainparams -e C:\Users\eschumacher\Documents\GitHub\GCC_QUAC_ZAIN\Data_Files\Structure_Files\QUAC\QUAC_nopopinfo_wild\50-50\extraparams 
Input File:    C:\Users\eschumacher\Documents\GitHub\GCC_QUAC_ZAIN\Data_Files\Structure_Files\QUAC\QUAC_nopopinfo_wild\project_data

Run parameters:
   172 individuals
   15 loci
   4 populations assumed
   50000 Burn-in period
   50000 Reps


--------------------------------------------
Overall proportion of membership of the
sample in each of the 4 clusters

Inferred Clusters
  1      2      3      4    
0.194  0.207  0.309  0.290  

--------------------------------------------

Allele-freq. divergence among pops (Net nucleotide distance),
computed using point estimates of P.

      1       2       3       4      
 1      -    0.0609  0.0761  0.0675  
 2   0.0609     -    0.0417  0.0363  
 3   0.0761  0.0417     -    0.0404  
 4   0.0675  0.0363  0.0404     -    

Average distances (expected heterozygosity) between individuals in same cluster:
cluster  1  : 0.5261 
cluster  2  : 0.5945 
cluster  3  : 0.5583 
cluster  4  : 0.5739 

--------------------------------------------
Estimated Ln Prob of Data   = -6563.8
Mean value of ln likelihood = -6410.0
Variance of ln likelihood   = 307.6
Mean value of alpha         = 0.0392

Mean value of Fst_1         = 0.1780
Mean value of Fst_2         = 0.0654
Mean value of Fst_3         = 0.1070
Mean value of Fst_4         = 0.0897


Inferred ancestry of individuals:
        Label (%Miss) :  Inferred clusters
  1 QAc-W-0001    (0)   :  0.005 0.005 0.006 0.985 
  2 QAc-W-0002    (0)   :  0.006 0.033 0.024 0.937 
  3 QAc-W-0003    (0)   :  0.029 0.017 0.006 0.949 
  4 QAc-W-0004    (0)   :  0.012 0.005 0.008 0.976 
  5 QAc-W-0005    (0)   :  0.005 0.006 0.007 0.983 
  6 QAc-W-0006    (0)   :  0.007 0.004 0.005 0.983 
  7 QAc-W-0007   (13)   :  0.006 0.005 0.008 0.981 
  8 QAc-W-0008    (6)   :  0.004 0.009 0.013 0.975 
  9 QAc-W-0009    (0)   :  0.014 0.086 0.168 0.732 
 10 QAc-W-0010    (0)   :  0.005 0.018 0.031 0.946 
 11 QAc-W-0011    (0)   :  0.016 0.010 0.007 0.967 
 12 QAc-W-0012    (0)   :  0.005 0.006 0.008 0.981 
 13 QAc-W-0013    (0)   :  0.044 0.010 0.006 0.939 
 14 QAc-W-0014    (0)   :  0.004 0.007 0.022 0.967 
 15 QAc-W-0015    (0)   :  0.025 0.469 0.045 0.460 
 16 QAc-W-0016    (0)   :  0.045 0.045 0.079 0.832 
 17 QAc-W-0017    (0)   :  0.046 0.643 0.145 0.166 
 18 QAc-W-0018    (0)   :  0.031 0.013 0.018 0.938 
 19 QAc-W-0019    (0)   :  0.006 0.006 0.009 0.980 
 20 QAc-W-0020    (0)   :  0.003 0.015 0.005 0.977 
 21 QAc-W-0021    (0)   :  0.163 0.009 0.018 0.810 
 22 QAc-W-0022    (0)   :  0.062 0.296 0.170 0.472 
 23 QAc-W-0023    (6)   :  0.030 0.014 0.132 0.825 
 24 QAc-W-0024    (0)   :  0.181 0.045 0.016 0.758 
 25 QAc-W-0025    (0)   :  0.016 0.008 0.019 0.958 
 26 QAc-W-0026    (0)   :  0.024 0.012 0.026 0.938 
 27 QAc-W-0027    (0)   :  0.008 0.008 0.008 0.975 
 28 QAc-W-0028    (0)   :  0.003 0.010 0.005 0.982 
 29 QAc-W-0029    (0)   :  0.005 0.006 0.005 0.985 
 30 QAc-W-0030    (0)   :  0.019 0.254 0.009 0.718 
 31 QAc-W-0031    (0)   :  0.029 0.004 0.005 0.961 
 32 QAc-W-0032    (0)   :  0.005 0.004 0.012 0.979 
 33 QAc-W-0033    (0)   :  0.015 0.016 0.064 0.905 
 34 QAc-W-0034    (0)   :  0.005 0.004 0.007 0.983 
 35 QAc-W-0035    (0)   :  0.026 0.112 0.051 0.810 
 36 QAc-W-0036    (0)   :  0.004 0.005 0.007 0.984 
 37 QAc-W-0037    (0)   :  0.022 0.015 0.016 0.947 
 38 QAc-W-0038    (0)   :  0.007 0.413 0.013 0.567 
 39 QAc-W-0039    (0)   :  0.011 0.012 0.006 0.971 
 40 QAc-W-0040    (0)   :  0.023 0.014 0.202 0.760 
 41 QAc-W-0041    (0)   :  0.113 0.007 0.009 0.871 
 42 QAc-W-0042    (0)   :  0.009 0.016 0.007 0.968 
 43 QAc-W-0043    (0)   :  0.009 0.037 0.007 0.947 
 44 QAc-W-0044    (0)   :  0.005 0.060 0.031 0.905 
 45 QAc-W-0045    (0)   :  0.007 0.088 0.006 0.900 
 46 QAc-W-0046    (0)   :  0.007 0.008 0.005 0.979 
 47 QAc-W-0047    (0)   :  0.004 0.052 0.011 0.933 
 48 QAc-W-0048    (0)   :  0.009 0.006 0.006 0.979 
 49 QAc-W-0049    (0)   :  0.009 0.010 0.009 0.972 
 50 QAc-W-0050    (0)   :  0.008 0.949 0.024 0.019 
 51 QAc-W-0051    (0)   :  0.028 0.844 0.010 0.117 
 52 QAc-W-0052    (0)   :  0.004 0.015 0.017 0.963 
 53 QAc-W-0053    (0)   :  0.007 0.029 0.031 0.933 
 54 QAc-W-0054    (0)   :  0.014 0.933 0.028 0.025 
 55 QAc-W-0055    (0)   :  0.013 0.967 0.011 0.009 
 56 QAc-W-0056    (0)   :  0.019 0.904 0.013 0.064 
 57 QAc-W-0057    (0)   :  0.020 0.958 0.009 0.014 
 58 QAc-W-0058    (0)   :  0.031 0.943 0.004 0.021 
 59 QAc-W-0059    (0)   :  0.005 0.030 0.007 0.959 
 60 QAc-W-0060    (0)   :  0.005 0.979 0.009 0.007 
 61 QAc-W-0061    (0)   :  0.006 0.957 0.021 0.017 
 62 QAc-W-0062    (0)   :  0.014 0.970 0.011 0.005 
 63 QAc-W-0063    (0)   :  0.131 0.818 0.028 0.022 
 64 QAc-W-0064    (0)   :  0.011 0.973 0.009 0.006 
 65 QAc-W-0065    (0)   :  0.008 0.971 0.015 0.006 
 66 QAc-W-0066    (0)   :  0.045 0.939 0.004 0.012 
 67 QAc-W-0067    (0)   :  0.036 0.925 0.029 0.010 
 68 QAc-W-0068    (0)   :  0.013 0.973 0.004 0.009 
 69 QAc-W-0069    (0)   :  0.022 0.962 0.006 0.010 
 70 QAc-W-0070    (0)   :  0.005 0.986 0.005 0.005 
 71 QAc-W-0071    (6)   :  0.012 0.977 0.005 0.006 
 72 QAc-W-0072    (0)   :  0.006 0.935 0.046 0.013 
 73 QAc-W-0073    (0)   :  0.008 0.968 0.012 0.012 
 74 QAc-W-0074    (0)   :  0.007 0.978 0.009 0.006 
 75 QAc-W-0075    (0)   :  0.008 0.985 0.004 0.003 
 76 QAc-W-0076    (0)   :  0.005 0.971 0.019 0.004 
 77 QAc-W-0077    (0)   :  0.005 0.973 0.007 0.015 
 78 QAc-W-0078    (0)   :  0.900 0.021 0.045 0.034 
 79 QAc-W-0079    (6)   :  0.979 0.007 0.007 0.006 
 80 QAc-W-0080   (13)   :  0.960 0.006 0.006 0.028 
 81 QAc-W-0081    (0)   :  0.983 0.005 0.004 0.008 
 82 QAc-W-0082    (0)   :  0.648 0.336 0.006 0.011 
 83 QAc-W-0083    (0)   :  0.969 0.013 0.011 0.007 
 84 QAc-W-0084    (0)   :  0.988 0.003 0.003 0.006 
 85 QAc-W-0085    (0)   :  0.981 0.005 0.009 0.005 
 86 QAc-W-0086    (0)   :  0.982 0.005 0.006 0.007 
 87 QAc-W-0087    (0)   :  0.986 0.004 0.006 0.005 
 88 QAc-W-0088    (0)   :  0.984 0.005 0.005 0.006 
 89 QAc-W-0089    (0)   :  0.983 0.006 0.004 0.007 
 90 QAc-W-0090    (0)   :  0.985 0.005 0.004 0.007 
 91 QAc-W-0091    (0)   :  0.986 0.004 0.006 0.005 
 92 QAc-W-0092    (0)   :  0.771 0.009 0.011 0.208 
 93 QAc-W-0093    (0)   :  0.855 0.046 0.046 0.053 
 94 QAc-W-0094    (0)   :  0.920 0.018 0.015 0.047 
 95 QAc-W-0095    (0)   :  0.973 0.007 0.006 0.014 
 96 QAc-W-0096    (0)   :  0.910 0.045 0.013 0.032 
 97 QAc-W-0097    (0)   :  0.754 0.074 0.010 0.162 
 98 QAc-W-0098    (0)   :  0.981 0.008 0.005 0.006 
 99 QAc-W-0099    (0)   :  0.907 0.007 0.067 0.019 
100 QAc-W-0100    (0)   :  0.987 0.004 0.004 0.004 
101 QAc-W-0101    (0)   :  0.982 0.006 0.006 0.006 
102 QAc-W-0104    (0)   :  0.969 0.009 0.015 0.007 
103 QAc-W-0105    (0)   :  0.988 0.004 0.003 0.004 
104 QAc-W-0106    (0)   :  0.981 0.006 0.005 0.007 
105 QAc-W-0107    (0)   :  0.967 0.017 0.008 0.008 
106 QAc-W-0108    (0)   :  0.968 0.015 0.009 0.007 
107 QAc-W-0109    (0)   :  0.952 0.029 0.006 0.013 
108 QAc-W-0110   (13)   :  0.294 0.006 0.014 0.686 
109 QAc-W-0111    (6)   :  0.983 0.007 0.005 0.005 
110 QAc-W-0112   (13)   :  0.979 0.006 0.008 0.007 
111 QAc-W-0113   (13)   :  0.006 0.007 0.977 0.010 
112 QAc-W-0114   (13)   :  0.020 0.008 0.960 0.011 
113 QAc-W-0115    (0)   :  0.008 0.007 0.977 0.007 
114 QAc-W-0116    (0)   :  0.008 0.008 0.971 0.013 
115 QAc-W-0117    (0)   :  0.003 0.005 0.985 0.006 
116 QAc-W-0118    (0)   :  0.017 0.030 0.947 0.006 
117 QAc-W-0119    (0)   :  0.006 0.013 0.973 0.007 
118 QAc-W-0120    (0)   :  0.009 0.011 0.970 0.010 
119 QAc-W-0121    (0)   :  0.004 0.013 0.974 0.009 
120 QAc-W-0122    (0)   :  0.005 0.015 0.963 0.016 
121 QAc-W-0123    (6)   :  0.014 0.037 0.942 0.007 
122 QAc-W-0124    (0)   :  0.103 0.044 0.824 0.029 
123 QAc-W-0125    (0)   :  0.017 0.008 0.967 0.008 
124 QAc-W-0126   (13)   :  0.035 0.024 0.925 0.016 
125 QAc-W-0127    (6)   :  0.006 0.005 0.980 0.009 
126 QAc-W-0128   (13)   :  0.052 0.008 0.919 0.020 
127 QAc-W-0129   (13)   :  0.007 0.011 0.922 0.061 
128 QAc-W-0130   (13)   :  0.007 0.004 0.964 0.024 
129 QAc-W-0131    (0)   :  0.010 0.012 0.971 0.007 
130 QAc-W-0132    (6)   :  0.015 0.045 0.924 0.016 
131 QAc-W-0133    (6)   :  0.250 0.039 0.696 0.015 
132 QAc-W-0134    (0)   :  0.005 0.005 0.985 0.005 
133 QAc-W-0135    (0)   :  0.006 0.014 0.939 0.041 
134 QAc-W-0136    (0)   :  0.004 0.004 0.988 0.004 
135 QAc-W-0137    (0)   :  0.003 0.005 0.988 0.004 
136 QAc-W-0138    (0)   :  0.003 0.005 0.987 0.005 
137 QAc-W-0139    (0)   :  0.152 0.107 0.693 0.048 
138 QAc-W-0140    (0)   :  0.009 0.015 0.930 0.045 
139 QAc-W-0141    (6)   :  0.012 0.181 0.743 0.063 
140 QAc-W-0142    (0)   :  0.004 0.007 0.983 0.005 
141 QAc-W-0143    (0)   :  0.009 0.006 0.973 0.012 
142 QAc-W-0144    (0)   :  0.007 0.013 0.960 0.020 
143 QAc-W-0145    (0)   :  0.004 0.008 0.984 0.004 
144 QAc-W-0146    (0)   :  0.007 0.005 0.979 0.009 
145 QAc-W-0147    (0)   :  0.005 0.005 0.986 0.005 
146 QAc-W-0148    (0)   :  0.004 0.007 0.983 0.007 
147 QAc-W-0149    (0)   :  0.012 0.009 0.937 0.042 
148 QAc-W-0150    (0)   :  0.015 0.009 0.930 0.046 
149 QAc-W-0151    (0)   :  0.008 0.008 0.975 0.009 
150 QAc-W-0152    (0)   :  0.004 0.008 0.982 0.006 
151 QAc-W-0153    (0)   :  0.042 0.828 0.110 0.020 
152 QAc-W-0154    (0)   :  0.006 0.016 0.940 0.038 
153 QAc-W-0155    (0)   :  0.003 0.007 0.984 0.006 
154 QAc-W-0156    (0)   :  0.057 0.006 0.894 0.043 
155 QAc-W-0157    (0)   :  0.004 0.037 0.948 0.011 
156 QAc-W-0158    (0)   :  0.044 0.011 0.916 0.029 
157 QAc-W-0159    (0)   :  0.005 0.006 0.978 0.011 
158 QAc-W-0160    (0)   :  0.006 0.006 0.974 0.014 
159 QAc-W-0161    (0)   :  0.006 0.005 0.938 0.051 
160 QAc-W-0162    (0)   :  0.007 0.121 0.862 0.010 
161 QAc-W-0163    (0)   :  0.004 0.018 0.971 0.007 
162 QAc-W-0164    (0)   :  0.007 0.014 0.973 0.007 
163 QAc-W-0165    (0)   :  0.004 0.026 0.964 0.006 
164 QAc-W-0166    (0)   :  0.007 0.012 0.954 0.028 
165 QAc-W-0167    (0)   :  0.020 0.965 0.008 0.007 
166 QAc-W-0168    (0)   :  0.010 0.589 0.289 0.112 
167 QAc-W-0169    (0)   :  0.006 0.854 0.019 0.121 
168 QAc-W-0170    (0)   :  0.014 0.852 0.017 0.117 
169 QAc-W-0171    (0)   :  0.015 0.968 0.007 0.010 
170 QAc-W-0172    (0)   :  0.074 0.155 0.479 0.293 
171 QAc-W-0173    (0)   :  0.006 0.924 0.027 0.043 
172 QAc-W-0174    (0)   :  0.006 0.946 0.035 0.014 


Estimated Allele Frequencies in each cluster
First column gives estimated ancestral frequencies


Locus 1 : 
15 alleles
0.0% missing data
 200   (0.202) 0.118 0.199 0.211 0.437 
 208   (0.068) 0.042 0.053 0.006 0.104 
 210   (0.113) 0.151 0.074 0.173 0.084 
 212   (0.123) 0.298 0.103 0.081 0.101 
 218   (0.083) 0.079 0.030 0.136 0.058 
 224   (0.052) 0.004 0.198 0.004 0.031 
 206   (0.031) 0.003 0.006 0.020 0.010 
 202   (0.054) 0.090 0.011 0.014 0.065 
 216   (0.060) 0.092 0.018 0.090 0.016 
 222   (0.027) 0.002 0.005 0.199 0.005 
 214   (0.074) 0.005 0.179 0.048 0.033 
 232   (0.022) 0.001 0.004 0.002 0.047 
 226   (0.041) 0.112 0.042 0.005 0.004 
 228   (0.021) 0.001 0.050 0.002 0.002 
 220   (0.030) 0.002 0.028 0.010 0.004 

Locus 2 : 
13 alleles
0.0% missing data
 171   (0.161) 0.130 0.125 0.077 0.309 
 187   (0.067) 0.005 0.107 0.012 0.070 
 173   (0.173) 0.072 0.183 0.198 0.209 
 189   (0.058) 0.004 0.019 0.028 0.163 
 175   (0.091) 0.125 0.067 0.024 0.064 
 181   (0.101) 0.458 0.114 0.009 0.129 
 179   (0.104) 0.008 0.192 0.270 0.028 
 185   (0.077) 0.088 0.054 0.219 0.008 
 177   (0.054) 0.004 0.106 0.063 0.005 
 183   (0.052) 0.047 0.018 0.083 0.005 
 191   (0.022) 0.057 0.004 0.002 0.002 
 169   (0.020) 0.001 0.004 0.010 0.002 
 167   (0.020) 0.002 0.006 0.005 0.005 

Locus 3 : 
4 alleles
5.8% missing data
 206   (0.879) 0.956 0.916 0.988 0.856 
 208   (0.062) 0.005 0.045 0.006 0.137 
 204   (0.032) 0.036 0.013 0.003 0.003 
 212   (0.026) 0.003 0.026 0.003 0.003 

Locus 4 : 
10 alleles
7.6% missing data
 161   (0.401) 0.098 0.513 0.473 0.579 
 157   (0.030) 0.003 0.005 0.003 0.049 
 167   (0.157) 0.053 0.105 0.161 0.182 
 163   (0.176) 0.032 0.184 0.293 0.133 
 153   (0.021) 0.002 0.004 0.002 0.011 
 165   (0.090) 0.549 0.160 0.011 0.020 
 177   (0.032) 0.053 0.009 0.004 0.007 
 169   (0.034) 0.018 0.007 0.003 0.012 
 173   (0.030) 0.190 0.006 0.002 0.003 
 159   (0.029) 0.003 0.006 0.049 0.004 

Locus 5 : 
16 alleles
0.0% missing data
 166   (0.030) 0.006 0.006 0.002 0.099 
 140   (0.094) 0.012 0.052 0.194 0.142 
 146   (0.094) 0.155 0.225 0.013 0.036 
 152   (0.058) 0.005 0.011 0.101 0.219 
 148   (0.123) 0.454 0.106 0.058 0.092 
 144   (0.130) 0.015 0.190 0.146 0.186 
 150   (0.056) 0.008 0.087 0.004 0.069 
 138   (0.112) 0.172 0.101 0.266 0.024 
 154   (0.075) 0.006 0.121 0.149 0.016 
 158   (0.055) 0.047 0.010 0.020 0.069 
 160   (0.036) 0.032 0.007 0.003 0.030 
 142   (0.031) 0.002 0.016 0.020 0.003 
 162   (0.033) 0.072 0.031 0.003 0.003 
 156   (0.029) 0.011 0.017 0.002 0.005 
 164   (0.024) 0.002 0.006 0.016 0.004 
 134   (0.020) 0.001 0.014 0.002 0.003 

Locus 6 : 
11 alleles
0.0% missing data
 235   (0.295) 0.405 0.332 0.441 0.217 
 237   (0.150) 0.019 0.178 0.213 0.178 
 233   (0.099) 0.113 0.050 0.015 0.328 
 239   (0.091) 0.018 0.260 0.034 0.027 
 243   (0.032) 0.002 0.007 0.049 0.008 
 229   (0.038) 0.230 0.007 0.003 0.019 
 245   (0.064) 0.004 0.023 0.099 0.071 
 225   (0.070) 0.087 0.059 0.022 0.017 
 241   (0.074) 0.116 0.024 0.068 0.033 
 227   (0.045) 0.003 0.031 0.003 0.096 
 231   (0.042) 0.003 0.031 0.053 0.005 

Locus 7 : 
5 alleles
0.0% missing data
 118   (0.894) 0.983 0.910 0.992 0.962 
 124   (0.025) 0.002 0.004 0.002 0.030 
 116   (0.033) 0.012 0.044 0.003 0.003 
 114   (0.025) 0.002 0.027 0.002 0.002 
 122   (0.023) 0.002 0.014 0.002 0.003 

Locus 8 : 
5 alleles
0.0% missing data
 139   (0.780) 0.857 0.935 0.671 0.866 
 137   (0.140) 0.137 0.049 0.222 0.125 
 143   (0.028) 0.002 0.005 0.062 0.003 
 141   (0.024) 0.002 0.004 0.019 0.002 
 135   (0.028) 0.002 0.006 0.026 0.004 

Locus 9 : 
10 alleles
0.0% missing data
 116   (0.291) 0.392 0.234 0.372 0.393 
 114   (0.171) 0.062 0.110 0.215 0.283 
 118   (0.123) 0.487 0.063 0.160 0.051 
 122   (0.079) 0.006 0.186 0.010 0.097 
 130   (0.025) 0.002 0.004 0.002 0.048 
 112   (0.123) 0.036 0.163 0.167 0.045 
 126   (0.049) 0.007 0.078 0.004 0.030 
 128   (0.038) 0.003 0.025 0.004 0.024 
 120   (0.049) 0.003 0.021 0.029 0.023 
 124   (0.051) 0.003 0.115 0.037 0.005 

Locus 10 : 
3 alleles
0.0% missing data
 232   (0.892) 0.979 0.969 0.854 0.853 
 238   (0.075) 0.006 0.015 0.144 0.143 
 244   (0.033) 0.016 0.016 0.003 0.004 

Locus 11 : 
5 alleles
0.0% missing data
 165   (0.764) 0.844 0.711 0.899 0.897 
 161   (0.068) 0.006 0.096 0.008 0.072 
 167   (0.123) 0.147 0.182 0.069 0.024 
 163   (0.024) 0.002 0.004 0.019 0.002 
 171   (0.022) 0.002 0.006 0.005 0.005 

Locus 12 : 
5 alleles
0.0% missing data
 140   (0.185) 0.336 0.080 0.090 0.353 
 134   (0.237) 0.214 0.393 0.087 0.162 
 137   (0.514) 0.446 0.470 0.791 0.470 
 125   (0.037) 0.003 0.006 0.029 0.012 
 146   (0.028) 0.002 0.051 0.002 0.003 

Locus 13 : 
17 alleles
0.6% missing data
 206   (0.124) 0.341 0.060 0.183 0.150 
 192   (0.100) 0.074 0.084 0.036 0.157 
 210   (0.118) 0.279 0.089 0.050 0.185 
 194   (0.086) 0.065 0.310 0.011 0.044 
 208   (0.041) 0.003 0.007 0.057 0.085 
 204   (0.045) 0.005 0.020 0.027 0.033 
 202   (0.092) 0.090 0.086 0.032 0.139 
 190   (0.054) 0.004 0.023 0.147 0.038 
 214   (0.046) 0.004 0.108 0.004 0.035 
 200   (0.082) 0.095 0.056 0.051 0.062 
 184   (0.047) 0.029 0.009 0.102 0.013 
 216   (0.023) 0.002 0.005 0.002 0.038 
 182   (0.019) 0.001 0.007 0.002 0.008 
 198   (0.033) 0.002 0.068 0.007 0.004 
 212   (0.035) 0.003 0.015 0.260 0.004 
 186   (0.018) 0.001 0.014 0.001 0.002 
 196   (0.037) 0.003 0.041 0.029 0.004 

Locus 14 : 
8 alleles
1.2% missing data
 151   (0.395) 0.520 0.443 0.421 0.461 
 157   (0.258) 0.187 0.256 0.266 0.326 
 154   (0.090) 0.007 0.117 0.121 0.037 
 139   (0.094) 0.161 0.104 0.008 0.127 
 145   (0.059) 0.091 0.011 0.154 0.012 
 163   (0.041) 0.031 0.024 0.008 0.013 
 160   (0.023) 0.002 0.004 0.002 0.020 
 142   (0.040) 0.003 0.041 0.020 0.005 

Locus 15 : 
12 alleles
2.3% missing data
 256   (0.150) 0.150 0.118 0.116 0.195 
 258   (0.137) 0.051 0.074 0.260 0.217 
 248   (0.132) 0.019 0.110 0.278 0.173 
 254   (0.100) 0.018 0.139 0.056 0.087 
 246   (0.115) 0.152 0.130 0.029 0.131 
 252   (0.075) 0.147 0.035 0.030 0.039 
 260   (0.047) 0.017 0.009 0.011 0.132 
 242   (0.097) 0.147 0.160 0.146 0.010 
 262   (0.043) 0.279 0.052 0.003 0.004 
 250   (0.051) 0.004 0.152 0.030 0.005 
 244   (0.034) 0.014 0.007 0.040 0.004 
 264   (0.019) 0.001 0.015 0.002 0.002 

Values of parameters used in structure:
DATAFILE=C:\Users\eschumacher\Documents\GitHub\GCC_QUAC_ZAIN\Data_Files\Structure_Files\QUAC\QUAC_nopopinfo_wild\project_data,	OUTFILE=C:\Users\eschumacher\Documents\GitHub\GCC_QUAC_ZAIN\Data_Files\Structure_Files\QUAC\QUAC_nopopinfo_wild\50-50\Results\50-50_run_20,	NUMINDS=172,	NUMLOCI=15,	MISSING=-9,	LABEL=1,	POPDATA=0,	POPFLAG=0,	PHENOTYPE=0,	EXTRACOLS=0,	MAXPOPS=4,	BURNIN=50000,	NUMREPS=50000,	USEPOPINFO=0,	INFERALPHA=1,	INFERLAMBDA=0,	POPSPECIFICLAMBDA=0,	POPALPHAS=0,	COMPUTEPROB=1,	NOADMIX=0,	ADMBURNIN=2500,	UPDATEFREQ=1,	PRINTLIKES=0,	INTERMEDSAVE=0,	PRINTKLD=0,	PRINTNET=0,	PRINTLAMBDA=0,	ANCESTDIST=0,	NUMBOXES=1000,	ANCESTPINT=0.90000,	GENSBACK=2,	MIGRPRIOR=0.05000,	PRINTQHAT=0,	PRINTQSUM=0,	ALPHA=1.0000,	FREQSCORR=1,	FPRIORMEAN=0.0100,	FPRIORSD=0.0500,	ONEFST=0,	LAMBDA=1.0000,	UNIFPRIORALPHA=1,	ALPHAMAX=10.0000,	ALPHAPRIORA=1.0000,	ALPHAPRIORB=2.0000,	ALPHAPROPSD=0.0250,	STARTATPOPINFO=0,	RANDOMIZE=1,	LINKAGE=0,	METROFREQ=10,	REPORTHITRATE=0,	MARKOVPHASE=-1,	PHASED=0,	PLOIDY=2,	PHASEINFO=0	LOCPRIOR=0, 	LOCPRIORINIT=1.000000, 	LOCDATA=0, 	LOCISPOP=0, 	LOCPRIORSTEP=0.100000, 	MAXLOCPRIOR=20.000000, 	SEED=1660593379,	
[STRAT parameters]:    NUMSIMSTATS=1000,	PHENOTYPECOL=-9,	POOLFREQ=10,	LOCUSxONLY=0,	EMERROR=0.00100,	MISSINGPHENO=-9,	