

----------------------------------------------------
STRUCTURE by Pritchard, Stephens and Donnelly (2000)
     and Falush, Stephens and Pritchard (2003)
       Code by Pritchard, Falush and Hubisz
             Version 2.3.4 (Jul 2012)
----------------------------------------------------



Command line arguments:   bin\structure -m C:\Users\eschumacher\Documents\GitHub\GCC_QUAC_ZAIN\Data_Files\Structure_Files\QUAC\QUAC_nopopinfo_wild\50-50\mainparams -e C:\Users\eschumacher\Documents\GitHub\GCC_QUAC_ZAIN\Data_Files\Structure_Files\QUAC\QUAC_nopopinfo_wild\50-50\extraparams 
Input File:    C:\Users\eschumacher\Documents\GitHub\GCC_QUAC_ZAIN\Data_Files\Structure_Files\QUAC\QUAC_nopopinfo_wild\project_data

Run parameters:
   172 individuals
   15 loci
   4 populations assumed
   50000 Burn-in period
   50000 Reps


--------------------------------------------
Overall proportion of membership of the
sample in each of the 4 clusters

Inferred Clusters
  1      2      3      4    
0.269  0.225  0.196  0.310  

--------------------------------------------

Allele-freq. divergence among pops (Net nucleotide distance),
computed using point estimates of P.

      1       2       3       4      
 1      -    0.0431  0.0624  0.0381  
 2   0.0431     -    0.0723  0.0493  
 3   0.0624  0.0723     -    0.0769  
 4   0.0381  0.0493  0.0769     -    

Average distances (expected heterozygosity) between individuals in same cluster:
cluster  1  : 0.6025 
cluster  2  : 0.5506 
cluster  3  : 0.5272 
cluster  4  : 0.5584 

--------------------------------------------
Estimated Ln Prob of Data   = -6556.3
Mean value of ln likelihood = -6401.5
Variance of ln likelihood   = 309.6
Mean value of alpha         = 0.0429

Mean value of Fst_1         = 0.0538
Mean value of Fst_2         = 0.1184
Mean value of Fst_3         = 0.1804
Mean value of Fst_4         = 0.1084


Inferred ancestry of individuals:
        Label (%Miss) :  Inferred clusters
  1 QAc-W-0001    (0)   :  0.005 0.984 0.005 0.005 
  2 QAc-W-0002    (0)   :  0.089 0.873 0.007 0.032 
  3 QAc-W-0003    (0)   :  0.033 0.922 0.039 0.006 
  4 QAc-W-0004    (0)   :  0.005 0.981 0.009 0.006 
  5 QAc-W-0005    (0)   :  0.006 0.984 0.004 0.006 
  6 QAc-W-0006    (0)   :  0.005 0.982 0.007 0.006 
  7 QAc-W-0007   (13)   :  0.005 0.982 0.005 0.008 
  8 QAc-W-0008    (6)   :  0.007 0.978 0.004 0.011 
  9 QAc-W-0009    (0)   :  0.415 0.354 0.021 0.210 
 10 QAc-W-0010    (0)   :  0.032 0.925 0.006 0.036 
 11 QAc-W-0011    (0)   :  0.056 0.922 0.014 0.008 
 12 QAc-W-0012    (0)   :  0.008 0.979 0.005 0.008 
 13 QAc-W-0013    (0)   :  0.524 0.345 0.120 0.010 
 14 QAc-W-0014    (0)   :  0.007 0.968 0.005 0.021 
 15 QAc-W-0015    (0)   :  0.775 0.153 0.034 0.038 
 16 QAc-W-0016    (0)   :  0.021 0.889 0.041 0.049 
 17 QAc-W-0017    (0)   :  0.716 0.110 0.046 0.128 
 18 QAc-W-0018    (0)   :  0.044 0.871 0.064 0.021 
 19 QAc-W-0019    (0)   :  0.007 0.974 0.007 0.012 
 20 QAc-W-0020    (0)   :  0.014 0.977 0.003 0.005 
 21 QAc-W-0021    (0)   :  0.015 0.717 0.242 0.025 
 22 QAc-W-0022    (0)   :  0.350 0.363 0.074 0.213 
 23 QAc-W-0023    (6)   :  0.056 0.684 0.053 0.207 
 24 QAc-W-0024    (0)   :  0.021 0.771 0.195 0.013 
 25 QAc-W-0025    (0)   :  0.008 0.958 0.015 0.019 
 26 QAc-W-0026    (0)   :  0.021 0.922 0.034 0.024 
 27 QAc-W-0027    (0)   :  0.008 0.975 0.007 0.009 
 28 QAc-W-0028    (0)   :  0.019 0.971 0.004 0.007 
 29 QAc-W-0029    (0)   :  0.016 0.967 0.010 0.007 
 30 QAc-W-0030    (0)   :  0.236 0.734 0.021 0.009 
 31 QAc-W-0031    (0)   :  0.006 0.950 0.039 0.005 
 32 QAc-W-0032    (0)   :  0.004 0.983 0.004 0.008 
 33 QAc-W-0033    (0)   :  0.037 0.853 0.016 0.093 
 34 QAc-W-0034    (0)   :  0.011 0.968 0.009 0.012 
 35 QAc-W-0035    (0)   :  0.059 0.885 0.018 0.038 
 36 QAc-W-0036    (0)   :  0.007 0.981 0.004 0.008 
 37 QAc-W-0037    (0)   :  0.020 0.947 0.015 0.019 
 38 QAc-W-0038    (0)   :  0.113 0.869 0.008 0.010 
 39 QAc-W-0039    (0)   :  0.027 0.949 0.017 0.007 
 40 QAc-W-0040    (0)   :  0.008 0.783 0.020 0.190 
 41 QAc-W-0041    (0)   :  0.026 0.816 0.143 0.014 
 42 QAc-W-0042    (0)   :  0.970 0.011 0.011 0.008 
 43 QAc-W-0043    (0)   :  0.977 0.007 0.007 0.009 
 44 QAc-W-0044    (0)   :  0.952 0.024 0.005 0.019 
 45 QAc-W-0045    (0)   :  0.976 0.009 0.006 0.009 
 46 QAc-W-0046    (0)   :  0.978 0.006 0.009 0.007 
 47 QAc-W-0047    (0)   :  0.968 0.015 0.004 0.013 
 48 QAc-W-0048    (0)   :  0.966 0.019 0.008 0.007 
 49 QAc-W-0049    (0)   :  0.970 0.012 0.009 0.009 
 50 QAc-W-0050    (0)   :  0.958 0.006 0.012 0.024 
 51 QAc-W-0051    (0)   :  0.924 0.047 0.021 0.008 
 52 QAc-W-0052    (0)   :  0.551 0.426 0.008 0.016 
 53 QAc-W-0053    (0)   :  0.940 0.022 0.010 0.028 
 54 QAc-W-0054    (0)   :  0.967 0.008 0.008 0.016 
 55 QAc-W-0055    (0)   :  0.969 0.005 0.012 0.013 
 56 QAc-W-0056    (0)   :  0.844 0.110 0.030 0.016 
 57 QAc-W-0057    (0)   :  0.963 0.011 0.018 0.007 
 58 QAc-W-0058    (0)   :  0.953 0.007 0.035 0.004 
 59 QAc-W-0059    (0)   :  0.977 0.011 0.004 0.008 
 60 QAc-W-0060    (0)   :  0.980 0.006 0.005 0.009 
 61 QAc-W-0061    (0)   :  0.960 0.017 0.005 0.018 
 62 QAc-W-0062    (0)   :  0.951 0.005 0.023 0.021 
 63 QAc-W-0063    (0)   :  0.759 0.034 0.175 0.032 
 64 QAc-W-0064    (0)   :  0.957 0.007 0.023 0.012 
 65 QAc-W-0065    (0)   :  0.966 0.006 0.011 0.017 
 66 QAc-W-0066    (0)   :  0.943 0.010 0.042 0.005 
 67 QAc-W-0067    (0)   :  0.916 0.007 0.046 0.031 
 68 QAc-W-0068    (0)   :  0.970 0.010 0.015 0.006 
 69 QAc-W-0069    (0)   :  0.946 0.015 0.033 0.006 
 70 QAc-W-0070    (0)   :  0.984 0.005 0.006 0.005 
 71 QAc-W-0071    (6)   :  0.975 0.005 0.012 0.007 
 72 QAc-W-0072    (0)   :  0.862 0.020 0.008 0.110 
 73 QAc-W-0073    (0)   :  0.962 0.013 0.012 0.014 
 74 QAc-W-0074    (0)   :  0.964 0.009 0.011 0.016 
 75 QAc-W-0075    (0)   :  0.978 0.005 0.012 0.005 
 76 QAc-W-0076    (0)   :  0.953 0.005 0.007 0.035 
 77 QAc-W-0077    (0)   :  0.978 0.010 0.005 0.007 
 78 QAc-W-0078    (0)   :  0.014 0.059 0.879 0.047 
 79 QAc-W-0079    (6)   :  0.007 0.007 0.979 0.007 
 80 QAc-W-0080   (13)   :  0.006 0.038 0.950 0.006 
 81 QAc-W-0081    (0)   :  0.006 0.007 0.982 0.005 
 82 QAc-W-0082    (0)   :  0.265 0.014 0.715 0.006 
 83 QAc-W-0083    (0)   :  0.010 0.008 0.971 0.011 
 84 QAc-W-0084    (0)   :  0.004 0.007 0.985 0.004 
 85 QAc-W-0085    (0)   :  0.006 0.005 0.977 0.012 
 86 QAc-W-0086    (0)   :  0.006 0.006 0.980 0.007 
 87 QAc-W-0087    (0)   :  0.004 0.005 0.984 0.006 
 88 QAc-W-0088    (0)   :  0.007 0.006 0.982 0.005 
 89 QAc-W-0089    (0)   :  0.007 0.007 0.981 0.005 
 90 QAc-W-0090    (0)   :  0.006 0.007 0.984 0.004 
 91 QAc-W-0091    (0)   :  0.004 0.006 0.984 0.007 
 92 QAc-W-0092    (0)   :  0.029 0.133 0.820 0.017 
 93 QAc-W-0093    (0)   :  0.027 0.094 0.822 0.056 
 94 QAc-W-0094    (0)   :  0.016 0.072 0.898 0.014 
 95 QAc-W-0095    (0)   :  0.007 0.017 0.969 0.006 
 96 QAc-W-0096    (0)   :  0.046 0.039 0.898 0.017 
 97 QAc-W-0097    (0)   :  0.075 0.187 0.728 0.010 
 98 QAc-W-0098    (0)   :  0.007 0.007 0.981 0.005 
 99 QAc-W-0099    (0)   :  0.012 0.011 0.903 0.074 
100 QAc-W-0100    (0)   :  0.004 0.005 0.986 0.004 
101 QAc-W-0101    (0)   :  0.006 0.007 0.979 0.008 
102 QAc-W-0104    (0)   :  0.012 0.006 0.967 0.015 
103 QAc-W-0105    (0)   :  0.005 0.004 0.987 0.004 
104 QAc-W-0106    (0)   :  0.007 0.009 0.979 0.006 
105 QAc-W-0107    (0)   :  0.022 0.008 0.962 0.008 
106 QAc-W-0108    (0)   :  0.016 0.006 0.969 0.009 
107 QAc-W-0109    (0)   :  0.032 0.011 0.950 0.007 
108 QAc-W-0110   (13)   :  0.007 0.695 0.288 0.010 
109 QAc-W-0111    (6)   :  0.008 0.005 0.981 0.006 
110 QAc-W-0112   (13)   :  0.006 0.010 0.975 0.009 
111 QAc-W-0113   (13)   :  0.008 0.013 0.007 0.972 
112 QAc-W-0114   (13)   :  0.012 0.010 0.022 0.956 
113 QAc-W-0115    (0)   :  0.006 0.011 0.010 0.973 
114 QAc-W-0116    (0)   :  0.009 0.014 0.006 0.971 
115 QAc-W-0117    (0)   :  0.005 0.007 0.004 0.984 
116 QAc-W-0118    (0)   :  0.019 0.007 0.018 0.956 
117 QAc-W-0119    (0)   :  0.014 0.009 0.008 0.969 
118 QAc-W-0120    (0)   :  0.012 0.011 0.011 0.966 
119 QAc-W-0121    (0)   :  0.019 0.007 0.004 0.969 
120 QAc-W-0122    (0)   :  0.014 0.016 0.006 0.964 
121 QAc-W-0123    (6)   :  0.028 0.008 0.016 0.948 
122 QAc-W-0124    (0)   :  0.022 0.058 0.101 0.819 
123 QAc-W-0125    (0)   :  0.009 0.010 0.017 0.965 
124 QAc-W-0126   (13)   :  0.035 0.010 0.039 0.916 
125 QAc-W-0127    (6)   :  0.007 0.009 0.005 0.979 
126 QAc-W-0128   (13)   :  0.010 0.026 0.057 0.907 
127 QAc-W-0129   (13)   :  0.013 0.080 0.007 0.900 
128 QAc-W-0130   (13)   :  0.006 0.033 0.008 0.953 
129 QAc-W-0131    (0)   :  0.011 0.010 0.009 0.970 
130 QAc-W-0132    (6)   :  0.031 0.022 0.016 0.932 
131 QAc-W-0133    (6)   :  0.058 0.011 0.246 0.685 
132 QAc-W-0134    (0)   :  0.006 0.005 0.005 0.984 
133 QAc-W-0135    (0)   :  0.014 0.049 0.007 0.930 
134 QAc-W-0136    (0)   :  0.005 0.005 0.005 0.985 
135 QAc-W-0137    (0)   :  0.005 0.004 0.003 0.987 
136 QAc-W-0138    (0)   :  0.005 0.007 0.004 0.985 
137 QAc-W-0139    (0)   :  0.053 0.088 0.146 0.713 
138 QAc-W-0140    (0)   :  0.029 0.029 0.009 0.932 
139 QAc-W-0141    (6)   :  0.120 0.095 0.015 0.769 
140 QAc-W-0142    (0)   :  0.008 0.005 0.005 0.982 
141 QAc-W-0143    (0)   :  0.010 0.011 0.009 0.970 
142 QAc-W-0144    (0)   :  0.025 0.009 0.007 0.959 
143 QAc-W-0145    (0)   :  0.008 0.005 0.004 0.984 
144 QAc-W-0146    (0)   :  0.006 0.010 0.006 0.977 
145 QAc-W-0147    (0)   :  0.004 0.005 0.005 0.985 
146 QAc-W-0148    (0)   :  0.006 0.008 0.004 0.981 
147 QAc-W-0149    (0)   :  0.024 0.018 0.014 0.944 
148 QAc-W-0150    (0)   :  0.010 0.067 0.015 0.908 
149 QAc-W-0151    (0)   :  0.007 0.016 0.009 0.968 
150 QAc-W-0152    (0)   :  0.010 0.007 0.004 0.979 
151 QAc-W-0153    (0)   :  0.718 0.031 0.081 0.170 
152 QAc-W-0154    (0)   :  0.010 0.089 0.007 0.894 
153 QAc-W-0155    (0)   :  0.007 0.007 0.004 0.981 
154 QAc-W-0156    (0)   :  0.007 0.075 0.058 0.860 
155 QAc-W-0157    (0)   :  0.042 0.011 0.004 0.943 
156 QAc-W-0158    (0)   :  0.009 0.057 0.052 0.882 
157 QAc-W-0159    (0)   :  0.007 0.014 0.006 0.973 
158 QAc-W-0160    (0)   :  0.006 0.021 0.006 0.967 
159 QAc-W-0161    (0)   :  0.008 0.048 0.008 0.937 
160 QAc-W-0162    (0)   :  0.122 0.006 0.007 0.866 
161 QAc-W-0163    (0)   :  0.019 0.006 0.005 0.970 
162 QAc-W-0164    (0)   :  0.020 0.007 0.006 0.966 
163 QAc-W-0165    (0)   :  0.020 0.007 0.004 0.969 
164 QAc-W-0166    (0)   :  0.012 0.044 0.006 0.938 
165 QAc-W-0167    (0)   :  0.951 0.011 0.028 0.009 
166 QAc-W-0168    (0)   :  0.744 0.045 0.010 0.201 
167 QAc-W-0169    (0)   :  0.807 0.169 0.007 0.017 
168 QAc-W-0170    (0)   :  0.786 0.172 0.019 0.023 
169 QAc-W-0171    (0)   :  0.956 0.012 0.022 0.009 
170 QAc-W-0172    (0)   :  0.121 0.329 0.076 0.474 
171 QAc-W-0173    (0)   :  0.840 0.101 0.011 0.049 
172 QAc-W-0174    (0)   :  0.927 0.015 0.006 0.051 


Estimated Allele Frequencies in each cluster
First column gives estimated ancestral frequencies


Locus 1 : 
15 alleles
0.0% missing data
 200   (0.212) 0.243 0.450 0.120 0.211 
 208   (0.059) 0.040 0.135 0.038 0.005 
 210   (0.118) 0.112 0.038 0.152 0.174 
 212   (0.120) 0.078 0.131 0.299 0.080 
 218   (0.078) 0.022 0.075 0.078 0.136 
 224   (0.056) 0.156 0.038 0.004 0.005 
 206   (0.028) 0.005 0.013 0.002 0.020 
 202   (0.054) 0.013 0.078 0.090 0.013 
 216   (0.056) 0.015 0.016 0.093 0.091 
 222   (0.031) 0.005 0.006 0.002 0.199 
 214   (0.062) 0.165 0.006 0.004 0.048 
 232   (0.028) 0.050 0.003 0.002 0.002 
 226   (0.040) 0.033 0.004 0.112 0.005 
 228   (0.025) 0.041 0.002 0.002 0.002 
 220   (0.032) 0.022 0.006 0.002 0.010 

Locus 2 : 
13 alleles
0.0% missing data
 171   (0.166) 0.166 0.315 0.129 0.077 
 187   (0.063) 0.080 0.095 0.004 0.011 
 173   (0.184) 0.208 0.190 0.072 0.199 
 189   (0.054) 0.014 0.216 0.004 0.025 
 175   (0.089) 0.055 0.079 0.124 0.023 
 181   (0.109) 0.165 0.063 0.462 0.010 
 179   (0.095) 0.161 0.013 0.007 0.273 
 185   (0.074) 0.043 0.007 0.087 0.220 
 177   (0.054) 0.083 0.005 0.004 0.063 
 183   (0.048) 0.013 0.005 0.047 0.084 
 191   (0.022) 0.004 0.002 0.056 0.002 
 169   (0.020) 0.004 0.002 0.001 0.010 
 167   (0.021) 0.005 0.006 0.002 0.005 

Locus 3 : 
4 alleles
5.8% missing data
 206   (0.885) 0.928 0.825 0.955 0.988 
 208   (0.059) 0.043 0.169 0.004 0.005 
 204   (0.030) 0.010 0.003 0.037 0.003 
 212   (0.026) 0.019 0.003 0.003 0.004 

Locus 4 : 
10 alleles
7.6% missing data
 161   (0.408) 0.549 0.555 0.099 0.474 
 157   (0.027) 0.005 0.063 0.002 0.002 
 167   (0.155) 0.119 0.191 0.050 0.159 
 163   (0.171) 0.169 0.135 0.033 0.293 
 153   (0.023) 0.005 0.013 0.002 0.002 
 165   (0.097) 0.121 0.026 0.552 0.012 
 177   (0.033) 0.008 0.007 0.053 0.004 
 169   (0.031) 0.014 0.003 0.018 0.003 
 173   (0.026) 0.005 0.003 0.189 0.002 
 159   (0.029) 0.006 0.004 0.003 0.049 

Locus 5 : 
16 alleles
0.0% missing data
 166   (0.052) 0.066 0.054 0.010 0.004 
 140   (0.084) 0.038 0.186 0.013 0.192 
 146   (0.091) 0.182 0.037 0.154 0.013 
 152   (0.053) 0.010 0.287 0.004 0.098 
 148   (0.119) 0.081 0.119 0.449 0.057 
 144   (0.131) 0.228 0.137 0.015 0.147 
 150   (0.054) 0.067 0.089 0.009 0.004 
 138   (0.103) 0.079 0.022 0.171 0.268 
 154   (0.072) 0.095 0.018 0.005 0.149 
 158   (0.069) 0.063 0.020 0.049 0.021 
 160   (0.041) 0.026 0.011 0.032 0.004 
 142   (0.030) 0.014 0.003 0.002 0.019 
 162   (0.034) 0.024 0.003 0.072 0.003 
 156   (0.026) 0.013 0.007 0.010 0.002 
 164   (0.022) 0.005 0.004 0.002 0.016 
 134   (0.019) 0.011 0.003 0.001 0.001 

Locus 6 : 
11 alleles
0.0% missing data
 235   (0.285) 0.260 0.274 0.404 0.440 
 237   (0.153) 0.168 0.192 0.018 0.216 
 233   (0.096) 0.056 0.405 0.109 0.014 
 239   (0.098) 0.208 0.031 0.019 0.034 
 243   (0.032) 0.009 0.005 0.002 0.049 
 229   (0.038) 0.009 0.016 0.231 0.003 
 245   (0.075) 0.063 0.037 0.005 0.099 
 225   (0.070) 0.047 0.018 0.089 0.021 
 241   (0.073) 0.041 0.012 0.118 0.067 
 227   (0.037) 0.114 0.005 0.002 0.003 
 231   (0.042) 0.025 0.005 0.003 0.054 

Locus 7 : 
5 alleles
0.0% missing data
 118   (0.891) 0.926 0.957 0.979 0.992 
 124   (0.029) 0.008 0.034 0.002 0.002 
 116   (0.034) 0.033 0.003 0.016 0.003 
 114   (0.025) 0.022 0.002 0.002 0.002 
 122   (0.021) 0.011 0.003 0.001 0.002 

Locus 8 : 
5 alleles
0.0% missing data
 139   (0.767) 0.906 0.880 0.856 0.670 
 137   (0.155) 0.080 0.110 0.138 0.224 
 143   (0.027) 0.005 0.003 0.002 0.062 
 141   (0.023) 0.004 0.002 0.002 0.019 
 135   (0.028) 0.005 0.005 0.002 0.025 

Locus 9 : 
10 alleles
0.0% missing data
 116   (0.282) 0.191 0.496 0.391 0.370 
 114   (0.178) 0.117 0.329 0.061 0.216 
 118   (0.122) 0.055 0.057 0.486 0.159 
 122   (0.067) 0.225 0.017 0.005 0.009 
 130   (0.033) 0.049 0.005 0.002 0.002 
 112   (0.125) 0.139 0.039 0.036 0.170 
 126   (0.050) 0.078 0.014 0.009 0.004 
 128   (0.038) 0.031 0.016 0.003 0.004 
 120   (0.049) 0.023 0.021 0.003 0.029 
 124   (0.057) 0.091 0.006 0.004 0.038 

Locus 10 : 
3 alleles
0.0% missing data
 232   (0.852) 0.881 0.923 0.976 0.850 
 238   (0.116) 0.106 0.072 0.009 0.148 
 244   (0.032) 0.013 0.005 0.016 0.003 

Locus 11 : 
5 alleles
0.0% missing data
 165   (0.756) 0.753 0.893 0.843 0.898 
 161   (0.068) 0.094 0.068 0.006 0.008 
 167   (0.130) 0.143 0.031 0.148 0.070 
 163   (0.024) 0.004 0.002 0.002 0.019 
 171   (0.022) 0.005 0.006 0.002 0.005 

Locus 12 : 
5 alleles
0.0% missing data
 140   (0.168) 0.067 0.449 0.334 0.086 
 134   (0.234) 0.390 0.093 0.217 0.087 
 137   (0.531) 0.497 0.440 0.445 0.795 
 125   (0.037) 0.006 0.015 0.002 0.029 
 146   (0.031) 0.040 0.003 0.002 0.003 

Locus 13 : 
17 alleles
0.6% missing data
 206   (0.130) 0.071 0.166 0.338 0.182 
 192   (0.098) 0.086 0.175 0.075 0.036 
 210   (0.114) 0.083 0.223 0.278 0.047 
 194   (0.080) 0.266 0.017 0.068 0.011 
 208   (0.040) 0.007 0.112 0.003 0.056 
 204   (0.044) 0.016 0.044 0.004 0.026 
 202   (0.099) 0.166 0.049 0.089 0.033 
 190   (0.050) 0.016 0.047 0.004 0.149 
 214   (0.047) 0.080 0.050 0.004 0.004 
 200   (0.083) 0.084 0.025 0.097 0.050 
 184   (0.046) 0.008 0.015 0.028 0.103 
 216   (0.021) 0.004 0.050 0.001 0.002 
 182   (0.020) 0.006 0.010 0.002 0.002 
 198   (0.034) 0.051 0.006 0.002 0.008 
 212   (0.034) 0.012 0.003 0.002 0.260 
 186   (0.018) 0.012 0.002 0.001 0.001 
 196   (0.042) 0.032 0.005 0.003 0.030 

Locus 14 : 
8 alleles
1.2% missing data
 151   (0.399) 0.466 0.437 0.521 0.419 
 157   (0.248) 0.227 0.381 0.186 0.267 
 154   (0.092) 0.094 0.045 0.007 0.121 
 139   (0.098) 0.129 0.099 0.163 0.008 
 145   (0.056) 0.010 0.012 0.089 0.155 
 163   (0.041) 0.019 0.018 0.029 0.008 
 160   (0.024) 0.022 0.002 0.002 0.002 
 142   (0.041) 0.032 0.006 0.003 0.020 

Locus 15 : 
12 alleles
2.3% missing data
 256   (0.143) 0.124 0.211 0.148 0.115 
 258   (0.148) 0.123 0.203 0.050 0.260 
 248   (0.140) 0.177 0.111 0.019 0.278 
 254   (0.099) 0.111 0.108 0.018 0.056 
 246   (0.115) 0.133 0.122 0.155 0.030 
 252   (0.070) 0.028 0.047 0.149 0.028 
 260   (0.041) 0.007 0.173 0.014 0.009 
 242   (0.097) 0.121 0.010 0.150 0.149 
 262   (0.044) 0.040 0.004 0.279 0.004 
 250   (0.053) 0.119 0.005 0.004 0.031 
 244   (0.032) 0.006 0.004 0.014 0.040 
 264   (0.018) 0.012 0.002 0.001 0.002 

Values of parameters used in structure:
DATAFILE=C:\Users\eschumacher\Documents\GitHub\GCC_QUAC_ZAIN\Data_Files\Structure_Files\QUAC\QUAC_nopopinfo_wild\project_data,	OUTFILE=C:\Users\eschumacher\Documents\GitHub\GCC_QUAC_ZAIN\Data_Files\Structure_Files\QUAC\QUAC_nopopinfo_wild\50-50\Results\50-50_run_18,	NUMINDS=172,	NUMLOCI=15,	MISSING=-9,	LABEL=1,	POPDATA=0,	POPFLAG=0,	PHENOTYPE=0,	EXTRACOLS=0,	MAXPOPS=4,	BURNIN=50000,	NUMREPS=50000,	USEPOPINFO=0,	INFERALPHA=1,	INFERLAMBDA=0,	POPSPECIFICLAMBDA=0,	POPALPHAS=0,	COMPUTEPROB=1,	NOADMIX=0,	ADMBURNIN=2500,	UPDATEFREQ=1,	PRINTLIKES=0,	INTERMEDSAVE=0,	PRINTKLD=0,	PRINTNET=0,	PRINTLAMBDA=0,	ANCESTDIST=0,	NUMBOXES=1000,	ANCESTPINT=0.90000,	GENSBACK=2,	MIGRPRIOR=0.05000,	PRINTQHAT=0,	PRINTQSUM=0,	ALPHA=1.0000,	FREQSCORR=1,	FPRIORMEAN=0.0100,	FPRIORSD=0.0500,	ONEFST=0,	LAMBDA=1.0000,	UNIFPRIORALPHA=1,	ALPHAMAX=10.0000,	ALPHAPRIORA=1.0000,	ALPHAPRIORB=2.0000,	ALPHAPROPSD=0.0250,	STARTATPOPINFO=0,	RANDOMIZE=1,	LINKAGE=0,	METROFREQ=10,	REPORTHITRATE=0,	MARKOVPHASE=-1,	PHASED=0,	PLOIDY=2,	PHASEINFO=0	LOCPRIOR=0, 	LOCPRIORINIT=1.000000, 	LOCDATA=0, 	LOCISPOP=0, 	LOCPRIORSTEP=0.100000, 	MAXLOCPRIOR=20.000000, 	SEED=1660593289,	
[STRAT parameters]:    NUMSIMSTATS=1000,	PHENOTYPECOL=-9,	POOLFREQ=10,	LOCUSxONLY=0,	EMERROR=0.00100,	MISSINGPHENO=-9,	