

----------------------------------------------------
STRUCTURE by Pritchard, Stephens and Donnelly (2000)
     and Falush, Stephens and Pritchard (2003)
       Code by Pritchard, Falush and Hubisz
             Version 2.3.4 (Jul 2012)
----------------------------------------------------



Command line arguments:   bin\structure -m C:\Users\eschumacher\Documents\GitHub\GCC_QUAC_ZAIN\Data_Files\Structure_Files\QUAC\QUAC_nopopinfo_wild\50-50\mainparams -e C:\Users\eschumacher\Documents\GitHub\GCC_QUAC_ZAIN\Data_Files\Structure_Files\QUAC\QUAC_nopopinfo_wild\50-50\extraparams 
Input File:    C:\Users\eschumacher\Documents\GitHub\GCC_QUAC_ZAIN\Data_Files\Structure_Files\QUAC\QUAC_nopopinfo_wild\project_data

Run parameters:
   172 individuals
   15 loci
   3 populations assumed
   50000 Burn-in period
   50000 Reps


--------------------------------------------
Overall proportion of membership of the
sample in each of the 3 clusters

Inferred Clusters
  1      2      3    
0.373  0.317  0.310  

--------------------------------------------

Allele-freq. divergence among pops (Net nucleotide distance),
computed using point estimates of P.

      1       2       3      
 1      -    0.0335  0.0377  
 2   0.0335     -    0.0531  
 3   0.0377  0.0531     -    

Average distances (expected heterozygosity) between individuals in same cluster:
cluster  1  : 0.6002 
cluster  2  : 0.5580 
cluster  3  : 0.5644 

--------------------------------------------
Estimated Ln Prob of Data   = -6802.0
Mean value of ln likelihood = -6672.7
Variance of ln likelihood   = 258.7
Mean value of alpha         = 0.0536

Mean value of Fst_1         = 0.0424
Mean value of Fst_2         = 0.1060
Mean value of Fst_3         = 0.1029


Inferred ancestry of individuals:
        Label (%Miss) :  Inferred clusters
  1 QAc-W-0001    (0)   :  0.984 0.008 0.007 
  2 QAc-W-0002    (0)   :  0.969 0.023 0.008 
  3 QAc-W-0003    (0)   :  0.968 0.007 0.025 
  4 QAc-W-0004    (0)   :  0.970 0.013 0.016 
  5 QAc-W-0005    (0)   :  0.980 0.013 0.008 
  6 QAc-W-0006    (0)   :  0.980 0.010 0.010 
  7 QAc-W-0007   (13)   :  0.979 0.013 0.008 
  8 QAc-W-0008    (6)   :  0.978 0.016 0.006 
  9 QAc-W-0009    (0)   :  0.823 0.145 0.032 
 10 QAc-W-0010    (0)   :  0.963 0.025 0.012 
 11 QAc-W-0011    (0)   :  0.968 0.010 0.022 
 12 QAc-W-0012    (0)   :  0.983 0.011 0.007 
 13 QAc-W-0013    (0)   :  0.952 0.008 0.040 
 14 QAc-W-0014    (0)   :  0.951 0.041 0.009 
 15 QAc-W-0015    (0)   :  0.695 0.100 0.205 
 16 QAc-W-0016    (0)   :  0.904 0.064 0.032 
 17 QAc-W-0017    (0)   :  0.667 0.121 0.212 
 18 QAc-W-0018    (0)   :  0.954 0.023 0.023 
 19 QAc-W-0019    (0)   :  0.974 0.017 0.009 
 20 QAc-W-0020    (0)   :  0.987 0.007 0.006 
 21 QAc-W-0021    (0)   :  0.888 0.028 0.085 
 22 QAc-W-0022    (0)   :  0.780 0.122 0.098 
 23 QAc-W-0023    (6)   :  0.858 0.123 0.019 
 24 QAc-W-0024    (0)   :  0.775 0.018 0.207 
 25 QAc-W-0025    (0)   :  0.960 0.025 0.015 
 26 QAc-W-0026    (0)   :  0.907 0.029 0.064 
 27 QAc-W-0027    (0)   :  0.976 0.014 0.010 
 28 QAc-W-0028    (0)   :  0.987 0.007 0.006 
 29 QAc-W-0029    (0)   :  0.986 0.008 0.007 
 30 QAc-W-0030    (0)   :  0.951 0.010 0.039 
 31 QAc-W-0031    (0)   :  0.970 0.007 0.024 
 32 QAc-W-0032    (0)   :  0.975 0.020 0.005 
 33 QAc-W-0033    (0)   :  0.914 0.066 0.019 
 34 QAc-W-0034    (0)   :  0.981 0.012 0.007 
 35 QAc-W-0035    (0)   :  0.885 0.060 0.056 
 36 QAc-W-0036    (0)   :  0.982 0.012 0.006 
 37 QAc-W-0037    (0)   :  0.927 0.029 0.044 
 38 QAc-W-0038    (0)   :  0.956 0.014 0.030 
 39 QAc-W-0039    (0)   :  0.950 0.011 0.039 
 40 QAc-W-0040    (0)   :  0.759 0.195 0.047 
 41 QAc-W-0041    (0)   :  0.895 0.015 0.091 
 42 QAc-W-0042    (0)   :  0.972 0.008 0.020 
 43 QAc-W-0043    (0)   :  0.960 0.011 0.029 
 44 QAc-W-0044    (0)   :  0.951 0.034 0.015 
 45 QAc-W-0045    (0)   :  0.978 0.010 0.012 
 46 QAc-W-0046    (0)   :  0.977 0.009 0.014 
 47 QAc-W-0047    (0)   :  0.968 0.019 0.013 
 48 QAc-W-0048    (0)   :  0.983 0.009 0.008 
 49 QAc-W-0049    (0)   :  0.979 0.011 0.010 
 50 QAc-W-0050    (0)   :  0.805 0.098 0.097 
 51 QAc-W-0051    (0)   :  0.722 0.010 0.268 
 52 QAc-W-0052    (0)   :  0.971 0.019 0.010 
 53 QAc-W-0053    (0)   :  0.960 0.030 0.009 
 54 QAc-W-0054    (0)   :  0.402 0.104 0.494 
 55 QAc-W-0055    (0)   :  0.122 0.024 0.854 
 56 QAc-W-0056    (0)   :  0.754 0.021 0.225 
 57 QAc-W-0057    (0)   :  0.510 0.021 0.469 
 58 QAc-W-0058    (0)   :  0.560 0.007 0.433 
 59 QAc-W-0059    (0)   :  0.981 0.009 0.010 
 60 QAc-W-0060    (0)   :  0.037 0.048 0.915 
 61 QAc-W-0061    (0)   :  0.359 0.122 0.519 
 62 QAc-W-0062    (0)   :  0.011 0.035 0.954 
 63 QAc-W-0063    (0)   :  0.043 0.031 0.925 
 64 QAc-W-0064    (0)   :  0.030 0.029 0.942 
 65 QAc-W-0065    (0)   :  0.091 0.124 0.785 
 66 QAc-W-0066    (0)   :  0.010 0.006 0.985 
 67 QAc-W-0067    (0)   :  0.010 0.051 0.939 
 68 QAc-W-0068    (0)   :  0.020 0.011 0.969 
 69 QAc-W-0069    (0)   :  0.010 0.007 0.983 
 70 QAc-W-0070    (0)   :  0.008 0.011 0.981 
 71 QAc-W-0071    (6)   :  0.019 0.020 0.961 
 72 QAc-W-0072    (0)   :  0.147 0.293 0.560 
 73 QAc-W-0073    (0)   :  0.138 0.066 0.796 
 74 QAc-W-0074    (0)   :  0.016 0.066 0.918 
 75 QAc-W-0075    (0)   :  0.006 0.008 0.985 
 76 QAc-W-0076    (0)   :  0.013 0.083 0.904 
 77 QAc-W-0077    (0)   :  0.339 0.062 0.600 
 78 QAc-W-0078    (0)   :  0.040 0.040 0.921 
 79 QAc-W-0079    (6)   :  0.008 0.009 0.983 
 80 QAc-W-0080   (13)   :  0.029 0.011 0.961 
 81 QAc-W-0081    (0)   :  0.017 0.009 0.975 
 82 QAc-W-0082    (0)   :  0.171 0.009 0.820 
 83 QAc-W-0083    (0)   :  0.008 0.012 0.980 
 84 QAc-W-0084    (0)   :  0.009 0.006 0.985 
 85 QAc-W-0085    (0)   :  0.007 0.026 0.967 
 86 QAc-W-0086    (0)   :  0.009 0.010 0.981 
 87 QAc-W-0087    (0)   :  0.010 0.014 0.976 
 88 QAc-W-0088    (0)   :  0.012 0.008 0.980 
 89 QAc-W-0089    (0)   :  0.010 0.006 0.984 
 90 QAc-W-0090    (0)   :  0.009 0.006 0.985 
 91 QAc-W-0091    (0)   :  0.009 0.014 0.978 
 92 QAc-W-0092    (0)   :  0.205 0.017 0.778 
 93 QAc-W-0093    (0)   :  0.186 0.056 0.759 
 94 QAc-W-0094    (0)   :  0.079 0.021 0.900 
 95 QAc-W-0095    (0)   :  0.019 0.009 0.972 
 96 QAc-W-0096    (0)   :  0.027 0.014 0.959 
 97 QAc-W-0097    (0)   :  0.350 0.009 0.642 
 98 QAc-W-0098    (0)   :  0.017 0.008 0.975 
 99 QAc-W-0099    (0)   :  0.024 0.108 0.869 
100 QAc-W-0100    (0)   :  0.007 0.007 0.986 
101 QAc-W-0101    (0)   :  0.009 0.010 0.981 
102 QAc-W-0104    (0)   :  0.010 0.012 0.978 
103 QAc-W-0105    (0)   :  0.007 0.005 0.988 
104 QAc-W-0106    (0)   :  0.014 0.010 0.976 
105 QAc-W-0107    (0)   :  0.012 0.007 0.981 
106 QAc-W-0108    (0)   :  0.010 0.008 0.982 
107 QAc-W-0109    (0)   :  0.016 0.006 0.978 
108 QAc-W-0110   (13)   :  0.789 0.022 0.188 
109 QAc-W-0111    (6)   :  0.010 0.008 0.981 
110 QAc-W-0112   (13)   :  0.016 0.023 0.960 
111 QAc-W-0113   (13)   :  0.012 0.980 0.008 
112 QAc-W-0114   (13)   :  0.016 0.963 0.021 
113 QAc-W-0115    (0)   :  0.010 0.979 0.011 
114 QAc-W-0116    (0)   :  0.018 0.975 0.008 
115 QAc-W-0117    (0)   :  0.009 0.986 0.005 
116 QAc-W-0118    (0)   :  0.010 0.946 0.043 
117 QAc-W-0119    (0)   :  0.015 0.974 0.011 
118 QAc-W-0120    (0)   :  0.015 0.965 0.020 
119 QAc-W-0121    (0)   :  0.013 0.979 0.008 
120 QAc-W-0122    (0)   :  0.035 0.957 0.009 
121 QAc-W-0123    (6)   :  0.018 0.954 0.027 
122 QAc-W-0124    (0)   :  0.030 0.671 0.299 
123 QAc-W-0125    (0)   :  0.012 0.971 0.018 
124 QAc-W-0126   (13)   :  0.027 0.931 0.042 
125 QAc-W-0127    (6)   :  0.010 0.982 0.008 
126 QAc-W-0128   (13)   :  0.028 0.939 0.033 
127 QAc-W-0129   (13)   :  0.052 0.934 0.014 
128 QAc-W-0130   (13)   :  0.022 0.971 0.007 
129 QAc-W-0131    (0)   :  0.019 0.968 0.014 
130 QAc-W-0132    (6)   :  0.024 0.913 0.062 
131 QAc-W-0133    (6)   :  0.033 0.649 0.318 
132 QAc-W-0134    (0)   :  0.007 0.986 0.007 
133 QAc-W-0135    (0)   :  0.041 0.947 0.012 
134 QAc-W-0136    (0)   :  0.007 0.987 0.006 
135 QAc-W-0137    (0)   :  0.006 0.989 0.005 
136 QAc-W-0138    (0)   :  0.008 0.987 0.005 
137 QAc-W-0139    (0)   :  0.073 0.659 0.267 
138 QAc-W-0140    (0)   :  0.061 0.925 0.015 
139 QAc-W-0141    (6)   :  0.287 0.686 0.027 
140 QAc-W-0142    (0)   :  0.007 0.985 0.008 
141 QAc-W-0143    (0)   :  0.014 0.975 0.011 
142 QAc-W-0144    (0)   :  0.030 0.959 0.011 
143 QAc-W-0145    (0)   :  0.008 0.986 0.006 
144 QAc-W-0146    (0)   :  0.010 0.982 0.008 
145 QAc-W-0147    (0)   :  0.006 0.987 0.007 
146 QAc-W-0148    (0)   :  0.009 0.985 0.006 
147 QAc-W-0149    (0)   :  0.044 0.940 0.016 
148 QAc-W-0150    (0)   :  0.043 0.940 0.017 
149 QAc-W-0151    (0)   :  0.014 0.975 0.011 
150 QAc-W-0152    (0)   :  0.009 0.984 0.007 
151 QAc-W-0153    (0)   :  0.342 0.190 0.468 
152 QAc-W-0154    (0)   :  0.062 0.930 0.009 
153 QAc-W-0155    (0)   :  0.009 0.985 0.006 
154 QAc-W-0156    (0)   :  0.047 0.928 0.025 
155 QAc-W-0157    (0)   :  0.032 0.960 0.008 
156 QAc-W-0158    (0)   :  0.030 0.925 0.045 
157 QAc-W-0159    (0)   :  0.015 0.979 0.006 
158 QAc-W-0160    (0)   :  0.017 0.975 0.008 
159 QAc-W-0161    (0)   :  0.045 0.946 0.008 
160 QAc-W-0162    (0)   :  0.018 0.883 0.099 
161 QAc-W-0163    (0)   :  0.015 0.977 0.008 
162 QAc-W-0164    (0)   :  0.010 0.979 0.011 
163 QAc-W-0165    (0)   :  0.009 0.975 0.016 
164 QAc-W-0166    (0)   :  0.035 0.956 0.009 
165 QAc-W-0167    (0)   :  0.766 0.020 0.214 
166 QAc-W-0168    (0)   :  0.542 0.405 0.053 
167 QAc-W-0169    (0)   :  0.969 0.018 0.014 
168 QAc-W-0170    (0)   :  0.957 0.020 0.023 
169 QAc-W-0171    (0)   :  0.795 0.015 0.190 
170 QAc-W-0172    (0)   :  0.806 0.179 0.015 
171 QAc-W-0173    (0)   :  0.894 0.070 0.036 
172 QAc-W-0174    (0)   :  0.761 0.177 0.062 


Estimated Allele Frequencies in each cluster
First column gives estimated ancestral frequencies


Locus 1 : 
15 alleles
0.0% missing data
 200   (0.217) 0.392 0.212 0.125 
 208   (0.057) 0.101 0.005 0.029 
 210   (0.114) 0.091 0.171 0.110 
 212   (0.115) 0.092 0.080 0.237 
 218   (0.082) 0.051 0.137 0.057 
 224   (0.051) 0.038 0.005 0.127 
 206   (0.027) 0.010 0.019 0.002 
 202   (0.062) 0.056 0.013 0.057 
 216   (0.055) 0.017 0.089 0.063 
 222   (0.028) 0.007 0.196 0.002 
 214   (0.085) 0.081 0.056 0.054 
 232   (0.028) 0.037 0.002 0.002 
 226   (0.026) 0.004 0.003 0.096 
 228   (0.022) 0.004 0.002 0.036 
 220   (0.031) 0.018 0.010 0.003 

Locus 2 : 
13 alleles
0.0% missing data
 171   (0.173) 0.287 0.075 0.099 
 187   (0.066) 0.097 0.014 0.018 
 173   (0.180) 0.190 0.196 0.133 
 189   (0.069) 0.130 0.028 0.006 
 175   (0.084) 0.075 0.026 0.087 
 181   (0.101) 0.117 0.009 0.343 
 179   (0.106) 0.052 0.273 0.098 
 185   (0.058) 0.012 0.220 0.075 
 177   (0.052) 0.012 0.063 0.069 
 183   (0.049) 0.011 0.081 0.034 
 191   (0.023) 0.004 0.002 0.036 
 169   (0.020) 0.003 0.010 0.002 
 167   (0.019) 0.009 0.003 0.002 

Locus 3 : 
4 alleles
5.8% missing data
 206   (0.877) 0.873 0.984 0.940 
 208   (0.072) 0.114 0.008 0.021 
 204   (0.025) 0.004 0.002 0.029 
 212   (0.025) 0.009 0.005 0.010 

Locus 4 : 
10 alleles
7.6% missing data
 161   (0.425) 0.527 0.481 0.313 
 157   (0.032) 0.039 0.003 0.003 
 167   (0.149) 0.178 0.159 0.047 
 163   (0.170) 0.168 0.292 0.060 
 153   (0.020) 0.010 0.002 0.002 
 165   (0.076) 0.041 0.010 0.414 
 177   (0.034) 0.010 0.004 0.033 
 169   (0.031) 0.012 0.003 0.012 
 173   (0.030) 0.006 0.003 0.114 
 159   (0.032) 0.009 0.044 0.003 

Locus 5 : 
16 alleles
0.0% missing data
 166   (0.039) 0.075 0.003 0.007 
 140   (0.096) 0.127 0.191 0.016 
 146   (0.077) 0.061 0.013 0.214 
 152   (0.088) 0.172 0.098 0.008 
 148   (0.112) 0.083 0.057 0.338 
 144   (0.141) 0.182 0.153 0.085 
 150   (0.049) 0.086 0.004 0.021 
 138   (0.088) 0.035 0.260 0.152 
 154   (0.074) 0.039 0.159 0.044 
 158   (0.065) 0.057 0.021 0.031 
 160   (0.038) 0.025 0.003 0.021 
 142   (0.029) 0.010 0.020 0.003 
 162   (0.034) 0.016 0.003 0.049 
 156   (0.025) 0.014 0.002 0.006 
 164   (0.027) 0.009 0.012 0.002 
 134   (0.018) 0.009 0.001 0.002 

Locus 6 : 
11 alleles
0.0% missing data
 235   (0.278) 0.255 0.438 0.362 
 237   (0.158) 0.187 0.220 0.062 
 233   (0.126) 0.259 0.017 0.089 
 239   (0.087) 0.051 0.036 0.160 
 243   (0.032) 0.010 0.047 0.003 
 229   (0.044) 0.019 0.003 0.144 
 245   (0.063) 0.063 0.097 0.006 
 225   (0.055) 0.018 0.020 0.088 
 241   (0.075) 0.034 0.067 0.078 
 227   (0.041) 0.084 0.003 0.005 
 231   (0.040) 0.020 0.052 0.004 

Locus 7 : 
5 alleles
0.0% missing data
 118   (0.891) 0.932 0.991 0.974 
 124   (0.027) 0.024 0.002 0.002 
 116   (0.035) 0.020 0.003 0.017 
 114   (0.025) 0.015 0.002 0.005 
 122   (0.022) 0.010 0.002 0.002 

Locus 8 : 
5 alleles
0.0% missing data
 139   (0.764) 0.862 0.678 0.904 
 137   (0.155) 0.120 0.221 0.089 
 143   (0.027) 0.004 0.061 0.002 
 141   (0.023) 0.004 0.019 0.002 
 135   (0.030) 0.009 0.022 0.002 

Locus 9 : 
10 alleles
0.0% missing data
 116   (0.301) 0.355 0.370 0.331 
 114   (0.173) 0.257 0.214 0.052 
 118   (0.133) 0.077 0.155 0.307 
 122   (0.081) 0.087 0.011 0.119 
 130   (0.029) 0.038 0.002 0.002 
 112   (0.097) 0.048 0.168 0.112 
 126   (0.046) 0.047 0.004 0.027 
 128   (0.029) 0.029 0.004 0.003 
 120   (0.046) 0.021 0.030 0.011 
 124   (0.064) 0.041 0.041 0.036 

Locus 10 : 
3 alleles
0.0% missing data
 232   (0.871) 0.874 0.855 0.981 
 238   (0.098) 0.115 0.143 0.008 
 244   (0.031) 0.011 0.002 0.011 

Locus 11 : 
5 alleles
0.0% missing data
 165   (0.804) 0.840 0.906 0.806 
 161   (0.053) 0.103 0.005 0.008 
 167   (0.099) 0.045 0.068 0.183 
 163   (0.023) 0.004 0.019 0.002 
 171   (0.021) 0.009 0.003 0.002 

Locus 12 : 
5 alleles
0.0% missing data
 140   (0.236) 0.301 0.094 0.226 
 134   (0.207) 0.204 0.089 0.302 
 137   (0.490) 0.460 0.785 0.460 
 125   (0.034) 0.012 0.028 0.003 
 146   (0.033) 0.024 0.004 0.009 

Locus 13 : 
17 alleles
0.6% missing data
 206   (0.139) 0.130 0.185 0.229 
 192   (0.098) 0.157 0.036 0.054 
 210   (0.125) 0.159 0.050 0.210 
 194   (0.070) 0.060 0.013 0.225 
 208   (0.051) 0.067 0.057 0.004 
 204   (0.044) 0.029 0.027 0.011 
 202   (0.095) 0.130 0.033 0.080 
 190   (0.051) 0.041 0.141 0.005 
 214   (0.046) 0.036 0.004 0.069 
 200   (0.079) 0.072 0.052 0.063 
 184   (0.042) 0.013 0.101 0.019 
 216   (0.024) 0.030 0.002 0.002 
 182   (0.017) 0.009 0.001 0.002 
 198   (0.034) 0.037 0.007 0.007 
 212   (0.032) 0.005 0.257 0.007 
 186   (0.019) 0.003 0.001 0.010 
 196   (0.034) 0.023 0.031 0.003 

Locus 14 : 
8 alleles
1.2% missing data
 151   (0.389) 0.414 0.420 0.544 
 157   (0.265) 0.331 0.271 0.177 
 154   (0.093) 0.064 0.124 0.039 
 139   (0.088) 0.108 0.007 0.157 
 145   (0.062) 0.015 0.151 0.058 
 163   (0.037) 0.028 0.004 0.015 
 160   (0.023) 0.017 0.002 0.002 
 142   (0.043) 0.023 0.020 0.007 

Locus 15 : 
12 alleles
2.3% missing data
 256   (0.150) 0.171 0.118 0.142 
 258   (0.145) 0.200 0.252 0.042 
 248   (0.137) 0.161 0.281 0.043 
 254   (0.095) 0.085 0.061 0.082 
 246   (0.107) 0.154 0.025 0.115 
 252   (0.072) 0.044 0.028 0.098 
 260   (0.064) 0.103 0.013 0.014 
 242   (0.090) 0.039 0.148 0.159 
 262   (0.044) 0.021 0.004 0.185 
 250   (0.045) 0.009 0.031 0.106 
 244   (0.032) 0.006 0.038 0.011 
 264   (0.019) 0.008 0.003 0.002 

Values of parameters used in structure:
DATAFILE=C:\Users\eschumacher\Documents\GitHub\GCC_QUAC_ZAIN\Data_Files\Structure_Files\QUAC\QUAC_nopopinfo_wild\project_data,	OUTFILE=C:\Users\eschumacher\Documents\GitHub\GCC_QUAC_ZAIN\Data_Files\Structure_Files\QUAC\QUAC_nopopinfo_wild\50-50\Results\50-50_run_14,	NUMINDS=172,	NUMLOCI=15,	MISSING=-9,	LABEL=1,	POPDATA=0,	POPFLAG=0,	PHENOTYPE=0,	EXTRACOLS=0,	MAXPOPS=3,	BURNIN=50000,	NUMREPS=50000,	USEPOPINFO=0,	INFERALPHA=1,	INFERLAMBDA=0,	POPSPECIFICLAMBDA=0,	POPALPHAS=0,	COMPUTEPROB=1,	NOADMIX=0,	ADMBURNIN=2500,	UPDATEFREQ=1,	PRINTLIKES=0,	INTERMEDSAVE=0,	PRINTKLD=0,	PRINTNET=0,	PRINTLAMBDA=0,	ANCESTDIST=0,	NUMBOXES=1000,	ANCESTPINT=0.90000,	GENSBACK=2,	MIGRPRIOR=0.05000,	PRINTQHAT=0,	PRINTQSUM=0,	ALPHA=1.0000,	FREQSCORR=1,	FPRIORMEAN=0.0100,	FPRIORSD=0.0500,	ONEFST=0,	LAMBDA=1.0000,	UNIFPRIORALPHA=1,	ALPHAMAX=10.0000,	ALPHAPRIORA=1.0000,	ALPHAPRIORB=2.0000,	ALPHAPROPSD=0.0250,	STARTATPOPINFO=0,	RANDOMIZE=1,	LINKAGE=0,	METROFREQ=10,	REPORTHITRATE=0,	MARKOVPHASE=-1,	PHASED=0,	PLOIDY=2,	PHASEINFO=0	LOCPRIOR=0, 	LOCPRIORINIT=1.000000, 	LOCDATA=0, 	LOCISPOP=0, 	LOCPRIORSTEP=0.100000, 	MAXLOCPRIOR=20.000000, 	SEED=1660593119,	
[STRAT parameters]:    NUMSIMSTATS=1000,	PHENOTYPECOL=-9,	POOLFREQ=10,	LOCUSxONLY=0,	EMERROR=0.00100,	MISSINGPHENO=-9,	