Ind,Pop,C1,C2,C3,C4
ZFB01,ZFB,0.005,0.005,0.986,0.004
ZFB02,ZFB,0.004,0.008,0.984,0.004
ZFB03,ZFB,0.005,0.007,0.979,0.009
ZFB04,ZFB,0.005,0.009,0.983,0.004
ZFB05,ZFB,0.007,0.081,0.893,0.019
ZFB06,ZFB,0.007,0.066,0.912,0.015
ZFB07,ZFB,0.009,0.012,0.973,0.006
ZFB08,ZFB,0.006,0.006,0.983,0.005
ZFB09,ZFB,0.003,0.005,0.987,0.004
ZFB10,ZFB,0.014,0.007,0.974,0.005
ZFB11,ZFB,0.008,0.007,0.981,0.004
ZFB12,ZFB,0.005,0.008,0.982,0.005
ZFB13,ZFB,0.006,0.007,0.982,0.005
ZFB14,ZFB,0.005,0.005,0.985,0.004
ZFB15,ZFB,0.003,0.006,0.988,0.003
ZFB16,ZFB,0.005,0.006,0.986,0.003
ZFB17,ZFB,0.016,0.04,0.933,0.012
ZFB18,ZFB,0.004,0.004,0.988,0.004
ZFB19,ZFB,0.026,0.019,0.951,0.005
ZFB20,ZFB,0.005,0.007,0.986,0.003
ZFB21,ZFB,0.003,0.006,0.987,0.004
ZFB22,ZFB,0.017,0.022,0.954,0.007
ZFB23,ZFB,0.009,0.01,0.975,0.006
ZFB24,ZFB,0.006,0.008,0.981,0.004
ZFB25,ZFB,0.025,0.006,0.965,0.005
ZFB26,ZFB,0.02,0.016,0.958,0.006
ZFB27,ZFB,0.008,0.013,0.975,0.004
ZFB28,ZFB,0.005,0.028,0.957,0.01
ZFB29,ZFB,0.003,0.007,0.986,0.004
ZFB30,ZFB,0.012,0.257,0.723,0.008
ZFB31,ZFB,0.014,0.006,0.975,0.005
ZFB32,ZFB,0.008,0.026,0.941,0.025
ZFB33,ZFB,0.004,0.006,0.988,0.003
ZFB34,ZFB,0.004,0.005,0.986,0.005
ZFB35,ZFB,0.007,0.006,0.981,0.006
,,,,,
ZFBP101,ZFBP1,0.865,0.014,0.017,0.105
ZFBP102,ZFBP1,0.938,0.013,0.027,0.022
ZFBP103,ZFBP1,0.666,0.009,0.009,0.317
ZFBP104,ZFBP1,0.908,0.036,0.05,0.006
ZFBP105,ZFBP1,0.976,0.008,0.008,0.009
ZFBP106,ZFBP1,0.981,0.005,0.004,0.011
ZFBP107,ZFBP1,0.952,0.024,0.01,0.015
ZFBP108,ZFBP1,0.988,0.003,0.004,0.004
ZFBP109,ZFBP1,0.986,0.004,0.005,0.005
ZFBP110,ZFBP1,0.707,0.02,0.036,0.238
ZFBP111,ZFBP1,0.988,0.004,0.003,0.005
ZFBP112,ZFBP1,0.982,0.006,0.005,0.007
ZFBP113,ZFBP1,0.986,0.005,0.004,0.004
ZFBP114,ZFBP1,0.979,0.008,0.005,0.008
ZFBP115,ZFBP1,0.979,0.006,0.003,0.012
ZFBP116,ZFBP1,0.986,0.006,0.003,0.005
ZFBP117,ZFBP1,0.984,0.004,0.003,0.009
ZFBP118,ZFBP1,0.983,0.007,0.004,0.006
ZFBP119,ZFBP1,0.96,0.006,0.004,0.031
ZFBP120,ZFBP1,0.98,0.007,0.007,0.006
ZFBP121,ZFBP1,0.977,0.005,0.006,0.012
ZFBP122,ZFBP1,0.986,0.005,0.004,0.005
ZFBP123,ZFBP1,0.976,0.007,0.005,0.012
ZFBP124,ZFBP1,0.979,0.005,0.008,0.008
ZFBP125,ZFBP1,0.987,0.003,0.003,0.007
ZFBP126,ZFBP1,0.932,0.021,0.022,0.025
ZFBP127,ZFBP1,0.98,0.004,0.004,0.012
ZFBP128,ZFBP1,0.985,0.003,0.004,0.007
ZFBP129,ZFBP1,0.983,0.004,0.005,0.008
ZFBP130,ZFBP1,0.986,0.004,0.002,0.008
ZFBP131,ZFBP1,0.987,0.005,0.005,0.004
ZFBP132,ZFBP1,0.986,0.004,0.004,0.007
ZFBP133,ZFBP1,0.988,0.003,0.004,0.005
ZFBP134,ZFBP1,0.976,0.004,0.004,0.016
ZFBP135,ZFBP1,0.686,0.009,0.026,0.279
ZFBP136,ZFBP1,0.92,0.008,0.004,0.068
,,,,,
ZFBP201,ZFBP2,0.978,0.007,0.006,0.008
ZFBP202,ZFBP2,0.984,0.004,0.006,0.006
ZFBP203,ZFBP2,0.942,0.043,0.009,0.006
ZFBP204,ZFBP2,0.966,0.007,0.005,0.023
ZFBP205,ZFBP2,0.984,0.006,0.004,0.007
ZFBP206,ZFBP2,0.975,0.008,0.006,0.01
ZFBP207,ZFBP2,0.964,0.004,0.004,0.028
ZFBP208,ZFBP2,0.974,0.014,0.006,0.007
ZFBP209,ZFBP2,0.989,0.003,0.003,0.005
ZFBP210,ZFBP2,0.978,0.009,0.006,0.007
ZFBP211,ZFBP2,0.984,0.004,0.005,0.007
ZFBP212,ZFBP2,0.985,0.004,0.005,0.006
ZFBP213,ZFBP2,0.967,0.008,0.011,0.014
ZFBP214,ZFBP2,0.934,0.008,0.008,0.049
ZFBP215,ZFBP2,0.985,0.004,0.004,0.007
ZFBP216,ZFBP2,0.975,0.013,0.005,0.007
ZFBP217,ZFBP2,0.983,0.004,0.004,0.008
ZFBP218,ZFBP2,0.99,0.004,0.003,0.003
ZFBP219,ZFBP2,0.988,0.005,0.004,0.004
ZFBP220,ZFBP2,0.984,0.005,0.003,0.009
ZFBP221,ZFBP2,0.988,0.004,0.004,0.004
ZFBP222,ZFBP2,0.98,0.006,0.007,0.008
ZFBP223,ZFBP2,0.95,0.007,0.007,0.036
ZFBP224,ZFBP2,0.98,0.006,0.006,0.007
ZFBP225,ZFBP2,0.978,0.006,0.003,0.013
ZFBP226,ZFBP2,0.984,0.005,0.005,0.006
ZFBP227,ZFBP2,0.837,0.112,0.042,0.009
ZFBP228,ZFBP2,0.977,0.004,0.005,0.014
ZFBP229,ZFBP2,0.986,0.005,0.003,0.007
ZFBP230,ZFBP2,0.979,0.005,0.003,0.012
ZFBP231,ZFBP2,0.983,0.005,0.005,0.007
ZFBP232,ZFBP2,0.988,0.004,0.004,0.005
ZFBP233,ZFBP2,0.983,0.006,0.006,0.006
,,,,,
ZFCC01,ZFCC,0.004,0.005,0.02,0.971
ZFCC03,ZFCC,0.005,0.003,0.006,0.986
ZFCC04,ZFCC,0.005,0.005,0.009,0.981
ZFCC05,ZFCC,0.007,0.006,0.009,0.978
ZFCC08,ZFCC,0.023,0.004,0.007,0.966
ZFCC09,ZFCC,0.004,0.004,0.008,0.984
ZFCC10,ZFCC,0.006,0.005,0.027,0.963
ZFCC11,ZFCC,0.005,0.004,0.008,0.983
ZFCC12,ZFCC,0.007,0.015,0.095,0.883
ZFCC13,ZFCC,0.012,0.011,0.005,0.971
ZFCC14,ZFCC,0.009,0.009,0.019,0.963
ZFCC15,ZFCC,0.005,0.01,0.007,0.977
ZFCC16,ZFCC,0.004,0.006,0.01,0.979
ZFCC17,ZFCC,0.004,0.008,0.01,0.978
ZFCC18,ZFCC,0.005,0.005,0.008,0.982
ZFCC19,ZFCC,0.004,0.02,0.011,0.966
ZFCC20,ZFCC,0.005,0.005,0.005,0.985
ZFCC21,ZFCC,0.133,0.069,0.023,0.775
ZFCC22,ZFCC,0.54,0.012,0.017,0.431
ZFCC26,ZFCC,0.005,0.005,0.008,0.982
ZFCC27,ZFCC,0.004,0.004,0.004,0.988
ZFCC29,ZFCC,0.005,0.009,0.018,0.969
ZFCC30,ZFCC,0.004,0.004,0.003,0.989
ZFCC32,ZFCC,0.006,0.01,0.012,0.973
ZFCC33,ZFCC,0.004,0.008,0.01,0.978
ZFCC34,ZFCC,0.03,0.008,0.023,0.939
ZFCC35,ZFCC,0.005,0.005,0.004,0.986
ZFCC36,ZFCC,0.014,0.029,0.008,0.949
ZFCC37,ZFCC,0.009,0.033,0.085,0.873
ZFCC40,ZFCC,0.007,0.008,0.014,0.971
ZFCC42,ZFCC,0.006,0.158,0.212,0.624
ZFCC44,ZFCC,0.003,0.005,0.003,0.989
ZFCC45,ZFCC,0.005,0.021,0.037,0.937
ZFCC46,ZFCC,0.014,0.006,0.004,0.976
ZFCC47,ZFCC,0.007,0.009,0.065,0.919
ZFCC48,ZFCC,0.061,0.011,0.011,0.917
ZFCC50,ZFCC,0.004,0.006,0.009,0.981
ZFCC51,ZFCC,0.003,0.003,0.006,0.988
ZFCC52,ZFCC,0.013,0.008,0.005,0.975
ZFCC53,ZFCC,0.003,0.004,0.005,0.988
,,,,,
ZFCNS01,ZFCNS,0.016,0.019,0.004,0.962
ZFCNS02,ZFCNS,0.012,0.003,0.003,0.981
ZFCNS05,ZFCNS,0.017,0.004,0.007,0.972
ZFCNS06,ZFCNS,0.013,0.004,0.005,0.978
ZFCNS07,ZFCNS,0.413,0.005,0.005,0.577
ZFCNS10,ZFCNS,0.09,0.005,0.003,0.902
ZFCNS11,ZFCNS,0.013,0.008,0.004,0.976
ZFCNS15,ZFCNS,0.809,0.006,0.007,0.177
ZFCNS17,ZFCNS,0.011,0.004,0.003,0.982
ZFCNS18,ZFCNS,0.033,0.004,0.004,0.959
ZFCNS19,ZFCNS,0.007,0.004,0.005,0.985
ZFCNS20,ZFCNS,0.136,0.006,0.004,0.853
ZFCNS21,ZFCNS,0.008,0.004,0.004,0.984
ZFCNS22,ZFCNS,0.144,0.006,0.007,0.843
ZFCNS23,ZFCNS,0.013,0.005,0.005,0.976
ZFCNS24,ZFCNS,0.009,0.004,0.003,0.984
ZFCNS25,ZFCNS,0.05,0.005,0.004,0.941
ZFCNS26,ZFCNS,0.304,0.005,0.008,0.683
ZFCNS27,ZFCNS,0.909,0.007,0.005,0.079
ZFCNS28,ZFCNS,0.02,0.005,0.008,0.967
ZFCNS29,ZFCNS,0.013,0.004,0.004,0.978
ZFCNS30,ZFCNS,0.008,0.005,0.005,0.983
ZFCNS31,ZFCNS,0.056,0.005,0.006,0.933
ZFCNS32,ZFCNS,0.036,0.004,0.007,0.954
ZFCNS33,ZFCNS,0.03,0.004,0.005,0.961
ZFCNS34,ZFCNS,0.005,0.004,0.004,0.987
ZFCNS35,ZFCNS,0.021,0.004,0.008,0.967
ZFCNS36,ZFCNS,0.007,0.004,0.003,0.985
ZFCNS37,ZFCNS,0.066,0.007,0.005,0.922
ZFCNS39,ZFCNS,0.011,0.004,0.003,0.982
ZFCNS40,ZFCNS,0.04,0.005,0.003,0.952
ZFCNS41,ZFCNS,0.221,0.013,0.007,0.759
ZFCNS42,ZFCNS,0.054,0.005,0.005,0.937
ZFCNS43,ZFCNS,0.007,0.004,0.004,0.985
ZFCNS44,ZFCNS,0.018,0.004,0.004,0.974
ZFCNS46,ZFCNS,0.022,0.005,0.004,0.968
ZFCNS47,ZFCNS,0.012,0.004,0.004,0.98
ZFCNS48,ZFCNS,0.053,0.005,0.004,0.938
ZFCNS49,ZFCNS,0.795,0.005,0.005,0.195
,,,,,
ZFCR01,ZFCR,0.064,0.379,0.547,0.009
ZFCR02,ZFCR,0.018,0.931,0.038,0.014
ZFCR03,ZFCR,0.052,0.307,0.623,0.018
ZFCR04,ZFCR,0.051,0.194,0.722,0.033
ZFCR05,ZFCR,0.008,0.874,0.104,0.014
ZFCR06,ZFCR,0.188,0.476,0.138,0.198
ZFCR07,ZFCR,0.017,0.812,0.055,0.116
ZFCR08,ZFCR,0.042,0.848,0.079,0.032
ZFCR09,ZFCR,0.111,0.312,0.476,0.101
ZFCR11,ZFCR,0.12,0.537,0.315,0.028
ZFCR12,ZFCR,0.098,0.722,0.016,0.165
ZFCR13,ZFCR,0.09,0.888,0.012,0.01
ZFCR14,ZFCR,0.014,0.935,0.038,0.013
ZFCR15,ZFCR,0.017,0.93,0.044,0.009
ZFCR16,ZFCR,0.044,0.845,0.102,0.009
ZFCR18,ZFCR,0.04,0.093,0.781,0.087
ZFCR19,ZFCR,0.225,0.2,0.535,0.04
ZFCR20,ZFCR,0.044,0.041,0.904,0.011
ZFCR21,ZFCR,0.025,0.932,0.025,0.018
ZFCR22,ZFCR,0.014,0.967,0.014,0.005
ZFCR23,ZFCR,0.101,0.866,0.028,0.005
ZFCR24,ZFCR,0.473,0.308,0.211,0.008
ZFCR25,ZFCR,0.005,0.959,0.031,0.005
ZFCR26,ZFCR,0.104,0.518,0.344,0.034
ZFCR27,ZFCR,0.003,0.9,0.091,0.005
ZFCR28,ZFCR,0.368,0.598,0.01,0.025
ZFCR29,ZFCR,0.02,0.649,0.324,0.008
ZFCR30,ZFCR,0.009,0.971,0.013,0.007
ZFCR31,ZFCR,0.187,0.347,0.378,0.088
ZFCR33,ZFCR,0.011,0.927,0.031,0.031
ZFCR34,ZFCR,0.029,0.91,0.027,0.034
ZFCR35,ZFCR,0.021,0.143,0.8,0.035
ZFCR36,ZFCR,0.01,0.879,0.095,0.016
ZFCR37,ZFCR,0.006,0.947,0.029,0.019
ZFCR38,ZFCR,0.007,0.931,0.042,0.019
ZFCR39,ZFCR,0.026,0.946,0.012,0.016
ZFCR40,ZFCR,0.007,0.968,0.015,0.011
ZFCR41,ZFCR,0.031,0.834,0.013,0.123
ZFCR42,ZFCR,0.044,0.892,0.01,0.054
ZFCR43,ZFCR,0.088,0.829,0.074,0.008
,,,,,
ZFENP25,ZFENP,0.021,0.888,0.071,0.019
ZFENP26,ZFENP,0.003,0.98,0.011,0.005
ZFENP27,ZFENP,0.029,0.25,0.335,0.386
ZFENP28,ZFENP,0.005,0.956,0.027,0.013
ZFENP29,ZFENP,0.004,0.98,0.007,0.008
ZFENP30,ZFENP,0.005,0.945,0.011,0.039
ZFENP31,ZFENP,0.006,0.955,0.017,0.022
ZFENP32,ZFENP,0.019,0.692,0.232,0.057
ZFENP33,ZFENP,0.006,0.921,0.064,0.01
ZFENP34,ZFENP,0.016,0.285,0.634,0.065
ZFENP35,ZFENP,0.007,0.974,0.011,0.008
ZFENP36,ZFENP,0.003,0.975,0.015,0.006
ZFENP37,ZFENP,0.008,0.909,0.067,0.016
ZFENP38,ZFENP,0.008,0.963,0.009,0.02
ZFENP39,ZFENP,0.004,0.951,0.033,0.012
ZFENP40,ZFENP,0.007,0.941,0.043,0.009
ZFENP41,ZFENP,0.007,0.93,0.019,0.045
ZFENP42,ZFENP,0.004,0.988,0.004,0.004
ZFENP43,ZFENP,0.016,0.885,0.016,0.083
ZFENP44,ZFENP,0.006,0.97,0.009,0.015
ZFENP45,ZFENP,0.202,0.772,0.01,0.015
ZFENP46,ZFENP,0.012,0.958,0.024,0.006
ZFENP47,ZFENP,0.022,0.92,0.038,0.02
ZFENP48,ZFENP,0.039,0.23,0.631,0.099
ZFENP49,ZFENP,0.025,0.759,0.183,0.033
ZFENP50,ZFENP,0.021,0.968,0.007,0.005
ZFENP51,ZFENP,0.012,0.921,0.062,0.005
ZFENP52,ZFENP,0.009,0.967,0.005,0.02
ZFENP53,ZFENP,0.018,0.964,0.008,0.01
ZFENP54,ZFENP,0.041,0.92,0.02,0.019
ZFENP55,ZFENP,0.006,0.81,0.179,0.005
ZFENP56,ZFENP,0.006,0.97,0.014,0.01
ZFENP57,ZFENP,0.004,0.963,0.022,0.01
ZFENP58,ZFENP,0.025,0.88,0.014,0.08
ZFENP59,ZFENP,0.005,0.953,0.015,0.027
ZFENP60,ZFENP,0.008,0.92,0.063,0.009
ZFENP61,ZFENP,0.004,0.945,0.041,0.01
,,,,,
ZFFDSP01,ZFFDSP,0.986,0.003,0.004,0.006
ZFFDSP02,ZFFDSP,0.987,0.004,0.004,0.005
ZFFDSP04,ZFFDSP,0.987,0.003,0.005,0.004
ZFFDSP05,ZFFDSP,0.986,0.004,0.004,0.005
ZFFDSP06,ZFFDSP,0.988,0.003,0.003,0.005
ZFFDSP07,ZFFDSP,0.977,0.007,0.004,0.011
ZFFDSP08,ZFFDSP,0.976,0.006,0.004,0.015
ZFFDSP10,ZFFDSP,0.986,0.005,0.004,0.006
ZFFDSP11,ZFFDSP,0.985,0.005,0.005,0.005
ZFFDSP12,ZFFDSP,0.989,0.004,0.003,0.005
ZFFDSP13,ZFFDSP,0.96,0.008,0.005,0.027
ZFFDSP14,ZFFDSP,0.985,0.005,0.005,0.006
ZFFDSP16,ZFFDSP,0.974,0.006,0.007,0.012
ZFFDSP17,ZFFDSP,0.986,0.004,0.004,0.005
ZFFDSP18,ZFFDSP,0.983,0.003,0.007,0.006
ZFFDSP19,ZFFDSP,0.973,0.004,0.006,0.017
ZFFDSP21,ZFFDSP,0.976,0.004,0.003,0.017
ZFFDSP22,ZFFDSP,0.989,0.003,0.003,0.005
ZFFDSP23,ZFFDSP,0.989,0.003,0.003,0.005
ZFFDSP24,ZFFDSP,0.984,0.004,0.005,0.007
ZFFDSP26,ZFFDSP,0.986,0.004,0.004,0.006
ZFFDSP27,ZFFDSP,0.986,0.003,0.006,0.005
ZFFDSP28,ZFFDSP,0.879,0.018,0.085,0.018
ZFFDSP30,ZFFDSP,0.964,0.005,0.014,0.017
ZFFDSP31,ZFFDSP,0.985,0.004,0.005,0.007
ZFFDSP32,ZFFDSP,0.988,0.004,0.004,0.005
ZFFDSP33,ZFFDSP,0.989,0.003,0.004,0.004
ZFFDSP34,ZFFDSP,0.988,0.003,0.004,0.006
ZFFDSP35,ZFFDSP,0.986,0.004,0.005,0.005
ZFFDSP37,ZFFDSP,0.986,0.004,0.005,0.005
ZFFDSP38,ZFFDSP,0.986,0.003,0.005,0.005
ZFFDSP39,ZFFDSP,0.989,0.003,0.004,0.005
ZFFDSP40,ZFFDSP,0.985,0.004,0.005,0.006
ZFFDSP42,ZFFDSP,0.987,0.003,0.003,0.006
ZFFDSP43,ZFFDSP,0.987,0.003,0.004,0.006
ZFFDSP44,ZFFDSP,0.985,0.004,0.006,0.005
ZFFDSP45,ZFFDSP,0.985,0.004,0.005,0.006
ZFFDSP46,ZFFDSP,0.984,0.004,0.005,0.007
ZFFDSP47,ZFFDSP,0.987,0.004,0.004,0.005
ZFFDSP48,ZFFDSP,0.986,0.004,0.004,0.006
,,,,,
ZFI01,ZFI,0.004,0.008,0.977,0.01
ZFI02,ZFI,0.006,0.006,0.981,0.006
ZFI03,ZFI,0.004,0.006,0.982,0.008
ZFI04,ZFI,0.004,0.006,0.984,0.006
ZFI05,ZFI,0.006,0.007,0.973,0.013
ZFI06,ZFI,0.013,0.009,0.963,0.015
ZFI07,ZFI,0.004,0.006,0.984,0.006
ZFI08,ZFI,0.004,0.007,0.984,0.005
ZFI09,ZFI,0.004,0.006,0.984,0.005
ZFI10,ZFI,0.008,0.007,0.969,0.015
ZFI11,ZFI,0.003,0.006,0.985,0.006
ZFI12,ZFI,0.005,0.006,0.976,0.013
ZFI13,ZFI,0.004,0.007,0.981,0.008
ZFI14,ZFI,0.011,0.006,0.975,0.008
ZFI15,ZFI,0.004,0.005,0.985,0.006
ZFI16,ZFI,0.004,0.004,0.985,0.006
ZFI17,ZFI,0.004,0.008,0.982,0.007
ZFI18,ZFI,0.003,0.006,0.985,0.005
ZFI19,ZFI,0.004,0.005,0.986,0.005
ZFI20,ZFI,0.006,0.007,0.981,0.005
ZFI21,ZFI,0.021,0.006,0.963,0.01
ZFI22,ZFI,0.005,0.005,0.984,0.006
ZFI23,ZFI,0.004,0.005,0.983,0.007
ZFI24,ZFI,0.005,0.006,0.977,0.012
ZFI25,ZFI,0.005,0.006,0.982,0.007
ZFI26,ZFI,0.004,0.006,0.983,0.007
ZFI27,ZFI,0.006,0.009,0.963,0.022
ZFK01,ZFI,0.012,0.022,0.009,0.957
,,,,,
ZFK02,ZFK,0.01,0.017,0.013,0.96
ZFK03,ZFK,0.01,0.032,0.017,0.941
ZFK04,ZFK,0.01,0.062,0.129,0.799
ZFK05,ZFK,0.006,0.088,0.071,0.836
ZFK06,ZFK,0.008,0.134,0.074,0.784
ZFK07,ZFK,0.01,0.046,0.007,0.937
ZFK08,ZFK,0.014,0.591,0.15,0.245
ZFK10,ZFK,0.009,0.031,0.086,0.874
ZFK11,ZFK,0.007,0.283,0.019,0.691
ZFK12,ZFK,0.026,0.163,0.007,0.805
ZFK13,ZFK,0.068,0.281,0.006,0.644
ZFK14,ZFK,0.017,0.017,0.005,0.961
ZFK15,ZFK,0.035,0.451,0.014,0.5
ZFK16,ZFK,0.034,0.081,0.004,0.881
,,,,,
ZFLB01,ZFLB,0.009,0.979,0.008,0.005
ZFLB02,ZFLB,0.004,0.977,0.014,0.004
ZFLB03,ZFLB,0.006,0.972,0.005,0.016
ZFLB04,ZFLB,0.035,0.88,0.017,0.067
ZFLB05,ZFLB,0.006,0.973,0.015,0.006
ZFLB06,ZFLB,0.006,0.98,0.006,0.008
ZFLB07,ZFLB,0.013,0.961,0.006,0.02
ZFLB08,ZFLB,0.004,0.977,0.014,0.005
ZFLB09,ZFLB,0.005,0.973,0.016,0.007
ZFLB10,ZFLB,0.005,0.972,0.016,0.007
ZFLB11,ZFLB,0.005,0.985,0.005,0.006
ZFLB12,ZFLB,0.004,0.982,0.01,0.005
ZFLB13,ZFLB,0.005,0.981,0.007,0.007
,,,,,
ZFLTI01,ZFLTI,0.895,0.004,0.004,0.097
ZFLTI02,ZFLTI,0.477,0.005,0.005,0.513
ZFLTI03,ZFLTI,0.947,0.005,0.004,0.045
ZFLTI04,ZFLTI,0.867,0.007,0.007,0.119
ZFLTI05,ZFLTI,0.945,0.005,0.004,0.046
ZFLTI06,ZFLTI,0.985,0.003,0.004,0.007
ZFLTI07,ZFLTI,0.971,0.005,0.006,0.018
ZFLTI08,ZFLTI,0.932,0.007,0.009,0.053
ZFLTI09,ZFLTI,0.972,0.005,0.008,0.016
ZFLTI10,ZFLTI,0.966,0.004,0.005,0.024
ZFLTI11,ZFLTI,0.983,0.003,0.004,0.01
ZFLTI12,ZFLTI,0.96,0.004,0.004,0.032
ZFLTI13,ZFLTI,0.601,0.006,0.005,0.388
ZFLTI14,ZFLTI,0.068,0.005,0.007,0.92
,,,,,
ZFONF101,ZFONF1,0.991,0.003,0.003,0.003
ZFONF102,ZFONF1,0.986,0.006,0.005,0.003
ZFONF103,ZFONF1,0.971,0.005,0.005,0.019
ZFONF104,ZFONF1,0.991,0.003,0.002,0.004
ZFONF105,ZFONF1,0.989,0.003,0.003,0.005
ZFONF106,ZFONF1,0.988,0.003,0.005,0.004
ZFONF107,ZFONF1,0.893,0.052,0.029,0.026
ZFONF108,ZFONF1,0.956,0.012,0.006,0.026
ZFONF109,ZFONF1,0.973,0.006,0.005,0.016
ZFONF110,ZFONF1,0.989,0.003,0.003,0.005
ZFONF111,ZFONF1,0.961,0.019,0.012,0.008
ZFONF112,ZFONF1,0.988,0.003,0.003,0.006
ZFONF113,ZFONF1,0.986,0.005,0.003,0.006
ZFONF115,ZFONF1,0.983,0.004,0.005,0.009
ZFONF116,ZFONF1,0.983,0.004,0.005,0.007
ZFONF117,ZFONF1,0.978,0.005,0.004,0.013
ZFONF118,ZFONF1,0.98,0.004,0.006,0.01
ZFONF119,ZFONF1,0.98,0.006,0.004,0.01
ZFONF120,ZFONF1,0.977,0.006,0.004,0.013
ZFONF121,ZFONF1,0.986,0.005,0.004,0.006
ZFONF122,ZFONF1,0.955,0.006,0.007,0.032
ZFONF123,ZFONF1,0.965,0.021,0.007,0.006
ZFONF124,ZFONF1,0.983,0.006,0.003,0.008
ZFONF125,ZFONF1,0.929,0.047,0.007,0.018
ZFONF126,ZFONF1,0.979,0.004,0.005,0.012
,,,,,
ZFONF201,ZFONF2,0.779,0.066,0.091,0.064
ZFONF202,ZFONF2,0.986,0.003,0.003,0.008
ZFONF203,ZFONF2,0.972,0.014,0.005,0.009
ZFONF204,ZFONF2,0.762,0.072,0.02,0.146
ZFONF206,ZFONF2,0.66,0.305,0.022,0.013
ZFONF207,ZFONF2,0.97,0.016,0.005,0.009
ZFONF208,ZFONF2,0.969,0.011,0.005,0.015
ZFONF209,ZFONF2,0.777,0.023,0.016,0.185
ZFONF210,ZFONF2,0.983,0.003,0.002,0.012
ZFONF211,ZFONF2,0.976,0.006,0.003,0.015
ZFONF212,ZFONF2,0.99,0.003,0.002,0.004
ZFONF214,ZFONF2,0.983,0.005,0.003,0.009
ZFONF215,ZFONF2,0.989,0.003,0.003,0.006
ZFONF216,ZFONF2,0.985,0.005,0.002,0.008
ZFONF217,ZFONF2,0.985,0.004,0.003,0.008
ZFONF218,ZFONF2,0.962,0.027,0.006,0.005
ZFONF219,ZFONF2,0.99,0.004,0.002,0.004
ZFONF220,ZFONF2,0.985,0.004,0.003,0.008
ZFONF222,ZFONF2,0.97,0.016,0.005,0.009
ZFONF223,ZFONF2,0.974,0.015,0.006,0.005
ZFONF224,ZFONF2,0.985,0.005,0.003,0.006
ZFONF225,ZFONF2,0.988,0.003,0.002,0.006
ZFONF226,ZFONF2,0.984,0.005,0.003,0.008
ZFONF227,ZFONF2,0.99,0.003,0.002,0.005
ZFONF228,ZFONF2,0.99,0.003,0.003,0.004
ZFONF230,ZFONF2,0.989,0.003,0.002,0.006
ZFONF231,ZFONF2,0.977,0.004,0.003,0.016
ZFONF232,ZFONF2,0.989,0.004,0.003,0.004
ZFONF233,ZFONF2,0.98,0.006,0.003,0.011
ZFONF234,ZFONF2,0.967,0.021,0.003,0.009
ZFONF235,ZFONF2,0.983,0.005,0.002,0.01
ZFONF236,ZFONF2,0.876,0.034,0.024,0.066
ZFONF238,ZFONF2,0.984,0.007,0.004,0.005
ZFONF239,ZFONF2,0.878,0.035,0.028,0.06
ZFONF240,ZFONF2,0.981,0.003,0.002,0.014
ZFONF241,ZFONF2,0.977,0.011,0.005,0.006
ZFONF242,ZFONF2,0.981,0.006,0.003,0.01
ZFONF243,ZFONF2,0.981,0.005,0.003,0.011
ZFONF244,ZFONF2,0.986,0.004,0.003,0.008
ZFONF245,ZFONF2,0.983,0.005,0.002,0.011
,,,,,
ZFOS01,ZFO,0.033,0.006,0.005,0.956
ZFOS02,ZFO,0.031,0.012,0.039,0.918
ZFOS03,ZFO,0.014,0.062,0.022,0.902
ZFOS04,ZFO,0.05,0.007,0.017,0.926
ZFOS05,ZFO,0.025,0.006,0.008,0.962
ZFOS06,ZFO,0.014,0.009,0.006,0.972
ZFOS07,ZFO,0.007,0.006,0.041,0.946
ZFOS08,ZFO,0.012,0.006,0.026,0.956
ZFOS09,ZFO,0.108,0.043,0.04,0.809
ZFOS10,ZFO,0.003,0.02,0.068,0.909
ZFOS11,ZFO,0.018,0.048,0.014,0.919
ZFOS12,ZFO,0.027,0.371,0.064,0.538
ZFOS13,ZFO,0.014,0.009,0.023,0.954
ZFOS14,ZFO,0.014,0.045,0.162,0.779
ZFOS15,ZFO,0.004,0.006,0.008,0.982
ZFOS16,ZFO,0.026,0.011,0.019,0.944
ZFOS17,ZFO,0.005,0.011,0.016,0.967
ZFOS18,ZFO,0.004,0.012,0.011,0.973
ZFOS19,ZFO,0.005,0.009,0.008,0.978
ZFOS20,ZFO,0.007,0.009,0.013,0.971
ZFOS21,ZFO,0.016,0.006,0.012,0.966
ZFOS22,ZFO,0.008,0.01,0.004,0.977
ZFOS23,ZFO,0.003,0.037,0.378,0.583
ZFOS24,ZFO,0.004,0.005,0.005,0.986
ZFOS25,ZFO,0.032,0.005,0.008,0.954
ZFOS26,ZFO,0.13,0.008,0.009,0.853
ZFOS27,ZFO,0.02,0.008,0.007,0.964
ZFOS28,ZFO,0.009,0.019,0.034,0.938
ZFOS29,ZFO,0.01,0.012,0.017,0.962
ZFOS30,ZFO,0.016,0.007,0.012,0.965
ZFOS31,ZFO,0.155,0.064,0.109,0.672
ZFOS32,ZFO,0.014,0.008,0.014,0.964
,,,,,
ZFPB01,ZFBP,0.003,0.983,0.01,0.005
ZFPB02,ZFBP,0.006,0.986,0.004,0.004
ZFPB03,ZFBP,0.008,0.968,0.008,0.016
ZFPB05,ZFBP,0.005,0.988,0.004,0.003
ZFPB06,ZFBP,0.003,0.981,0.01,0.006
ZFPB07,ZFBP,0.007,0.986,0.004,0.003
ZFPB08,ZFBP,0.006,0.981,0.006,0.006
ZFPB10,ZFBP,0.004,0.986,0.005,0.005
ZFPB11,ZFBP,0.003,0.989,0.004,0.004
ZFPB12,ZFBP,0.003,0.988,0.005,0.004
ZFPB13,ZFBP,0.007,0.981,0.007,0.004
ZFPB14,ZFBP,0.007,0.985,0.004,0.004
ZFPB15,ZFBP,0.009,0.981,0.005,0.005
ZFPB17,ZFBP,0.003,0.988,0.005,0.004
ZFPB18,ZFBP,0.004,0.989,0.004,0.003
ZFPB19,ZFBP,0.006,0.973,0.014,0.008
ZFPB20,ZFBP,0.004,0.989,0.004,0.003
ZFPB21,ZFBP,0.008,0.982,0.005,0.005
ZFPB22,ZFBP,0.003,0.989,0.005,0.003
ZFPB23,ZFBP,0.005,0.986,0.006,0.004
,,,,,
ZFSF01,ZFSF,0.004,0.088,0.902,0.006
ZFSF02,ZFSF,0.034,0.442,0.497,0.026
ZFSF03,ZFSF,0.005,0.097,0.893,0.005
ZFSF04,ZFSF,0.006,0.006,0.981,0.007
,,,,,
ZFSW101,ZFSW1,0.047,0.005,0.94,0.008
ZFSW102,ZFSW1,0.007,0.007,0.979,0.007
ZFSW103,ZFSW1,0.027,0.007,0.952,0.014
ZFSW104,ZFSW1,0.026,0.019,0.936,0.019
ZFSW105,ZFSW1,0.021,0.005,0.966,0.008
ZFSW106,ZFSW1,0.03,0.039,0.923,0.009
ZFSW107,ZFSW1,0.007,0.006,0.982,0.005
ZFSW108,ZFSW1,0.003,0.007,0.985,0.005
ZFSW109,ZFSW1,0.006,0.004,0.981,0.008
ZFSW110,ZFSW1,0.023,0.007,0.96,0.011
ZFSW111,ZFSW1,0.076,0.008,0.902,0.014
ZFSW112,ZFSW1,0.016,0.007,0.953,0.024
ZFSW113,ZFSW1,0.034,0.015,0.941,0.01
ZFSW114,ZFSW1,0.008,0.006,0.98,0.007
ZFSW115,ZFSW1,0.01,0.027,0.956,0.007
ZFSW116,ZFSW1,0.021,0.013,0.958,0.008
ZFSW117,ZFSW1,0.039,0.011,0.937,0.013
ZFSW119,ZFSW1,0.004,0.01,0.98,0.006
ZFSW120,ZFSW1,0.002,0.012,0.982,0.004
ZFSW121,ZFSW1,0.029,0.033,0.924,0.014
ZFSW122,ZFSW1,0.01,0.004,0.978,0.008
ZFSW123,ZFSW1,0.004,0.004,0.988,0.004
ZFSW124,ZFSW1,0.004,0.005,0.984,0.006
,,,,,
ZFSW201,ZFSW2,0.003,0.008,0.982,0.006
ZFSW202,ZFSW2,0.004,0.006,0.984,0.006
ZFSW203,ZFSW2,0.004,0.007,0.982,0.007
ZFSW204,ZFSW2,0.004,0.008,0.979,0.009
ZFSW205,ZFSW2,0.005,0.006,0.983,0.006
ZFSW206,ZFSW2,0.005,0.012,0.977,0.006
ZFSW207,ZFSW2,0.008,0.005,0.979,0.007
ZFSW208,ZFSW2,0.005,0.01,0.979,0.006
ZFSW209,ZFSW2,0.006,0.039,0.948,0.006
ZFSW210,ZFSW2,0.018,0.007,0.958,0.017
ZFSW211,ZFSW2,0.009,0.02,0.962,0.009
ZFSW212,ZFSW2,0.006,0.007,0.979,0.008
ZFSW213,ZFSW2,0.004,0.005,0.984,0.007
ZFSW214,ZFSW2,0.006,0.006,0.979,0.009
ZFSW215,ZFSW2,0.004,0.005,0.986,0.006
ZFSW216,ZFSW2,0.008,0.008,0.974,0.009
ZFSW217,ZFSW2,0.004,0.005,0.984,0.007
ZFSW218,ZFSW2,0.005,0.005,0.983,0.007
ZFSW219,ZFSW2,0.009,0.025,0.949,0.016
ZFSW220,ZFSW2,0.005,0.013,0.974,0.008
ZFSW221,ZFSW2,0.006,0.012,0.973,0.008
ZFSW222,ZFSW2,0.003,0.006,0.987,0.004
ZFSW223,ZFSW2,0.004,0.013,0.977,0.006
ZFSW224,ZFSW2,0.006,0.012,0.973,0.009
ZFSW225,ZFSW2,0.005,0.008,0.979,0.008
ZFSW226,ZFSW2,0.005,0.005,0.984,0.005
ZFSW227,ZFSW2,0.005,0.006,0.983,0.007
ZFSW229,ZFSW2,0.005,0.009,0.98,0.006
ZFSW230,ZFSW2,0.01,0.006,0.977,0.007
ZFSW231,ZFSW2,0.005,0.013,0.975,0.007
ZFSW232,ZFSW2,0.004,0.008,0.982,0.005
ZFSW233,ZFSW2,0.005,0.014,0.975,0.006
ZFSW234,ZFSW2,0.004,0.004,0.987,0.005
ZFSW235,ZFSW2,0.005,0.009,0.974,0.011
ZFSW236,ZFSW2,0.005,0.004,0.986,0.006
ZFSW237,ZFSW2,0.005,0.008,0.977,0.01
ZFSW238,ZFSW2,0.039,0.095,0.823,0.043
ZFSW239,ZFSW2,0.007,0.005,0.984,0.004
ZFSW240,ZFSW2,0.004,0.007,0.984,0.005
,,,,,
ZFTS01,ZFTS,0.004,0.017,0.975,0.003
ZFTS02,ZFTS,0.007,0.008,0.979,0.005
ZFTS03,ZFTS,0.005,0.006,0.984,0.005
ZFTS04,ZFTS,0.004,0.016,0.975,0.004
ZFTS05,ZFTS,0.006,0.225,0.762,0.008
ZFTS07,ZFTS,0.004,0.067,0.925,0.004
ZFTS08,ZFTS,0.003,0.01,0.983,0.004
ZFTS09,ZFTS,0.003,0.021,0.973,0.004
ZFTS10,ZFTS,0.004,0.007,0.985,0.004
ZFTS11,ZFTS,0.004,0.011,0.981,0.004
ZFTS12,ZFTS,0.004,0.02,0.97,0.006
ZFTS14,ZFTS,0.005,0.047,0.943,0.004
ZFTS15,ZFTS,0.006,0.055,0.935,0.004
ZFTS16,ZFTS,0.006,0.008,0.981,0.005
ZFTS17,ZFTS,0.005,0.03,0.959,0.007
ZFTS18,ZFTS,0.003,0.006,0.987,0.004
ZFTS19,ZFTS,0.003,0.007,0.986,0.004
ZFTS20,ZFTS,0.003,0.014,0.977,0.006
ZFTS21,ZFTS,0.003,0.022,0.971,0.004
ZFTS22,ZFTS,0.003,0.019,0.974,0.004
ZFTS23,ZFTS,0.006,0.018,0.97,0.006
ZFTS24,ZFTS,0.003,0.007,0.984,0.005
ZFTS25,ZFTS,0.007,0.025,0.964,0.003
ZFTS26,ZFTS,0.002,0.005,0.989,0.003
ZFTS27,ZFTS,0.006,0.047,0.941,0.006
ZFTS28,ZFTS,0.01,0.273,0.704,0.013
ZFTS29,ZFTS,0.003,0.035,0.958,0.005
ZFTS30,ZFTS,0.004,0.054,0.938,0.005
ZFTS31,ZFTS,0.005,0.029,0.958,0.007
ZFTS32,ZFTS,0.005,0.027,0.964,0.005
ZFTS33,ZFTS,0.007,0.027,0.96,0.006
ZFTS34,ZFTS,0.005,0.009,0.983,0.004
ZFTS35,ZFTS,0.005,0.006,0.985,0.004
ZFTS36,ZFTS,0.004,0.018,0.973,0.004
ZFTS37,ZFTS,0.005,0.01,0.98,0.005
ZFTS38,ZFTS,0.005,0.019,0.971,0.006
ZFTS39,ZFTS,0.004,0.013,0.978,0.005
ZFTS40,ZFTS,0.014,0.046,0.932,0.007
,,,,,
ZFTSP101,ZFTSP1,0.927,0.005,0.004,0.063
ZFTSP102,ZFTSP1,0.042,0.007,0.007,0.945
ZFTSP103,ZFTSP1,0.032,0.005,0.004,0.959
ZFTSP104,ZFTSP1,0.987,0.005,0.003,0.005
ZFTSP105,ZFTSP1,0.24,0.006,0.006,0.748
ZFTSP106,ZFTSP1,0.979,0.008,0.004,0.009
ZFTSP107,ZFTSP1,0.894,0.01,0.004,0.093
ZFTSP108,ZFTSP1,0.956,0.009,0.003,0.031
ZFTSP109,ZFTSP1,0.969,0.014,0.004,0.013
ZFTSP110,ZFTSP1,0.975,0.007,0.004,0.013
ZFTSP111,ZFTSP1,0.973,0.004,0.004,0.019
ZFTSP112,ZFTSP1,0.92,0.005,0.005,0.069
ZFTSP113,ZFTSP1,0.973,0.009,0.005,0.013
ZFTSP114,ZFTSP1,0.955,0.006,0.003,0.036
ZFTSP115,ZFTSP1,0.964,0.006,0.003,0.027
ZFTSP116,ZFTSP1,0.914,0.008,0.004,0.074
ZFTSP117,ZFTSP1,0.984,0.004,0.004,0.009
ZFTSP118,ZFTSP1,0.872,0.005,0.005,0.117
ZFTSP119,ZFTSP1,0.909,0.041,0.038,0.012
ZFTSP120,ZFTSP1,0.958,0.003,0.005,0.034
ZFTSP121,ZFTSP1,0.608,0.061,0.02,0.311
ZFTSP122,ZFTSP1,0.811,0.005,0.003,0.181
ZFTSP123,ZFTSP1,0.986,0.005,0.003,0.007
ZFTSP124,ZFTSP1,0.981,0.005,0.002,0.012
ZFTSP125,ZFTSP1,0.985,0.005,0.003,0.007
ZFTSP126,ZFTSP1,0.973,0.008,0.004,0.015
ZFTSP127,ZFTSP1,0.981,0.005,0.003,0.011
ZFTSP128,ZFTSP1,0.942,0.005,0.003,0.049
ZFTSP129,ZFTSP1,0.967,0.004,0.003,0.025
ZFTSP130,ZFTSP1,0.976,0.005,0.002,0.016
ZFTSP131,ZFTSP1,0.978,0.004,0.003,0.016
ZFTSP132,ZFTSP1,0.949,0.007,0.006,0.038
ZFTSP133,ZFTSP1,0.956,0.003,0.003,0.038
ZFTSP134,ZFTSP1,0.95,0.005,0.003,0.041
ZFTSP135,ZFTSP1,0.947,0.004,0.004,0.045
ZFTSP136,ZFTSP1,0.968,0.004,0.005,0.023
ZFTSP137,ZFTSP1,0.896,0.031,0.011,0.061
ZFTSP138,ZFTSP1,0.974,0.006,0.003,0.017
ZFTSP139,ZFTSP1,0.986,0.003,0.003,0.008
ZFTSP140,ZFTSP1,0.896,0.012,0.005,0.087
ZFTSP141,ZFTSP1,0.794,0.009,0.007,0.19
ZFTSP142,ZFTSP1,0.44,0.01,0.005,0.545
ZFTSP143,ZFTSP1,0.963,0.004,0.005,0.028
ZFTSP144,ZFTSP1,0.799,0.006,0.008,0.187
ZFTSP145,ZFTSP1,0.521,0.004,0.004,0.472
,,,,,
ZFTSP201,ZFTSP2,0.975,0.007,0.004,0.013
ZFTSP202,ZFTSP2,0.788,0.019,0.005,0.189
ZFTSP203,ZFTSP2,0.98,0.005,0.005,0.01
ZFTSP204,ZFTSP2,0.962,0.004,0.006,0.028
ZFTSP205,ZFTSP2,0.903,0.011,0.007,0.08
ZFTSP206,ZFTSP2,0.972,0.006,0.006,0.016
ZFTSP207,ZFTSP2,0.984,0.004,0.006,0.005
ZFTSP208,ZFTSP2,0.973,0.005,0.009,0.013
ZFTSP209,ZFTSP2,0.971,0.004,0.004,0.022
ZFTSP210,ZFTSP2,0.986,0.004,0.004,0.006
ZFTSP211,ZFTSP2,0.942,0.009,0.006,0.044
ZFTSP212,ZFTSP2,0.988,0.003,0.003,0.007
ZFTSP213,ZFTSP2,0.978,0.008,0.003,0.011
ZFTSP214,ZFTSP2,0.102,0.005,0.004,0.889
ZFTSP215,ZFTSP2,0.838,0.005,0.004,0.153
ZFTSP216,ZFTSP2,0.721,0.059,0.018,0.203
ZFTSP217,ZFTSP2,0.983,0.007,0.003,0.006
ZFTSP218,ZFTSP2,0.977,0.007,0.005,0.011
ZFTSP219,ZFTSP2,0.909,0.007,0.007,0.077
ZFTSP220,ZFTSP2,0.917,0.023,0.008,0.051
ZFTSP221,ZFTSP2,0.971,0.008,0.005,0.017
ZFTSP222,ZFTSP2,0.818,0.163,0.008,0.01
ZFTSP223,ZFTSP2,0.977,0.004,0.003,0.016
ZFTSP224,ZFTSP2,0.688,0.006,0.003,0.304
ZFTSP225,ZFTSP2,0.977,0.006,0.005,0.013
ZFTSP226,ZFTSP2,0.836,0.007,0.004,0.154
ZFTSP227,ZFTSP2,0.965,0.018,0.005,0.012
ZFTSP228,ZFTSP2,0.714,0.018,0.007,0.261
,,,,,
ZFW01,ZFW,0.006,0.005,0.985,0.005
ZFW02,ZFW,0.005,0.007,0.984,0.004
ZFW03,ZFW,0.005,0.005,0.986,0.004
ZFW04,ZFW,0.003,0.005,0.987,0.004
ZFW05,ZFW,0.018,0.135,0.792,0.056
ZFW06,ZFW,0.004,0.018,0.973,0.005
ZFWB01,ZFWB,0.071,0.855,0.039,0.035
ZFWB02,ZFWB,0.018,0.668,0.282,0.032
ZFWB03,ZFWB,0.024,0.925,0.021,0.03
ZFWB05,ZFWB,0.088,0.758,0.139,0.015
ZFWB06,ZFWB,0.069,0.752,0.144,0.034
ZFWB07,ZFWB,0.017,0.958,0.009,0.016
ZFWB10,ZFWB,0.134,0.666,0.174,0.026
ZFWB11,ZFWB,0.013,0.966,0.008,0.013
ZFWB12,ZFWB,0.037,0.835,0.033,0.095
ZFWB13,ZFWB,0.08,0.652,0.014,0.254
ZFWB14,ZFWB,0.059,0.903,0.02,0.018
ZFWB15,ZFWB,0.051,0.806,0.123,0.021
ZFWB18,ZFWB,0.028,0.949,0.005,0.017
ZFWB19,ZFWB,0.006,0.967,0.019,0.007
ZFWB20,ZFWB,0.011,0.969,0.013,0.007
ZFWB21,ZFWB,0.017,0.953,0.01,0.02
ZFWB22,ZFWB,0.045,0.833,0.087,0.035
ZFWB23,ZFWB,0.382,0.346,0.034,0.239
ZFWB24,ZFWB,0.046,0.912,0.025,0.017
ZFWB25,ZFWB,0.038,0.842,0.108,0.012
ZFWB26,ZFWB,0.01,0.965,0.018,0.007
ZFWB27,ZFWB,0.014,0.959,0.015,0.012
ZFWB29,ZFWB,0.014,0.852,0.119,0.016
ZFWB30,ZFWB,0.015,0.954,0.009,0.023
ZFWB31,ZFWB,0.027,0.947,0.006,0.02
ZFWB32,ZFWB,0.014,0.936,0.034,0.015
ZFWB35,ZFWB,0.012,0.968,0.005,0.015
ZFWB36,ZFWB,0.016,0.95,0.016,0.018
ZFWB37,ZFWB,0.015,0.958,0.01,0.016
ZFWB38,ZFWB,0.016,0.953,0.023,0.008
ZFWB39,ZFWB,0.034,0.914,0.009,0.044
ZFWB40,ZFWB,0.025,0.931,0.008,0.035
ZFWB41,ZFWB,0.041,0.896,0.023,0.04
ZFWB42,ZFWB,0.027,0.949,0.008,0.016
ZFWB43,ZFWB,0.009,0.977,0.006,0.008
ZFWB44,ZFWB,0.007,0.891,0.092,0.009
ZFWB46,ZFWB,0.01,0.964,0.014,0.012
ZFWB47,ZFWB,0.025,0.892,0.063,0.021
ZFWB48,ZFWB,0.034,0.933,0.007,0.025
ZFWB49,ZFWB,0.263,0.706,0.011,0.02
,,,,,
ZCF01,ZCF,0.005,0.969,0.015,0.011
ZCF02,ZCF,0.004,0.873,0.118,0.005
ZCF03,ZCF,0.005,0.979,0.01,0.006
ZCF04,ZCF,0.005,0.986,0.005,0.004
ZCF05,ZCF,0.003,0.833,0.158,0.005
ZCF06,ZCF,0.013,0.927,0.005,0.055
ZCF07,ZCF,0.004,0.974,0.015,0.007
ZCF08,ZCF,0.006,0.981,0.005,0.007
ZCF09,ZCF,0.197,0.707,0.006,0.09
ZCF10,ZCF,0.016,0.958,0.013,0.013
ZCF11,ZCF,0.009,0.973,0.012,0.007
ZCF12,ZCF,0.003,0.982,0.011,0.004
ZCF13,ZCF,0.007,0.978,0.01,0.005
ZCF14,ZCF,0.024,0.903,0.055,0.017
ZCF15,ZCF,0.003,0.983,0.007,0.007
ZCF16,ZCF,0.004,0.98,0.007,0.009
ZCF17,ZCF,0.004,0.983,0.007,0.006
ZCF18,ZCF,0.006,0.977,0.011,0.005
ZCF19,ZCF,0.004,0.965,0.025,0.006
ZCF20,ZCF,0.013,0.964,0.015,0.008
ZCF21,ZCF,0.005,0.976,0.012,0.008
ZCF22,ZCF,0.008,0.944,0.033,0.014
ZCF23,ZCF,0.007,0.976,0.013,0.005
ZCF24,ZCF,0.024,0.93,0.004,0.042
ZCF25,ZCF,0.009,0.977,0.005,0.009
ZCF26,ZCF,0.008,0.947,0.007,0.038
ZCF27,ZCF,0.004,0.98,0.01,0.006
ZCF28,ZCF,0.004,0.973,0.015,0.008
ZCF29,ZCF,0.021,0.953,0.009,0.017
ZCF30,ZCF,0.004,0.983,0.006,0.008
ZCF31,ZCF,0.005,0.98,0.011,0.004
ZCF32,ZCF,0.006,0.894,0.093,0.007
ZCF33,ZCF,0.004,0.88,0.111,0.004
ZCF34,ZCF,0.108,0.869,0.013,0.009
ZCF35,ZCF,0.008,0.982,0.005,0.005
ZCF36,ZCF,0.017,0.697,0.278,0.008
ZCF37,ZCF,0.008,0.966,0.02,0.006
ZCF38,ZCF,0.008,0.98,0.005,0.007
ZCF39,ZCF,0.631,0.352,0.011,0.006
ZCF40,ZCF,0.012,0.964,0.006,0.018
ZCF41,ZCF,0.004,0.96,0.023,0.013
ZCF42,ZCF,0.009,0.947,0.006,0.039
