

----------------------------------------------------
STRUCTURE by Pritchard, Stephens and Donnelly (2000)
     and Falush, Stephens and Pritchard (2003)
       Code by Pritchard, Falush and Hubisz
             Version 2.3.4 (Jul 2012)
----------------------------------------------------



Command line arguments:   bin\structure -m C:\Users\eschumacher\Documents\GitHub\GCC_QUAC_ZAIN\Data_Files\Structure_Files\QUAC\QUAC_nopopinfo_wild\50-50\mainparams -e C:\Users\eschumacher\Documents\GitHub\GCC_QUAC_ZAIN\Data_Files\Structure_Files\QUAC\QUAC_nopopinfo_wild\50-50\extraparams 
Input File:    C:\Users\eschumacher\Documents\GitHub\GCC_QUAC_ZAIN\Data_Files\Structure_Files\QUAC\QUAC_nopopinfo_wild\project_data

Run parameters:
   172 individuals
   15 loci
   4 populations assumed
   50000 Burn-in period
   50000 Reps


--------------------------------------------
Overall proportion of membership of the
sample in each of the 4 clusters

Inferred Clusters
  1      2      3      4    
0.269  0.196  0.225  0.309  

--------------------------------------------

Allele-freq. divergence among pops (Net nucleotide distance),
computed using point estimates of P.

      1       2       3       4      
 1      -    0.0625  0.0429  0.0380  
 2   0.0625     -    0.0722  0.0769  
 3   0.0429  0.0722     -    0.0492  
 4   0.0380  0.0769  0.0492     -    

Average distances (expected heterozygosity) between individuals in same cluster:
cluster  1  : 0.6021 
cluster  2  : 0.5269 
cluster  3  : 0.5507 
cluster  4  : 0.5586 

--------------------------------------------
Estimated Ln Prob of Data   = -6559.2
Mean value of ln likelihood = -6401.3
Variance of ln likelihood   = 315.9
Mean value of alpha         = 0.0422

Mean value of Fst_1         = 0.0541
Mean value of Fst_2         = 0.1803
Mean value of Fst_3         = 0.1173
Mean value of Fst_4         = 0.1074


Inferred ancestry of individuals:
        Label (%Miss) :  Inferred clusters
  1 QAc-W-0001    (0)   :  0.006 0.005 0.985 0.005 
  2 QAc-W-0002    (0)   :  0.092 0.006 0.865 0.037 
  3 QAc-W-0003    (0)   :  0.033 0.038 0.923 0.006 
  4 QAc-W-0004    (0)   :  0.005 0.008 0.982 0.006 
  5 QAc-W-0005    (0)   :  0.005 0.004 0.984 0.007 
  6 QAc-W-0006    (0)   :  0.005 0.006 0.983 0.006 
  7 QAc-W-0007   (13)   :  0.005 0.005 0.983 0.007 
  8 QAc-W-0008    (6)   :  0.007 0.004 0.978 0.011 
  9 QAc-W-0009    (0)   :  0.427 0.021 0.333 0.220 
 10 QAc-W-0010    (0)   :  0.031 0.007 0.929 0.034 
 11 QAc-W-0011    (0)   :  0.051 0.013 0.928 0.008 
 12 QAc-W-0012    (0)   :  0.007 0.005 0.979 0.009 
 13 QAc-W-0013    (0)   :  0.549 0.113 0.328 0.009 
 14 QAc-W-0014    (0)   :  0.008 0.005 0.969 0.019 
 15 QAc-W-0015    (0)   :  0.787 0.032 0.142 0.040 
 16 QAc-W-0016    (0)   :  0.019 0.037 0.903 0.041 
 17 QAc-W-0017    (0)   :  0.735 0.046 0.099 0.121 
 18 QAc-W-0018    (0)   :  0.041 0.063 0.876 0.021 
 19 QAc-W-0019    (0)   :  0.008 0.008 0.971 0.014 
 20 QAc-W-0020    (0)   :  0.016 0.003 0.976 0.005 
 21 QAc-W-0021    (0)   :  0.015 0.216 0.747 0.022 
 22 QAc-W-0022    (0)   :  0.407 0.071 0.346 0.176 
 23 QAc-W-0023    (6)   :  0.064 0.050 0.688 0.198 
 24 QAc-W-0024    (0)   :  0.025 0.192 0.771 0.012 
 25 QAc-W-0025    (0)   :  0.007 0.015 0.958 0.019 
 26 QAc-W-0026    (0)   :  0.021 0.029 0.926 0.024 
 27 QAc-W-0027    (0)   :  0.008 0.007 0.977 0.009 
 28 QAc-W-0028    (0)   :  0.017 0.004 0.974 0.006 
 29 QAc-W-0029    (0)   :  0.019 0.009 0.965 0.007 
 30 QAc-W-0030    (0)   :  0.245 0.017 0.730 0.009 
 31 QAc-W-0031    (0)   :  0.006 0.037 0.953 0.005 
 32 QAc-W-0032    (0)   :  0.004 0.004 0.982 0.009 
 33 QAc-W-0033    (0)   :  0.032 0.018 0.861 0.089 
 34 QAc-W-0034    (0)   :  0.010 0.008 0.971 0.012 
 35 QAc-W-0035    (0)   :  0.069 0.018 0.873 0.040 
 36 QAc-W-0036    (0)   :  0.007 0.005 0.981 0.007 
 37 QAc-W-0037    (0)   :  0.021 0.016 0.944 0.019 
 38 QAc-W-0038    (0)   :  0.114 0.006 0.871 0.009 
 39 QAc-W-0039    (0)   :  0.023 0.016 0.955 0.006 
 40 QAc-W-0040    (0)   :  0.008 0.020 0.781 0.191 
 41 QAc-W-0041    (0)   :  0.026 0.139 0.820 0.015 
 42 QAc-W-0042    (0)   :  0.971 0.009 0.012 0.008 
 43 QAc-W-0043    (0)   :  0.978 0.007 0.007 0.008 
 44 QAc-W-0044    (0)   :  0.951 0.005 0.024 0.020 
 45 QAc-W-0045    (0)   :  0.977 0.006 0.008 0.009 
 46 QAc-W-0046    (0)   :  0.978 0.008 0.007 0.007 
 47 QAc-W-0047    (0)   :  0.969 0.003 0.014 0.013 
 48 QAc-W-0048    (0)   :  0.968 0.008 0.017 0.008 
 49 QAc-W-0049    (0)   :  0.969 0.011 0.011 0.009 
 50 QAc-W-0050    (0)   :  0.961 0.009 0.006 0.024 
 51 QAc-W-0051    (0)   :  0.927 0.023 0.043 0.008 
 52 QAc-W-0052    (0)   :  0.544 0.008 0.432 0.016 
 53 QAc-W-0053    (0)   :  0.942 0.009 0.022 0.027 
 54 QAc-W-0054    (0)   :  0.968 0.009 0.008 0.015 
 55 QAc-W-0055    (0)   :  0.968 0.013 0.006 0.013 
 56 QAc-W-0056    (0)   :  0.848 0.028 0.109 0.014 
 57 QAc-W-0057    (0)   :  0.962 0.019 0.010 0.008 
 58 QAc-W-0058    (0)   :  0.955 0.033 0.007 0.005 
 59 QAc-W-0059    (0)   :  0.979 0.004 0.010 0.007 
 60 QAc-W-0060    (0)   :  0.979 0.006 0.006 0.009 
 61 QAc-W-0061    (0)   :  0.958 0.005 0.017 0.020 
 62 QAc-W-0062    (0)   :  0.955 0.022 0.005 0.018 
 63 QAc-W-0063    (0)   :  0.740 0.188 0.039 0.033 
 64 QAc-W-0064    (0)   :  0.955 0.025 0.007 0.013 
 65 QAc-W-0065    (0)   :  0.968 0.011 0.007 0.014 
 66 QAc-W-0066    (0)   :  0.942 0.043 0.010 0.005 
 67 QAc-W-0067    (0)   :  0.918 0.047 0.007 0.028 
 68 QAc-W-0068    (0)   :  0.972 0.015 0.008 0.005 
 69 QAc-W-0069    (0)   :  0.950 0.030 0.015 0.005 
 70 QAc-W-0070    (0)   :  0.983 0.006 0.005 0.006 
 71 QAc-W-0071    (6)   :  0.977 0.011 0.006 0.007 
 72 QAc-W-0072    (0)   :  0.876 0.007 0.019 0.097 
 73 QAc-W-0073    (0)   :  0.963 0.012 0.011 0.013 
 74 QAc-W-0074    (0)   :  0.968 0.010 0.008 0.014 
 75 QAc-W-0075    (0)   :  0.978 0.013 0.004 0.005 
 76 QAc-W-0076    (0)   :  0.958 0.008 0.004 0.030 
 77 QAc-W-0077    (0)   :  0.977 0.005 0.012 0.006 
 78 QAc-W-0078    (0)   :  0.016 0.870 0.065 0.049 
 79 QAc-W-0079    (6)   :  0.007 0.979 0.007 0.007 
 80 QAc-W-0080   (13)   :  0.007 0.949 0.038 0.006 
 81 QAc-W-0081    (0)   :  0.005 0.983 0.007 0.005 
 82 QAc-W-0082    (0)   :  0.281 0.699 0.014 0.006 
 83 QAc-W-0083    (0)   :  0.011 0.968 0.009 0.012 
 84 QAc-W-0084    (0)   :  0.004 0.986 0.006 0.004 
 85 QAc-W-0085    (0)   :  0.006 0.978 0.004 0.012 
 86 QAc-W-0086    (0)   :  0.006 0.979 0.007 0.008 
 87 QAc-W-0087    (0)   :  0.004 0.984 0.005 0.007 
 88 QAc-W-0088    (0)   :  0.007 0.983 0.005 0.005 
 89 QAc-W-0089    (0)   :  0.008 0.980 0.007 0.005 
 90 QAc-W-0090    (0)   :  0.006 0.984 0.006 0.004 
 91 QAc-W-0091    (0)   :  0.004 0.983 0.006 0.006 
 92 QAc-W-0092    (0)   :  0.027 0.813 0.145 0.016 
 93 QAc-W-0093    (0)   :  0.031 0.832 0.084 0.053 
 94 QAc-W-0094    (0)   :  0.019 0.896 0.072 0.014 
 95 QAc-W-0095    (0)   :  0.008 0.968 0.018 0.006 
 96 QAc-W-0096    (0)   :  0.043 0.907 0.034 0.016 
 97 QAc-W-0097    (0)   :  0.078 0.717 0.195 0.010 
 98 QAc-W-0098    (0)   :  0.007 0.980 0.008 0.005 
 99 QAc-W-0099    (0)   :  0.013 0.902 0.011 0.074 
100 QAc-W-0100    (0)   :  0.004 0.987 0.004 0.005 
101 QAc-W-0101    (0)   :  0.005 0.981 0.007 0.007 
102 QAc-W-0104    (0)   :  0.012 0.967 0.006 0.015 
103 QAc-W-0105    (0)   :  0.005 0.986 0.005 0.004 
104 QAc-W-0106    (0)   :  0.006 0.979 0.008 0.006 
105 QAc-W-0107    (0)   :  0.021 0.962 0.008 0.009 
106 QAc-W-0108    (0)   :  0.018 0.966 0.006 0.010 
107 QAc-W-0109    (0)   :  0.032 0.949 0.012 0.007 
108 QAc-W-0110   (13)   :  0.006 0.308 0.676 0.010 
109 QAc-W-0111    (6)   :  0.008 0.981 0.006 0.006 
110 QAc-W-0112   (13)   :  0.006 0.975 0.010 0.010 
111 QAc-W-0113   (13)   :  0.008 0.007 0.014 0.972 
112 QAc-W-0114   (13)   :  0.012 0.022 0.010 0.957 
113 QAc-W-0115    (0)   :  0.005 0.009 0.012 0.974 
114 QAc-W-0116    (0)   :  0.009 0.006 0.013 0.972 
115 QAc-W-0117    (0)   :  0.005 0.003 0.005 0.986 
116 QAc-W-0118    (0)   :  0.021 0.020 0.007 0.953 
117 QAc-W-0119    (0)   :  0.013 0.008 0.008 0.971 
118 QAc-W-0120    (0)   :  0.012 0.010 0.011 0.967 
119 QAc-W-0121    (0)   :  0.021 0.004 0.007 0.968 
120 QAc-W-0122    (0)   :  0.015 0.005 0.018 0.961 
121 QAc-W-0123    (6)   :  0.032 0.016 0.008 0.944 
122 QAc-W-0124    (0)   :  0.020 0.107 0.058 0.814 
123 QAc-W-0125    (0)   :  0.010 0.019 0.009 0.962 
124 QAc-W-0126   (13)   :  0.028 0.035 0.012 0.924 
125 QAc-W-0127    (6)   :  0.007 0.006 0.009 0.979 
126 QAc-W-0128   (13)   :  0.010 0.057 0.023 0.911 
127 QAc-W-0129   (13)   :  0.013 0.007 0.070 0.910 
128 QAc-W-0130   (13)   :  0.005 0.008 0.032 0.955 
129 QAc-W-0131    (0)   :  0.010 0.010 0.009 0.971 
130 QAc-W-0132    (6)   :  0.032 0.015 0.017 0.936 
131 QAc-W-0133    (6)   :  0.048 0.252 0.011 0.689 
132 QAc-W-0134    (0)   :  0.006 0.005 0.005 0.984 
133 QAc-W-0135    (0)   :  0.014 0.007 0.059 0.920 
134 QAc-W-0136    (0)   :  0.005 0.004 0.006 0.985 
135 QAc-W-0137    (0)   :  0.005 0.003 0.004 0.987 
136 QAc-W-0138    (0)   :  0.005 0.004 0.006 0.986 
137 QAc-W-0139    (0)   :  0.045 0.146 0.090 0.719 
138 QAc-W-0140    (0)   :  0.030 0.010 0.030 0.929 
139 QAc-W-0141    (6)   :  0.137 0.015 0.078 0.770 
140 QAc-W-0142    (0)   :  0.008 0.005 0.005 0.983 
141 QAc-W-0143    (0)   :  0.009 0.010 0.010 0.971 
142 QAc-W-0144    (0)   :  0.029 0.008 0.010 0.953 
143 QAc-W-0145    (0)   :  0.008 0.003 0.005 0.984 
144 QAc-W-0146    (0)   :  0.006 0.008 0.012 0.975 
145 QAc-W-0147    (0)   :  0.005 0.005 0.005 0.985 
146 QAc-W-0148    (0)   :  0.007 0.004 0.008 0.981 
147 QAc-W-0149    (0)   :  0.022 0.013 0.017 0.948 
148 QAc-W-0150    (0)   :  0.011 0.016 0.066 0.906 
149 QAc-W-0151    (0)   :  0.007 0.009 0.014 0.970 
150 QAc-W-0152    (0)   :  0.009 0.004 0.005 0.981 
151 QAc-W-0153    (0)   :  0.717 0.086 0.032 0.165 
152 QAc-W-0154    (0)   :  0.010 0.007 0.093 0.889 
153 QAc-W-0155    (0)   :  0.007 0.004 0.007 0.983 
154 QAc-W-0156    (0)   :  0.006 0.056 0.077 0.861 
155 QAc-W-0157    (0)   :  0.039 0.005 0.011 0.946 
156 QAc-W-0158    (0)   :  0.011 0.054 0.049 0.886 
157 QAc-W-0159    (0)   :  0.006 0.006 0.016 0.972 
158 QAc-W-0160    (0)   :  0.006 0.006 0.021 0.967 
159 QAc-W-0161    (0)   :  0.008 0.008 0.044 0.940 
160 QAc-W-0162    (0)   :  0.131 0.007 0.005 0.857 
161 QAc-W-0163    (0)   :  0.020 0.004 0.007 0.969 
162 QAc-W-0164    (0)   :  0.022 0.007 0.006 0.965 
163 QAc-W-0165    (0)   :  0.018 0.004 0.007 0.971 
164 QAc-W-0166    (0)   :  0.011 0.007 0.044 0.938 
165 QAc-W-0167    (0)   :  0.955 0.024 0.012 0.009 
166 QAc-W-0168    (0)   :  0.742 0.011 0.043 0.204 
167 QAc-W-0169    (0)   :  0.774 0.006 0.199 0.022 
168 QAc-W-0170    (0)   :  0.757 0.020 0.195 0.028 
169 QAc-W-0171    (0)   :  0.955 0.022 0.014 0.009 
170 QAc-W-0172    (0)   :  0.129 0.069 0.338 0.465 
171 QAc-W-0173    (0)   :  0.847 0.010 0.096 0.047 
172 QAc-W-0174    (0)   :  0.916 0.006 0.017 0.062 


Estimated Allele Frequencies in each cluster
First column gives estimated ancestral frequencies


Locus 1 : 
15 alleles
0.0% missing data
 200   (0.217) 0.246 0.119 0.449 0.211 
 208   (0.063) 0.041 0.039 0.135 0.005 
 210   (0.116) 0.111 0.152 0.037 0.174 
 212   (0.123) 0.079 0.299 0.131 0.080 
 218   (0.078) 0.022 0.077 0.074 0.136 
 224   (0.054) 0.156 0.004 0.038 0.004 
 206   (0.031) 0.005 0.002 0.014 0.019 
 202   (0.053) 0.013 0.089 0.079 0.013 
 216   (0.053) 0.014 0.094 0.016 0.091 
 222   (0.030) 0.005 0.002 0.006 0.199 
 214   (0.060) 0.164 0.004 0.006 0.047 
 232   (0.027) 0.050 0.002 0.002 0.002 
 226   (0.039) 0.032 0.112 0.004 0.005 
 228   (0.025) 0.040 0.002 0.002 0.002 
 220   (0.031) 0.021 0.002 0.006 0.010 

Locus 2 : 
13 alleles
0.0% missing data
 171   (0.163) 0.166 0.127 0.314 0.076 
 187   (0.067) 0.080 0.005 0.096 0.011 
 173   (0.186) 0.207 0.072 0.188 0.200 
 189   (0.051) 0.013 0.004 0.217 0.024 
 175   (0.086) 0.055 0.123 0.079 0.023 
 181   (0.108) 0.165 0.464 0.063 0.010 
 179   (0.090) 0.161 0.007 0.013 0.272 
 185   (0.080) 0.044 0.088 0.008 0.220 
 177   (0.055) 0.083 0.004 0.005 0.063 
 183   (0.049) 0.013 0.047 0.005 0.084 
 191   (0.022) 0.004 0.056 0.002 0.002 
 169   (0.020) 0.004 0.001 0.002 0.010 
 167   (0.022) 0.005 0.002 0.006 0.005 

Locus 3 : 
4 alleles
5.8% missing data
 206   (0.886) 0.928 0.955 0.825 0.988 
 208   (0.059) 0.043 0.004 0.169 0.005 
 204   (0.030) 0.010 0.037 0.003 0.003 
 212   (0.026) 0.019 0.004 0.003 0.004 

Locus 4 : 
10 alleles
7.6% missing data
 161   (0.403) 0.548 0.097 0.554 0.474 
 157   (0.025) 0.004 0.002 0.063 0.002 
 167   (0.159) 0.120 0.051 0.191 0.160 
 163   (0.176) 0.171 0.033 0.135 0.294 
 153   (0.022) 0.004 0.002 0.013 0.002 
 165   (0.097) 0.120 0.552 0.027 0.012 
 177   (0.032) 0.009 0.053 0.006 0.004 
 169   (0.032) 0.014 0.018 0.003 0.003 
 173   (0.028) 0.005 0.189 0.003 0.002 
 159   (0.027) 0.005 0.003 0.004 0.048 

Locus 5 : 
16 alleles
0.0% missing data
 166   (0.052) 0.065 0.010 0.054 0.004 
 140   (0.087) 0.039 0.013 0.186 0.192 
 146   (0.090) 0.181 0.154 0.037 0.013 
 152   (0.052) 0.009 0.004 0.287 0.098 
 148   (0.117) 0.081 0.450 0.119 0.057 
 144   (0.131) 0.229 0.015 0.135 0.147 
 150   (0.050) 0.066 0.009 0.089 0.004 
 138   (0.106) 0.080 0.172 0.022 0.268 
 154   (0.071) 0.095 0.005 0.018 0.149 
 158   (0.067) 0.063 0.049 0.020 0.021 
 160   (0.042) 0.026 0.032 0.011 0.004 
 142   (0.029) 0.014 0.002 0.003 0.019 
 162   (0.035) 0.024 0.072 0.003 0.003 
 156   (0.026) 0.013 0.010 0.008 0.002 
 164   (0.023) 0.005 0.002 0.004 0.016 
 134   (0.022) 0.011 0.001 0.004 0.002 

Locus 6 : 
11 alleles
0.0% missing data
 235   (0.287) 0.261 0.404 0.274 0.439 
 237   (0.152) 0.169 0.018 0.191 0.215 
 233   (0.095) 0.055 0.110 0.405 0.014 
 239   (0.101) 0.208 0.019 0.031 0.035 
 243   (0.030) 0.008 0.002 0.005 0.049 
 229   (0.037) 0.009 0.231 0.016 0.003 
 245   (0.075) 0.063 0.005 0.037 0.099 
 225   (0.070) 0.047 0.088 0.019 0.022 
 241   (0.076) 0.041 0.118 0.013 0.067 
 227   (0.035) 0.113 0.002 0.005 0.003 
 231   (0.041) 0.024 0.003 0.005 0.054 

Locus 7 : 
5 alleles
0.0% missing data
 118   (0.890) 0.926 0.980 0.957 0.992 
 124   (0.028) 0.008 0.002 0.034 0.002 
 116   (0.034) 0.033 0.015 0.003 0.003 
 114   (0.026) 0.022 0.002 0.002 0.002 
 122   (0.022) 0.011 0.001 0.004 0.002 

Locus 8 : 
5 alleles
0.0% missing data
 139   (0.768) 0.906 0.856 0.881 0.669 
 137   (0.153) 0.080 0.139 0.109 0.224 
 143   (0.028) 0.005 0.002 0.003 0.062 
 141   (0.023) 0.004 0.002 0.002 0.019 
 135   (0.027) 0.005 0.002 0.005 0.025 

Locus 9 : 
10 alleles
0.0% missing data
 116   (0.288) 0.192 0.391 0.495 0.370 
 114   (0.175) 0.115 0.061 0.330 0.216 
 118   (0.120) 0.055 0.487 0.056 0.159 
 122   (0.067) 0.225 0.005 0.017 0.009 
 130   (0.030) 0.048 0.002 0.005 0.002 
 112   (0.128) 0.141 0.036 0.039 0.170 
 126   (0.049) 0.078 0.009 0.014 0.004 
 128   (0.038) 0.032 0.003 0.016 0.004 
 120   (0.050) 0.023 0.003 0.021 0.029 
 124   (0.057) 0.091 0.004 0.006 0.038 

Locus 10 : 
3 alleles
0.0% missing data
 232   (0.852) 0.882 0.975 0.924 0.849 
 238   (0.115) 0.106 0.009 0.071 0.148 
 244   (0.033) 0.012 0.016 0.005 0.003 

Locus 11 : 
5 alleles
0.0% missing data
 165   (0.760) 0.755 0.843 0.893 0.898 
 161   (0.066) 0.094 0.005 0.068 0.008 
 167   (0.129) 0.142 0.148 0.030 0.069 
 163   (0.024) 0.004 0.002 0.002 0.019 
 171   (0.022) 0.005 0.002 0.006 0.005 

Locus 12 : 
5 alleles
0.0% missing data
 140   (0.168) 0.067 0.333 0.449 0.086 
 134   (0.232) 0.389 0.217 0.094 0.088 
 137   (0.533) 0.498 0.445 0.440 0.794 
 125   (0.037) 0.006 0.002 0.014 0.029 
 146   (0.031) 0.040 0.003 0.003 0.003 

Locus 13 : 
17 alleles
0.6% missing data
 206   (0.132) 0.071 0.338 0.167 0.183 
 192   (0.098) 0.085 0.074 0.175 0.037 
 210   (0.117) 0.085 0.279 0.222 0.047 
 194   (0.076) 0.265 0.068 0.017 0.010 
 208   (0.037) 0.006 0.002 0.111 0.055 
 204   (0.043) 0.016 0.004 0.043 0.027 
 202   (0.102) 0.166 0.089 0.050 0.034 
 190   (0.055) 0.018 0.004 0.047 0.149 
 214   (0.044) 0.080 0.004 0.050 0.004 
 200   (0.085) 0.084 0.096 0.027 0.051 
 184   (0.048) 0.008 0.028 0.015 0.103 
 216   (0.020) 0.003 0.001 0.050 0.002 
 182   (0.018) 0.005 0.001 0.010 0.001 
 198   (0.032) 0.051 0.002 0.006 0.008 
 212   (0.038) 0.013 0.003 0.004 0.260 
 186   (0.017) 0.012 0.001 0.002 0.001 
 196   (0.039) 0.031 0.003 0.005 0.030 

Locus 14 : 
8 alleles
1.2% missing data
 151   (0.403) 0.466 0.522 0.439 0.418 
 157   (0.249) 0.229 0.185 0.379 0.267 
 154   (0.090) 0.093 0.007 0.045 0.121 
 139   (0.096) 0.130 0.164 0.097 0.008 
 145   (0.057) 0.010 0.089 0.013 0.155 
 163   (0.042) 0.019 0.028 0.018 0.008 
 160   (0.023) 0.022 0.002 0.002 0.002 
 142   (0.041) 0.032 0.003 0.006 0.020 

Locus 15 : 
12 alleles
2.3% missing data
 256   (0.145) 0.124 0.148 0.210 0.115 
 258   (0.146) 0.123 0.050 0.203 0.260 
 248   (0.138) 0.177 0.019 0.110 0.278 
 254   (0.098) 0.110 0.018 0.108 0.056 
 246   (0.114) 0.134 0.154 0.122 0.030 
 252   (0.070) 0.027 0.148 0.049 0.028 
 260   (0.042) 0.007 0.015 0.172 0.009 
 242   (0.098) 0.121 0.150 0.010 0.149 
 262   (0.044) 0.040 0.279 0.004 0.004 
 250   (0.054) 0.118 0.004 0.005 0.031 
 244   (0.031) 0.006 0.013 0.004 0.040 
 264   (0.020) 0.012 0.001 0.002 0.002 

Values of parameters used in structure:
DATAFILE=C:\Users\eschumacher\Documents\GitHub\GCC_QUAC_ZAIN\Data_Files\Structure_Files\QUAC\QUAC_nopopinfo_wild\project_data,	OUTFILE=C:\Users\eschumacher\Documents\GitHub\GCC_QUAC_ZAIN\Data_Files\Structure_Files\QUAC\QUAC_nopopinfo_wild\50-50\Results\50-50_run_16,	NUMINDS=172,	NUMLOCI=15,	MISSING=-9,	LABEL=1,	POPDATA=0,	POPFLAG=0,	PHENOTYPE=0,	EXTRACOLS=0,	MAXPOPS=4,	BURNIN=50000,	NUMREPS=50000,	USEPOPINFO=0,	INFERALPHA=1,	INFERLAMBDA=0,	POPSPECIFICLAMBDA=0,	POPALPHAS=0,	COMPUTEPROB=1,	NOADMIX=0,	ADMBURNIN=2500,	UPDATEFREQ=1,	PRINTLIKES=0,	INTERMEDSAVE=0,	PRINTKLD=0,	PRINTNET=0,	PRINTLAMBDA=0,	ANCESTDIST=0,	NUMBOXES=1000,	ANCESTPINT=0.90000,	GENSBACK=2,	MIGRPRIOR=0.05000,	PRINTQHAT=0,	PRINTQSUM=0,	ALPHA=1.0000,	FREQSCORR=1,	FPRIORMEAN=0.0100,	FPRIORSD=0.0500,	ONEFST=0,	LAMBDA=1.0000,	UNIFPRIORALPHA=1,	ALPHAMAX=10.0000,	ALPHAPRIORA=1.0000,	ALPHAPRIORB=2.0000,	ALPHAPROPSD=0.0250,	STARTATPOPINFO=0,	RANDOMIZE=1,	LINKAGE=0,	METROFREQ=10,	REPORTHITRATE=0,	MARKOVPHASE=-1,	PHASED=0,	PLOIDY=2,	PHASEINFO=0	LOCPRIOR=0, 	LOCPRIORINIT=1.000000, 	LOCDATA=0, 	LOCISPOP=0, 	LOCPRIORSTEP=0.100000, 	MAXLOCPRIOR=20.000000, 	SEED=1660593199,	
[STRAT parameters]:    NUMSIMSTATS=1000,	PHENOTYPECOL=-9,	POOLFREQ=10,	LOCUSxONLY=0,	EMERROR=0.00100,	MISSINGPHENO=-9,	