Ind,Pop,C1,C2,C3,C4,C5,C6,C7,C8
QAc-W-0001,Porter,0.007,0.004,0.963,0.008,0.004,0.007,0.004,0.003
QAc-W-0002,Porter,0.257,0.025,0.446,0.162,0.044,0.05,0.006,0.011
QAc-W-0003,Porter,0.014,0.02,0.843,0.042,0.005,0.008,0.04,0.029
QAc-W-0004,Porter,0.005,0.004,0.97,0.003,0.004,0.004,0.006,0.004
QAc-W-0005,Porter,0.006,0.004,0.966,0.006,0.005,0.004,0.003,0.005
QAc-W-0006,Porter,0.004,0.004,0.97,0.004,0.004,0.005,0.005,0.004
QAc-W-0007,Porter,0.005,0.004,0.966,0.006,0.006,0.004,0.004,0.004
QAc-W-0008,Porter,0.027,0.014,0.918,0.019,0.01,0.005,0.003,0.003
QAc-W-0009,Porter,0.643,0.043,0.098,0.057,0.073,0.065,0.009,0.013
QAc-W-0010,Porter,0.024,0.032,0.859,0.01,0.027,0.029,0.005,0.013
QAc-W-0011,Porter,0.099,0.025,0.764,0.018,0.007,0.041,0.014,0.031
QAc-W-0012,Porter,0.013,0.006,0.951,0.006,0.008,0.006,0.005,0.006
QAc-W-0013,Porter,0.094,0.009,0.112,0.033,0.006,0.633,0.106,0.008
QAc-W-0014,Porter,0.01,0.006,0.942,0.006,0.018,0.007,0.004,0.007
QAc-W-0015,Porter,0.176,0.008,0.094,0.135,0.054,0.109,0.035,0.389
QAc-W-0016,Porter,0.081,0.094,0.748,0.011,0.026,0.004,0.025,0.012
QAc-W-0017,Porter,0.131,0.012,0.025,0.604,0.037,0.026,0.025,0.14
QAc-W-0018,Porter,0.147,0.146,0.602,0.026,0.017,0.014,0.043,0.004
QAc-W-0019,Porter,0.01,0.006,0.94,0.011,0.014,0.007,0.006,0.005
QAc-W-0020,Porter,0.02,0.008,0.842,0.111,0.005,0.005,0.003,0.006
QAc-W-0021,Porter,0.2,0.012,0.549,0.02,0.017,0.014,0.182,0.006
QAc-W-0022,Porter,0.505,0.015,0.062,0.264,0.054,0.032,0.042,0.026
QAc-W-0023,Porter,0.389,0.015,0.196,0.148,0.097,0.12,0.03,0.005
QAc-W-0024,Porter,0.06,0.006,0.464,0.282,0.009,0.007,0.147,0.024
QAc-W-0025,Porter,0.026,0.01,0.902,0.017,0.02,0.006,0.013,0.005
QAc-W-0026,Porter,0.022,0.007,0.879,0.006,0.018,0.014,0.027,0.026
QAc-W-0027,Porter,0.012,0.005,0.947,0.011,0.007,0.007,0.006,0.005
QAc-W-0028,Porter,0.023,0.005,0.751,0.191,0.007,0.014,0.003,0.006
QAc-W-0029,Porter,0.023,0.026,0.855,0.01,0.006,0.07,0.007,0.003
QAc-W-0030,Porter,0.372,0.17,0.344,0.043,0.007,0.019,0.01,0.034
QAc-W-0031,Porter,0.01,0.004,0.925,0.005,0.004,0.01,0.039,0.003
QAc-W-0032,Porter,0.008,0.005,0.96,0.008,0.008,0.004,0.004,0.002
QAc-W-0033,Porter,0.338,0.046,0.491,0.01,0.065,0.027,0.012,0.011
QAc-W-0034,Porter,0.013,0.006,0.92,0.009,0.01,0.031,0.007,0.004
QAc-W-0035,Porter,0.142,0.168,0.603,0.022,0.021,0.007,0.011,0.026
QAc-W-0036,Porter,0.009,0.004,0.951,0.007,0.007,0.013,0.004,0.005
QAc-W-0037,Porter,0.051,0.007,0.874,0.01,0.017,0.015,0.013,0.013
QAc-W-0038,Porter,0.025,0.01,0.164,0.72,0.007,0.005,0.004,0.064
QAc-W-0039,Porter,0.013,0.005,0.866,0.006,0.006,0.026,0.013,0.066
QAc-W-0040,Porter,0.041,0.006,0.714,0.011,0.193,0.003,0.018,0.014
QAc-W-0041,Porter,0.064,0.019,0.663,0.008,0.013,0.048,0.177,0.007
NA,NA,0,0,0,0,0,0,0,0
QAc-W-0042,Magazine,0.005,0.011,0.005,0.004,0.005,0.961,0.004,0.005
QAc-W-0043,Magazine,0.006,0.005,0.005,0.006,0.004,0.961,0.004,0.009
QAc-W-0044,Magazine,0.01,0.009,0.009,0.012,0.019,0.914,0.005,0.022
QAc-W-0045,Magazine,0.008,0.283,0.005,0.009,0.005,0.68,0.005,0.005
QAc-W-0046,Magazine,0.005,0.004,0.005,0.004,0.004,0.968,0.006,0.005
QAc-W-0047,Magazine,0.008,0.005,0.006,0.005,0.008,0.94,0.003,0.027
QAc-W-0048,Magazine,0.008,0.007,0.012,0.005,0.003,0.958,0.004,0.004
QAc-W-0049,Magazine,0.01,0.005,0.004,0.011,0.004,0.958,0.004,0.003
QAc-W-0050,Magazine,0.088,0.785,0.005,0.031,0.021,0.061,0.004,0.005
QAc-W-0051,Magazine,0.021,0.897,0.014,0.005,0.005,0.024,0.012,0.022
QAc-W-0052,Magazine,0.068,0.015,0.323,0.015,0.022,0.536,0.005,0.016
QAc-W-0053,Magazine,0.026,0.027,0.014,0.006,0.01,0.905,0.008,0.004
QAc-W-0054,Magazine,0.052,0.807,0.008,0.008,0.018,0.019,0.009,0.078
QAc-W-0055,Magazine,0.008,0.898,0.004,0.006,0.011,0.006,0.007,0.06
QAc-W-0056,Magazine,0.036,0.852,0.055,0.018,0.011,0.005,0.011,0.011
QAc-W-0057,Magazine,0.025,0.817,0.006,0.021,0.009,0.032,0.009,0.081
QAc-W-0058,Magazine,0.011,0.917,0.004,0.025,0.003,0.019,0.015,0.006
QAc-W-0059,Magazine,0.005,0.005,0.004,0.006,0.004,0.968,0.003,0.005
QAc-W-0060,Magazine,0.008,0.005,0.006,0.005,0.01,0.008,0.004,0.955
QAc-W-0061,Magazine,0.061,0.021,0.05,0.036,0.051,0.018,0.01,0.752
QAc-W-0062,Magazine,0.004,0.003,0.003,0.004,0.006,0.003,0.007,0.969
QAc-W-0063,Magazine,0.065,0.013,0.016,0.01,0.019,0.005,0.104,0.769
QAc-W-0064,Magazine,0.009,0.009,0.008,0.007,0.008,0.004,0.008,0.948
QAc-W-0065,Magazine,0.016,0.125,0.01,0.095,0.02,0.006,0.009,0.719
QAc-W-0066,Magazine,0.004,0.004,0.006,0.004,0.003,0.006,0.014,0.957
QAc-W-0067,Magazine,0.009,0.006,0.004,0.004,0.025,0.005,0.011,0.935
QAc-W-0068,Magazine,0.012,0.005,0.006,0.005,0.003,0.006,0.006,0.957
QAc-W-0069,Magazine,0.004,0.004,0.006,0.003,0.003,0.004,0.009,0.966
QAc-W-0070,Magazine,0.004,0.004,0.003,0.003,0.003,0.003,0.003,0.976
QAc-W-0071,Magazine,0.006,0.004,0.005,0.008,0.004,0.006,0.005,0.962
QAc-W-0072,Magazine,0.028,0.051,0.018,0.009,0.073,0.005,0.006,0.811
QAc-W-0073,Magazine,0.05,0.033,0.022,0.023,0.018,0.015,0.015,0.825
QAc-W-0074,Magazine,0.006,0.006,0.008,0.005,0.008,0.003,0.008,0.955
QAc-W-0075,Magazine,0.004,0.005,0.003,0.004,0.004,0.003,0.006,0.972
QAc-W-0076,Magazine,0.008,0.008,0.003,0.009,0.023,0.004,0.006,0.94
QAc-W-0077,Magazine,0.019,0.038,0.012,0.012,0.008,0.016,0.004,0.891
NA,NA,0,0,0,0,0,0,0,0
QAc-W-0078,Pryor,0.128,0.016,0.035,0.014,0.029,0.007,0.763,0.01
QAc-W-0079,Pryor,0.007,0.005,0.006,0.004,0.006,0.005,0.959,0.007
QAc-W-0080,Pryor,0.012,0.005,0.037,0.005,0.005,0.004,0.927,0.005
QAc-W-0081,Pryor,0.006,0.003,0.006,0.003,0.004,0.006,0.966,0.005
QAc-W-0082,Pryor,0.015,0.468,0.004,0.007,0.005,0.004,0.493,0.005
QAc-W-0083,Pryor,0.007,0.007,0.008,0.007,0.01,0.005,0.933,0.023
QAc-W-0084,Pryor,0.004,0.003,0.005,0.003,0.003,0.003,0.975,0.004
QAc-W-0085,Pryor,0.007,0.003,0.004,0.004,0.01,0.005,0.962,0.005
QAc-W-0086,Pryor,0.006,0.004,0.006,0.007,0.007,0.005,0.962,0.004
QAc-W-0087,Pryor,0.005,0.004,0.004,0.004,0.006,0.004,0.97,0.003
QAc-W-0088,Pryor,0.01,0.008,0.004,0.007,0.004,0.006,0.957,0.004
QAc-W-0089,Pryor,0.005,0.014,0.006,0.006,0.003,0.005,0.956,0.005
QAc-W-0090,Pryor,0.005,0.008,0.005,0.004,0.003,0.006,0.966,0.004
QAc-W-0091,Pryor,0.006,0.004,0.005,0.003,0.006,0.004,0.969,0.003
QAc-W-0092,Pryor,0.03,0.006,0.092,0.019,0.012,0.049,0.787,0.005
QAc-W-0093,Pryor,0.084,0.03,0.022,0.249,0.023,0.006,0.582,0.005
QAc-W-0094,Pryor,0.031,0.022,0.074,0.056,0.01,0.01,0.788,0.01
QAc-W-0095,Pryor,0.009,0.011,0.016,0.005,0.005,0.007,0.938,0.008
QAc-W-0096,Pryor,0.026,0.021,0.033,0.045,0.013,0.011,0.816,0.036
QAc-W-0097,Pryor,0.142,0.05,0.045,0.11,0.006,0.032,0.609,0.006
QAc-W-0098,Pryor,0.012,0.01,0.006,0.007,0.004,0.004,0.954,0.003
QAc-W-0099,Pryor,0.023,0.008,0.007,0.006,0.058,0.028,0.865,0.004
QAc-W-0100,Pryor,0.004,0.005,0.004,0.005,0.004,0.002,0.973,0.003
QAc-W-0101,Pryor,0.005,0.004,0.006,0.005,0.005,0.003,0.964,0.007
QAc-W-0104,Pryor,0.009,0.009,0.004,0.01,0.01,0.011,0.942,0.004
QAc-W-0105,Pryor,0.004,0.004,0.004,0.003,0.003,0.003,0.974,0.004
QAc-W-0106,Pryor,0.008,0.008,0.007,0.009,0.006,0.007,0.95,0.004
QAc-W-0107,Pryor,0.018,0.009,0.006,0.017,0.007,0.01,0.909,0.024
QAc-W-0108,Pryor,0.017,0.006,0.005,0.008,0.008,0.009,0.928,0.02
QAc-W-0109,Pryor,0.013,0.014,0.007,0.012,0.005,0.014,0.918,0.018
QAc-W-0110,Pryor,0.009,0.004,0.643,0.006,0.008,0.006,0.319,0.005
QAc-W-0111,Pryor,0.008,0.004,0.004,0.005,0.005,0.006,0.962,0.006
QAc-W-0112,Pryor,0.008,0.016,0.008,0.009,0.009,0.003,0.943,0.004
NA,NA,0,0,0,0,0,0,0,0
QAc-W-0113,Sugar_Loaf,0.016,0.009,0.011,0.008,0.941,0.005,0.006,0.004
QAc-W-0114,Sugar_Loaf,0.015,0.005,0.007,0.017,0.913,0.014,0.023,0.007
QAc-W-0115,Sugar_Loaf,0.012,0.006,0.011,0.009,0.946,0.003,0.007,0.007
QAc-W-0116,Sugar_Loaf,0.014,0.007,0.008,0.027,0.923,0.013,0.006,0.003
QAc-W-0117,Sugar_Loaf,0.008,0.004,0.005,0.012,0.959,0.005,0.003,0.004
QAc-W-0118,Sugar_Loaf,0.017,0.009,0.006,0.022,0.9,0.004,0.016,0.026
QAc-W-0119,Sugar_Loaf,0.036,0.019,0.006,0.016,0.904,0.005,0.007,0.007
QAc-W-0120,Sugar_Loaf,0.033,0.009,0.009,0.008,0.917,0.005,0.008,0.011
QAc-W-0121,Sugar_Loaf,0.033,0.013,0.005,0.008,0.904,0.016,0.003,0.017
QAc-W-0122,Sugar_Loaf,0.044,0.01,0.014,0.052,0.86,0.009,0.005,0.005
QAc-W-0123,Sugar_Loaf,0.032,0.012,0.005,0.065,0.857,0.005,0.01,0.013
QAc-W-0124,Sugar_Loaf,0.036,0.006,0.049,0.008,0.678,0.004,0.082,0.137
QAc-W-0125,Sugar_Loaf,0.012,0.007,0.008,0.011,0.934,0.006,0.016,0.007
QAc-W-0126,Sugar_Loaf,0.048,0.015,0.009,0.025,0.834,0.021,0.037,0.011
QAc-W-0127,Sugar_Loaf,0.012,0.008,0.009,0.005,0.948,0.009,0.005,0.005
QAc-W-0128,Sugar_Loaf,0.025,0.005,0.021,0.013,0.869,0.007,0.052,0.007
QAc-W-0129,Sugar_Loaf,0.1,0.009,0.07,0.008,0.791,0.005,0.005,0.012
QAc-W-0130,Sugar_Loaf,0.014,0.004,0.032,0.005,0.927,0.006,0.007,0.004
QAc-W-0131,Sugar_Loaf,0.222,0.044,0.007,0.041,0.666,0.004,0.009,0.006
QAc-W-0132,Sugar_Loaf,0.047,0.018,0.017,0.022,0.831,0.007,0.015,0.044
QAc-W-0133,Sugar_Loaf,0.54,0.074,0.008,0.007,0.245,0.013,0.09,0.023
QAc-W-0134,Sugar_Loaf,0.006,0.004,0.004,0.004,0.966,0.006,0.005,0.005
QAc-W-0135,Sugar_Loaf,0.014,0.006,0.063,0.009,0.873,0.007,0.005,0.024
QAc-W-0136,Sugar_Loaf,0.005,0.004,0.005,0.005,0.971,0.003,0.004,0.003
QAc-W-0137,Sugar_Loaf,0.005,0.004,0.003,0.004,0.973,0.004,0.003,0.004
QAc-W-0138,Sugar_Loaf,0.006,0.005,0.005,0.005,0.969,0.003,0.003,0.003
QAc-W-0139,Sugar_Loaf,0.357,0.046,0.054,0.035,0.383,0.006,0.07,0.051
QAc-W-0140,Sugar_Loaf,0.022,0.015,0.011,0.039,0.85,0.054,0.005,0.004
QAc-W-0141,Sugar_Loaf,0.232,0.03,0.042,0.24,0.417,0.014,0.012,0.013
QAc-W-0142,Sugar_Loaf,0.01,0.007,0.004,0.005,0.957,0.005,0.004,0.008
QAc-W-0143,Sugar_Loaf,0.038,0.008,0.011,0.004,0.908,0.016,0.009,0.006
QAc-W-0144,Sugar_Loaf,0.02,0.02,0.007,0.01,0.859,0.074,0.006,0.004
QAc-W-0145,Sugar_Loaf,0.02,0.01,0.003,0.014,0.941,0.003,0.003,0.005
QAc-W-0146,Sugar_Loaf,0.011,0.007,0.009,0.005,0.954,0.005,0.006,0.005
QAc-W-0147,Sugar_Loaf,0.005,0.003,0.005,0.005,0.97,0.003,0.004,0.005
QAc-W-0148,Sugar_Loaf,0.006,0.005,0.006,0.007,0.963,0.004,0.003,0.006
QAc-W-0149,Sugar_Loaf,0.056,0.014,0.016,0.009,0.809,0.08,0.01,0.005
QAc-W-0150,Sugar_Loaf,0.029,0.016,0.063,0.013,0.851,0.008,0.013,0.007
QAc-W-0151,Sugar_Loaf,0.013,0.007,0.013,0.011,0.939,0.005,0.007,0.006
QAc-W-0152,Sugar_Loaf,0.007,0.007,0.005,0.006,0.957,0.007,0.004,0.008
QAc-W-0153,Sugar_Loaf,0.553,0.017,0.007,0.342,0.022,0.005,0.03,0.024
QAc-W-0154,Sugar_Loaf,0.146,0.014,0.049,0.019,0.758,0.003,0.006,0.004
QAc-W-0155,Sugar_Loaf,0.007,0.007,0.006,0.005,0.962,0.004,0.003,0.005
QAc-W-0156,Sugar_Loaf,0.052,0.013,0.069,0.015,0.791,0.005,0.053,0.003
QAc-W-0157,Sugar_Loaf,0.093,0.008,0.006,0.016,0.848,0.012,0.003,0.014
QAc-W-0158,Sugar_Loaf,0.017,0.005,0.051,0.011,0.848,0.005,0.052,0.01
QAc-W-0159,Sugar_Loaf,0.01,0.006,0.01,0.007,0.954,0.006,0.005,0.003
QAc-W-0160,Sugar_Loaf,0.137,0.005,0.017,0.006,0.819,0.005,0.005,0.006
QAc-W-0161,Sugar_Loaf,0.024,0.006,0.042,0.006,0.897,0.017,0.006,0.003
QAc-W-0162,Sugar_Loaf,0.016,0.013,0.004,0.008,0.793,0.019,0.005,0.143
QAc-W-0163,Sugar_Loaf,0.024,0.059,0.004,0.007,0.886,0.011,0.004,0.005
QAc-W-0164,Sugar_Loaf,0.025,0.012,0.007,0.012,0.913,0.008,0.006,0.015
QAc-W-0165,Sugar_Loaf,0.051,0.013,0.004,0.014,0.887,0.003,0.003,0.025
QAc-W-0166,Sugar_Loaf,0.017,0.013,0.042,0.009,0.9,0.006,0.006,0.007
NA,NA,0,0,0,0,0,0,0,0
QAc-W-0167,Kessler,0.005,0.005,0.003,0.972,0.004,0.003,0.004,0.004
QAc-W-0168,Kessler,0.62,0.019,0.016,0.166,0.102,0.022,0.006,0.049
QAc-W-0169,Kessler,0.847,0.077,0.018,0.035,0.006,0.006,0.003,0.007
QAc-W-0170,Kessler,0.677,0.05,0.016,0.23,0.009,0.007,0.005,0.004
QAc-W-0171,Kessler,0.004,0.005,0.003,0.973,0.004,0.003,0.004,0.004
QAc-W-0172,Kessler,0.912,0.008,0.009,0.053,0.007,0.004,0.005,0.002
QAc-W-0173,Kessler,0.01,0.006,0.006,0.954,0.007,0.005,0.006,0.007
QAc-W-0174,Kessler,0.23,0.024,0.006,0.703,0.015,0.007,0.006,0.01
