

----------------------------------------------------
STRUCTURE by Pritchard, Stephens and Donnelly (2000)
     and Falush, Stephens and Pritchard (2003)
       Code by Pritchard, Falush and Hubisz
             Version 2.3.4 (Jul 2012)
----------------------------------------------------



Command line arguments:   bin\structure -m C:\Users\eschumacher\Documents\GitHub\GCC_QUAC_ZAIN\Data_Files\Structure_Files\QUAC\QUAC_wild_woK_nopopinfo\50-50\mainparams -e C:\Users\eschumacher\Documents\GitHub\GCC_QUAC_ZAIN\Data_Files\Structure_Files\QUAC\QUAC_wild_woK_nopopinfo\50-50\extraparams 
Input File:    C:\Users\eschumacher\Documents\GitHub\GCC_QUAC_ZAIN\Data_Files\Structure_Files\QUAC\QUAC_wild_woK_nopopinfo\project_data

Run parameters:
   164 individuals
   15 loci
   4 populations assumed
   50000 Burn-in period
   50000 Reps


--------------------------------------------
Overall proportion of membership of the
sample in each of the 4 clusters

Inferred Clusters
  1      2      3      4    
0.206  0.232  0.238  0.323  

--------------------------------------------

Allele-freq. divergence among pops (Net nucleotide distance),
computed using point estimates of P.

      1       2       3       4      
 1      -    0.0678  0.0705  0.0759  
 2   0.0678     -    0.0498  0.0433  
 3   0.0705  0.0498     -    0.0485  
 4   0.0759  0.0433  0.0485     -    

Average distances (expected heterozygosity) between individuals in same cluster:
cluster  1  : 0.5290 
cluster  2  : 0.5809 
cluster  3  : 0.5485 
cluster  4  : 0.5570 

--------------------------------------------
Estimated Ln Prob of Data   = -6095.6
Mean value of ln likelihood = -5947.7
Variance of ln likelihood   = 295.8
Mean value of alpha         = 0.0417

Mean value of Fst_1         = 0.1693
Mean value of Fst_2         = 0.0813
Mean value of Fst_3         = 0.1158
Mean value of Fst_4         = 0.1031


Inferred ancestry of individuals:
        Label (%Miss) :  Inferred clusters
  1 QAc-W-0001    (0)   :  0.004 0.004 0.986 0.005 
  2 QAc-W-0002    (0)   :  0.007 0.043 0.927 0.023 
  3 QAc-W-0003    (0)   :  0.034 0.027 0.934 0.006 
  4 QAc-W-0004    (0)   :  0.008 0.005 0.980 0.007 
  5 QAc-W-0005    (0)   :  0.004 0.005 0.984 0.007 
  6 QAc-W-0006    (0)   :  0.006 0.005 0.984 0.006 
  7 QAc-W-0007   (13)   :  0.006 0.005 0.983 0.007 
  8 QAc-W-0008    (6)   :  0.004 0.006 0.980 0.010 
  9 QAc-W-0009    (0)   :  0.028 0.208 0.522 0.242 
 10 QAc-W-0010    (0)   :  0.006 0.035 0.922 0.037 
 11 QAc-W-0011    (0)   :  0.013 0.058 0.920 0.009 
 12 QAc-W-0012    (0)   :  0.005 0.006 0.980 0.009 
 13 QAc-W-0013    (0)   :  0.139 0.405 0.446 0.010 
 14 QAc-W-0014    (0)   :  0.005 0.007 0.971 0.017 
 15 QAc-W-0015    (0)   :  0.044 0.563 0.323 0.070 
 16 QAc-W-0016    (0)   :  0.038 0.019 0.898 0.045 
 17 QAc-W-0017    (0)   :  0.073 0.444 0.267 0.216 
 18 QAc-W-0018    (0)   :  0.068 0.038 0.872 0.022 
 19 QAc-W-0019    (0)   :  0.007 0.006 0.973 0.013 
 20 QAc-W-0020    (0)   :  0.003 0.008 0.984 0.005 
 21 QAc-W-0021    (0)   :  0.199 0.015 0.762 0.024 
 22 QAc-W-0022    (0)   :  0.070 0.221 0.484 0.225 
 23 QAc-W-0023    (6)   :  0.049 0.032 0.740 0.179 
 24 QAc-W-0024    (0)   :  0.169 0.017 0.801 0.013 
 25 QAc-W-0025    (0)   :  0.015 0.007 0.961 0.018 
 26 QAc-W-0026    (0)   :  0.029 0.021 0.930 0.020 
 27 QAc-W-0027    (0)   :  0.007 0.007 0.976 0.009 
 28 QAc-W-0028    (0)   :  0.004 0.010 0.980 0.006 
 29 QAc-W-0029    (0)   :  0.008 0.013 0.973 0.006 
 30 QAc-W-0030    (0)   :  0.023 0.200 0.767 0.010 
 31 QAc-W-0031    (0)   :  0.038 0.005 0.952 0.004 
 32 QAc-W-0032    (0)   :  0.004 0.004 0.984 0.009 
 33 QAc-W-0033    (0)   :  0.017 0.029 0.877 0.077 
 34 QAc-W-0034    (0)   :  0.009 0.009 0.971 0.011 
 35 QAc-W-0035    (0)   :  0.016 0.054 0.889 0.041 
 36 QAc-W-0036    (0)   :  0.005 0.006 0.982 0.007 
 37 QAc-W-0037    (0)   :  0.017 0.020 0.943 0.020 
 38 QAc-W-0038    (0)   :  0.007 0.044 0.941 0.008 
 39 QAc-W-0039    (0)   :  0.012 0.028 0.954 0.006 
 40 QAc-W-0040    (0)   :  0.018 0.008 0.806 0.168 
 41 QAc-W-0041    (0)   :  0.123 0.023 0.841 0.013 
 42 QAc-W-0042    (0)   :  0.009 0.974 0.010 0.008 
 43 QAc-W-0043    (0)   :  0.006 0.978 0.008 0.008 
 44 QAc-W-0044    (0)   :  0.005 0.945 0.030 0.021 
 45 QAc-W-0045    (0)   :  0.005 0.977 0.009 0.009 
 46 QAc-W-0046    (0)   :  0.007 0.980 0.007 0.006 
 47 QAc-W-0047    (0)   :  0.004 0.969 0.016 0.011 
 48 QAc-W-0048    (0)   :  0.008 0.963 0.021 0.008 
 49 QAc-W-0049    (0)   :  0.010 0.954 0.025 0.011 
 50 QAc-W-0050    (0)   :  0.014 0.914 0.007 0.065 
 51 QAc-W-0051    (0)   :  0.034 0.930 0.028 0.008 
 52 QAc-W-0052    (0)   :  0.008 0.606 0.372 0.014 
 53 QAc-W-0053    (0)   :  0.010 0.946 0.020 0.025 
 54 QAc-W-0054    (0)   :  0.008 0.966 0.010 0.016 
 55 QAc-W-0055    (0)   :  0.011 0.971 0.006 0.013 
 56 QAc-W-0056    (0)   :  0.035 0.746 0.201 0.018 
 57 QAc-W-0057    (0)   :  0.019 0.959 0.013 0.010 
 58 QAc-W-0058    (0)   :  0.045 0.940 0.008 0.006 
 59 QAc-W-0059    (0)   :  0.005 0.973 0.013 0.009 
 60 QAc-W-0060    (0)   :  0.006 0.981 0.006 0.008 
 61 QAc-W-0061    (0)   :  0.006 0.946 0.026 0.022 
 62 QAc-W-0062    (0)   :  0.017 0.957 0.005 0.020 
 63 QAc-W-0063    (0)   :  0.165 0.767 0.034 0.035 
 64 QAc-W-0064    (0)   :  0.028 0.950 0.008 0.014 
 65 QAc-W-0065    (0)   :  0.010 0.963 0.009 0.018 
 66 QAc-W-0066    (0)   :  0.032 0.952 0.011 0.004 
 67 QAc-W-0067    (0)   :  0.035 0.929 0.007 0.030 
 68 QAc-W-0068    (0)   :  0.012 0.975 0.008 0.005 
 69 QAc-W-0069    (0)   :  0.028 0.953 0.013 0.005 
 70 QAc-W-0070    (0)   :  0.006 0.984 0.005 0.005 
 71 QAc-W-0071    (6)   :  0.011 0.976 0.005 0.007 
 72 QAc-W-0072    (0)   :  0.008 0.858 0.018 0.117 
 73 QAc-W-0073    (0)   :  0.016 0.954 0.014 0.016 
 74 QAc-W-0074    (0)   :  0.010 0.966 0.008 0.015 
 75 QAc-W-0075    (0)   :  0.010 0.980 0.004 0.005 
 76 QAc-W-0076    (0)   :  0.009 0.944 0.005 0.043 
 77 QAc-W-0077    (0)   :  0.004 0.980 0.010 0.006 
 78 QAc-W-0078    (0)   :  0.876 0.013 0.066 0.045 
 79 QAc-W-0079    (6)   :  0.978 0.007 0.007 0.007 
 80 QAc-W-0080   (13)   :  0.955 0.006 0.034 0.006 
 81 QAc-W-0081    (0)   :  0.984 0.006 0.006 0.005 
 82 QAc-W-0082    (0)   :  0.729 0.252 0.013 0.006 
 83 QAc-W-0083    (0)   :  0.968 0.011 0.010 0.012 
 84 QAc-W-0084    (0)   :  0.985 0.004 0.007 0.004 
 85 QAc-W-0085    (0)   :  0.979 0.005 0.004 0.011 
 86 QAc-W-0086    (0)   :  0.979 0.005 0.008 0.008 
 87 QAc-W-0087    (0)   :  0.985 0.004 0.005 0.006 
 88 QAc-W-0088    (0)   :  0.983 0.007 0.005 0.005 
 89 QAc-W-0089    (0)   :  0.982 0.007 0.007 0.004 
 90 QAc-W-0090    (0)   :  0.983 0.006 0.007 0.004 
 91 QAc-W-0091    (0)   :  0.983 0.004 0.006 0.007 
 92 QAc-W-0092    (0)   :  0.821 0.022 0.140 0.017 
 93 QAc-W-0093    (0)   :  0.877 0.012 0.068 0.043 
 94 QAc-W-0094    (0)   :  0.903 0.014 0.071 0.012 
 95 QAc-W-0095    (0)   :  0.968 0.010 0.017 0.005 
 96 QAc-W-0096    (0)   :  0.908 0.036 0.042 0.014 
 97 QAc-W-0097    (0)   :  0.818 0.036 0.135 0.011 
 98 QAc-W-0098    (0)   :  0.982 0.005 0.007 0.005 
 99 QAc-W-0099    (0)   :  0.900 0.014 0.011 0.075 
100 QAc-W-0100    (0)   :  0.986 0.004 0.005 0.005 
101 QAc-W-0101    (0)   :  0.979 0.006 0.008 0.007 
102 QAc-W-0104    (0)   :  0.968 0.010 0.006 0.016 
103 QAc-W-0105    (0)   :  0.987 0.005 0.004 0.004 
104 QAc-W-0106    (0)   :  0.979 0.006 0.009 0.006 
105 QAc-W-0107    (0)   :  0.967 0.018 0.007 0.008 
106 QAc-W-0108    (0)   :  0.968 0.017 0.006 0.009 
107 QAc-W-0109    (0)   :  0.952 0.032 0.010 0.006 
108 QAc-W-0110   (13)   :  0.256 0.006 0.728 0.010 
109 QAc-W-0111    (6)   :  0.982 0.008 0.005 0.005 
110 QAc-W-0112   (13)   :  0.975 0.006 0.010 0.009 
111 QAc-W-0113   (13)   :  0.006 0.007 0.013 0.973 
112 QAc-W-0114   (13)   :  0.024 0.011 0.010 0.955 
113 QAc-W-0115    (0)   :  0.009 0.005 0.013 0.973 
114 QAc-W-0116    (0)   :  0.007 0.007 0.013 0.972 
115 QAc-W-0117    (0)   :  0.003 0.005 0.006 0.986 
116 QAc-W-0118    (0)   :  0.018 0.016 0.007 0.959 
117 QAc-W-0119    (0)   :  0.007 0.012 0.008 0.973 
118 QAc-W-0120    (0)   :  0.010 0.011 0.010 0.968 
119 QAc-W-0121    (0)   :  0.004 0.023 0.007 0.965 
120 QAc-W-0122    (0)   :  0.006 0.010 0.018 0.966 
121 QAc-W-0123    (6)   :  0.016 0.019 0.008 0.958 
122 QAc-W-0124    (0)   :  0.100 0.022 0.056 0.823 
123 QAc-W-0125    (0)   :  0.019 0.008 0.009 0.965 
124 QAc-W-0126   (13)   :  0.032 0.021 0.012 0.935 
125 QAc-W-0127    (6)   :  0.005 0.007 0.009 0.979 
126 QAc-W-0128   (13)   :  0.055 0.009 0.024 0.912 
127 QAc-W-0129   (13)   :  0.007 0.011 0.070 0.911 
128 QAc-W-0130   (13)   :  0.008 0.005 0.033 0.954 
129 QAc-W-0131    (0)   :  0.012 0.009 0.009 0.971 
130 QAc-W-0132    (6)   :  0.016 0.031 0.021 0.932 
131 QAc-W-0133    (6)   :  0.221 0.081 0.013 0.686 
132 QAc-W-0134    (0)   :  0.005 0.006 0.005 0.985 
133 QAc-W-0135    (0)   :  0.007 0.012 0.056 0.925 
134 QAc-W-0136    (0)   :  0.004 0.004 0.005 0.987 
135 QAc-W-0137    (0)   :  0.003 0.005 0.004 0.987 
136 QAc-W-0138    (0)   :  0.003 0.004 0.007 0.986 
137 QAc-W-0139    (0)   :  0.143 0.052 0.073 0.732 
138 QAc-W-0140    (0)   :  0.011 0.023 0.031 0.935 
139 QAc-W-0141    (6)   :  0.014 0.046 0.077 0.863 
140 QAc-W-0142    (0)   :  0.005 0.009 0.005 0.981 
141 QAc-W-0143    (0)   :  0.008 0.010 0.010 0.971 
142 QAc-W-0144    (0)   :  0.008 0.027 0.009 0.956 
143 QAc-W-0145    (0)   :  0.004 0.007 0.005 0.985 
144 QAc-W-0146    (0)   :  0.007 0.006 0.010 0.977 
145 QAc-W-0147    (0)   :  0.005 0.005 0.005 0.985 
146 QAc-W-0148    (0)   :  0.004 0.007 0.007 0.982 
147 QAc-W-0149    (0)   :  0.013 0.023 0.018 0.945 
148 QAc-W-0150    (0)   :  0.016 0.013 0.062 0.908 
149 QAc-W-0151    (0)   :  0.010 0.006 0.014 0.970 
150 QAc-W-0152    (0)   :  0.005 0.009 0.006 0.981 
151 QAc-W-0153    (0)   :  0.293 0.239 0.072 0.397 
152 QAc-W-0154    (0)   :  0.007 0.006 0.089 0.897 
153 QAc-W-0155    (0)   :  0.004 0.007 0.007 0.982 
154 QAc-W-0156    (0)   :  0.059 0.005 0.086 0.850 
155 QAc-W-0157    (0)   :  0.004 0.018 0.008 0.969 
156 QAc-W-0158    (0)   :  0.053 0.007 0.049 0.891 
157 QAc-W-0159    (0)   :  0.006 0.006 0.013 0.974 
158 QAc-W-0160    (0)   :  0.006 0.006 0.021 0.966 
159 QAc-W-0161    (0)   :  0.008 0.007 0.045 0.940 
160 QAc-W-0162    (0)   :  0.007 0.144 0.005 0.844 
161 QAc-W-0163    (0)   :  0.005 0.021 0.006 0.968 
162 QAc-W-0164    (0)   :  0.007 0.014 0.007 0.973 
163 QAc-W-0165    (0)   :  0.004 0.016 0.006 0.974 
164 QAc-W-0166    (0)   :  0.007 0.011 0.044 0.939 


Estimated Allele Frequencies in each cluster
First column gives estimated ancestral frequencies


Locus 1 : 
15 alleles
0.0% missing data
 200   (0.205) 0.120 0.212 0.455 0.212 
 208   (0.044) 0.039 0.007 0.134 0.004 
 210   (0.117) 0.154 0.114 0.036 0.171 
 212   (0.127) 0.301 0.085 0.131 0.083 
 218   (0.090) 0.077 0.023 0.075 0.138 
 224   (0.055) 0.004 0.188 0.042 0.005 
 206   (0.032) 0.003 0.005 0.014 0.020 
 202   (0.057) 0.087 0.012 0.071 0.011 
 216   (0.063) 0.093 0.015 0.018 0.091 
 222   (0.035) 0.003 0.005 0.007 0.199 
 214   (0.059) 0.004 0.182 0.006 0.048 
 232   (0.027) 0.002 0.061 0.003 0.002 
 226   (0.043) 0.110 0.040 0.004 0.005 
 228   (0.023) 0.002 0.049 0.002 0.002 
 220   (0.021) 0.002 0.003 0.002 0.010 

Locus 2 : 
12 alleles
0.0% missing data
 171   (0.177) 0.133 0.175 0.316 0.076 
 187   (0.056) 0.004 0.038 0.094 0.010 
 173   (0.194) 0.074 0.235 0.196 0.205 
 189   (0.049) 0.004 0.007 0.210 0.024 
 175   (0.088) 0.123 0.044 0.077 0.022 
 181   (0.109) 0.455 0.185 0.070 0.010 
 179   (0.088) 0.007 0.160 0.013 0.273 
 185   (0.083) 0.088 0.041 0.008 0.218 
 177   (0.059) 0.004 0.102 0.006 0.063 
 183   (0.050) 0.049 0.008 0.005 0.086 
 191   (0.024) 0.056 0.003 0.002 0.002 
 169   (0.023) 0.002 0.003 0.002 0.010 

Locus 3 : 
4 alleles
6.1% missing data
 206   (0.876) 0.947 0.930 0.823 0.981 
 208   (0.062) 0.005 0.049 0.169 0.006 
 204   (0.034) 0.037 0.011 0.004 0.003 
 212   (0.028) 0.010 0.010 0.004 0.009 

Locus 4 : 
10 alleles
7.9% missing data
 161   (0.401) 0.098 0.612 0.555 0.479 
 157   (0.028) 0.002 0.004 0.062 0.003 
 167   (0.159) 0.052 0.101 0.190 0.162 
 163   (0.164) 0.032 0.124 0.136 0.289 
 153   (0.024) 0.002 0.004 0.013 0.002 
 165   (0.097) 0.555 0.122 0.026 0.014 
 177   (0.037) 0.052 0.007 0.008 0.005 
 169   (0.033) 0.018 0.016 0.003 0.003 
 173   (0.029) 0.186 0.004 0.003 0.003 
 159   (0.029) 0.003 0.004 0.003 0.041 

Locus 5 : 
15 alleles
0.0% missing data
 166   (0.055) 0.011 0.081 0.052 0.004 
 140   (0.076) 0.014 0.014 0.186 0.192 
 146   (0.092) 0.152 0.185 0.039 0.014 
 152   (0.062) 0.005 0.009 0.280 0.095 
 148   (0.132) 0.443 0.094 0.123 0.060 
 144   (0.135) 0.020 0.247 0.144 0.154 
 150   (0.052) 0.009 0.069 0.088 0.004 
 138   (0.111) 0.172 0.080 0.027 0.267 
 154   (0.071) 0.006 0.093 0.017 0.148 
 158   (0.073) 0.049 0.074 0.022 0.022 
 160   (0.045) 0.033 0.029 0.012 0.005 
 142   (0.031) 0.002 0.014 0.003 0.020 
 162   (0.024) 0.071 0.004 0.002 0.002 
 156   (0.019) 0.012 0.003 0.004 0.002 
 164   (0.022) 0.002 0.003 0.002 0.010 

Locus 6 : 
11 alleles
0.0% missing data
 235   (0.278) 0.404 0.227 0.270 0.439 
 237   (0.146) 0.020 0.147 0.194 0.217 
 233   (0.106) 0.110 0.065 0.400 0.016 
 239   (0.096) 0.021 0.226 0.032 0.036 
 243   (0.033) 0.002 0.007 0.007 0.050 
 229   (0.038) 0.230 0.007 0.017 0.003 
 245   (0.079) 0.006 0.063 0.040 0.098 
 225   (0.074) 0.085 0.056 0.021 0.022 
 241   (0.083) 0.115 0.048 0.014 0.068 
 227   (0.030) 0.002 0.141 0.003 0.002 
 231   (0.037) 0.003 0.014 0.004 0.048 

Locus 7 : 
3 alleles
0.0% missing data
 118   (0.932) 0.982 0.953 0.963 0.994 
 124   (0.031) 0.002 0.008 0.033 0.002 
 116   (0.036) 0.016 0.038 0.004 0.003 

Locus 8 : 
5 alleles
0.0% missing data
 139   (0.752) 0.854 0.912 0.880 0.673 
 137   (0.164) 0.140 0.077 0.112 0.226 
 143   (0.032) 0.003 0.004 0.003 0.063 
 141   (0.026) 0.002 0.003 0.003 0.019 
 135   (0.026) 0.002 0.003 0.003 0.019 

Locus 9 : 
10 alleles
0.0% missing data
 116   (0.301) 0.392 0.178 0.493 0.372 
 114   (0.168) 0.065 0.080 0.323 0.212 
 118   (0.113) 0.478 0.025 0.064 0.156 
 122   (0.059) 0.004 0.279 0.015 0.007 
 130   (0.035) 0.003 0.057 0.007 0.003 
 112   (0.134) 0.039 0.158 0.043 0.174 
 126   (0.047) 0.009 0.094 0.014 0.004 
 128   (0.034) 0.002 0.015 0.015 0.003 
 120   (0.053) 0.004 0.026 0.020 0.030 
 124   (0.057) 0.004 0.087 0.006 0.039 

Locus 10 : 
3 alleles
0.0% missing data
 232   (0.853) 0.975 0.873 0.923 0.849 
 238   (0.123) 0.010 0.124 0.075 0.149 
 244   (0.024) 0.015 0.003 0.002 0.002 

Locus 11 : 
4 alleles
0.0% missing data
 165   (0.786) 0.848 0.774 0.904 0.904 
 161   (0.054) 0.004 0.051 0.062 0.006 
 167   (0.134) 0.146 0.172 0.032 0.071 
 163   (0.026) 0.002 0.003 0.002 0.019 

Locus 12 : 
5 alleles
0.0% missing data
 140   (0.176) 0.330 0.056 0.446 0.084 
 134   (0.206) 0.220 0.371 0.090 0.083 
 137   (0.553) 0.442 0.561 0.446 0.799 
 125   (0.040) 0.003 0.005 0.015 0.030 
 146   (0.024) 0.005 0.006 0.003 0.005 

Locus 13 : 
17 alleles
0.6% missing data
 206   (0.142) 0.336 0.083 0.166 0.184 
 192   (0.095) 0.079 0.055 0.171 0.036 
 210   (0.120) 0.277 0.076 0.232 0.047 
 194   (0.070) 0.067 0.327 0.018 0.009 
 208   (0.046) 0.003 0.006 0.111 0.056 
 204   (0.050) 0.005 0.018 0.043 0.027 
 202   (0.093) 0.088 0.200 0.049 0.034 
 190   (0.049) 0.004 0.010 0.046 0.146 
 214   (0.047) 0.004 0.097 0.050 0.004 
 200   (0.083) 0.095 0.067 0.026 0.050 
 184   (0.049) 0.029 0.007 0.015 0.103 
 216   (0.024) 0.002 0.003 0.050 0.002 
 182   (0.021) 0.002 0.005 0.011 0.002 
 198   (0.029) 0.003 0.016 0.004 0.009 
 212   (0.035) 0.003 0.013 0.003 0.261 
 186   (0.021) 0.002 0.014 0.002 0.002 
 196   (0.025) 0.002 0.003 0.002 0.028 

Locus 14 : 
8 alleles
1.2% missing data
 151   (0.405) 0.519 0.509 0.438 0.422 
 157   (0.239) 0.190 0.178 0.390 0.270 
 154   (0.089) 0.007 0.080 0.045 0.119 
 139   (0.100) 0.159 0.156 0.101 0.008 
 145   (0.066) 0.089 0.009 0.014 0.155 
 163   (0.036) 0.030 0.015 0.005 0.003 
 160   (0.025) 0.002 0.026 0.002 0.002 
 142   (0.041) 0.003 0.027 0.005 0.020 

Locus 15 : 
11 alleles
2.4% missing data
 256   (0.155) 0.146 0.141 0.216 0.117 
 258   (0.157) 0.051 0.133 0.201 0.255 
 248   (0.137) 0.020 0.188 0.113 0.277 
 254   (0.099) 0.018 0.123 0.107 0.055 
 246   (0.107) 0.158 0.099 0.121 0.029 
 252   (0.072) 0.146 0.021 0.046 0.029 
 260   (0.047) 0.015 0.007 0.172 0.010 
 242   (0.092) 0.153 0.090 0.010 0.152 
 262   (0.047) 0.275 0.047 0.005 0.004 
 250   (0.051) 0.004 0.146 0.005 0.030 
 244   (0.035) 0.014 0.005 0.005 0.040 

Values of parameters used in structure:
DATAFILE=C:\Users\eschumacher\Documents\GitHub\GCC_QUAC_ZAIN\Data_Files\Structure_Files\QUAC\QUAC_wild_woK_nopopinfo\project_data,	OUTFILE=C:\Users\eschumacher\Documents\GitHub\GCC_QUAC_ZAIN\Data_Files\Structure_Files\QUAC\QUAC_wild_woK_nopopinfo\50-50\Results\50-50_run_16,	NUMINDS=164,	NUMLOCI=15,	MISSING=-9,	LABEL=1,	POPDATA=0,	POPFLAG=0,	PHENOTYPE=0,	EXTRACOLS=0,	MAXPOPS=4,	BURNIN=50000,	NUMREPS=50000,	USEPOPINFO=0,	INFERALPHA=1,	INFERLAMBDA=0,	POPSPECIFICLAMBDA=0,	POPALPHAS=0,	COMPUTEPROB=1,	NOADMIX=0,	ADMBURNIN=2500,	UPDATEFREQ=1,	PRINTLIKES=0,	INTERMEDSAVE=0,	PRINTKLD=0,	PRINTNET=0,	PRINTLAMBDA=0,	ANCESTDIST=0,	NUMBOXES=1000,	ANCESTPINT=0.90000,	GENSBACK=2,	MIGRPRIOR=0.05000,	PRINTQHAT=0,	PRINTQSUM=0,	ALPHA=1.0000,	FREQSCORR=1,	FPRIORMEAN=0.0100,	FPRIORSD=0.0500,	ONEFST=0,	LAMBDA=1.0000,	UNIFPRIORALPHA=1,	ALPHAMAX=10.0000,	ALPHAPRIORA=1.0000,	ALPHAPRIORB=2.0000,	ALPHAPROPSD=0.0250,	STARTATPOPINFO=0,	RANDOMIZE=1,	LINKAGE=0,	METROFREQ=10,	REPORTHITRATE=0,	MARKOVPHASE=-1,	PHASED=0,	PLOIDY=2,	PHASEINFO=0	LOCPRIOR=0, 	LOCPRIORINIT=1.000000, 	LOCDATA=0, 	LOCISPOP=0, 	LOCPRIORSTEP=0.100000, 	MAXLOCPRIOR=20.000000, 	SEED=1666984296,	
[STRAT parameters]:    NUMSIMSTATS=1000,	PHENOTYPECOL=-9,	POOLFREQ=10,	LOCUSxONLY=0,	EMERROR=0.00100,	MISSINGPHENO=-9,	